0.0	0.0
0.00290249433107	0.0
0.00580498866213	0.0
0.0087074829932	0.0
0.0116099773243	0.0
0.0145124716553	0.0
0.0174149659864	0.0
0.0203174603175	0.0
0.0232199546485	0.0
0.0261224489796	0.0
0.0290249433107	0.0
0.0319274376417	0.0
0.0348299319728	0.0
0.0377324263039	0.0
0.0406349206349	0.0
0.043537414966	0.0
0.0464399092971	0.0
0.0493424036281	0.0
0.0522448979592	0.0
0.0551473922902	0.0
0.0580498866213	0.0
0.0609523809524	0.0
0.0638548752834	0.0
0.0667573696145	0.0
0.0696598639456	0.0
0.0725623582766	0.0
0.0754648526077	0.0
0.0783673469388	0.0
0.0812698412698	0.0
0.0841723356009	0.0
0.087074829932	367.014434814
0.089977324263	364.900604248
0.0928798185941	363.638153076
0.0957823129252	362.3800354
0.0986848072562	361.961639404
0.101587301587	361.543731689
0.104489795918	362.589416504
0.107392290249	361.543731689
0.11029478458	361.126312256
0.113197278912	361.752624512
0.116099773243	362.589416504
0.119002267574	361.334960938
0.121904761905	360.709350586
0.124807256236	353.286071777
0.127709750567	351.86050415
0.130612244898	350.238311768
0.133514739229	349.228240967
0.13641723356	347.819030762
0.139319727891	347.417449951
0.142222222222	347.016326904
0.145124716553	346.615661621
0.148027210884	345.815734863
0.150929705215	345.217010498
0.153832199546	344.619293213
0.156734693878	344.619293213
0.159637188209	345.416473389
0.16253968254	346.415496826
0.165442176871	347.618164062
0.168344671202	348.623596191
0.171247165533	349.026580811
0.174149659864	349.228240967
0.177052154195	349.026580811
0.179954648526	348.825012207
0.182857142857	348.623596191
0.185759637188	348.623596191
0.188662131519	348.623596191
0.19156462585	348.825012207
0.194467120181	348.825012207
0.197369614512	348.825012207
0.200272108844	348.623596191
0.203174603175	348.623596191
0.206077097506	348.422271729
0.208979591837	348.422271729
0.211882086168	348.221069336
0.214784580499	348.422271729
0.21768707483	348.422271729
0.220589569161	348.422271729
0.223492063492	348.623596191
0.226394557823	349.026580811
0.229297052154	349.430023193
0.232199546485	349.83392334
0.235102040816	350.238311768
0.238004535147	350.440673828
0.240907029478	350.643157959
0.24380952381	350.643157959
0.246712018141	350.440673828
0.249614512472	350.238311768
0.252517006803	349.83392334
0.255419501134	349.631896973
0.258321995465	349.228240967
0.261224489796	349.026580811
0.264126984127	349.026580811
0.267029478458	348.825012207
0.269931972789	348.825012207
0.27283446712	348.825012207
0.275736961451	349.228240967
0.278639455782	349.228240967
0.281541950113	349.430023193
0.284444444444	349.631896973
0.287346938776	349.631896973
0.290249433107	349.631896973
0.293151927438	349.430023193
0.296054421769	349.228240967
0.2989569161	349.228240967
0.301859410431	349.026580811
0.304761904762	349.026580811
0.307664399093	348.825012207
0.310566893424	349.026580811
0.313469387755	349.026580811
0.316371882086	349.430023193
0.319274376417	349.430023193
0.322176870748	349.631896973
0.325079365079	349.631896973
0.32798185941	349.430023193
0.330884353741	349.228240967
0.333786848073	349.228240967
0.336689342404	348.825012207
0.339591836735	348.623596191
0.342494331066	348.422271729
0.345396825397	348.422271729
0.348299319728	348.422271729
0.351201814059	348.422271729
0.35410430839	348.623596191
0.357006802721	348.825012207
0.359909297052	349.026580811
0.362811791383	349.228240967
0.365714285714	349.430023193
0.368616780045	349.631896973
0.371519274376	349.631896973
0.374421768707	349.83392334
0.377324263039	350.03604126
0.38022675737	350.03604126
0.383129251701	350.03604126
0.386031746032	350.03604126
0.388934240363	350.238311768
0.391836734694	349.83392334
0.394739229025	349.631896973
0.397641723356	349.228240967
0.400544217687	349.026580811
0.403446712018	349.228240967
0.406349206349	349.430023193
0.40925170068	350.238311768
0.412154195011	351.048461914
0.415056689342	351.45425415
0.417959183673	351.048461914
0.420861678005	349.631896973
0.423764172336	348.422271729
0.426666666667	347.417449951
0.429569160998	347.016326904
0.432471655329	347.216827393
0.43537414966	348.019989014
0.438276643991	349.430023193
0.441179138322	351.45425415
0.444081632653	353.082061768
0.446984126984	353.082061768
0.449886621315	352.674407959
0.452789115646	351.86050415
0.455691609977	350.643157959
0.458594104308	349.026580811
0.461496598639	346.815948486
0.464399092971	345.61605835
0.467301587302	345.416473389
0.470204081633	346.015533447
0.473106575964	348.019989014
0.476009070295	351.45425415
0.478911564626	356.978424072
0.481814058957	365.744659424
0.484716553288	378.861419678
0.487619047619	384.594146729
0.49052154195	388.165039062
0.493424036281	390.188201904
0.496326530612	391.54284668
0.499229024943	391.769073486
0.502131519274	391.769073486
0.505034013605	391.090789795
0.507936507937	389.962890625
0.510839002268	389.512664795
0.513741496599	389.737701416
0.51664399093	390.639221191
0.519546485261	391.769073486
0.522448979592	392.448547363
0.525351473923	393.129211426
0.528253968254	392.902191162
0.531156462585	392.902191162
0.534058956916	392.902191162
0.536961451247	393.129211426
0.539863945578	393.129211426
0.542766439909	393.35635376
0.54566893424	393.35635376
0.548571428571	393.129211426
0.551473922902	392.448547363
0.554376417234	391.54284668
0.557278911565	390.864929199
0.560181405896	390.864929199
0.563083900227	391.54284668
0.565986394558	392.221923828
0.568888888889	392.902191162
0.57179138322	392.902191162
0.574693877551	393.129211426
0.577596371882	392.902191162
0.580498866213	392.902191162
0.583401360544	392.902191162
0.586303854875	393.129211426
0.589206349206	393.35635376
0.592108843537	393.35635376
0.595011337868	392.902191162
0.5979138322	392.221923828
0.600816326531	391.316741943
0.603718820862	390.639221191
0.606621315193	390.188201904
0.609523809524	390.639221191
0.612426303855	391.090789795
0.615328798186	391.316741943
0.618231292517	391.54284668
0.621133786848	391.54284668
0.624036281179	391.090789795
0.62693877551	390.413665771
0.629841269841	390.188201904
0.632743764172	390.188201904
0.635646258503	390.864929199
0.638548752834	391.54284668
0.641451247166	391.995422363
0.644353741497	392.221923828
0.647256235828	392.221923828
0.650158730159	391.995422363
0.65306122449	391.769073486
0.655963718821	391.090789795
0.658866213152	390.864929199
0.661768707483	390.864929199
0.664671201814	390.864929199
0.667573696145	390.864929199
0.670476190476	390.639221191
0.673378684807	390.413665771
0.676281179138	390.188201904
0.679183673469	389.962890625
0.6820861678	390.188201904
0.684988662132	390.639221191
0.687891156463	390.864929199
0.690793650794	391.090789795
0.693696145125	391.090789795
0.696598639456	391.090789795
0.699501133787	390.864929199
0.702403628118	390.413665771
0.705306122449	389.737701416
0.70820861678	389.287719727
0.711111111111	389.512664795
0.714013605442	390.413665771
0.716916099773	391.769073486
0.719818594104	393.811035156
0.722721088435	396.779327393
0.725623582766	400.232086182
0.728526077098	0.0
0.731428571429	0.0
0.73433106576	0.0
0.737233560091	0.0
0.740136054422	0.0
0.743038548753	0.0
0.745941043084	0.0
0.748843537415	0.0
0.751746031746	0.0
0.754648526077	0.0
0.757551020408	0.0
0.760453514739	0.0
0.76335600907	0.0
0.766258503401	0.0
0.769160997732	0.0
0.772063492063	0.0
0.774965986395	0.0
0.777868480726	0.0
0.780770975057	0.0
0.783673469388	0.0
0.786575963719	0.0
0.78947845805	0.0
0.792380952381	0.0
0.795283446712	0.0
0.798185941043	0.0
0.801088435374	0.0
0.803990929705	0.0
0.806893424036	0.0
0.809795918367	0.0
0.812698412698	0.0
0.815600907029	0.0
0.818503401361	0.0
0.821405895692	0.0
0.824308390023	0.0
0.827210884354	0.0
0.830113378685	0.0
0.833015873016	0.0
0.835918367347	0.0
0.838820861678	0.0
0.841723356009	0.0
0.84462585034	0.0
0.847528344671	0.0
0.850430839002	0.0
0.853333333333	0.0
0.856235827664	0.0
0.859138321995	0.0
0.862040816327	0.0
0.864943310658	0.0
0.867845804989	0.0
0.87074829932	0.0
0.873650793651	0.0
0.876553287982	0.0
0.879455782313	0.0
0.882358276644	0.0
0.885260770975	0.0
0.888163265306	0.0
0.891065759637	0.0
0.893968253968	0.0
0.896870748299	0.0
0.89977324263	0.0
0.902675736961	0.0
0.905578231293	0.0
0.908480725624	0.0
0.911383219955	0.0
0.914285714286	0.0
0.917188208617	0.0
0.920090702948	0.0
0.922993197279	0.0
0.92589569161	0.0
0.928798185941	0.0
0.931700680272	0.0
0.934603174603	0.0
0.937505668934	0.0
0.940408163265	0.0
0.943310657596	0.0
0.946213151927	0.0
0.949115646259	0.0
0.95201814059	0.0
0.954920634921	0.0
0.957823129252	0.0
0.960725623583	0.0
0.963628117914	0.0
0.966530612245	0.0
0.969433106576	0.0
0.972335600907	0.0
0.975238095238	0.0
0.978140589569	0.0
0.9810430839	0.0
0.983945578231	0.0
0.986848072562	0.0
0.989750566893	0.0
0.992653061224	0.0
0.995555555556	0.0
0.998458049887	0.0
1.00136054422	0.0
1.00426303855	0.0
1.00716553288	0.0
1.01006802721	0.0
1.01297052154	0.0
1.01587301587	0.0
1.0187755102	0.0
1.02167800454	372.567932129
1.02458049887	368.714324951
1.0274829932	365.744659424
1.03038548753	363.848236084
1.03328798186	360.709350586
1.03619047619	358.839050293
1.03909297052	359.253814697
1.04199546485	360.709350586
1.04489795918	361.334960938
1.04780045351	361.543731689
1.05070294785	359.6690979
1.05360544218	355.53793335
1.05650793651	350.440673828
1.05941043084	348.825012207
1.06231292517	347.417449951
1.0652154195	346.815948486
1.06811791383	346.215484619
1.07102040816	345.61605835
1.07392290249	345.217010498
1.07682539683	344.619293213
1.07972789116	344.022644043
1.08263038549	344.221405029
1.08553287982	344.81842041
1.08843537415	346.015533447
1.09133786848	347.016326904
1.09424036281	348.019989014
1.09714285714	348.825012207
1.10004535147	349.430023193
1.1029478458	349.228240967
1.10585034014	349.026580811
1.10875283447	349.026580811
1.1116553288	348.825012207
1.11455782313	348.825012207
1.11746031746	348.825012207
1.12036281179	349.026580811
1.12326530612	348.825012207
1.12616780045	348.623596191
1.12907029478	348.422271729
1.13197278912	348.422271729
1.13487528345	348.422271729
1.13777777778	348.422271729
1.14068027211	348.422271729
1.14358276644	348.623596191
1.14648526077	348.623596191
1.1493877551	348.623596191
1.15229024943	349.026580811
1.15519274376	349.228240967
1.1580952381	349.631896973
1.16099773243	350.238311768
1.16390022676	350.440673828
1.16680272109	350.845733643
1.16970521542	350.643157959
1.17260770975	350.440673828
1.17551020408	350.238311768
1.17841269841	349.83392334
1.18131519274	349.228240967
1.18421768707	348.825012207
1.18712018141	348.825012207
1.19002267574	348.623596191
1.19292517007	348.422271729
1.1958276644	348.623596191
1.19873015873	348.825012207
1.20163265306	348.825012207
1.20453514739	349.228240967
1.20743764172	349.430023193
1.21034013605	349.631896973
1.21324263039	349.83392334
1.21614512472	349.631896973
1.21904761905	349.631896973
1.22195011338	349.430023193
1.22485260771	349.430023193
1.22775510204	349.026580811
1.23065759637	349.026580811
1.2335600907	349.026580811
1.23646258503	349.026580811
1.23936507937	349.026580811
1.2422675737	349.228240967
1.24517006803	349.430023193
1.24807256236	349.631896973
1.25097505669	349.430023193
1.25387755102	349.430023193
1.25678004535	349.228240967
1.25968253968	349.228240967
1.26258503401	349.026580811
1.26548752834	348.825012207
1.26839002268	348.623596191
1.27129251701	348.623596191
1.27419501134	348.422271729
1.27709750567	348.422271729
1.28	348.623596191
1.28290249433	348.623596191
1.28580498866	348.623596191
1.28870748299	348.825012207
1.29160997732	349.228240967
1.29451247166	349.430023193
1.29741496599	349.83392334
1.30031746032	350.238311768
1.30321995465	350.440673828
1.30612244898	350.643157959
1.30902494331	350.845733643
1.31192743764	350.643157959
1.31482993197	350.643157959
1.3177324263	350.03604126
1.32063492063	349.83392334
1.32353741497	350.03604126
1.3264399093	350.03604126
1.32934240363	349.83392334
1.33224489796	350.03604126
1.33514739229	349.631896973
1.33804988662	348.221069336
1.34095238095	345.61605835
1.34385487528	342.041229248
1.34675736961	341.251861572
1.34965986395	340.267700195
1.35256235828	338.89465332
1.35546485261	336.942749023
1.35836734694	349.026580811
1.36126984127	350.643157959
1.3641723356	351.45425415
1.36707482993	351.86050415
1.36997732426	351.45425415
1.37287981859	351.657318115
1.37578231293	350.440673828
1.37868480726	345.61605835
1.38158730159	343.823974609
1.38448979592	340.857849121
1.38739229025	337.917297363
1.39029478458	335.777038574
1.39319727891	333.072631836
1.39609977324	331.345611572
1.39900226757	329.818023682
1.4019047619	329.24697876
1.40480725624	329.24697876
1.40770975057	329.24697876
1.4106122449	329.056854248
1.41351473923	329.627563477
1.41641723356	330.771942139
1.41931972789	331.728637695
1.42222222222	332.112091064
1.42512471655	332.49597168
1.42802721088	332.49597168
1.43092970522	332.49597168
1.43383219955	332.49597168
1.43673469388	332.112091064
1.43963718821	331.728637695
1.44253968254	331.154296875
1.44544217687	330.199249268
1.4483446712	329.437225342
1.45124716553	329.056854248
1.45414965986	329.056854248
1.4570521542	329.24697876
1.45995464853	329.056854248
1.46285714286	329.437225342
1.46575963719	330.008575439
1.46866213152	330.771942139
1.47156462585	331.345611572
1.47446712018	331.537078857
1.47736961451	331.537078857
1.48027210884	331.345611572
1.48317460317	331.154296875
1.48607709751	330.963043213
1.48897959184	330.963043213
1.49188208617	330.771942139
1.4947845805	330.390045166
1.49768707483	330.199249268
1.50058956916	329.627563477
1.50349206349	329.437225342
1.50639455782	329.24697876
1.50929705215	329.24697876
1.51219954649	329.24697876
1.51510204082	329.627563477
1.51800453515	330.008575439
1.52090702948	330.390045166
1.52380952381	330.771942139
1.52671201814	330.580932617
1.52961451247	330.390045166
1.5325170068	330.008575439
1.53541950113	329.627563477
1.53832199546	329.24697876
1.5412244898	328.866821289
1.54412698413	328.676940918
1.54702947846	328.676940918
1.54993197279	328.676940918
1.55283446712	328.676940918
1.55573696145	328.866821289
1.55863945578	329.056854248
1.56154195011	329.437225342
1.56444444444	329.627563477
1.56734693878	329.818023682
1.57024943311	329.818023682
1.57315192744	329.818023682
1.57605442177	330.008575439
1.5789569161	330.008575439
1.58185941043	330.008575439
1.58476190476	329.627563477
1.58766439909	329.437225342
1.59056689342	329.056854248
1.59346938776	328.676940918
1.59637188209	328.297454834
1.59927437642	328.107879639
1.60217687075	328.297454834
1.60507936508	328.866821289
1.60798185941	329.627563477
1.61088435374	330.771942139
1.61378684807	331.728637695
1.6166893424	332.688079834
1.61959183673	333.650299072
1.62249433107	333.265075684
1.6253968254	331.920288086
1.62829931973	330.008575439
1.63120181406	329.24697876
1.63410430839	329.437225342
1.63700680272	329.818023682
1.63990929705	330.390045166
1.64281179138	331.537078857
1.64571428571	333.072631836
1.64861678005	334.035980225
1.65151927438	333.843078613
1.65442176871	332.688079834
1.65732426304	332.303955078
1.66022675737	331.920288086
1.6631292517	331.537078857
1.66603174603	329.818023682
1.66893424036	324.901763916
1.67183673469	324.714141846
1.67473922902	323.403839111
1.67764172336	323.777679443
1.68054421769	324.901763916
1.68344671202	328.107879639
1.68634920635	340.857849121
1.68925170068	343.030487061
1.69215419501	342.832427979
1.69505668934	343.030487061
1.69795918367	343.030487061
1.700861678	343.22869873
1.70376417234	343.030487061
1.70666666667	343.030487061
1.709569161	343.427001953
1.71247165533	343.823974609
1.71537414966	344.81842041
1.71827664399	346.415496826
1.72117913832	348.422271729
1.72408163265	350.238311768
1.72698412698	351.45425415
1.72988662132	352.267211914
1.73278911565	352.674407959
1.73569160998	351.86050415
1.73859410431	350.643157959
1.74149659864	349.026580811
1.74439909297	347.417449951
1.7473015873	346.415496826
1.75020408163	346.015533447
1.75310657596	345.815734863
1.75600907029	346.215484619
1.75891156463	346.815948486
1.76181405896	347.819030762
1.76471655329	348.825012207
1.76761904762	350.03604126
1.77052154195	350.845733643
1.77342403628	351.251281738
1.77632653061	351.657318115
1.77922902494	351.657318115
1.78213151927	351.45425415
1.78503401361	350.845733643
1.78793650794	350.03604126
1.79083900227	349.228240967
1.7937414966	348.623596191
1.79664399093	347.819030762
1.79954648526	347.417449951
1.80244897959	347.417449951
1.80535147392	347.618164062
1.80825396825	348.221069336
1.81115646259	348.825012207
1.81405895692	349.228240967
1.81696145125	349.83392334
1.81986394558	350.03604126
1.82276643991	350.238311768
1.82566893424	350.238311768
1.82857142857	350.03604126
1.8314739229	349.631896973
1.83437641723	349.228240967
1.83727891156	348.825012207
1.8401814059	348.825012207
1.84308390023	348.623596191
1.84598639456	348.825012207
1.84888888889	348.825012207
1.85179138322	349.026580811
1.85469387755	349.026580811
1.85759637188	349.228240967
1.86049886621	349.026580811
1.86340136054	349.026580811
1.86630385488	348.825012207
1.86920634921	348.825012207
1.87210884354	348.825012207
1.87501133787	348.825012207
1.8779138322	349.026580811
1.88081632653	349.026580811
1.88371882086	349.026580811
1.88662131519	349.228240967
1.88952380952	349.228240967
1.89242630385	349.228240967
1.89532879819	349.026580811
1.89823129252	349.026580811
1.90113378685	349.026580811
1.90403628118	349.228240967
1.90693877551	349.228240967
1.90984126984	349.430023193
1.91274376417	349.430023193
1.9156462585	349.83392334
1.91854875283	349.83392334
1.92145124717	349.83392334
1.9243537415	349.430023193
1.92725623583	348.825012207
1.93015873016	348.422271729
1.93306122449	348.422271729
1.93596371882	349.026580811
1.93886621315	350.03604126
1.94176870748	351.657318115
1.94467120181	353.69442749
1.94757369615	355.948913574
1.95047619048	356.978424072
1.95337868481	356.566253662
1.95628117914	354.103271484
1.95918367347	351.048461914
1.9620861678	347.417449951
1.96498866213	344.81842041
1.96789115646	343.625427246
1.97079365079	343.823974609
1.97369614512	345.416473389
1.97659863946	348.221069336
1.97950113379	351.86050415
1.98240362812	355.332641602
1.98530612245	358.839050293
1.98820861678	360.709350586
1.99111111111	362.170776367
1.99401360544	364.689880371
1.99691609977	386.82208252
1.9998185941	389.962890625
2.00272108844	391.54284668
2.00562358277	391.995422363
2.0085260771	391.769073486
2.01142857143	390.639221191
2.01433106576	389.287719727
2.01723356009	388.613739014
2.02013605442	388.838256836
2.02303854875	389.962890625
2.02594104308	390.864929199
2.02884353741	391.316741943
2.03174603175	391.54284668
2.03464852608	391.316741943
2.03755102041	391.090789795
2.04045351474	390.864929199
2.04335600907	391.54284668
2.0462585034	392.221923828
2.04916099773	393.129211426
2.05206349206	393.811035156
2.05496598639	394.038574219
2.05786848073	393.811035156
2.06077097506	392.902191162
2.06367346939	391.995422363
2.06657596372	391.54284668
2.06947845805	391.54284668
2.07238095238	391.769073486
2.07528344671	392.221923828
2.07818594104	392.448547363
2.08108843537	392.448547363
2.08399092971	392.221923828
2.08689342404	391.995422363
2.08979591837	391.995422363
2.0926984127	392.221923828
2.09560090703	392.675292969
2.09850340136	393.129211426
2.10140589569	393.35635376
2.10430839002	393.35635376
2.10721088435	392.902191162
2.11011337868	392.675292969
2.11301587302	392.221923828
2.11591836735	392.448547363
2.11882086168	392.448547363
2.12172335601	392.675292969
2.12462585034	392.448547363
2.12752834467	391.995422363
2.130430839	391.090789795
2.13333333333	389.962890625
2.13623582766	389.512664795
2.139138322	389.287719727
2.14204081633	389.737701416
2.14494331066	390.413665771
2.14784580499	391.090789795
2.15074829932	391.316741943
2.15365079365	391.54284668
2.15655328798	391.54284668
2.15945578231	391.54284668
2.16235827664	391.54284668
2.16526077098	391.54284668
2.16816326531	391.54284668
2.17106575964	391.54284668
2.17396825397	391.54284668
2.1768707483	391.54284668
2.17977324263	391.316741943
2.18267573696	391.090789795
2.18557823129	390.864929199
2.18848072562	390.639221191
2.19138321995	390.413665771
2.19428571429	390.413665771
2.19718820862	390.639221191
2.20009070295	390.639221191
2.20299319728	390.413665771
2.20589569161	390.188201904
2.20879818594	389.962890625
2.21170068027	389.962890625
2.2146031746	390.413665771
2.21750566893	390.864929199
2.22040816327	391.090789795
2.2233106576	391.54284668
2.22621315193	391.54284668
2.22911564626	391.54284668
2.23201814059	391.090789795
2.23492063492	390.639221191
2.23782312925	390.188201904
2.24072562358	389.962890625
2.24362811791	389.962890625
2.24653061224	390.188201904
2.24943310658	390.188201904
2.25233560091	390.413665771
2.25523809524	390.413665771
2.25814058957	390.413665771
2.2610430839	390.639221191
2.26394557823	390.864929199
2.26684807256	391.316741943
2.26975056689	391.769073486
2.27265306122	391.995422363
2.27555555556	392.221923828
2.27845804989	391.995422363
2.28136054422	391.995422363
2.28426303855	391.54284668
2.28716553288	391.316741943
2.29006802721	391.316741943
2.29297052154	391.316741943
2.29587301587	391.54284668
2.2987755102	391.54284668
2.30167800454	391.54284668
2.30458049887	391.54284668
2.3074829932	391.54284668
2.31038548753	391.54284668
2.31328798186	391.54284668
2.31619047619	391.769073486
2.31909297052	392.221923828
2.32199546485	392.448547363
2.32489795918	392.448547363
2.32780045351	392.448547363
2.33070294785	391.995422363
2.33360544218	391.769073486
2.33650793651	391.54284668
2.33941043084	391.769073486
2.34231292517	391.995422363
2.3452154195	392.221923828
2.34811791383	392.221923828
2.35102040816	392.221923828
2.35392290249	391.995422363
2.35682539683	391.769073486
2.35972789116	391.316741943
2.36263038549	391.316741943
2.36553287982	391.54284668
2.36843537415	391.995422363
2.37133786848	391.995422363
2.37424036281	392.221923828
2.37714285714	391.995422363
2.38004535147	391.769073486
2.3829478458	391.090789795
2.38585034014	390.864929199
2.38875283447	390.864929199
2.3916553288	391.090789795
2.39455782313	391.54284668
2.39746031746	391.316741943
2.40036281179	391.316741943
2.40326530612	390.864929199
2.40616780045	389.962890625
2.40907029478	0.0
2.41197278912	0.0
2.41487528345	0.0
2.41777777778	0.0
2.42068027211	0.0
2.42358276644	0.0
2.42648526077	0.0
2.4293877551	0.0
2.43229024943	0.0
2.43519274376	0.0
2.4380952381	0.0
2.44099773243	0.0
2.44390022676	0.0
2.44680272109	0.0
2.44970521542	0.0
2.45260770975	0.0
2.45551020408	0.0
2.45841269841	0.0
2.46131519274	0.0
2.46421768707	0.0
2.46712018141	0.0
2.47002267574	0.0
2.47292517007	0.0
2.4758276644	0.0
2.47873015873	0.0
2.48163265306	0.0
2.48453514739	0.0
2.48743764172	0.0
2.49034013605	0.0
2.49324263039	0.0
2.49614512472	0.0
2.49904761905	0.0
2.50195011338	0.0
2.50485260771	0.0
2.50775510204	0.0
2.51065759637	0.0
2.5135600907	0.0
2.51646258503	0.0
2.51936507937	0.0
2.5222675737	0.0
2.52517006803	0.0
2.52807256236	0.0
2.53097505669	0.0
2.53387755102	0.0
2.53678004535	0.0
2.53968253968	0.0
2.54258503401	0.0
2.54548752834	0.0
2.54839002268	0.0
2.55129251701	0.0
2.55419501134	0.0
2.55709750567	0.0
2.56	371.278961182
2.56290249433	368.501434326
2.56580498866	366.590698242
2.56870748299	366.167449951
2.57160997732	364.689880371
2.57451247166	364.268829346
2.57741496599	362.798919678
2.58031746032	361.961639404
2.58321995465	361.543731689
2.58612244898	361.126312256
2.58902494331	360.501068115
2.59192743764	359.6690979
2.59482993197	356.360351562
2.5977324263	351.45425415
2.60063492063	349.631896973
2.60353741497	347.819030762
2.6064399093	347.216827393
2.60934240363	346.215484619
2.61224489796	345.416473389
2.61514739229	345.017669678
2.61804988662	344.619293213
2.62095238095	344.420288086
2.62385487528	344.619293213
2.62675736961	345.217010498
2.62965986395	346.215484619
2.63256235828	347.216827393
2.63546485261	348.221069336
2.63836734694	349.026580811
2.64126984127	349.228240967
2.6441723356	349.228240967
2.64707482993	349.026580811
2.64997732426	348.825012207
2.65287981859	348.623596191
2.65578231293	348.825012207
2.65868480726	348.825012207
2.66158730159	348.623596191
2.66448979592	348.623596191
2.66739229025	348.623596191
2.67029478458	348.422271729
2.67319727891	348.422271729
2.67609977324	348.422271729
2.67900226757	348.422271729
2.6819047619	348.422271729
2.68480725624	348.422271729
2.68770975057	348.422271729
2.6906122449	348.623596191
2.69351473923	349.026580811
2.69641723356	349.631896973
2.69931972789	350.03604126
2.70222222222	350.440673828
2.70512471655	350.643157959
2.70802721088	350.440673828
2.71092970522	350.238311768
2.71383219955	349.83392334
2.71673469388	349.83392334
2.71963718821	349.631896973
2.72253968254	349.430023193
2.72544217687	349.430023193
2.7283446712	349.228240967
2.73124716553	349.026580811
2.73414965986	348.623596191
2.7370521542	348.623596191
2.73995464853	348.623596191
2.74285714286	348.825012207
2.74575963719	349.228240967
2.74866213152	349.631896973
2.75156462585	349.83392334
2.75446712018	349.83392334
2.75736961451	349.83392334
2.76027210884	349.631896973
2.76317460317	349.430023193
2.76607709751	349.228240967
2.76897959184	349.228240967
2.77188208617	349.026580811
2.7747845805	349.026580811
2.77768707483	349.026580811
2.78058956916	349.026580811
2.78349206349	349.228240967
2.78639455782	349.430023193
2.78929705215	349.631896973
2.79219954649	349.631896973
2.79510204082	349.631896973
2.79800453515	349.430023193
2.80090702948	349.228240967
2.80380952381	348.825012207
2.80671201814	348.623596191
2.80961451247	348.422271729
2.8125170068	348.422271729
2.81541950113	348.422271729
2.81832199546	348.422271729
2.8212244898	348.623596191
2.82412698413	348.623596191
2.82702947846	348.623596191
2.82993197279	348.825012207
2.83283446712	349.026580811
2.83573696145	349.228240967
2.83863945578	349.228240967
2.84154195011	349.430023193
2.84444444444	349.430023193
2.84734693878	349.83392334
2.85024943311	350.440673828
2.85315192744	350.845733643
2.85605442177	351.45425415
2.8589569161	351.86050415
2.86185941043	352.267211914
2.86476190476	352.063781738
2.86766439909	351.657318115
2.87056689342	350.643157959
2.87346938776	349.026580811
2.87637188209	347.016326904
2.87927437642	344.420288086
2.88217687075	344.221405029
2.88507936508	343.030487061
2.88798185941	342.238861084
2.89088435374	342.436584473
2.89378684807	344.221405029
2.8966893424	343.823974609
2.89959183673	349.430023193
2.90249433107	351.048461914
2.9053968254	352.674407959
2.90829931973	353.490203857
2.91120181406	354.717407227
2.91410430839	354.717407227
2.91700680272	353.69442749
2.91990929705	352.470733643
2.92281179138	349.83392334
2.92571428571	343.22869873
2.92861678005	340.07119751
2.93151927438	338.698944092
2.93442176871	336.942749023
2.93732426304	335.971038818
2.94022675737	335.195678711
2.9431292517	334.228973389
2.94603174603	333.650299072
2.94893424036	333.072631836
2.95183673469	331.920288086
2.95473922902	329.818023682
2.95764172336	329.056854248
2.96054421769	328.676940918
2.96344671202	328.487121582
2.96634920635	328.676940918
2.96925170068	330.199249268
2.97215419501	331.728637695
2.97505668934	332.112091064
2.97795918367	332.303955078
2.980861678	332.49597168
2.98376417234	332.688079834
2.98666666667	332.880310059
2.989569161	332.880310059
2.99247165533	332.49597168
2.99537414966	331.920288086
2.99827664399	330.963043213
3.00117913832	329.818023682
3.00408163265	329.056854248
3.00698412698	328.297454834
3.00988662132	327.918395996
3.01278911565	327.729034424
3.01569160998	328.107879639
3.01859410431	328.866821289
3.02149659864	329.818023682
3.02439909297	330.771942139
3.0273015873	331.345611572
3.03020408163	331.728637695
3.03310657596	332.112091064
3.03600907029	332.303955078
3.03891156463	332.303955078
3.04181405896	332.112091064
3.04471655329	331.345611572
3.04761904762	330.580932617
3.05052154195	329.627563477
3.05342403628	329.056854248
3.05632653061	328.676940918
3.05922902494	328.297454834
3.06213151927	328.297454834
3.06503401361	328.676940918
3.06793650794	329.437225342
3.07083900227	330.199249268
3.0737414966	330.580932617
3.07664399093	330.771942139
3.07954648526	330.771942139
3.08244897959	330.390045166
3.08535147392	330.008575439
3.08825396825	329.437225342
3.09115646259	329.056854248
3.09405895692	328.676940918
3.09696145125	328.487121582
3.09986394558	328.487121582
3.10276643991	328.487121582
3.10566893424	328.487121582
3.10857142857	328.487121582
3.1114739229	328.676940918
3.11437641723	328.866821289
3.11727891156	329.24697876
3.1201814059	329.818023682
3.12308390023	330.580932617
3.12598639456	330.963043213
3.12888888889	331.154296875
3.13179138322	330.963043213
3.13469387755	330.580932617
3.13759637188	330.199249268
3.14049886621	329.818023682
3.14340136054	329.24697876
3.14630385488	328.676940918
3.14920634921	327.918395996
3.15210884354	327.161621094
3.15501133787	326.595184326
3.1579138322	326.783874512
3.16081632653	328.107879639
3.16371882086	330.580932617
3.16662131519	332.880310059
3.16952380952	334.035980225
3.17242630385	334.228973389
3.17532879819	333.650299072
3.17823129252	332.49597168
3.18113378685	329.627563477
3.18403628118	323.590698242
3.18693877551	321.169952393
3.18984126984	323.777679443
3.19274376417	291.299560547
3.1956462585	289.956573486
3.19854875283	290.291748047
3.20145124717	290.963226318
3.2043537415	291.973388672
3.20725623583	293.834442139
3.21015873016	292.817840576
3.21306122449	292.817840576
3.21596371882	292.817840576
3.21886621315	291.636291504
3.22176870748	291.636291504
3.22467120181	291.636291504
3.22757369615	291.636291504
3.23047619048	293.156341553
3.23337868481	293.495178223
3.23628117914	295.195404053
3.23918367347	294.004211426
3.2420861678	293.156341553
3.24498866213	292.648773193
3.24789115646	292.479766846
3.25079365079	292.479766846
3.25369614512	292.817840576
3.25659863946	293.495178223
3.25950113379	293.834442139
3.26240362812	293.495178223
3.26530612245	292.648773193
3.26820861678	291.804779053
3.27111111111	291.131347656
3.27401360544	290.963226318
3.27691609977	290.795227051
3.2798185941	291.131347656
3.28272108844	291.804779053
3.28562358277	292.310882568
3.2885260771	292.817840576
3.29142857143	292.817840576
3.29433106576	292.817840576
3.29723356009	292.817840576
3.30013605442	292.817840576
3.30303854875	292.987030029
3.30594104308	293.325714111
3.30884353741	293.664764404
3.31174603175	294.004211426
3.31464852608	294.174102783
3.31755102041	294.174102783
3.32045351474	294.004211426
3.32335600907	293.834442139
3.3262585034	293.664764404
3.32916099773	293.664764404
3.33206349206	293.664764404
3.33496598639	293.664764404
3.33786848073	293.664764404
3.34077097506	293.664764404
3.34367346939	293.664764404
3.34657596372	293.325714111
3.34947845805	293.156341553
3.35238095238	292.987030029
3.35528344671	292.987030029
3.35818594104	292.817840576
3.36108843537	292.987030029
3.36399092971	293.156341553
3.36689342404	293.156341553
3.36979591837	293.325714111
3.3726984127	293.325714111
3.37560090703	293.325714111
3.37850340136	293.156341553
3.38140589569	292.987030029
3.38430839002	292.987030029
3.38721088435	292.987030029
3.39011337868	292.987030029
3.39301587302	293.325714111
3.39591836735	293.664764404
3.39882086168	293.664764404
3.40172335601	293.664764404
3.40462585034	293.664764404
3.40752834467	293.495178223
3.410430839	293.325714111
3.41333333333	293.325714111
3.41623582766	293.325714111
3.419138322	293.325714111
3.42204081633	293.664764404
3.42494331066	293.664764404
3.42784580499	293.834442139
3.43074829932	293.495178223
3.43365079365	293.325714111
3.43655328798	292.987030029
3.43945578231	292.817840576
3.44235827664	292.817840576
3.44526077098	292.817840576
3.44816326531	292.817840576
3.45106575964	292.479766846
3.45396825397	291.973388672
3.4568707483	291.636291504
3.45977324263	291.636291504
3.46267573696	292.310882568
3.46557823129	293.495178223
3.46848072562	294.684295654
3.47138321995	295.365936279
3.47428571429	295.365936279
3.47718820862	294.854553223
3.48009070295	293.664764404
3.48299319728	292.310882568
3.48589569161	291.46786499
3.48879818594	292.142089844
3.49170068027	293.325714111
3.4946031746	294.514129639
3.49750566893	295.365936279
3.50040816327	295.707366943
3.5033106576	295.536621094
3.50621315193	294.684295654
3.50911564626	293.156341553
3.51201814059	292.479766846
3.51492063492	292.479766846
3.51782312925	292.987030029
3.52072562358	293.834442139
3.52362811791	294.684295654
3.52653061224	295.365936279
3.52943310658	296.049194336
3.53233560091	296.391387939
3.53523809524	296.562652588
3.53814058957	295.878234863
3.5410430839	246.371749878
3.54394557823	246.371749878
3.54684807256	246.371749878
3.54975056689	246.514099121
3.55265306122	247.084335327
3.55555555556	246.656539917
3.55845804989	245.94519043
3.56136054422	245.519378662
3.56426303855	245.235900879
3.56716553288	245.661224365
3.57006802721	246.514099121
3.57297052154	247.084335327
3.57587301587	247.084335327
3.5787755102	246.941650391
3.58167800454	246.799057007
3.58458049887	247.084335327
3.5874829932	247.655883789
3.59038548753	248.515670776
3.59328798186	248.94670105
3.59619047619	248.802932739
3.59909297052	248.372161865
3.60199546485	247.655883789
3.60489795918	247.227096558
3.60780045351	246.941650391
3.61070294785	246.799057007
3.61360544218	246.799057007
3.61650793651	246.799057007
3.61941043084	246.656539917
3.62231292517	246.229476929
3.6252154195	245.80317688
3.62811791383	245.377593994
3.63102040816	245.235900879
3.63392290249	245.519378662
3.63682539683	245.94519043
3.63972789116	246.514099121
3.64263038549	246.941650391
3.64553287982	247.227096558
3.64843537415	247.369934082
3.65133786848	247.512863159
3.65424036281	247.655883789
3.65714285714	247.655883789
3.66004535147	247.512863159
3.6629478458	246.514099121
3.66585034014	245.94519043
3.66875283447	246.087295532
3.6716553288	246.514099121
3.67455782313	246.656539917
3.67746031746	246.229476929
3.68036281179	245.94519043
3.68326530612	247.084335327
3.68616780045	247.369934082
3.68907029478	247.512863159
3.69197278912	247.512863159
3.69487528345	247.655883789
3.69777777778	247.798965454
3.70068027211	247.942138672
3.70358276644	247.798965454
3.70648526077	247.798965454
3.7093877551	247.942138672
3.71229024943	248.085403442
3.71519274376	248.085403442
3.7180952381	248.085403442
3.72099773243	248.085403442
3.72390022676	247.942138672
3.72680272109	247.655883789
3.72970521542	247.227096558
3.73260770975	246.799057007
3.73551020408	246.656539917
3.73841269841	246.799057007
3.74131519274	247.655883789
3.74421768707	249.378463745
3.74712018141	253.151931763
3.75002267574	258.769958496
3.75292517007	257.576965332
3.7558276644	258.769958496
3.75873015873	259.668365479
3.76163265306	260.419372559
3.76453514739	261.021789551
3.76743764172	261.625579834
3.77034013605	262.230743408
3.77324263039	262.685546875
3.77614512472	263.293182373
3.77904761905	263.59753418
3.78195011338	263.749847412
3.78485260771	263.4453125
3.78775510204	262.837341309
3.79065759637	261.927978516
3.7935600907	261.172607422
3.79646258503	260.569854736
3.79936507937	260.118713379
3.8022675737	259.968505859
3.80517006803	259.968505859
3.80807256236	260.118713379
3.81097505669	260.419372559
3.81387755102	260.569854736
3.81678004535	260.871063232
3.81968253968	261.172607422
3.82258503401	261.323486328
3.82548752834	261.474487305
3.82839002268	261.625579834
3.83129251701	261.776733398
3.83419501134	261.927978516
3.83709750567	261.927978516
3.84	261.776733398
3.84290249433	261.625579834
3.84580498866	261.474487305
3.84870748299	261.625579834
3.85160997732	261.625579834
3.85451247166	261.776733398
3.85741496599	262.079315186
3.86031746032	262.382263184
3.86321995465	262.685546875
3.86612244898	262.837341309
3.86902494331	262.989196777
3.87192743764	262.837341309
3.87482993197	262.685546875
3.8777324263	262.533874512
3.88063492063	262.382263184
3.88353741497	262.382263184
3.8864399093	262.382263184
3.88934240363	262.685546875
3.89224489796	262.837341309
3.89514739229	262.837341309
3.89804988662	262.685546875
3.90095238095	262.079315186
3.90385487528	261.323486328
3.90675736961	260.720397949
3.90965986395	260.269012451
3.91256235828	260.118713379
3.91546485261	260.569854736
3.91836734694	261.172607422
3.92126984127	261.927978516
3.9241723356	262.837341309
3.92707482993	263.293182373
3.92997732426	263.4453125
3.93287981859	263.141143799
3.93578231293	262.533874512
3.93868480726	261.776733398
3.94158730159	261.323486328
3.94448979592	261.172607422
3.94739229025	261.474487305
3.95029478458	262.079315186
3.95319727891	262.685546875
3.95609977324	263.293182373
3.95900226757	263.749847412
3.9619047619	263.59753418
3.96480725624	263.293182373
3.96770975057	262.382263184
3.9706122449	261.474487305
3.97351473923	260.419372559
3.97641723356	259.668365479
3.97931972789	258.919494629
3.98222222222	258.769958496
3.98512471655	258.769958496
3.98802721088	258.919494629
3.99092970522	259.218780518
3.99383219955	259.368530273
3.99673469388	259.5184021
3.99963718821	259.668365479
4.00253968254	259.668365479
4.00544217687	259.668365479
4.0083446712	259.668365479
4.01124716553	259.968505859
4.01414965986	260.419372559
4.0170521542	261.021789551
4.01995464853	261.927978516
4.02285714286	262.989196777
4.02575963719	264.054718018
4.02866213152	264.665496826
4.03156462585	262.989196777
4.03446712018	263.293182373
4.03736961451	263.293182373
4.04027210884	292.142089844
4.04317460317	293.834442139
4.04607709751	291.299560547
4.04897959184	290.963226318
4.05188208617	290.291748047
4.0547845805	289.956573486
4.05768707483	290.459472656
4.06058956916	291.299560547
4.06349206349	292.310882568
4.06639455782	293.156341553
4.06929705215	293.325714111
4.07219954649	293.156341553
4.07510204082	292.648773193
4.07800453515	291.299560547
4.08090702948	288.453125
4.08380952381	286.62612915
4.08671201814	291.299560547
4.08961451247	291.46786499
4.0925170068	291.973388672
4.09541950113	292.310882568
4.09832199546	293.834442139
4.1012244898	294.174102783
4.10412698413	294.174102783
4.10702947846	293.664764404
4.10993197279	293.156341553
4.11283446712	293.156341553
4.11573696145	293.156341553
4.11863945578	293.156341553
4.12154195011	293.156341553
4.12444444444	292.987030029
4.12734693878	291.804779053
4.13024943311	290.459472656
4.13315192744	291.636291504
4.13605442177	293.325714111
4.1389569161	294.344055176
4.14185941043	294.684295654
4.14476190476	294.684295654
4.14766439909	294.004211426
4.15056689342	292.648773193
4.15346938776	290.963226318
4.15637188209	289.789123535
4.15927437642	289.454559326
4.16217687075	289.621795654
4.16507936508	290.291748047
4.16798185941	291.299560547
4.17088435374	292.142089844
4.17378684807	292.817840576
4.1766893424	293.325714111
4.17959183673	293.325714111
4.18249433107	293.325714111
4.1853968254	292.987030029
4.18829931973	292.648773193
4.19120181406	292.310882568
4.19410430839	292.479766846
4.19700680272	292.648773193
4.19990929705	293.156341553
4.20281179138	293.834442139
4.20571428571	294.174102783
4.20861678005	294.514129639
4.21151927438	294.684295654
4.21442176871	294.514129639
4.21732426304	294.174102783
4.22022675737	293.834442139
4.2231292517	293.664764404
4.22603174603	293.495178223
4.22893424036	293.325714111
4.23183673469	293.325714111
4.23473922902	293.325714111
4.23764172336	293.325714111
4.24054421769	293.325714111
4.24344671202	293.156341553
4.24634920635	293.156341553
4.24925170068	293.156341553
4.25215419501	293.156341553
4.25505668934	293.156341553
4.25795918367	293.156341553
4.260861678	293.325714111
4.26376417234	293.156341553
4.26666666667	293.156341553
4.269569161	292.987030029
4.27247165533	292.987030029
4.27537414966	292.987030029
4.27827664399	292.987030029
4.28117913832	293.156341553
4.28408163265	293.325714111
4.28698412698	293.664764404
4.28988662132	293.834442139
4.29278911565	294.004211426
4.29569160998	293.834442139
4.29859410431	293.664764404
4.30149659864	293.325714111
4.30439909297	293.156341553
4.3073015873	293.156341553
4.31020408163	293.156341553
4.31310657596	293.325714111
4.31600907029	293.495178223
4.31891156463	293.664764404
4.32181405896	293.664764404
4.32471655329	293.664764404
4.32761904762	293.325714111
4.33052154195	293.156341553
4.33342403628	293.156341553
4.33632653061	292.987030029
4.33922902494	292.987030029
4.34213151927	293.325714111
4.34503401361	293.495178223
4.34793650794	293.664764404
4.35083900227	293.664764404
4.3537414966	293.325714111
4.35664399093	292.987030029
4.35954648526	292.648773193
4.36244897959	292.479766846
4.36535147392	292.987030029
4.36825396825	294.344055176
4.37115646259	295.878234863
4.37405895692	296.905426025
4.37696145125	297.248626709
4.37986394558	296.733978271
4.38276643991	295.024932861
4.38566893424	291.131347656
4.38857142857	283.497680664
4.3914739229	276.542938232
4.39437641723	271.949127197
4.39727891156	267.895477295
4.4001814059	263.90222168
4.40308390023	261.474487305
4.40598639456	259.818389893
4.40888888889	259.069091797
4.41179138322	259.069091797
4.41469387755	260.118713379
4.41759637188	262.230743408
4.42049886621	264.359924316
4.42340136054	265.277709961
4.42630385488	264.81842041
4.42920634921	263.4453125
4.43210884354	261.927978516
4.43501133787	260.569854736
4.4379138322	259.818389893
4.44081632653	259.668365479
4.44371882086	260.118713379
4.44662131519	261.323486328
4.44952380952	262.989196777
4.45242630385	264.512664795
4.45532879819	265.124542236
4.45823129252	264.207275391
4.46113378685	262.533874512
4.46403628118	260.569854736
4.46693877551	259.368530273
4.46984126984	258.769958496
4.47274376417	259.218780518
4.4756462585	260.419372559
4.47854875283	262.382263184
4.48145124717	264.81842041
4.4843537415	267.12286377
4.48725623583	268.050262451
4.49015873016	267.740783691
4.49306122449	266.352508545
4.49596371882	264.207275391
4.49886621315	262.685546875
4.50176870748	261.625579834
4.50467120181	261.172607422
4.50757369615	261.323486328
4.51047619048	262.079315186
4.51337868481	263.59753418
4.51628117914	265.430999756
4.51918367347	266.506408691
4.5220861678	266.660400391
4.52498866213	265.584350586
4.52789115646	263.749847412
4.53079365079	262.230743408
4.53369614512	261.474487305
4.53659863946	261.172607422
4.53950113379	261.323486328
4.54240362812	261.927978516
4.54530612245	263.293182373
4.54820861678	264.512664795
4.55111111111	265.277709961
4.55401360544	265.124542236
4.55691609977	264.207275391
4.5598185941	262.837341309
4.56272108844	261.474487305
4.56562358277	260.720397949
4.5685260771	260.569854736
4.57142857143	260.720397949
4.57433106576	260.720397949
4.57723356009	261.172607422
4.58013605442	262.079315186
4.58303854875	262.989196777
4.58594104308	263.141143799
4.58884353741	262.685546875
4.59174603175	261.474487305
4.59464852608	260.871063232
4.59755102041	260.720397949
4.60045351474	260.720397949
4.60335600907	260.720397949
4.6062585034	261.021789551
4.60916099773	261.927978516
4.61206349206	263.141143799
4.61496598639	263.293182373
4.61786848073	263.141143799
4.62077097506	262.685546875
4.62367346939	262.230743408
4.62657596372	261.776733398
4.62947845805	261.927978516
4.63238095238	262.079315186
4.63528344671	262.382263184
4.63818594104	262.685546875
4.64108843537	262.989196777
4.64399092971	263.293182373
4.64689342404	263.293182373
4.64979591837	262.989196777
4.6526984127	262.382263184
4.65560090703	261.776733398
4.65850340136	261.172607422
4.66140589569	260.720397949
4.66430839002	260.419372559
4.66721088435	260.269012451
4.67011337868	260.269012451
4.67301587302	260.419372559
4.67591836735	260.419372559
4.67882086168	260.419372559
4.68172335601	260.419372559
4.68462585034	260.269012451
4.68752834467	260.269012451
4.690430839	260.419372559
4.69333333333	260.871063232
4.69623582766	261.323486328
4.699138322	261.776733398
4.70204081633	262.230743408
4.70494331066	262.382263184
4.70784580499	262.382263184
4.71074829932	262.533874512
4.71365079365	262.685546875
4.71655328798	262.685546875
4.71945578231	262.533874512
4.72235827664	262.230743408
4.72526077098	261.625579834
4.72816326531	260.871063232
4.73106575964	260.269012451
4.73396825397	259.818389893
4.7368707483	259.5184021
4.73977324263	259.668365479
4.74267573696	259.968505859
4.74557823129	260.419372559
4.74848072562	261.021789551
4.75138321995	261.625579834
4.75428571429	262.382263184
4.75718820862	262.989196777
4.76009070295	263.4453125
4.76299319728	263.90222168
4.76589569161	264.207275391
4.76879818594	264.207275391
4.77170068027	264.054718018
4.7746031746	263.90222168
4.77750566893	263.90222168
4.78040816327	263.749847412
4.7833106576	263.749847412
4.78621315193	263.90222168
4.78911564626	263.749847412
4.79201814059	263.59753418
4.79492063492	262.989196777
4.79782312925	261.927978516
4.80072562358	260.720397949
4.80362811791	259.5184021
4.80653061224	258.919494629
4.80943310658	258.769958496
4.81233560091	259.218780518
4.81523809524	261.021789551
4.81814058957	262.837341309
4.8210430839	262.837341309
4.82394557823	262.989196777
4.82684807256	263.141143799
4.82975056689	262.989196777
4.83265306122	262.230743408
4.83555555556	260.569854736
4.83845804989	261.323486328
4.84136054422	261.776733398
4.84426303855	261.625579834
4.84716553288	261.625579834
4.85006802721	261.927978516
4.85297052154	262.382263184
4.85587301587	263.4453125
4.8587755102	264.207275391
4.86167800454	265.124542236
4.86458049887	265.584350586
4.8674829932	265.277709961
4.87038548753	264.512664795
4.87328798186	263.293182373
4.87619047619	262.079315186
4.87909297052	261.021789551
4.88199546485	260.419372559
4.88489795918	259.968505859
4.88780045351	259.968505859
4.89070294785	260.118713379
4.89360544218	260.419372559
4.89650793651	260.871063232
4.89941043084	261.323486328
4.90231292517	261.927978516
4.9052154195	262.533874512
4.90811791383	0.0
4.91102040816	0.0
4.91392290249	0.0
4.91682539683	0.0
4.91972789116	0.0
4.92263038549	0.0
4.92553287982	0.0
4.92843537415	0.0
4.93133786848	0.0
4.93424036281	0.0
4.93714285714	0.0
4.94004535147	0.0
4.9429478458	0.0
4.94585034014	0.0
4.94875283447	0.0
4.9516553288	0.0
4.95455782313	0.0
4.95746031746	0.0
4.96036281179	0.0
4.96326530612	0.0
4.96616780045	0.0
4.96907029478	0.0
4.97197278912	0.0
4.97487528345	0.0
4.97777777778	0.0
4.98068027211	0.0
4.98358276644	0.0
4.98648526077	0.0
4.9893877551	0.0
4.99229024943	0.0
4.99519274376	0.0
4.9980952381	0.0
5.00099773243	0.0
5.00390022676	0.0
5.00680272109	0.0
5.00970521542	0.0
5.01260770975	0.0
5.01551020408	0.0
5.01841269841	0.0
5.02131519274	0.0
5.02421768707	0.0
5.02712018141	0.0
5.03002267574	0.0
5.03292517007	0.0
5.0358276644	0.0
5.03873015873	0.0
5.04163265306	0.0
5.04453514739	0.0
5.04743764172	0.0
5.05034013605	0.0
5.05324263039	0.0
5.05614512472	0.0
5.05904761905	0.0
5.06195011338	0.0
5.06485260771	0.0
5.06775510204	0.0
5.07065759637	0.0
5.0735600907	0.0
5.07646258503	0.0
5.07936507937	0.0
5.0822675737	0.0
5.08517006803	0.0
5.08807256236	0.0
5.09097505669	0.0
5.09387755102	0.0
5.09678004535	0.0
5.09968253968	0.0
5.10258503401	0.0
5.10548752834	0.0
5.10839002268	0.0
5.11129251701	0.0
5.11419501134	0.0
5.11709750567	0.0
