0.0	350.643157959
0.00290249433107	351.45425415
0.00580498866213	352.267211914
0.0087074829932	353.082061768
0.0116099773243	353.490203857
0.0145124716553	353.898803711
0.0174149659864	353.898803711
0.0203174603175	354.103271484
0.0232199546485	353.898803711
0.0261224489796	353.898803711
0.0290249433107	353.898803711
0.0319274376417	353.898803711
0.0348299319728	354.307861328
0.0377324263039	354.717407227
0.0406349206349	354.922363281
0.043537414966	354.922363281
0.0464399092971	354.922363281
0.0493424036281	354.717407227
0.0522448979592	354.307861328
0.0551473922902	353.898803711
0.0580498866213	353.490203857
0.0609523809524	353.286071777
0.0638548752834	353.286071777
0.0667573696145	353.490203857
0.0696598639456	353.490203857
0.0725623582766	353.898803711
0.0754648526077	354.307861328
0.0783673469388	354.307861328
0.0812698412698	354.512573242
0.0841723356009	354.717407227
0.087074829932	354.922363281
0.089977324263	354.922363281
0.0928798185941	355.127441406
0.0957823129252	355.332641602
0.0986848072562	355.743377686
0.101587301587	355.948913574
0.104489795918	356.154571533
0.107392290249	356.154571533
0.11029478458	355.948913574
0.113197278912	355.948913574
0.116099773243	355.743377686
0.119002267574	355.53793335
0.121904761905	355.53793335
0.124807256236	355.53793335
0.127709750567	355.53793335
0.130612244898	355.332641602
0.133514739229	355.332641602
0.13641723356	355.127441406
0.139319727891	354.717407227
0.142222222222	354.717407227
0.145124716553	354.922363281
0.148027210884	355.332641602
0.150929705215	355.53793335
0.153832199546	355.53793335
0.156734693878	355.53793335
0.159637188209	355.53793335
0.16253968254	355.332641602
0.165442176871	354.922363281
0.168344671202	354.512573242
0.171247165533	354.307861328
0.174149659864	354.103271484
0.177052154195	353.898803711
0.179954648526	354.103271484
0.182857142857	354.103271484
0.185759637188	354.512573242
0.188662131519	354.922363281
0.19156462585	355.127441406
0.194467120181	355.332641602
0.197369614512	355.53793335
0.200272108844	355.743377686
0.203174603175	355.53793335
0.206077097506	355.743377686
0.208979591837	355.743377686
0.211882086168	355.743377686
0.214784580499	355.743377686
0.21768707483	355.743377686
0.220589569161	355.332641602
0.223492063492	355.127441406
0.226394557823	355.127441406
0.229297052154	354.922363281
0.232199546485	354.922363281
0.235102040816	354.717407227
0.238004535147	354.922363281
0.240907029478	354.922363281
0.24380952381	354.922363281
0.246712018141	355.127441406
0.249614512472	354.922363281
0.252517006803	355.127441406
0.255419501134	355.127441406
0.258321995465	355.127441406
0.261224489796	355.332641602
0.264126984127	355.332641602
0.267029478458	355.332641602
0.269931972789	355.332641602
0.27283446712	355.332641602
0.275736961451	355.332641602
0.278639455782	354.922363281
0.281541950113	354.922363281
0.284444444444	354.512573242
0.287346938776	354.512573242
0.290249433107	354.717407227
0.293151927438	355.127441406
0.296054421769	355.948913574
0.2989569161	356.772277832
0.301859410431	357.597564697
0.304761904762	358.21774292
0.307664399093	358.839050293
0.310566893424	358.21774292
0.313469387755	353.490203857
0.316371882086	353.490203857
0.319274376417	353.490203857
0.322176870748	353.082061768
0.325079365079	353.490203857
0.32798185941	353.898803711
0.330884353741	354.103271484
0.333786848073	354.512573242
0.336689342404	354.512573242
0.339591836735	354.922363281
0.342494331066	355.332641602
0.345396825397	355.332641602
0.348299319728	355.53793335
0.351201814059	355.743377686
0.35410430839	352.878173828
0.357006802721	352.063781738
0.359909297052	352.674407959
0.362811791383	352.878173828
0.365714285714	356.360351562
0.368616780045	356.566253662
0.371519274376	365.322387695
0.374421768707	364.05847168
0.377324263039	364.268829346
0.38022675737	367.226501465
0.383129251701	373.429748535
0.386031746032	379.518493652
0.388934240363	383.706573486
0.391836734694	384.816375732
0.394739229025	385.038726807
0.397641723356	385.038726807
0.400544217687	384.372070312
0.403446712018	382.821044922
0.406349206349	380.836090088
0.40925170068	378.861419678
0.412154195011	411.009063721
0.415056689342	408.170013428
0.417959183673	403.481781006
0.420861678005	403.015930176
0.423764172336	400.694732666
0.426666666667	400.694732666
0.429569160998	402.550628662
0.432471655329	403.481781006
0.43537414966	403.015930176
0.438276643991	403.015930176
0.441179138322	403.015930176
0.444081632653	401.621612549
0.446984126984	399.539154053
0.449886621315	397.697143555
0.452789115646	396.550201416
0.455691609977	395.406585693
0.458594104308	394.721984863
0.461496598639	394.494049072
0.464399092971	394.494049072
0.467301587302	395.178253174
0.470204081633	396.321228027
0.473106575964	397.926940918
0.476009070295	399.308441162
0.478911564626	400.694732666
0.481814058957	402.085845947
0.484716553288	403.248779297
0.487619047619	403.948181152
0.49052154195	404.18157959
0.493424036281	404.415100098
0.496326530612	404.18157959
0.499229024943	403.948181152
0.502131519274	403.481781006
0.505034013605	402.783203125
0.507936507937	402.318145752
0.510839002268	401.853637695
0.513741496599	401.389678955
0.51664399093	401.157897949
0.519546485261	400.694732666
0.522448979592	400.463348389
0.525351473923	399.769989014
0.528253968254	398.847381592
0.531156462585	397.467498779
0.534058956916	398.847381592
0.536961451247	398.61706543
0.539863945578	399.308441162
0.542766439909	400.463348389
0.54566893424	402.085845947
0.548571428571	401.389678955
0.551473922902	402.550628662
0.554376417234	403.248779297
0.557278911565	403.481781006
0.560181405896	403.948181152
0.563083900227	404.18157959
0.565986394558	404.415100098
0.568888888889	404.648773193
0.57179138322	404.882568359
0.574693877551	405.350585938
0.577596371882	405.819122314
0.580498866213	406.757843018
0.583401360544	408.170013428
0.586303854875	407.934326172
0.589206349206	410.297454834
0.592108843537	411.009063721
0.595011337868	410.534515381
0.5979138322	410.771728516
0.600816326531	409.823730469
0.603718820862	408.641815186
0.606621315193	407.463317871
0.609523809524	407.228027344
0.612426303855	407.228027344
0.615328798186	407.463317871
0.618231292517	407.698760986
0.621133786848	407.698760986
0.624036281179	407.698760986
0.62693877551	407.463317871
0.629841269841	407.463317871
0.632743764172	406.992858887
0.635646258503	406.757843018
0.638548752834	406.757843018
0.641451247166	406.522979736
0.644353741497	406.992858887
0.647256235828	407.934326172
0.650158730159	408.405853271
0.65306122449	408.877929688
0.655963718821	409.58706665
0.658866213152	410.060516357
0.661768707483	410.534515381
0.664671201814	410.771728516
0.667573696145	410.771728516
0.670476190476	410.771728516
0.673378684807	409.58706665
0.676281179138	409.58706665
0.679183673469	409.823730469
0.6820861678	409.823730469
0.684988662132	410.297454834
0.687891156463	410.534515381
0.690793650794	410.534515381
0.693696145125	409.11416626
0.696598639456	406.757843018
0.699501133787	405.116516113
0.702403628118	403.948181152
0.705306122449	403.481781006
0.70820861678	403.948181152
0.711111111111	405.350585938
0.714013605442	408.641815186
0.716916099773	412.674285889
0.719818594104	414.585662842
0.722721088435	413.628875732
0.725623582766	412.674285889
0.728526077098	479.546325684
0.731428571429	478.439605713
0.73433106576	478.163330078
0.737233560091	478.439605713
0.740136054422	478.992645264
0.743038548753	479.546325684
0.745941043084	480.100646973
0.748843537415	480.100646973
0.751746031746	480.655578613
0.754648526077	480.655578613
0.757551020408	480.655578613
0.760453514739	480.655578613
0.76335600907	480.100646973
0.766258503401	479.546325684
0.769160997732	479.26940918
0.772063492063	479.26940918
0.774965986395	479.823394775
0.777868480726	480.37802124
0.780770975057	480.37802124
0.783673469388	480.37802124
0.786575963719	480.100646973
0.78947845805	478.992645264
0.792380952381	477.61126709
0.795283446712	476.784332275
0.798185941043	476.233856201
0.801088435374	475.684020996
0.803990929705	475.134796143
0.806893424036	474.038269043
0.809795918367	474.312164307
0.812698412698	472.944274902
0.815600907029	471.035858154
0.818503401361	469.135131836
0.821405895692	467.512054443
0.824308390023	468.052459717
0.827210884354	469.677398682
0.830113378685	470.76385498
0.833015873016	471.580322266
0.835918367347	471.580322266
0.838820861678	471.035858154
0.841723356009	470.492004395
0.84462585034	469.406188965
0.847528344671	468.593475342
0.850430839002	467.512054443
0.853333333333	466.972259521
0.856235827664	466.702606201
0.859138321995	465.894561768
0.862040816327	465.08795166
0.864943310658	464.014587402
0.867845804989	462.676391602
0.87074829932	462.142211914
0.873650793651	460.543304443
0.876553287982	460.01159668
0.879455782313	460.01159668
0.882358276644	459.48046875
0.885260770975	460.543304443
0.888163265306	460.01159668
0.891065759637	458.949951172
0.893968253968	458.420074463
0.896870748299	458.155334473
0.89977324263	456.570251465
0.902675736961	457.362121582
0.905578231293	458.155334473
0.908480725624	459.215148926
0.911383219955	460.543304443
0.914285714286	462.142211914
0.917188208617	463.478851318
0.920090702948	464.550964355
0.922993197279	465.356658936
0.92589569161	465.894561768
0.928798185941	466.433105469
0.931700680272	466.433105469
0.934603174603	466.163757324
0.937505668934	465.894561768
0.940408163265	465.625549316
0.943310657596	465.356658936
0.946213151927	465.08795166
0.949115646259	464.819366455
0.95201814059	464.550964355
0.954920634921	464.550964355
0.957823129252	464.282714844
0.960725623583	464.550964355
0.963628117914	464.550964355
0.966530612245	465.08795166
0.969433106576	465.08795166
0.972335600907	465.625549316
0.975238095238	465.894561768
0.978140589569	465.894561768
0.9810430839	465.894561768
0.983945578231	466.163757324
0.986848072562	466.163757324
0.989750566893	465.894561768
0.992653061224	466.163757324
0.995555555556	466.702606201
0.998458049887	466.972259521
1.00136054422	466.972259521
1.00426303855	466.702606201
1.00716553288	465.08795166
1.01006802721	464.014587402
1.01297052154	461.875335693
1.01587301587	458.949951172
1.0187755102	455.779754639
1.02167800454	453.678466797
1.02458049887	453.154663086
1.0274829932	453.678466797
1.03038548753	456.306610107
1.03328798186	458.684936523
1.03619047619	460.543304443
1.03909297052	350.643157959
1.04199546485	343.823974609
1.04489795918	338.307891846
1.04780045351	332.880310059
1.05070294785	327.918395996
1.05360544218	322.657501221
1.05650793651	318.215362549
1.05941043084	315.652435303
1.06231292517	314.378723145
1.0652154195	313.291046143
1.06811791383	312.748626709
1.07102040816	312.748626709
1.07392290249	313.110137939
1.07682539683	313.110137939
1.07972789116	312.748626709
1.08263038549	312.568023682
1.08553287982	312.387542725
1.08843537415	312.568023682
1.09133786848	312.929321289
1.09424036281	313.291046143
1.09714285714	313.653167725
1.10004535147	313.472045898
1.1029478458	313.110137939
1.10585034014	312.748626709
1.10875283447	312.387542725
1.1116553288	312.20715332
1.11455782313	312.568023682
1.11746031746	313.110137939
1.12036281179	314.197174072
1.12326530612	315.470153809
1.12616780045	316.56539917
1.12907029478	316.931304932
1.13197278912	317.114440918
1.13487528345	316.931304932
1.13777777778	316.56539917
1.14068027211	316.017303467
1.14358276644	315.652435303
1.14648526077	315.470153809
1.1493877551	315.287994385
1.15229024943	315.105926514
1.15519274376	315.470153809
1.1580952381	315.470153809
1.16099773243	315.287994385
1.16390022676	315.287994385
1.16680272109	314.742095947
1.16970521542	314.197174072
1.17260770975	313.653167725
1.17551020408	313.291046143
1.17841269841	312.929321289
1.18131519274	312.929321289
1.18421768707	312.748626709
1.18712018141	312.568023682
1.19002267574	312.568023682
1.19292517007	312.568023682
1.1958276644	312.568023682
1.19873015873	312.387542725
1.20163265306	312.568023682
1.20453514739	312.929321289
1.20743764172	313.110137939
1.21034013605	313.291046143
1.21324263039	313.472045898
1.21614512472	313.653167725
1.21904761905	313.834411621
1.22195011338	314.01574707
1.22485260771	314.378723145
1.22775510204	314.923950195
1.23065759637	315.470153809
1.2335600907	316.017303467
1.23646258503	316.931304932
1.23936507937	317.480987549
1.2422675737	318.399230957
1.24517006803	319.320129395
1.24807256236	320.058776855
1.25097505669	320.799133301
1.25387755102	321.726959229
1.25678004535	322.471160889
1.25968253968	323.217102051
1.26258503401	323.590698242
1.26548752834	323.964752197
1.26839002268	324.151947021
1.27129251701	324.339233398
1.27419501134	324.151947021
1.27709750567	323.964752197
1.28	323.777679443
1.28290249433	324.339233398
1.28580498866	326.783874512
1.28870748299	328.487121582
1.29160997732	330.390045166
1.29451247166	332.49597168
1.29741496599	331.920288086
1.30031746032	328.487121582
1.30321995465	328.297454834
1.30612244898	329.24697876
1.30902494331	328.866821289
1.31192743764	328.297454834
1.31482993197	328.107879639
1.3177324263	327.918395996
1.32063492063	327.539794922
1.32353741497	327.350646973
1.3264399093	326.783874512
1.32934240363	326.029724121
1.33224489796	324.901763916
1.33514739229	323.777679443
1.33804988662	322.471160889
1.34095238095	321.355499268
1.34385487528	320.613861084
1.34675736961	320.058776855
1.34965986395	319.873962402
1.35256235828	320.058776855
1.35546485261	320.243713379
1.35836734694	320.799133301
1.36126984127	320.984466553
1.3641723356	320.984466553
1.36707482993	321.169952393
1.36997732426	321.169952393
1.37287981859	320.799133301
1.37578231293	320.613861084
1.37868480726	320.243713379
1.38158730159	319.689239502
1.38448979592	319.320129395
1.38739229025	319.135742188
1.39029478458	318.951446533
1.39319727891	318.767272949
1.39609977324	318.399230957
1.39900226757	318.031616211
1.4019047619	317.847961426
1.40480725624	318.583190918
1.40770975057	318.583190918
1.4106122449	319.135742188
1.41351473923	319.689239502
1.41641723356	320.613861084
1.41931972789	320.799133301
1.42222222222	320.984466553
1.42512471655	320.428741455
1.42802721088	318.583190918
1.43092970522	316.56539917
1.43383219955	314.923950195
1.43673469388	314.56036377
1.43963718821	315.470153809
1.44253968254	317.297668457
1.44544217687	319.689239502
1.4483446712	322.471160889
1.45124716553	325.089477539
1.45414965986	326.783874512
1.4570521542	328.107879639
1.45995464853	328.866821289
1.46285714286	330.008575439
1.46575963719	331.345611572
1.46866213152	333.843078613
1.47156462585	336.748199463
1.47446712018	340.267700195
1.47736961451	341.251861572
1.48027210884	343.22869873
1.48317460317	344.81842041
1.48607709751	345.61605835
1.48897959184	346.015533447
1.49188208617	345.815734863
1.4947845805	346.015533447
1.49768707483	345.815734863
1.50058956916	345.61605835
1.50349206349	346.015533447
1.50639455782	346.815948486
1.50929705215	347.216827393
1.51219954649	348.019989014
1.51510204082	348.623596191
1.51800453515	348.623596191
1.52090702948	348.422271729
1.52380952381	347.819030762
1.52671201814	346.815948486
1.52961451247	346.015533447
1.5325170068	344.81842041
1.53541950113	344.221405029
1.53832199546	344.420288086
1.5412244898	345.017669678
1.54412698413	345.61605835
1.54702947846	346.215484619
1.54993197279	346.415496826
1.55283446712	346.615661621
1.55573696145	346.615661621
1.55863945578	346.215484619
1.56154195011	345.61605835
1.56444444444	345.217010498
1.56734693878	344.81842041
1.57024943311	345.017669678
1.57315192744	345.217010498
1.57605442177	345.815734863
1.5789569161	346.815948486
1.58185941043	347.618164062
1.58476190476	348.825012207
1.58766439909	350.03604126
1.59056689342	350.440673828
1.59346938776	351.048461914
1.59637188209	351.45425415
1.59927437642	351.251281738
1.60217687075	351.251281738
1.60507936508	351.048461914
1.60798185941	351.048461914
1.61088435374	350.845733643
1.61378684807	351.048461914
1.6166893424	351.251281738
1.61959183673	351.45425415
1.62249433107	351.86050415
1.6253968254	352.063781738
1.62829931973	352.267211914
1.63120181406	352.267211914
1.63410430839	352.267211914
1.63700680272	352.063781738
1.63990929705	351.86050415
1.64281179138	351.657318115
1.64571428571	351.45425415
1.64861678005	351.251281738
1.65151927438	351.048461914
1.65442176871	351.251281738
1.65732426304	351.45425415
1.66022675737	351.657318115
1.6631292517	351.86050415
1.66603174603	352.063781738
1.66893424036	352.063781738
1.67183673469	352.063781738
1.67473922902	352.063781738
1.67764172336	352.063781738
1.68054421769	352.063781738
1.68344671202	352.063781738
1.68634920635	352.063781738
1.68925170068	351.86050415
1.69215419501	351.86050415
1.69505668934	351.86050415
1.69795918367	351.657318115
1.700861678	351.45425415
1.70376417234	351.251281738
1.70666666667	350.845733643
1.709569161	350.845733643
1.71247165533	350.643157959
1.71537414966	350.238311768
1.71827664399	350.238311768
1.72117913832	350.238311768
1.72408163265	350.238311768
1.72698412698	350.238311768
1.72988662132	350.03604126
1.73278911565	349.83392334
1.73569160998	350.03604126
1.73859410431	349.631896973
1.74149659864	349.631896973
1.74439909297	349.83392334
1.7473015873	349.631896973
1.75020408163	349.83392334
1.75310657596	350.03604126
1.75600907029	350.238311768
1.75891156463	350.643157959
1.76181405896	350.845733643
1.76471655329	351.048461914
1.76761904762	351.251281738
1.77052154195	351.45425415
1.77342403628	351.45425415
1.77632653061	351.657318115
1.77922902494	351.657318115
1.78213151927	351.657318115
1.78503401361	351.657318115
1.78793650794	351.86050415
1.79083900227	352.063781738
1.7937414966	352.267211914
1.79664399093	352.267211914
1.79954648526	352.267211914
1.80244897959	352.267211914
1.80535147392	352.063781738
1.80825396825	351.86050415
1.81115646259	351.86050415
1.81405895692	351.86050415
1.81696145125	352.063781738
1.81986394558	352.267211914
1.82276643991	352.267211914
1.82566893424	352.674407959
1.82857142857	352.674407959
1.8314739229	352.674407959
1.83437641723	352.470733643
1.83727891156	352.063781738
1.8401814059	351.251281738
1.84308390023	349.631896973
1.84598639456	348.221069336
1.84888888889	347.016326904
1.85179138322	346.615661621
1.85469387755	347.216827393
1.85759637188	348.422271729
1.86049886621	351.251281738
1.86340136054	355.332641602
1.86630385488	360.292877197
1.86920634921	363.848236084
1.87210884354	366.590698242
1.87501133787	370.636138916
1.8779138322	379.957183838
1.88081632653	387.269226074
1.88371882086	391.316741943
1.88662131519	393.583618164
1.88952380952	394.494049072
1.89242630385	394.266235352
1.89532879819	391.769073486
1.89823129252	385.038726807
1.90113378685	366.167449951
1.90403628118	357.804168701
1.90693877551	351.45425415
1.90984126984	346.015533447
1.91274376417	342.832427979
1.9156462585	342.041229248
1.91854875283	343.823974609
1.92145124717	347.819030762
1.9243537415	354.103271484
1.92725623583	364.268829346
1.93015873016	375.810028076
1.93306122449	378.423980713
1.93596371882	381.496612549
1.93886621315	388.613739014
1.94176870748	398.61706543
1.94467120181	404.415100098
1.94757369615	406.992858887
1.95047619048	408.641815186
1.95337868481	409.823730469
1.95628117914	410.060516357
1.95918367347	409.35055542
1.9620861678	408.641815186
1.96498866213	407.698760986
1.96789115646	406.522979736
1.97079365079	405.116516113
1.97369614512	403.015930176
1.97659863946	400.926239014
1.97950113379	399.308441162
1.98240362812	397.926940918
1.98530612245	396.092346191
1.98820861678	393.583618164
1.99111111111	406.757843018
1.99401360544	408.405853271
1.99691609977	408.170013428
1.9998185941	408.170013428
2.00272108844	406.757843018
2.00562358277	406.992858887
2.0085260771	402.085845947
2.01142857143	401.621612549
2.01433106576	402.318145752
2.01723356009	403.481781006
2.02013605442	405.116516113
2.02303854875	406.757843018
2.02594104308	407.463317871
2.02884353741	407.934326172
2.03174603175	407.934326172
2.03464852608	407.698760986
2.03755102041	407.228027344
2.04045351474	406.757843018
2.04335600907	406.757843018
2.0462585034	406.992858887
2.04916099773	407.228027344
2.05206349206	407.463317871
2.05496598639	407.463317871
2.05786848073	407.463317871
2.06077097506	407.228027344
2.06367346939	406.757843018
2.06657596372	406.288208008
2.06947845805	406.053588867
2.07238095238	405.584777832
2.07528344671	405.350585938
2.07818594104	404.882568359
2.08108843537	404.648773193
2.08399092971	404.415100098
2.08689342404	404.415100098
2.08979591837	404.18157959
2.0926984127	404.18157959
2.09560090703	403.948181152
2.09850340136	403.948181152
2.10140589569	403.714904785
2.10430839002	403.481781006
2.10721088435	403.481781006
2.11011337868	403.248779297
2.11301587302	403.015930176
2.11591836735	402.550628662
2.11882086168	402.550628662
2.12172335601	402.318145752
2.12462585034	402.318145752
2.12752834467	402.318145752
2.130430839	402.550628662
2.13333333333	402.550628662
2.13623582766	402.550628662
2.139138322	403.015930176
2.14204081633	403.248779297
2.14494331066	403.248779297
2.14784580499	403.248779297
2.15074829932	403.248779297
2.15365079365	403.248779297
2.15655328798	403.481781006
2.15945578231	403.948181152
2.16235827664	403.714904785
2.16526077098	404.18157959
2.16816326531	404.882568359
2.17106575964	404.882568359
2.17396825397	404.882568359
2.1768707483	403.714904785
2.17977324263	402.783203125
2.18267573696	402.085845947
2.18557823129	401.853637695
2.18848072562	401.853637695
2.19138321995	402.085845947
2.19428571429	402.783203125
2.19718820862	404.18157959
2.20009070295	405.116516113
2.20299319728	406.288208008
2.20589569161	406.053588867
2.20879818594	406.522979736
2.21170068027	406.757843018
2.2146031746	407.228027344
2.21750566893	407.463317871
2.22040816327	407.463317871
2.2233106576	407.463317871
2.22621315193	409.58706665
2.22911564626	410.060516357
2.23201814059	409.823730469
2.23492063492	405.350585938
2.23782312925	400.463348389
2.24072562358	399.308441162
2.24362811791	399.308441162
2.24653061224	442.804595947
2.24943310658	442.293334961
2.25233560091	440.508605957
2.25523809524	438.731048584
2.25814058957	438.224517822
2.2610430839	439.238189697
2.26394557823	440.763122559
2.26684807256	442.804595947
2.26975056689	444.855529785
2.27265306122	447.949737549
2.27555555556	450.284515381
2.27845804989	454.202880859
2.28136054422	457.097991943
2.28426303855	458.420074463
2.28716553288	459.215148926
2.29006802721	458.684936523
2.29297052154	457.362121582
2.29587301587	454.465301514
2.2987755102	449.76461792
2.30167800454	444.855529785
2.30458049887	442.804595947
2.3074829932	440.0
2.31038548753	439.745910645
2.31328798186	439.745910645
2.31619047619	441.527557373
2.31909297052	450.024505615
2.32199546485	455.779754639
2.32489795918	457.362121582
2.32780045351	464.282714844
2.33070294785	471.308013916
2.33360544218	471.852783203
2.33650793651	471.308013916
2.33941043084	468.864227295
2.34231292517	466.433105469
2.3452154195	465.894561768
2.34811791383	466.163757324
2.35102040816	451.586853027
2.35392290249	459.48046875
2.35682539683	464.282714844
2.35972789116	466.702606201
2.36263038549	467.24206543
2.36553287982	467.24206543
2.36843537415	466.163757324
2.37133786848	464.282714844
2.37424036281	461.608642578
2.37714285714	459.215148926
2.38004535147	458.155334473
2.3829478458	458.155334473
2.38585034014	458.949951172
2.38875283447	460.01159668
2.3916553288	461.608642578
2.39455782313	461.608642578
2.39746031746	461.608642578
2.40036281179	460.543304443
2.40326530612	460.01159668
2.40616780045	459.48046875
2.40907029478	459.215148926
2.41197278912	459.48046875
2.41487528345	460.01159668
2.41777777778	459.745941162
2.42068027211	460.01159668
2.42358276644	460.01159668
2.42648526077	459.48046875
2.4293877551	458.949951172
2.43229024943	458.420074463
2.43519274376	457.890777588
2.4380952381	457.362121582
2.44099773243	456.570251465
2.44390022676	456.04309082
2.44680272109	455.779754639
2.44970521542	455.516571045
2.45260770975	454.990631104
2.45551020408	455.253540039
2.45841269841	455.253540039
2.46131519274	455.516571045
2.46421768707	456.306610107
2.46712018141	456.83404541
2.47002267574	457.626373291
2.47292517007	458.420074463
2.4758276644	458.949951172
2.47873015873	459.48046875
2.48163265306	460.277374268
2.48453514739	460.543304443
2.48743764172	461.342071533
2.49034013605	461.342071533
2.49324263039	461.608642578
2.49614512472	461.075653076
2.49904761905	460.543304443
2.50195011338	460.01159668
2.50485260771	459.215148926
2.50775510204	458.684936523
2.51065759637	457.626373291
2.5135600907	457.097991943
2.51646258503	456.306610107
2.51936507937	455.779754639
2.5222675737	455.253540039
2.52517006803	454.465301514
2.52807256236	454.202880859
2.53097505669	453.678466797
2.53387755102	453.416503906
2.53678004535	453.678466797
2.53968253968	453.678466797
2.54258503401	453.678466797
2.54548752834	453.678466797
2.54839002268	453.678466797
2.55129251701	453.678466797
2.55419501134	453.416503906
2.55709750567	453.154663086
2.56	453.154663086
2.56290249433	452.892974854
2.56580498866	452.631469727
2.56870748299	452.631469727
2.57160997732	452.892974854
2.57451247166	452.631469727
2.57741496599	452.631469727
2.58031746032	452.892974854
2.58321995465	453.416503906
2.58612244898	453.678466797
2.58902494331	453.940612793
2.59192743764	453.940612793
2.59482993197	454.202880859
2.5977324263	453.940612793
2.60063492063	453.940612793
2.60353741497	453.678466797
2.6064399093	453.678466797
2.60934240363	453.416503906
2.61224489796	452.892974854
2.61514739229	452.108856201
2.61804988662	452.108856201
2.62095238095	452.631469727
2.62385487528	453.154663086
2.62675736961	454.727905273
2.62965986395	454.727905273
2.63256235828	455.253540039
2.63546485261	455.253540039
2.63836734694	455.516571045
2.64126984127	454.727905273
2.6441723356	453.416503906
2.64707482993	450.804992676
2.64997732426	448.726654053
2.65287981859	447.432556152
2.65578231293	446.657867432
2.65868480726	447.691070557
2.66158730159	449.245330811
2.66448979592	451.326080322
2.66739229025	455.516571045
2.67029478458	457.890777588
2.67319727891	458.684936523
2.67609977324	458.684936523
2.67900226757	458.684936523
2.6819047619	458.684936523
2.68480725624	459.745941162
2.68770975057	459.215148926
2.6906122449	460.809417725
2.69351473923	462.142211914
2.69641723356	462.676391602
2.69931972789	463.211212158
2.70222222222	462.676391602
2.70512471655	462.142211914
2.70802721088	461.608642578
2.71092970522	461.875335693
2.71383219955	462.142211914
2.71673469388	462.142211914
2.71963718821	461.875335693
2.72253968254	461.608642578
2.72544217687	460.543304443
2.7283446712	458.949951172
2.73124716553	456.306610107
2.73414965986	454.990631104
2.7370521542	453.416503906
2.73995464853	452.37008667
2.74285714286	451.065460205
2.74575963719	451.586853027
2.74866213152	451.326080322
2.75156462585	451.065460205
2.75446712018	451.84777832
2.75736961451	453.154663086
2.76027210884	453.416503906
2.76317460317	453.940612793
2.76607709751	453.154663086
2.76897959184	453.416503906
2.77188208617	453.154663086
2.7747845805	453.940612793
2.77768707483	453.940612793
2.78058956916	453.678466797
2.78349206349	453.416503906
2.78639455782	453.416503906
2.78929705215	453.940612793
2.79219954649	453.678466797
2.79510204082	452.37008667
2.79800453515	452.108856201
2.80090702948	451.84777832
2.80380952381	451.326080322
2.80671201814	450.284515381
2.80961451247	450.024505615
2.8125170068	450.284515381
2.81541950113	451.065460205
2.81832199546	452.108856201
2.8212244898	452.631469727
2.82412698413	453.678466797
2.82702947846	454.727905273
2.82993197279	455.253540039
2.83283446712	455.253540039
2.83573696145	454.990631104
2.83863945578	455.253540039
2.84154195011	455.253540039
2.84444444444	455.516571045
2.84734693878	457.097991943
2.85024943311	457.626373291
2.85315192744	457.890777588
2.85605442177	458.420074463
2.8589569161	458.949951172
2.86185941043	460.01159668
2.86476190476	383.928283691
2.86766439909	386.598724365
2.87056689342	389.962890625
2.87346938776	392.675292969
2.87637188209	395.406585693
2.87927437642	395.406585693
2.88217687075	396.779327393
2.88507936508	395.406585693
2.88798185941	394.494049072
2.89088435374	391.769073486
2.89378684807	391.316741943
2.8966893424	391.316741943
2.89959183673	391.54284668
2.90249433107	390.413665771
2.9053968254	387.940887451
2.90829931973	388.165039062
2.91120181406	388.613739014
2.91410430839	389.962890625
2.91700680272	391.769073486
2.91990929705	390.864929199
2.92281179138	391.316741943
2.92571428571	391.769073486
2.92861678005	391.995422363
2.93151927438	392.675292969
2.93442176871	393.583618164
2.93732426304	394.038574219
2.94022675737	394.494049072
2.9431292517	396.092346191
2.94603174603	397.697143555
2.94893424036	396.779327393
2.95183673469	395.635040283
2.95473922902	393.811035156
2.95764172336	391.54284668
2.96054421769	388.613739014
2.96344671202	388.165039062
2.96634920635	389.737701416
2.96925170068	389.512664795
2.97215419501	391.090789795
2.97505668934	389.962890625
2.97795918367	388.165039062
2.980861678	387.716888428
2.98376417234	386.152374268
2.98666666667	385.483795166
2.989569161	385.483795166
2.99247165533	387.492980957
2.99537414966	389.287719727
2.99827664399	392.902191162
3.00117913832	395.178253174
3.00408163265	396.321228027
3.00698412698	398.386901855
3.00988662132	398.156829834
3.01278911565	397.008575439
3.01569160998	395.406585693
3.01859410431	393.811035156
3.02149659864	392.221923828
3.02439909297	389.737701416
3.0273015873	387.492980957
3.03020408163	385.706512451
3.03310657596	385.483795166
3.03600907029	385.038726807
3.03891156463	385.038726807
3.04181405896	386.82208252
3.04471655329	389.287719727
3.04761904762	391.54284668
3.05052154195	394.950042725
3.05342403628	396.550201416
3.05632653061	396.779327393
3.05922902494	392.902191162
3.06213151927	388.838256836
3.06503401361	385.929382324
3.06793650794	384.594146729
3.07083900227	383.928283691
3.0737414966	384.594146729
3.07664399093	384.150115967
3.07954648526	385.038726807
3.08244897959	387.492980957
3.08535147392	388.838256836
3.08825396825	390.413665771
3.09115646259	392.221923828
3.09405895692	395.178253174
3.09696145125	395.178253174
3.09986394558	393.811035156
3.10276643991	398.61706543
3.10566893424	396.321228027
3.10857142857	389.737701416
3.1114739229	377.55065918
3.11437641723	374.726196289
3.11727891156	372.783203125
3.1201814059	372.567932129
3.12308390023	372.783203125
3.12598639456	374.942718506
3.12888888889	377.768798828
3.13179138322	381.056121826
3.13469387755	383.928283691
3.13759637188	386.152374268
3.14049886621	388.165039062
3.14340136054	389.512664795
3.14630385488	390.639221191
3.14920634921	391.769073486
3.15210884354	392.675292969
3.15501133787	393.35635376
3.1579138322	393.583618164
3.16081632653	394.038574219
3.16371882086	394.266235352
3.16662131519	394.494049072
3.16952380952	394.494049072
3.17242630385	394.721984863
3.17532879819	394.950042725
3.17823129252	394.950042725
3.18113378685	395.178253174
3.18403628118	395.178253174
3.18693877551	395.178253174
3.18984126984	395.178253174
3.19274376417	395.178253174
3.1956462585	394.950042725
3.19854875283	394.494049072
3.20145124717	394.038574219
3.2043537415	393.583618164
3.20725623583	392.902191162
3.21015873016	391.995422363
3.21306122449	391.54284668
3.21596371882	390.864929199
3.21886621315	390.413665771
3.22176870748	389.962890625
3.22467120181	389.737701416
3.22757369615	389.512664795
3.23047619048	389.512664795
3.23337868481	389.512664795
3.23628117914	389.512664795
3.23918367347	389.962890625
3.2420861678	389.962890625
3.24498866213	390.188201904
3.24789115646	389.962890625
3.25079365079	389.962890625
3.25369614512	389.962890625
3.25659863946	389.962890625
3.25950113379	390.188201904
3.26240362812	390.413665771
3.26530612245	390.639221191
3.26820861678	390.864929199
3.27111111111	391.316741943
3.27401360544	391.54284668
3.27691609977	391.769073486
3.2798185941	391.995422363
3.28272108844	392.221923828
3.28562358277	392.448547363
3.2885260771	392.675292969
3.29142857143	392.902191162
3.29433106576	392.675292969
3.29723356009	392.675292969
3.30013605442	392.448547363
3.30303854875	392.221923828
3.30594104308	392.221923828
3.30884353741	391.995422363
3.31174603175	392.221923828
3.31464852608	391.995422363
3.31755102041	392.221923828
3.32045351474	392.221923828
3.32335600907	392.221923828
3.3262585034	392.221923828
3.32916099773	392.221923828
3.33206349206	392.221923828
3.33496598639	391.995422363
3.33786848073	391.769073486
3.34077097506	391.769073486
3.34367346939	391.769073486
3.34657596372	391.769073486
3.34947845805	391.769073486
3.35238095238	391.995422363
3.35528344671	392.221923828
3.35818594104	392.448547363
3.36108843537	392.675292969
3.36399092971	392.675292969
3.36689342404	392.675292969
3.36979591837	392.675292969
3.3726984127	392.448547363
3.37560090703	392.448547363
3.37850340136	392.221923828
3.38140589569	392.221923828
3.38430839002	392.221923828
3.38721088435	392.448547363
3.39011337868	392.675292969
3.39301587302	392.902191162
3.39591836735	393.129211426
3.39882086168	393.129211426
3.40172335601	393.35635376
3.40462585034	393.583618164
3.40752834467	393.583618164
3.410430839	393.583618164
3.41333333333	393.35635376
3.41623582766	393.35635376
3.419138322	392.902191162
3.42204081633	391.995422363
3.42494331066	391.090789795
3.42784580499	389.737701416
3.43074829932	388.165039062
3.43365079365	386.375488281
3.43655328798	384.150115967
3.43945578231	381.717010498
3.44235827664	379.299346924
3.44526077098	376.46182251
3.44816326531	372.783203125
3.45106575964	367.86340332
3.45396825397	362.589416504
3.4568707483	356.360351562
3.45977324263	351.86050415
3.46267573696	349.430023193
3.46557823129	347.618164062
3.46848072562	346.415496826
3.47138321995	345.416473389
3.47428571429	343.427001953
3.47718820862	341.843719482
3.48009070295	340.07119751
3.48299319728	338.112548828
3.48589569161	336.553741455
3.48879818594	335.002105713
3.49170068027	334.615325928
3.4946031746	334.615325928
3.49750566893	335.002105713
3.50040816327	334.808654785
3.5033106576	333.650299072
3.50621315193	332.49597168
3.50911564626	332.880310059
3.51201814059	333.650299072
3.51492063492	335.195678711
3.51782312925	336.553741455
3.52072562358	338.307891846
3.52362811791	340.464294434
3.52653061224	340.857849121
3.52943310658	340.07119751
3.53233560091	339.090454102
3.53523809524	338.503356934
3.53814058957	338.307891846
3.5410430839	338.307891846
3.54394557823	338.503356934
3.54684807256	338.89465332
3.54975056689	339.286376953
3.55265306122	339.286376953
3.55555555556	339.090454102
3.55845804989	338.89465332
3.56136054422	339.090454102
3.56426303855	339.286376953
3.56716553288	339.67855835
3.57006802721	339.67855835
3.57297052154	339.482421875
3.57587301587	339.090454102
3.5787755102	338.503356934
3.58167800454	338.112548828
3.58458049887	337.917297363
3.5874829932	337.722167969
3.59038548753	337.722167969
3.59328798186	337.332244873
3.59619047619	337.332244873
3.59909297052	337.332244873
3.60199546485	337.332244873
3.60489795918	337.722167969
3.60780045351	338.112548828
3.61070294785	338.89465332
3.61360544218	339.482421875
3.61650793651	340.07119751
3.61941043084	340.464294434
3.62231292517	340.464294434
3.6252154195	340.661010742
3.62811791383	340.464294434
3.63102040816	340.661010742
3.63392290249	340.661010742
3.63682539683	340.857849121
3.63972789116	341.054779053
3.64263038549	341.251861572
3.64553287982	341.251861572
3.64843537415	341.64630127
3.65133786848	342.041229248
3.65424036281	342.436584473
3.65714285714	343.030487061
3.66004535147	343.625427246
3.6629478458	344.221405029
3.66585034014	344.420288086
3.66875283447	345.017669678
3.6716553288	345.416473389
3.67455782313	345.217010498
3.67746031746	345.416473389
3.68036281179	344.81842041
3.68326530612	344.022644043
3.68616780045	343.427001953
3.68907029478	344.221405029
3.69197278912	344.81842041
3.69487528345	345.217010498
3.69777777778	345.61605835
3.70068027211	345.017669678
3.70358276644	345.217010498
3.70648526077	345.815734863
3.7093877551	346.215484619
3.71229024943	346.615661621
3.71519274376	347.016326904
3.7180952381	347.216827393
3.72099773243	347.417449951
3.72390022676	347.819030762
3.72680272109	348.221069336
3.72970521542	348.623596191
3.73260770975	349.026580811
3.73551020408	349.430023193
3.73841269841	349.430023193
3.74131519274	349.631896973
3.74421768707	349.631896973
3.74712018141	349.631896973
3.75002267574	349.430023193
3.75292517007	349.228240967
3.7558276644	348.825012207
3.75873015873	348.221069336
3.76163265306	347.618164062
3.76453514739	347.216827393
3.76743764172	346.615661621
3.77034013605	346.015533447
3.77324263039	345.61605835
3.77614512472	346.015533447
3.77904761905	345.416473389
3.78195011338	344.81842041
3.78485260771	343.625427246
3.78775510204	343.030487061
3.79065759637	343.22869873
3.7935600907	345.017669678
3.79646258503	349.83392334
3.79936507937	351.048461914
3.8022675737	351.251281738
3.80517006803	351.048461914
3.80807256236	350.03604126
3.81097505669	348.825012207
3.81387755102	348.019989014
3.81678004535	349.631896973
3.81968253968	350.440673828
3.82258503401	350.845733643
3.82548752834	351.251281738
3.82839002268	350.845733643
3.83129251701	348.623596191
3.83419501134	347.216827393
3.83709750567	333.457641602
3.84	337.137451172
3.84290249433	341.449005127
3.84580498866	343.823974609
3.84870748299	344.81842041
3.85160997732	346.015533447
3.85451247166	269.447387695
3.85741496599	270.22668457
3.86031746032	270.22668457
3.86321995465	269.914703369
3.86612244898	269.447387695
3.86902494331	269.136260986
3.87192743764	268.670288086
3.87482993197	268.360107422
3.8777324263	268.360107422
3.88063492063	268.670288086
3.88353741497	269.603057861
3.8864399093	270.5390625
3.88934240363	271.321533203
3.89224489796	271.949127197
3.89514739229	272.26348877
3.89804988662	272.420806885
3.90095238095	272.420806885
3.90385487528	272.578186035
3.90675736961	273.208709717
3.90965986395	273.998931885
3.91256235828	274.950164795
3.91546485261	276.383239746
3.91836734694	277.984313965
3.92126984127	279.433227539
3.9241723356	280.72744751
3.92707482993	282.190643311
3.92997732426	283.825378418
3.93287981859	284.646270752
3.93578231293	284.975280762
3.93868480726	285.139953613
3.94158730159	285.139953613
3.94448979592	285.3046875
3.94739229025	285.3046875
3.95029478458	285.3046875
3.95319727891	285.469543457
3.95609977324	286.129882812
3.95900226757	286.791748047
3.9619047619	287.621246338
3.96480725624	288.453125
3.96770975057	288.953399658
3.9706122449	289.120361328
3.97351473923	289.287414551
3.97641723356	289.287414551
3.97931972789	289.287414551
3.98222222222	289.287414551
3.98512471655	289.287414551
3.98802721088	289.454559326
3.99092970522	289.454559326
3.99383219955	289.287414551
3.99673469388	288.953399658
3.99963718821	288.619781494
4.00253968254	287.953704834
4.00544217687	287.289154053
4.0083446712	286.791748047
4.01124716553	286.295196533
4.01414965986	286.295196533
4.0170521542	286.295196533
4.01995464853	286.62612915
4.02285714286	287.123260498
4.02575963719	287.787414551
4.02866213152	288.453125
4.03156462585	288.619781494
4.03446712018	288.786529541
4.03736961451	288.953399658
4.04027210884	288.786529541
4.04317460317	288.953399658
4.04607709751	288.953399658
4.04897959184	289.120361328
4.05188208617	288.953399658
4.0547845805	289.120361328
4.05768707483	289.287414551
4.06058956916	289.287414551
4.06349206349	289.454559326
4.06639455782	289.454559326
4.06929705215	289.454559326
4.07219954649	289.287414551
4.07510204082	288.953399658
4.07800453515	288.619781494
4.08090702948	288.12008667
4.08380952381	287.787414551
4.08671201814	287.289154053
4.08961451247	287.123260498
4.0925170068	287.289154053
4.09541950113	287.45513916
4.09832199546	287.621246338
4.1012244898	288.12008667
4.10412698413	288.453125
4.10702947846	288.786529541
4.10993197279	289.120361328
4.11283446712	289.621795654
4.11573696145	290.12411499
4.11863945578	290.459472656
4.12154195011	290.963226318
4.12444444444	291.46786499
4.12734693878	291.804779053
4.13024943311	291.973388672
4.13315192744	292.310882568
4.13605442177	292.479766846
4.1389569161	292.817840576
4.14185941043	293.156341553
4.14476190476	293.834442139
4.14766439909	294.174102783
4.15056689342	294.684295654
4.15346938776	295.024932861
4.15637188209	295.365936279
4.15927437642	295.195404053
4.16217687075	294.854553223
4.16507936508	294.344055176
4.16798185941	293.664764404
4.17088435374	292.987030029
4.17378684807	292.142089844
4.1766893424	291.131347656
4.17959183673	289.956573486
4.18249433107	288.953399658
4.1853968254	287.787414551
4.18829931973	286.62612915
4.19120181406	285.634490967
4.19410430839	284.81072998
4.19700680272	283.661468506
4.19990929705	282.516845703
4.20281179138	281.214355469
4.20571428571	281.539398193
4.20861678005	280.40335083
4.21151927438	279.271850586
4.21442176871	277.182617188
4.21732426304	273.998931885
4.22022675737	270.695373535
4.2231292517	268.20513916
4.22603174603	266.198699951
4.22893424036	264.665496826
4.23183673469	263.59753418
4.23473922902	262.989196777
4.23764172336	262.685546875
4.24054421769	262.230743408
4.24344671202	260.871063232
4.24634920635	259.069091797
4.24925170068	256.834106445
4.25215419501	254.912750244
4.25505668934	253.444564819
4.25795918367	252.13041687
4.260861678	251.839309692
4.26376417234	250.678253174
4.26666666667	248.802932739
4.269569161	245.94519043
4.27247165533	242.839569092
4.27537414966	240.883712769
4.27827664399	240.466659546
4.28117913832	240.744613647
4.28408163265	241.022888184
4.28698412698	241.580413818
4.28988662132	242.979873657
4.29278911565	244.387451172
4.29569160998	245.094284058
4.29859410431	245.519378662
4.30149659864	245.661224365
4.30439909297	245.80317688
4.3073015873	245.519378662
4.31020408163	244.811309814
4.31310657596	244.105285645
4.31600907029	243.823440552
4.31891156463	243.682647705
4.32181405896	244.105285645
4.32471655329	245.519378662
4.32761904762	245.80317688
4.33052154195	245.94519043
4.33342403628	246.656539917
4.33632653061	247.369934082
4.33922902494	249.090530396
4.34213151927	250.8230896
4.34503401361	250.678253174
4.34793650794	250.388824463
4.35083900227	249.810974121
4.3537414966	249.234451294
4.35664399093	248.228744507
4.35954648526	247.227096558
4.36244897959	246.371749878
4.36535147392	246.371749878
4.36825396825	246.799057007
4.37115646259	247.942138672
4.37405895692	249.234451294
4.37696145125	250.388824463
4.37986394558	250.968017578
4.38276643991	251.258117676
4.38566893424	250.678253174
4.38857142857	250.099731445
4.3914739229	249.52255249
4.39437641723	249.090530396
4.39727891156	249.234451294
4.4001814059	249.810974121
4.40308390023	250.533493042
4.40598639456	250.968017578
4.40888888889	250.968017578
4.41179138322	250.678253174
4.41469387755	250.244232178
4.41759637188	249.666717529
4.42049886621	249.378463745
4.42340136054	249.234451294
4.42630385488	249.090530396
4.42920634921	249.090530396
4.43210884354	249.090530396
4.43501133787	248.94670105
4.4379138322	248.515670776
4.44081632653	247.798965454
4.44371882086	247.369934082
4.44662131519	247.227096558
4.44952380952	247.369934082
4.45242630385	247.655883789
4.45532879819	247.655883789
4.45823129252	247.798965454
4.46113378685	247.942138672
4.46403628118	248.372161865
4.46693877551	248.802932739
4.46984126984	248.94670105
4.47274376417	248.802932739
4.4756462585	248.65927124
4.47854875283	248.802932739
4.48145124717	248.802932739
4.4843537415	248.802932739
4.48725623583	249.090530396
4.49015873016	248.94670105
4.49306122449	248.802932739
4.49596371882	248.372161865
4.49886621315	247.942138672
4.50176870748	248.085403442
4.50467120181	248.802932739
4.50757369615	248.372161865
4.51047619048	247.798965454
4.51337868481	247.512863159
4.51628117914	247.369934082
4.51918367347	247.512863159
4.5220861678	247.512863159
4.52498866213	247.512863159
4.52789115646	247.227096558
4.53079365079	246.799057007
4.53369614512	246.229476929
4.53659863946	245.80317688
4.53950113379	245.94519043
4.54240362812	246.656539917
4.54530612245	248.228744507
4.54820861678	251.113021851
4.55111111111	253.151931763
4.55401360544	254.030822754
4.55691609977	253.151931763
4.5598185941	251.984832764
4.56272108844	251.258117676
4.56562358277	250.968017578
4.5685260771	251.403289795
4.57142857143	251.693893433
4.57433106576	251.839309692
4.57723356009	250.8230896
4.58013605442	249.234451294
4.58303854875	247.655883789
4.58594104308	246.087295532
4.58884353741	244.669937134
4.59174603175	243.120269775
4.59464852608	241.162155151
4.59755102041	238.392166138
4.60045351474	242.839569092
4.60335600907	243.541931152
4.6062585034	243.823440552
4.60916099773	244.105285645
4.61206349206	243.120269775
4.61496598639	242.419128418
4.61786848073	241.022888184
4.62077097506	239.081665039
4.62367346939	234.838699341
4.62657596372	229.607574463
4.62947845805	226.054428101
4.63238095238	223.974868774
4.63528344671	222.427764893
4.63818594104	221.018966675
4.64108843537	219.872955322
4.64399092971	218.859268188
4.64689342404	217.598739624
4.64979591837	216.470458984
4.6526984127	215.223678589
4.65560090703	214.355209351
4.65850340136	214.231430054
4.66140589569	214.231430054
4.66430839002	214.231430054
4.66721088435	215.099411011
4.67011337868	215.596969604
4.67301587302	215.97088623
4.67591836735	216.345458984
4.67882086168	216.845901489
4.68172335601	217.347503662
4.68462585034	217.850265503
4.68752834467	218.606582642
4.690430839	218.985733032
4.69333333333	219.619094849
4.69623582766	219.872955322
4.699138322	219.872955322
4.70204081633	218.354187012
4.70494331066	232.275482178
4.70784580499	232.812774658
4.71074829932	232.007293701
4.71365079365	231.471862793
4.71655328798	231.071105957
4.71945578231	231.204620361
4.72235827664	231.605606079
4.72526077098	231.471862793
4.72816326531	231.739425659
4.73106575964	232.007293701
4.73396825397	232.007293701
4.7368707483	232.007293701
4.73977324263	231.739425659
4.74267573696	231.739425659
4.74557823129	231.873321533
4.74848072562	232.141357422
4.75138321995	232.947280884
4.75428571429	233.621032715
4.75718820862	234.432113647
4.76009070295	234.974395752
4.76299319728	235.110153198
4.76589569161	235.38192749
4.76879818594	235.110153198
4.77170068027	234.838699341
4.7746031746	233.891082764
4.77750566893	233.621032715
4.78040816327	233.486129761
4.7833106576	233.486129761
4.78621315193	233.756027222
4.78911564626	233.756027222
4.79201814059	233.621032715
4.79492063492	233.756027222
4.79782312925	234.161437988
4.80072562358	234.838699341
4.80362811791	235.517929077
4.80653061224	236.335586548
4.80943310658	237.156082153
4.81233560091	237.979431152
4.81523809524	238.667724609
4.81814058957	238.943603516
4.8210430839	239.081665039
4.82394557823	239.219802856
4.82684807256	239.081665039
4.82975056689	238.805633545
4.83265306122	238.392166138
4.83555555556	238.116928101
4.83845804989	237.842010498
4.84136054422	237.704666138
4.84426303855	237.842010498
4.84716553288	238.116928101
4.85006802721	238.529907227
4.85297052154	238.943603516
4.85587301587	239.219802856
4.8587755102	239.496322632
4.86167800454	239.496322632
4.86458049887	239.219802856
4.8674829932	238.943603516
4.87038548753	238.805633545
4.87328798186	238.805633545
4.87619047619	238.805633545
4.87909297052	238.943603516
4.88199546485	239.081665039
4.88489795918	239.219802856
4.88780045351	239.358032227
4.89070294785	239.773162842
4.89360544218	240.050323486
4.89650793651	240.60559082
4.89941043084	241.301498413
4.90231292517	241.999404907
4.9052154195	242.69934082
4.90811791383	243.260742188
4.91102040816	243.682647705
4.91392290249	243.682647705
4.91682539683	243.682647705
4.91972789116	243.401290894
4.92263038549	242.839569092
4.92553287982	242.419128418
4.92843537415	242.279144287
4.93133786848	242.69934082
4.93424036281	242.69934082
4.93714285714	243.120269775
4.94004535147	243.120269775
4.9429478458	243.823440552
4.94585034014	243.823440552
4.94875283447	243.823440552
4.9516553288	243.682647705
4.95455782313	243.682647705
4.95746031746	243.541931152
4.96036281179	242.979873657
4.96326530612	243.120269775
4.96616780045	243.260742188
4.96907029478	242.979873657
4.97197278912	242.13923645
4.97487528345	241.022888184
4.97777777778	0.0
4.98068027211	0.0
4.98358276644	0.0
4.98648526077	0.0
4.9893877551	0.0
4.99229024943	0.0
4.99519274376	0.0
4.9980952381	0.0
5.00099773243	0.0
5.00390022676	288.619781494
5.00680272109	292.817840576
5.00970521542	295.536621094
5.01260770975	297.592224121
5.01551020408	299.316162109
5.01841269841	300.181884766
5.02131519274	304.020843506
5.02421768707	305.782012939
5.02712018141	307.908905029
5.03002267574	310.408966064
5.03292517007	312.748626709
5.0358276644	314.742095947
5.03873015873	316.199890137
5.04163265306	317.297668457
5.04453514739	318.215362549
5.04743764172	319.135742188
5.05034013605	319.689239502
5.05324263039	320.428741455
5.05614512472	320.984466553
5.05904761905	321.541168213
5.06195011338	322.471160889
5.06485260771	324.526641846
5.06775510204	326.595184326
5.07065759637	327.350646973
5.0735600907	328.297454834
5.07646258503	328.487121582
5.07936507937	328.107879639
5.0822675737	327.918395996
5.08517006803	327.539794922
5.08807256236	327.539794922
5.09097505669	327.350646973
5.09387755102	327.350646973
5.09678004535	327.350646973
5.09968253968	327.350646973
5.10258503401	327.161621094
5.10548752834	326.783874512
5.10839002268	324.901763916
5.11129251701	323.964752197
5.11419501134	324.151947021
5.11709750567	324.339233398
5.12	324.526641846
5.12290249433	324.526641846
5.12580498866	324.714141846
5.12870748299	323.590698242
5.13160997732	323.777679443
5.13451247166	323.590698242
5.13741496599	323.590698242
5.14031746032	323.777679443
5.14321995465	323.964752197
5.14612244898	324.151947021
5.14902494331	324.151947021
5.15192743764	324.339233398
5.15482993197	324.714141846
5.1577324263	324.714141846
5.16063492063	325.089477539
5.16353741497	325.277313232
5.1664399093	325.653289795
5.16934240363	326.218109131
5.17224489796	326.595184326
5.17514739229	326.595184326
5.17804988662	326.218109131
5.18095238095	325.841461182
5.18385487528	325.841461182
5.18675736961	326.595184326
5.18965986395	327.539794922
5.19256235828	328.297454834
5.19546485261	329.056854248
5.19836734694	329.437225342
5.20126984127	329.627563477
5.2041723356	329.818023682
5.20707482993	330.008575439
5.20997732426	330.008575439
5.21287981859	330.390045166
5.21578231293	331.537078857
5.21868480726	330.580932617
5.22158730159	331.920288086
5.22448979592	332.303955078
5.22739229025	332.112091064
5.23029478458	330.963043213
5.23319727891	332.112091064
5.23609977324	331.345611572
5.23900226757	330.963043213
5.2419047619	330.963043213
5.24480725624	331.154296875
5.24770975057	331.345611572
5.2506122449	331.154296875
5.25351473923	331.537078857
5.25641723356	331.728637695
5.25931972789	331.728637695
5.26222222222	331.920288086
5.26512471655	332.112091064
5.26802721088	332.303955078
5.27092970522	332.49597168
5.27383219955	332.688079834
5.27673469388	332.880310059
5.27963718821	332.880310059
5.28253968254	333.265075684
5.28544217687	333.265075684
5.2883446712	333.650299072
5.29124716553	333.650299072
5.29414965986	333.457641602
5.2970521542	332.303955078
5.29995464853	330.390045166
5.30285714286	325.089477539
5.30575963719	319.135742188
5.30866213152	315.287994385
5.31156462585	313.291046143
5.31446712018	313.110137939
5.31736961451	313.834411621
5.32027210884	315.287994385
5.32317460317	316.199890137
5.32607709751	316.56539917
5.32897959184	315.83480835
5.33188208617	310.76776123
5.3347845805	307.731079102
5.33768707483	304.900146484
5.34058956916	299.489105225
5.34349206349	294.684295654
5.34639455782	289.287414551
5.34929705215	278.788330078
5.35219954649	270.851776123
5.35510204082	266.198699951
5.35800453515	263.293182373
5.36090702948	261.172607422
5.36380952381	259.5184021
5.36671201814	257.874694824
5.36961451247	255.50239563
5.3725170068	252.713638306
5.37541950113	249.955307007
5.37832199546	247.655883789
5.3812244898	245.094284058
5.38412698413	241.301498413
5.38702947846	238.116928101
5.38993197279	235.926391602
5.39283446712	234.838699341
5.39573696145	234.703094482
5.39863945578	235.517929077
5.40154195011	236.335586548
5.40444444444	237.156082153
5.40734693878	237.430206299
5.41024943311	237.019134521
5.41315192744	236.062713623
5.41605442177	234.974395752
5.4189569161	234.161437988
5.42185941043	233.756027222
5.42476190476	233.486129761
5.42766439909	233.621032715
5.43056689342	233.756027222
5.43346938776	234.026229858
5.43637188209	234.567565918
5.43927437642	235.38192749
5.44217687075	235.654006958
5.44507936508	235.926391602
5.44798185941	236.062713623
5.45088435374	235.926391602
5.45378684807	235.790161133
5.4566893424	235.654006958
5.45959183673	235.38192749
5.46249433107	235.110153198
5.4653968254	235.110153198
5.46829931973	235.246002197
5.47120181406	235.654006958
5.47410430839	236.062713623
5.47700680272	236.472137451
5.47990929705	236.882263184
5.48281179138	237.430206299
5.48571428571	237.979431152
5.48861678005	238.667724609
5.49151927438	239.358032227
5.49442176871	239.63470459
5.49732426304	239.773162842
5.50022675737	239.63470459
5.5031292517	239.496322632
5.50603174603	239.219802856
5.50893424036	239.219802856
5.51183673469	239.358032227
5.51473922902	239.496322632
5.51764172336	239.773162842
5.52054421769	240.18901062
5.52344671202	240.466659546
5.52634920635	240.60559082
5.52925170068	240.60559082
5.53215419501	240.466659546
5.53505668934	240.327789307
5.53795918367	240.050323486
5.540861678	239.773162842
5.54376417234	239.63470459
5.54666666667	239.358032227
5.549569161	239.358032227
5.55247165533	239.358032227
5.55537414966	239.358032227
5.55827664399	239.219802856
5.56117913832	239.081665039
5.56408163265	239.219802856
5.56698412698	239.219802856
5.56988662132	239.358032227
5.57278911565	239.773162842
5.57569160998	239.911697388
5.57859410431	240.18901062
5.58149659864	240.466659546
5.58439909297	240.327789307
5.5873015873	240.050323486
5.59020408163	239.773162842
5.59310657596	239.496322632
5.59600907029	239.358032227
5.59891156463	239.358032227
5.60181405896	239.358032227
5.60471655329	239.496322632
5.60761904762	239.496322632
5.61052154195	239.496322632
5.61342403628	239.358032227
5.61632653061	239.081665039
5.61922902494	238.943603516
5.62213151927	239.081665039
5.62503401361	239.219802856
5.62793650794	239.496322632
5.63083900227	239.773162842
5.6337414966	239.911697388
5.63664399093	240.050323486
5.63954648526	240.050323486
5.64244897959	240.050323486
5.64535147392	239.911697388
5.64825396825	240.050323486
5.65115646259	240.18901062
5.65405895692	240.18901062
5.65696145125	240.18901062
5.65986394558	240.466659546
5.66276643991	240.050323486
5.66566893424	240.18901062
5.66857142857	240.327789307
5.6714739229	240.883712769
5.67437641723	241.162155151
5.67727891156	241.162155151
5.6801814059	241.162155151
5.68308390023	241.022888184
5.68598639456	240.744613647
5.68888888889	240.466659546
5.69179138322	240.327789307
5.69469387755	240.60559082
5.69759637188	240.744613647
5.70049886621	240.744613647
5.70340136054	240.466659546
5.70630385488	239.773162842
5.70920634921	239.081665039
5.71210884354	239.081665039
5.71501133787	239.081665039
5.7179138322	238.943603516
5.72081632653	239.358032227
5.72371882086	239.773162842
5.72662131519	240.466659546
5.72952380952	241.022888184
5.73242630385	241.580413818
5.73532879819	241.580413818
5.73823129252	241.440917969
5.74113378685	241.162155151
5.74403628118	240.466659546
5.74693877551	239.358032227
5.74984126984	238.392166138
5.75274376417	237.842010498
5.7556462585	237.567398071
5.75854875283	237.567398071
5.76145124717	237.842010498
5.7643537415	237.842010498
5.76725623583	237.842010498
5.77015873016	237.704666138
5.77306122449	237.567398071
5.77596371882	237.293106079
5.77886621315	236.882263184
5.78176870748	236.882263184
5.78467120181	237.567398071
5.78757369615	238.116928101
5.79047619048	236.472137451
5.79337868481	234.026229858
5.79628117914	233.216552734
5.79918367347	234.567565918
5.8020861678	236.199111938
5.80498866213	240.60559082
5.80789115646	246.514099121
5.81079365079	247.227096558
5.81369614512	251.839309692
5.81659863946	246.229476929
5.81950113379	240.466659546
5.82240362812	238.667724609
5.82530612245	234.567565918
5.82820861678	231.873321533
5.83111111111	230.937667847
5.83401360544	233.351303101
5.83691609977	234.432113647
5.8398185941	238.529907227
5.84272108844	237.842010498
5.84562358277	237.979431152
5.8485260771	238.254516602
5.85142857143	238.254516602
5.85433106576	238.116928101
5.85723356009	238.254516602
5.86013605442	240.883712769
5.86303854875	241.022888184
5.86594104308	242.13923645
5.86884353741	243.541931152
5.87174603175	240.466659546
5.87464852608	234.974395752
5.87755102041	233.891082764
5.88045351474	233.891082764
5.88335600907	234.432113647
5.8862585034	237.979431152
5.88916099773	242.13923645
5.89206349206	248.372161865
5.89496598639	247.369934082
5.89786848073	245.94519043
5.90077097506	244.246322632
5.90367346939	240.327789307
5.90657596372	234.161437988
5.90947845805	230.138687134
5.91238095238	232.275482178
5.91528344671	234.161437988
5.91818594104	233.621032715
5.92108843537	235.110153198
5.92399092971	227.62677002
5.92689342404	225.663040161
5.92979591837	220.127120972
5.9326984127	0.0
5.93560090703	0.0
5.93850340136	0.0
5.94140589569	0.0
5.94430839002	0.0
5.94721088435	0.0
5.95011337868	0.0
5.95301587302	0.0
5.95591836735	0.0
5.95882086168	0.0
5.96172335601	0.0
5.96462585034	0.0
5.96752834467	0.0
5.970430839	0.0
5.97333333333	0.0
5.97623582766	0.0
5.979138322	0.0
5.98204081633	0.0
5.98494331066	0.0
5.98784580499	0.0
5.99074829932	0.0
5.99365079365	0.0
5.99655328798	0.0
5.99945578231	0.0
6.00235827664	0.0
6.00526077098	0.0
6.00816326531	0.0
6.01106575964	0.0
6.01396825397	0.0
6.0168707483	0.0
6.01977324263	0.0
6.02267573696	0.0
6.02557823129	0.0
6.02848072562	0.0
6.03138321995	0.0
6.03428571429	0.0
6.03718820862	0.0
6.04009070295	0.0
6.04299319728	0.0
6.04589569161	0.0
6.04879818594	0.0
6.05170068027	0.0
6.0546031746	0.0
6.05750566893	0.0
6.06040816327	0.0
6.0633106576	0.0
6.06621315193	0.0
6.06911564626	0.0
6.07201814059	0.0
6.07492063492	0.0
6.07782312925	0.0
6.08072562358	0.0
6.08362811791	0.0
6.08653061224	0.0
6.08943310658	0.0
6.09233560091	0.0
6.09523809524	0.0
6.09814058957	0.0
6.1010430839	0.0
6.10394557823	0.0
6.10684807256	0.0
6.10975056689	0.0
6.11265306122	0.0
6.11555555556	0.0
6.11845804989	0.0
6.12136054422	0.0
6.12426303855	0.0
6.12716553288	0.0
6.13006802721	0.0
6.13297052154	0.0
6.13587301587	0.0
6.1387755102	0.0
6.14167800454	0.0
6.14458049887	0.0
6.1474829932	0.0
6.15038548753	0.0
6.15328798186	0.0
6.15619047619	0.0
6.15909297052	0.0
6.16199546485	0.0
6.16489795918	0.0
6.16780045351	0.0
6.17070294785	0.0
6.17360544218	0.0
6.17650793651	0.0
6.17941043084	0.0
6.18231292517	0.0
6.1852154195	0.0
6.18811791383	0.0
6.19102040816	0.0
6.19392290249	0.0
6.19682539683	0.0
6.19972789116	0.0
6.20263038549	0.0
6.20553287982	0.0
6.20843537415	0.0
6.21133786848	0.0
6.21424036281	0.0
6.21714285714	0.0
6.22004535147	0.0
6.2229478458	0.0
6.22585034014	0.0
6.22875283447	0.0
6.2316553288	0.0
6.23455782313	0.0
6.23746031746	0.0
6.24036281179	0.0
6.24326530612	0.0
6.24616780045	0.0
6.24907029478	0.0
6.25197278912	0.0
6.25487528345	0.0
6.25777777778	0.0
6.26068027211	0.0
6.26358276644	0.0
6.26648526077	0.0
6.2693877551	0.0
6.27229024943	0.0
6.27519274376	0.0
6.2780952381	0.0
6.28099773243	0.0
6.28390022676	0.0
6.28680272109	0.0
6.28970521542	0.0
6.29260770975	0.0
6.29551020408	0.0
6.29841269841	0.0
6.30131519274	0.0
6.30421768707	0.0
6.30712018141	0.0
6.31002267574	0.0
6.31292517007	0.0
6.3158276644	0.0
6.31873015873	0.0
6.32163265306	0.0
6.32453514739	0.0
6.32743764172	0.0
6.33034013605	0.0
6.33324263039	0.0
6.33614512472	0.0
6.33904761905	0.0
6.34195011338	0.0
6.34485260771	0.0
6.34775510204	0.0
6.35065759637	0.0
6.3535600907	0.0
6.35646258503	0.0
6.35936507937	0.0
6.3622675737	0.0
6.36517006803	0.0
6.36807256236	0.0
6.37097505669	0.0
6.37387755102	0.0
6.37678004535	0.0
6.37968253968	0.0
6.38258503401	0.0
6.38548752834	0.0
6.38839002268	0.0
6.39129251701	0.0
6.39419501134	0.0
6.39709750567	0.0
6.4	0.0
6.40290249433	0.0
6.40580498866	0.0
6.40870748299	0.0
6.41160997732	0.0
6.41451247166	0.0
6.41741496599	0.0
6.42031746032	0.0
6.42321995465	0.0
6.42612244898	0.0
6.42902494331	0.0
6.43192743764	0.0
6.43482993197	0.0
6.4377324263	0.0
6.44063492063	0.0
6.44353741497	0.0
6.4464399093	0.0
6.44934240363	0.0
6.45224489796	0.0
6.45514739229	0.0
6.45804988662	0.0
6.46095238095	0.0
6.46385487528	0.0
6.46675736961	0.0
6.46965986395	0.0
6.47256235828	0.0
6.47546485261	0.0
6.47836734694	0.0
6.48126984127	0.0
6.4841723356	0.0
6.48707482993	0.0
6.48997732426	0.0
6.49287981859	0.0
6.49578231293	0.0
6.49868480726	0.0
6.50158730159	0.0
6.50448979592	0.0
6.50739229025	0.0
6.51029478458	0.0
6.51319727891	0.0
6.51609977324	0.0
6.51900226757	0.0
6.5219047619	0.0
6.52480725624	0.0
6.52770975057	0.0
6.5306122449	0.0
6.53351473923	0.0
6.53641723356	0.0
6.53931972789	0.0
6.54222222222	0.0
6.54512471655	0.0
6.54802721088	0.0
6.55092970522	0.0
6.55383219955	0.0
6.55673469388	0.0
6.55963718821	0.0
6.56253968254	0.0
6.56544217687	0.0
6.5683446712	0.0
6.57124716553	0.0
6.57414965986	0.0
6.5770521542	0.0
6.57995464853	0.0
6.58285714286	0.0
6.58575963719	0.0
6.58866213152	0.0
6.59156462585	0.0
6.59446712018	0.0
6.59736961451	0.0
6.60027210884	0.0
6.60317460317	0.0
6.60607709751	0.0
6.60897959184	0.0
6.61188208617	0.0
6.6147845805	0.0
6.61768707483	0.0
6.62058956916	0.0
6.62349206349	0.0
6.62639455782	0.0
6.62929705215	0.0
6.63219954649	0.0
6.63510204082	0.0
6.63800453515	0.0
6.64090702948	0.0
6.64380952381	0.0
6.64671201814	0.0
6.64961451247	0.0
6.6525170068	0.0
6.65541950113	0.0
6.65832199546	0.0
6.6612244898	0.0
6.66412698413	0.0
6.66702947846	0.0
6.66993197279	0.0
6.67283446712	0.0
6.67573696145	0.0
6.67863945578	0.0
6.68154195011	0.0
6.68444444444	0.0
6.68734693878	0.0
6.69024943311	0.0
6.69315192744	0.0
6.69605442177	0.0
6.6989569161	0.0
6.70185941043	0.0
6.70476190476	0.0
6.70766439909	0.0
6.71056689342	0.0
6.71346938776	0.0
6.71637188209	0.0
6.71927437642	0.0
6.72217687075	0.0
6.72507936508	0.0
6.72798185941	0.0
6.73088435374	0.0
6.73378684807	0.0
6.7366893424	0.0
6.73959183673	0.0
6.74249433107	0.0
6.7453968254	0.0
