0.0	0.0
0.00290249433107	0.0
0.00580498866213	0.0
0.0087074829932	0.0
0.0116099773243	0.0
0.0145124716553	0.0
0.0174149659864	0.0
0.0203174603175	0.0
0.0232199546485	0.0
0.0261224489796	0.0
0.0290249433107	0.0
0.0319274376417	0.0
0.0348299319728	0.0
0.0377324263039	0.0
0.0406349206349	0.0
0.043537414966	0.0
0.0464399092971	0.0
0.0493424036281	0.0
0.0522448979592	0.0
0.0551473922902	0.0
0.0580498866213	0.0
0.0609523809524	0.0
0.0638548752834	0.0
0.0667573696145	0.0
0.0696598639456	0.0
0.0725623582766	0.0
0.0754648526077	0.0
0.0783673469388	0.0
0.0812698412698	0.0
0.0841723356009	0.0
0.087074829932	0.0
0.089977324263	0.0
0.0928798185941	0.0
0.0957823129252	0.0
0.0986848072562	0.0
0.101587301587	0.0
0.104489795918	0.0
0.107392290249	0.0
0.11029478458	0.0
0.113197278912	0.0
0.116099773243	0.0
0.119002267574	0.0
0.121904761905	0.0
0.124807256236	0.0
0.127709750567	0.0
0.130612244898	0.0
0.133514739229	0.0
0.13641723356	0.0
0.139319727891	0.0
0.142222222222	0.0
0.145124716553	0.0
0.148027210884	0.0
0.150929705215	0.0
0.153832199546	0.0
0.156734693878	0.0
0.159637188209	0.0
0.16253968254	0.0
0.165442176871	0.0
0.168344671202	0.0
0.171247165533	0.0
0.174149659864	0.0
0.177052154195	0.0
0.179954648526	324.151947021
0.182857142857	332.688079834
0.185759637188	340.07119751
0.188662131519	344.221405029
0.19156462585	347.016326904
0.194467120181	348.623596191
0.197369614512	349.631896973
0.200272108844	350.03604126
0.203174603175	350.03604126
0.206077097506	350.03604126
0.208979591837	349.430023193
0.211882086168	349.228240967
0.214784580499	348.825012207
0.21768707483	348.623596191
0.220589569161	348.422271729
0.223492063492	348.221069336
0.226394557823	348.221069336
0.229297052154	348.422271729
0.232199546485	348.623596191
0.235102040816	348.623596191
0.238004535147	348.623596191
0.240907029478	348.422271729
0.24380952381	348.422271729
0.246712018141	348.422271729
0.249614512472	348.422271729
0.252517006803	348.623596191
0.255419501134	348.825012207
0.258321995465	349.026580811
0.261224489796	349.026580811
0.264126984127	348.825012207
0.267029478458	348.623596191
0.269931972789	348.422271729
0.27283446712	348.221069336
0.275736961451	348.221069336
0.278639455782	348.422271729
0.281541950113	348.623596191
0.284444444444	348.825012207
0.287346938776	349.026580811
0.290249433107	349.026580811
0.293151927438	348.825012207
0.296054421769	348.825012207
0.2989569161	349.026580811
0.301859410431	349.430023193
0.304761904762	349.83392334
0.307664399093	350.238311768
0.310566893424	350.845733643
0.313469387755	351.048461914
0.316371882086	351.251281738
0.319274376417	350.845733643
0.322176870748	350.643157959
0.325079365079	350.238311768
0.32798185941	349.83392334
0.330884353741	349.631896973
0.333786848073	349.430023193
0.336689342404	349.430023193
0.339591836735	349.228240967
0.342494331066	349.228240967
0.345396825397	349.026580811
0.348299319728	348.825012207
0.351201814059	349.026580811
0.35410430839	349.026580811
0.357006802721	349.430023193
0.359909297052	349.631896973
0.362811791383	349.83392334
0.365714285714	350.03604126
0.368616780045	350.238311768
0.371519274376	350.238311768
0.374421768707	350.03604126
0.377324263039	350.03604126
0.38022675737	350.03604126
0.383129251701	350.03604126
0.386031746032	349.83392334
0.388934240363	349.83392334
0.391836734694	349.83392334
0.394739229025	349.631896973
0.397641723356	349.430023193
0.400544217687	349.430023193
0.403446712018	349.430023193
0.406349206349	349.228240967
0.40925170068	349.228240967
0.412154195011	349.026580811
0.415056689342	349.026580811
0.417959183673	348.825012207
0.420861678005	348.825012207
0.423764172336	348.623596191
0.426666666667	348.623596191
0.429569160998	348.623596191
0.432471655329	348.623596191
0.43537414966	348.825012207
0.438276643991	348.825012207
0.441179138322	348.825012207
0.444081632653	349.026580811
0.446984126984	348.825012207
0.449886621315	348.825012207
0.452789115646	348.825012207
0.455691609977	348.825012207
0.458594104308	348.825012207
0.461496598639	348.825012207
0.464399092971	348.825012207
0.467301587302	348.825012207
0.470204081633	348.825012207
0.473106575964	348.825012207
0.476009070295	348.825012207
0.478911564626	348.825012207
0.481814058957	349.026580811
0.484716553288	349.026580811
0.487619047619	349.026580811
0.49052154195	349.026580811
0.493424036281	349.026580811
0.496326530612	349.026580811
0.499229024943	349.026580811
0.502131519274	349.026580811
0.505034013605	349.026580811
0.507936507937	349.026580811
0.510839002268	348.825012207
0.513741496599	348.825012207
0.51664399093	348.623596191
0.519546485261	348.623596191
0.522448979592	348.623596191
0.525351473923	348.825012207
0.528253968254	349.026580811
0.531156462585	349.026580811
0.534058956916	349.026580811
0.536961451247	349.026580811
0.539863945578	349.026580811
0.542766439909	349.026580811
0.54566893424	348.825012207
0.548571428571	348.825012207
0.551473922902	348.825012207
0.554376417234	348.623596191
0.557278911565	348.825012207
0.560181405896	348.825012207
0.563083900227	348.825012207
0.565986394558	349.026580811
0.568888888889	349.026580811
0.57179138322	349.228240967
0.574693877551	349.026580811
0.577596371882	349.228240967
0.580498866213	349.228240967
0.583401360544	349.228240967
0.586303854875	349.228240967
0.589206349206	349.228240967
0.592108843537	349.228240967
0.595011337868	349.228240967
0.5979138322	349.228240967
0.600816326531	349.430023193
0.603718820862	349.631896973
0.606621315193	349.631896973
0.609523809524	349.631896973
0.612426303855	349.228240967
0.615328798186	348.623596191
0.618231292517	348.019989014
0.621133786848	347.216827393
0.624036281179	347.016326904
0.62693877551	347.216827393
0.629841269841	348.019989014
0.632743764172	349.631896973
0.635646258503	351.86050415
0.638548752834	353.69442749
0.641451247166	354.717407227
0.644353741497	355.53793335
0.647256235828	355.948913574
0.650158730159	355.53793335
0.65306122449	354.512573242
0.655963718821	352.878173828
0.658866213152	350.643157959
0.661768707483	348.019989014
0.664671201814	345.61605835
0.667573696145	343.427001953
0.670476190476	342.041229248
0.673378684807	342.436584473
0.676281179138	343.030487061
0.679183673469	344.221405029
0.6820861678	345.416473389
0.684988662132	345.61605835
0.687891156463	346.615661621
0.690793650794	348.825012207
0.693696145125	352.470733643
0.696598639456	355.127441406
0.699501133787	356.772277832
0.702403628118	357.391052246
0.705306122449	356.360351562
0.70820861678	353.286071777
0.711111111111	346.215484619
0.714013605442	341.251861572
0.716916099773	339.482421875
0.719818594104	338.89465332
0.722721088435	338.89465332
0.725623582766	338.89465332
0.728526077098	339.482421875
0.731428571429	340.661010742
0.73433106576	342.238861084
0.737233560091	344.022644043
0.740136054422	346.215484619
0.743038548753	348.825012207
0.745941043084	351.251281738
0.748843537415	352.674407959
0.751746031746	353.490203857
0.754648526077	353.490203857
0.757551020408	352.470733643
0.760453514739	350.03604126
0.76335600907	348.221069336
0.766258503401	346.415496826
0.769160997732	345.017669678
0.772063492063	344.619293213
0.774965986395	344.619293213
0.777868480726	345.017669678
0.780770975057	346.015533447
0.783673469388	347.016326904
0.786575963719	348.019989014
0.78947845805	349.026580811
0.792380952381	350.03604126
0.795283446712	350.845733643
0.798185941043	351.048461914
0.801088435374	350.845733643
0.803990929705	350.03604126
0.806893424036	348.825012207
0.809795918367	347.618164062
0.812698412698	346.615661621
0.815600907029	345.815734863
0.818503401361	345.416473389
0.821405895692	345.017669678
0.824308390023	344.81842041
0.827210884354	345.416473389
0.830113378685	345.815734863
0.833015873016	346.415496826
0.835918367347	347.216827393
0.838820861678	348.422271729
0.841723356009	349.631896973
0.84462585034	350.643157959
0.847528344671	351.45425415
0.850430839002	351.86050415
0.853333333333	351.657318115
0.856235827664	350.845733643
0.859138321995	350.03604126
0.862040816327	349.228240967
0.864943310658	348.825012207
0.867845804989	348.623596191
0.87074829932	348.623596191
0.873650793651	348.825012207
0.876553287982	349.026580811
0.879455782313	349.430023193
0.882358276644	349.631896973
0.885260770975	349.83392334
0.888163265306	350.03604126
0.891065759637	350.238311768
0.893968253968	350.440673828
0.896870748299	350.845733643
0.89977324263	351.048461914
0.902675736961	350.845733643
0.905578231293	350.643157959
0.908480725624	350.238311768
0.911383219955	349.83392334
0.914285714286	349.430023193
0.917188208617	349.430023193
0.920090702948	349.430023193
0.922993197279	349.430023193
0.92589569161	349.430023193
0.928798185941	349.631896973
0.931700680272	349.430023193
0.934603174603	349.228240967
0.937505668934	349.026580811
0.940408163265	348.825012207
0.943310657596	348.825012207
0.946213151927	348.623596191
0.949115646259	348.623596191
0.95201814059	348.623596191
0.954920634921	348.825012207
0.957823129252	349.026580811
0.960725623583	349.430023193
0.963628117914	349.631896973
0.966530612245	350.03604126
0.969433106576	350.238311768
0.972335600907	350.238311768
0.975238095238	350.238311768
0.978140589569	350.03604126
0.9810430839	349.631896973
0.983945578231	349.228240967
0.986848072562	348.623596191
0.989750566893	348.221069336
0.992653061224	348.019989014
0.995555555556	348.019989014
0.998458049887	348.019989014
1.00136054422	348.221069336
1.00426303855	348.422271729
1.00716553288	348.623596191
1.01006802721	348.825012207
1.01297052154	349.026580811
1.01587301587	349.228240967
1.0187755102	349.026580811
1.02167800454	348.825012207
1.02458049887	348.623596191
1.0274829932	348.422271729
1.03038548753	348.221069336
1.03328798186	348.019989014
1.03619047619	347.819030762
1.03909297052	347.819030762
1.04199546485	348.422271729
1.04489795918	349.026580811
1.04780045351	349.631896973
1.05070294785	349.83392334
1.05360544218	349.83392334
1.05650793651	350.03604126
1.05941043084	350.643157959
1.06231292517	351.048461914
1.0652154195	351.86050415
1.06811791383	352.063781738
1.07102040816	351.86050415
1.07392290249	351.86050415
1.07682539683	351.657318115
1.07972789116	351.251281738
1.08263038549	350.440673828
1.08553287982	349.83392334
1.08843537415	350.03604126
1.09133786848	351.657318115
1.09424036281	354.103271484
1.09714285714	355.127441406
1.10004535147	353.898803711
1.1029478458	351.657318115
1.10585034014	350.238311768
1.10875283447	349.631896973
1.1116553288	349.026580811
1.11455782313	348.422271729
1.11746031746	348.623596191
1.12036281179	349.83392334
1.12326530612	351.45425415
1.12616780045	351.86050415
1.12907029478	350.643157959
1.13197278912	349.228240967
1.13487528345	348.825012207
1.13777777778	349.026580811
1.14068027211	349.631896973
1.14358276644	350.440673828
1.14648526077	350.643157959
1.1493877551	351.251281738
1.15229024943	352.063781738
1.15519274376	351.657318115
1.1580952381	350.03604126
1.16099773243	348.623596191
1.16390022676	348.019989014
1.16680272109	348.422271729
1.16970521542	349.228240967
1.17260770975	350.03604126
1.17551020408	350.643157959
1.17841269841	351.251281738
1.18131519274	352.063781738
1.18421768707	352.674407959
1.18712018141	352.063781738
1.19002267574	350.643157959
1.19292517007	350.03604126
1.1958276644	416.746520996
1.19873015873	416.505889893
1.20163265306	416.265350342
1.20453514739	416.024993896
1.20743764172	415.784759521
1.21034013605	414.825195312
1.21324263039	413.628875732
1.21614512472	412.912719727
1.21904761905	412.912719727
1.22195011338	413.151306152
1.22485260771	413.867858887
1.22775510204	414.106994629
1.23065759637	414.825195312
1.2335600907	415.544647217
1.23646258503	416.265350342
1.23936507937	416.746520996
1.2422675737	416.746520996
1.24517006803	416.024993896
1.24807256236	415.544647217
1.25097505669	415.064880371
1.25387755102	414.825195312
1.25678004535	414.825195312
1.25968253968	414.825195312
1.26258503401	415.3046875
1.26548752834	416.505889893
1.26839002268	417.469329834
1.27129251701	418.193359375
1.27419501134	418.434997559
1.27709750567	417.951873779
1.28	417.710540771
1.28290249433	417.228240967
1.28580498866	416.505889893
1.28870748299	415.784759521
1.29160997732	414.825195312
1.29451247166	414.346252441
1.29741496599	414.346252441
1.30031746032	414.346252441
1.30321995465	414.585662842
1.30612244898	414.585662842
1.30902494331	414.825195312
1.31192743764	415.544647217
1.31482993197	416.987335205
1.3177324263	418.434997559
1.32063492063	419.887695312
1.32353741497	421.588897705
1.3264399093	436.960693359
1.32934240363	449.76461792
1.33224489796	450.544677734
1.33514739229	450.024505615
1.33804988662	448.208557129
1.34095238095	446.142181396
1.34385487528	442.54888916
1.34675736961	438.477722168
1.34965986395	435.700531006
1.35256235828	434.946166992
1.35546485261	434.946166992
1.35836734694	435.197479248
1.36126984127	435.952270508
1.3641723356	436.708374023
1.36707482993	437.718536377
1.36997732426	438.477722168
1.37287981859	439.745910645
1.37578231293	441.017791748
1.37868480726	442.03793335
1.38158730159	442.54888916
1.38448979592	442.54888916
1.38739229025	442.293334961
1.39029478458	441.527557373
1.39319727891	440.508605957
1.39609977324	439.745910645
1.39900226757	438.224517822
1.4019047619	437.213165283
1.40480725624	435.700531006
1.40770975057	434.695007324
1.4106122449	433.191070557
1.41351473923	432.690917969
1.41641723356	432.441070557
1.41931972789	433.191070557
1.42222222222	434.695007324
1.42512471655	436.204162598
1.42802721088	437.971466064
1.43092970522	439.745910645
1.43383219955	440.763122559
1.43673469388	441.527557373
1.43963718821	441.782684326
1.44253968254	441.527557373
1.44544217687	441.017791748
1.4483446712	440.254241943
1.45124716553	439.491973877
1.45414965986	438.731048584
1.4570521542	437.971466064
1.45995464853	437.213165283
1.46285714286	436.204162598
1.46575963719	435.448913574
1.46866213152	434.946166992
1.47156462585	434.946166992
1.47446712018	435.197479248
1.47736961451	435.700531006
1.48027210884	436.960693359
1.48317460317	437.718536377
1.48607709751	438.731048584
1.48897959184	439.491973877
1.49188208617	439.491973877
1.4947845805	439.491973877
1.49768707483	439.238189697
1.50058956916	438.984558105
1.50349206349	438.731048584
1.50639455782	438.477722168
1.50929705215	438.477722168
1.51219954649	438.477722168
1.51510204082	438.731048584
1.51800453515	439.238189697
1.52090702948	440.0
1.52380952381	440.508605957
1.52671201814	440.763122559
1.52961451247	440.763122559
1.5325170068	440.763122559
1.53541950113	440.0
1.53832199546	439.238189697
1.5412244898	438.224517822
1.54412698413	437.465789795
1.54702947846	437.213165283
1.54993197279	436.960693359
1.55283446712	437.213165283
1.55573696145	437.718536377
1.55863945578	437.971466064
1.56154195011	438.477722168
1.56444444444	439.238189697
1.56734693878	439.491973877
1.57024943311	439.745910645
1.57315192744	439.491973877
1.57605442177	439.491973877
1.5789569161	439.238189697
1.58185941043	439.238189697
1.58476190476	438.984558105
1.58766439909	438.731048584
1.59056689342	437.971466064
1.59346938776	437.718536377
1.59637188209	436.960693359
1.59927437642	436.456207275
1.60217687075	435.952270508
1.60507936508	435.700531006
1.60798185941	435.448913574
1.61088435374	435.197479248
1.61378684807	434.946166992
1.6166893424	434.946166992
1.61959183673	434.946166992
1.62249433107	435.197479248
1.6253968254	435.700531006
1.62829931973	436.204162598
1.63120181406	436.456207275
1.63410430839	436.960693359
1.63700680272	437.971466064
1.63990929705	439.745910645
1.64281179138	441.527557373
1.64571428571	442.804595947
1.64861678005	443.316436768
1.65151927438	442.804595947
1.65442176871	440.508605957
1.65732426304	437.213165283
1.66022675737	430.696075439
1.6631292517	423.541564941
1.66603174603	420.373046875
1.66893424036	417.951873779
1.67183673469	416.265350342
1.67473922902	414.585662842
1.67764172336	413.151306152
1.68054421769	412.197814941
1.68344671202	411.959777832
1.68634920635	412.435974121
1.68925170068	413.390014648
1.69215419501	414.825195312
1.69505668934	416.505889893
1.69795918367	417.710540771
1.700861678	418.193359375
1.70376417234	417.951873779
1.70666666667	417.469329834
1.709569161	416.746520996
1.71247165533	416.024993896
1.71537414966	416.024993896
1.71827664399	415.784759521
1.72117913832	416.265350342
1.72408163265	416.505889893
1.72698412698	417.469329834
1.72988662132	417.228240967
1.73278911565	416.505889893
1.73569160998	415.544647217
1.73859410431	415.3046875
1.74149659864	415.3046875
1.74439909297	416.265350342
1.7473015873	417.710540771
1.75020408163	419.402893066
1.75310657596	420.615936279
1.75600907029	420.615936279
1.75891156463	419.887695312
1.76181405896	418.434997559
1.76471655329	416.746520996
1.76761904762	414.346252441
1.77052154195	412.197814941
1.77342403628	410.534515381
1.77632653061	410.060516357
1.77922902494	410.771728516
1.78213151927	411.959777832
1.78503401361	413.867858887
1.78793650794	415.544647217
1.79083900227	417.228240967
1.7937414966	418.918670654
1.79664399093	419.645233154
1.79954648526	419.887695312
1.80244897959	418.918670654
1.80535147392	417.951873779
1.80825396825	416.746520996
1.81115646259	415.064880371
1.81405895692	413.390014648
1.81696145125	412.435974121
1.81986394558	411.721893311
1.82276643991	411.959777832
1.82566893424	412.435974121
1.82857142857	413.628875732
1.8314739229	415.064880371
1.83437641723	416.746520996
1.83727891156	418.193359375
1.8401814059	418.676757812
1.84308390023	418.918670654
1.84598639456	418.434997559
1.84888888889	417.469329834
1.85179138322	416.265350342
1.85469387755	415.3046875
1.85759637188	414.346252441
1.86049886621	414.106994629
1.86340136054	414.346252441
1.86630385488	414.585662842
1.86920634921	415.064880371
1.87210884354	415.544647217
1.87501133787	415.784759521
1.8779138322	416.505889893
1.88081632653	416.987335205
1.88371882086	417.710540771
1.88662131519	418.434997559
1.88952380952	418.918670654
1.89242630385	419.160705566
1.89532879819	419.160705566
1.89823129252	418.676757812
1.90113378685	418.193359375
1.90403628118	416.746520996
1.90693877551	415.064880371
1.90984126984	413.628875732
1.91274376417	412.674285889
1.9156462585	412.435974121
1.91854875283	412.912719727
1.92145124717	413.628875732
1.9243537415	414.825195312
1.92725623583	416.987335205
1.93015873016	417.951873779
1.93306122449	417.951873779
1.93596371882	417.469329834
1.93886621315	416.505889893
1.94176870748	416.746520996
1.94467120181	417.469329834
1.94757369615	340.857849121
1.95047619048	344.420288086
1.95337868481	347.016326904
1.95628117914	348.422271729
1.95918367347	348.825012207
1.9620861678	349.026580811
1.96498866213	349.430023193
1.96789115646	349.83392334
1.97079365079	350.03604126
1.97369614512	350.03604126
1.97659863946	349.83392334
1.97950113379	349.430023193
1.98240362812	349.026580811
1.98530612245	348.422271729
1.98820861678	348.221069336
1.99111111111	348.221069336
1.99401360544	348.221069336
1.99691609977	348.422271729
1.9998185941	348.422271729
2.00272108844	348.623596191
2.00562358277	348.422271729
2.0085260771	348.221069336
2.01142857143	348.019989014
2.01433106576	348.019989014
2.01723356009	348.019989014
2.02013605442	348.019989014
2.02303854875	348.623596191
2.02594104308	349.026580811
2.02884353741	349.026580811
2.03174603175	349.026580811
2.03464852608	348.825012207
2.03755102041	348.623596191
2.04045351474	348.623596191
2.04335600907	348.623596191
2.0462585034	348.825012207
2.04916099773	349.026580811
2.05206349206	349.228240967
2.05496598639	349.026580811
2.05786848073	349.026580811
2.06077097506	348.825012207
2.06367346939	348.825012207
2.06657596372	348.825012207
2.06947845805	349.430023193
2.07238095238	350.03604126
2.07528344671	350.440673828
2.07818594104	351.048461914
2.08108843537	351.251281738
2.08399092971	351.251281738
2.08689342404	350.845733643
2.08979591837	350.440673828
2.0926984127	349.83392334
2.09560090703	349.83392334
2.09850340136	349.631896973
2.10140589569	349.631896973
2.10430839002	349.631896973
2.10721088435	349.631896973
2.11011337868	349.631896973
2.11301587302	349.430023193
2.11591836735	349.228240967
2.11882086168	349.026580811
2.12172335601	349.026580811
2.12462585034	349.228240967
2.12752834467	349.430023193
2.130430839	349.83392334
2.13333333333	349.83392334
2.13623582766	349.83392334
2.139138322	350.03604126
2.14204081633	350.03604126
2.14494331066	350.238311768
2.14784580499	350.03604126
2.15074829932	350.03604126
2.15365079365	350.03604126
2.15655328798	349.83392334
2.15945578231	349.631896973
2.16235827664	349.430023193
2.16526077098	349.228240967
2.16816326531	349.026580811
2.17106575964	349.026580811
2.17396825397	349.026580811
2.1768707483	349.228240967
2.17977324263	349.228240967
2.18267573696	349.228240967
2.18557823129	349.228240967
2.18848072562	349.026580811
2.19138321995	348.825012207
2.19428571429	348.825012207
2.19718820862	348.623596191
2.20009070295	348.623596191
2.20299319728	348.623596191
2.20589569161	348.623596191
2.20879818594	348.825012207
2.21170068027	348.825012207
2.2146031746	348.825012207
2.21750566893	348.825012207
2.22040816327	349.026580811
2.2233106576	348.825012207
2.22621315193	348.825012207
2.22911564626	348.623596191
2.23201814059	348.623596191
2.23492063492	348.623596191
2.23782312925	348.623596191
2.24072562358	348.623596191
2.24362811791	348.825012207
2.24653061224	348.825012207
2.24943310658	349.026580811
2.25233560091	349.026580811
2.25523809524	349.228240967
2.25814058957	349.228240967
2.2610430839	349.228240967
2.26394557823	349.228240967
2.26684807256	349.430023193
2.26975056689	349.631896973
2.27265306122	349.430023193
2.27555555556	349.026580811
2.27845804989	349.026580811
2.28136054422	348.623596191
2.28426303855	348.623596191
2.28716553288	348.422271729
2.29006802721	348.623596191
2.29297052154	348.825012207
2.29587301587	349.026580811
2.2987755102	349.026580811
2.30167800454	349.228240967
2.30458049887	349.228240967
2.3074829932	349.026580811
2.31038548753	349.026580811
2.31328798186	349.026580811
2.31619047619	348.825012207
2.31909297052	348.825012207
2.32199546485	348.825012207
2.32489795918	348.825012207
2.32780045351	349.026580811
2.33070294785	349.026580811
2.33360544218	349.228240967
2.33650793651	349.228240967
2.33941043084	349.228240967
2.34231292517	349.430023193
2.3452154195	349.430023193
2.34811791383	349.631896973
2.35102040816	349.430023193
2.35392290249	349.228240967
2.35682539683	349.026580811
2.35972789116	349.026580811
2.36263038549	349.026580811
2.36553287982	349.026580811
2.36843537415	349.026580811
2.37133786848	349.026580811
2.37424036281	349.026580811
2.37714285714	349.026580811
2.38004535147	349.026580811
2.3829478458	349.026580811
2.38585034014	349.026580811
2.38875283447	349.026580811
2.3916553288	349.026580811
2.39455782313	349.026580811
2.39746031746	348.825012207
2.40036281179	348.825012207
2.40326530612	348.825012207
2.40616780045	348.825012207
2.40907029478	348.825012207
2.41197278912	348.623596191
2.41487528345	348.623596191
2.41777777778	348.825012207
2.42068027211	348.825012207
2.42358276644	349.026580811
2.42648526077	349.026580811
2.4293877551	349.026580811
2.43229024943	349.026580811
2.43519274376	349.026580811
2.4380952381	349.228240967
2.44099773243	349.228240967
2.44390022676	349.228240967
2.44680272109	349.228240967
2.44970521542	349.026580811
2.45260770975	349.026580811
2.45551020408	348.825012207
2.45841269841	348.825012207
2.46131519274	348.825012207
2.46421768707	348.825012207
2.46712018141	348.825012207
2.47002267574	349.026580811
2.47292517007	348.825012207
2.4758276644	348.825012207
2.47873015873	349.026580811
2.48163265306	349.026580811
2.48453514739	349.026580811
2.48743764172	348.825012207
2.49034013605	348.825012207
2.49324263039	348.825012207
2.49614512472	349.026580811
2.49904761905	349.228240967
2.50195011338	349.228240967
2.50485260771	349.228240967
2.50775510204	349.026580811
2.51065759637	349.026580811
2.5135600907	349.026580811
2.51646258503	349.026580811
2.51936507937	349.026580811
2.5222675737	349.228240967
2.52517006803	349.631896973
2.52807256236	350.238311768
2.53097505669	350.845733643
2.53387755102	351.048461914
2.53678004535	351.048461914
2.53968253968	351.048461914
2.54258503401	350.238311768
2.54548752834	349.026580811
2.54839002268	347.819030762
2.55129251701	346.615661621
2.55419501134	346.415496826
2.55709750567	347.016326904
2.56	347.819030762
2.56290249433	349.026580811
2.56580498866	350.238311768
2.56870748299	351.657318115
2.57160997732	353.490203857
2.57451247166	355.332641602
2.57741496599	356.154571533
2.58031746032	356.360351562
2.58321995465	356.154571533
2.58612244898	355.53793335
2.58902494331	354.103271484
2.59192743764	350.643157959
2.59482993197	343.22869873
2.5977324263	340.07119751
2.60063492063	339.286376953
2.60353741497	338.89465332
2.6064399093	338.698944092
2.60934240363	338.112548828
2.61224489796	337.137451172
2.61514739229	335.583129883
2.61804988662	333.457641602
2.62095238095	330.771942139
2.62385487528	327.539794922
2.62675736961	324.714141846
2.62965986395	323.030456543
2.63256235828	322.843933105
2.63546485261	323.777679443
2.63836734694	325.465240479
2.64126984127	328.676940918
2.6441723356	331.728637695
2.64707482993	333.650299072
2.64997732426	334.808654785
2.65287981859	335.195678711
2.65578231293	335.195678711
2.65868480726	335.195678711
2.66158730159	334.808654785
2.66448979592	333.457641602
2.66739229025	330.008575439
2.67029478458	326.218109131
2.67319727891	323.777679443
2.67609977324	322.657501221
2.67900226757	322.843933105
2.6819047619	324.151947021
2.68480725624	327.539794922
2.68770975057	332.112091064
2.6906122449	334.228973389
2.69351473923	335.002105713
2.69641723356	335.195678711
2.69931972789	334.808654785
2.70222222222	334.422088623
2.70512471655	333.650299072
2.70802721088	332.880310059
2.71092970522	332.112091064
2.71383219955	330.963043213
2.71673469388	329.818023682
2.71963718821	328.866821289
2.72253968254	328.107879639
2.72544217687	327.350646973
2.7283446712	327.161621094
2.73124716553	327.350646973
2.73414965986	328.107879639
2.7370521542	329.24697876
2.73995464853	330.390045166
2.74285714286	331.537078857
2.74575963719	332.303955078
2.74866213152	332.49597168
2.75156462585	332.49597168
2.75446712018	332.112091064
2.75736961451	331.537078857
2.76027210884	330.771942139
2.76317460317	330.008575439
2.76607709751	329.056854248
2.76897959184	328.866821289
2.77188208617	328.866821289
2.7747845805	328.866821289
2.77768707483	329.24697876
2.78058956916	329.627563477
2.78349206349	329.818023682
2.78639455782	330.008575439
2.78929705215	330.008575439
2.79219954649	330.008575439
2.79510204082	330.008575439
2.79800453515	330.199249268
2.80090702948	330.008575439
2.80380952381	330.008575439
2.80671201814	329.818023682
2.80961451247	329.818023682
2.8125170068	329.818023682
2.81541950113	329.627563477
2.81832199546	329.627563477
2.8212244898	329.627563477
2.82412698413	329.818023682
2.82702947846	329.818023682
2.82993197279	330.008575439
2.83283446712	330.008575439
2.83573696145	330.390045166
2.83863945578	330.580932617
2.84154195011	330.963043213
2.84444444444	330.963043213
2.84734693878	331.154296875
2.85024943311	331.345611572
2.85315192744	331.537078857
2.85605442177	331.728637695
2.8589569161	0.0
2.86185941043	0.0
2.86476190476	0.0
2.86766439909	0.0
2.87056689342	0.0
2.87346938776	0.0
2.87637188209	0.0
2.87927437642	0.0
2.88217687075	0.0
2.88507936508	0.0
2.88798185941	0.0
2.89088435374	0.0
2.89378684807	0.0
2.8966893424	0.0
2.89959183673	0.0
2.90249433107	0.0
2.9053968254	0.0
2.90829931973	0.0
2.91120181406	0.0
2.91410430839	0.0
2.91700680272	0.0
2.91990929705	0.0
2.92281179138	0.0
2.92571428571	0.0
2.92861678005	0.0
2.93151927438	0.0
2.93442176871	0.0
2.93732426304	0.0
2.94022675737	0.0
2.9431292517	0.0
2.94603174603	0.0
2.94893424036	0.0
2.95183673469	0.0
2.95473922902	0.0
2.95764172336	0.0
2.96054421769	0.0
2.96344671202	0.0
2.96634920635	0.0
2.96925170068	0.0
2.97215419501	0.0
2.97505668934	0.0
2.97795918367	0.0
2.980861678	0.0
2.98376417234	0.0
2.98666666667	0.0
2.989569161	0.0
2.99247165533	0.0
2.99537414966	0.0
2.99827664399	0.0
3.00117913832	0.0
3.00408163265	0.0
3.00698412698	0.0
3.00988662132	0.0
3.01278911565	0.0
3.01569160998	0.0
3.01859410431	0.0
3.02149659864	0.0
3.02439909297	0.0
3.0273015873	0.0
3.03020408163	0.0
3.03310657596	0.0
3.03600907029	0.0
3.03891156463	0.0
3.04181405896	0.0
3.04471655329	0.0
3.04761904762	0.0
3.05052154195	0.0
3.05342403628	0.0
3.05632653061	0.0
3.05922902494	0.0
3.06213151927	0.0
3.06503401361	0.0
3.06793650794	0.0
3.07083900227	0.0
3.0737414966	0.0
3.07664399093	0.0
3.07954648526	0.0
3.08244897959	0.0
3.08535147392	0.0
3.08825396825	0.0
3.09115646259	0.0
3.09405895692	0.0
3.09696145125	0.0
3.09986394558	0.0
3.10276643991	0.0
3.10566893424	0.0
3.10857142857	0.0
3.1114739229	0.0
3.11437641723	0.0
3.11727891156	0.0
3.1201814059	0.0
3.12308390023	0.0
3.12598639456	0.0
3.12888888889	0.0
3.13179138322	0.0
3.13469387755	0.0
3.13759637188	0.0
3.14049886621	0.0
3.14340136054	0.0
3.14630385488	0.0
3.14920634921	442.54888916
3.15210884354	440.508605957
3.15501133787	438.224517822
3.1579138322	436.960693359
3.16081632653	436.708374023
3.16371882086	437.213165283
3.16662131519	437.213165283
3.16952380952	437.465789795
3.17242630385	437.213165283
3.17532879819	437.718536377
3.17823129252	438.731048584
3.18113378685	439.745910645
3.18403628118	440.254241943
3.18693877551	440.508605957
3.18984126984	440.508605957
3.19274376417	440.508605957
3.1956462585	440.508605957
3.19854875283	440.254241943
3.20145124717	439.745910645
3.2043537415	438.984558105
3.20725623583	438.224517822
3.21015873016	437.465789795
3.21306122449	436.960693359
3.21596371882	436.456207275
3.21886621315	436.204162598
3.22176870748	435.952270508
3.22467120181	436.204162598
3.22757369615	436.456207275
3.23047619048	437.213165283
3.23337868481	437.971466064
3.23628117914	438.477722168
3.23918367347	438.984558105
3.2420861678	439.238189697
3.24498866213	439.491973877
3.24789115646	439.491973877
3.25079365079	439.491973877
3.25369614512	439.491973877
3.25659863946	439.491973877
3.25950113379	439.238189697
3.26240362812	438.984558105
3.26530612245	438.477722168
3.26820861678	437.971466064
3.27111111111	437.465789795
3.27401360544	437.213165283
3.27691609977	436.708374023
3.2798185941	436.708374023
3.28272108844	436.960693359
3.28562358277	436.960693359
3.2885260771	437.465789795
3.29142857143	437.718536377
3.29433106576	438.224517822
3.29723356009	438.477722168
3.30013605442	438.731048584
3.30303854875	439.238189697
3.30594104308	439.491973877
3.30884353741	439.745910645
3.31174603175	439.745910645
3.31464852608	439.745910645
3.31755102041	439.491973877
3.32045351474	438.984558105
3.32335600907	439.238189697
3.3262585034	439.238189697
3.32916099773	439.491973877
3.33206349206	439.745910645
3.33496598639	439.745910645
3.33786848073	439.745910645
3.34077097506	439.491973877
3.34367346939	439.491973877
3.34657596372	439.238189697
3.34947845805	438.731048584
3.35238095238	438.477722168
3.35528344671	438.224517822
3.35818594104	437.971466064
3.36108843537	437.971466064
3.36399092971	437.718536377
3.36689342404	437.971466064
3.36979591837	438.477722168
3.3726984127	438.731048584
3.37560090703	438.731048584
3.37850340136	438.984558105
3.38140589569	438.984558105
3.38430839002	438.984558105
3.38721088435	438.984558105
3.39011337868	438.477722168
3.39301587302	438.224517822
3.39591836735	437.465789795
3.39882086168	436.960693359
3.40172335601	436.708374023
3.40462585034	436.204162598
3.40752834467	435.952270508
3.410430839	435.448913574
3.41333333333	435.197479248
3.41623582766	434.695007324
3.419138322	434.695007324
3.42204081633	434.695007324
3.42494331066	434.444000244
3.42784580499	434.695007324
3.43074829932	435.197479248
3.43365079365	437.213165283
3.43655328798	440.0
3.43945578231	442.804595947
3.44235827664	444.085327148
3.44526077098	444.341888428
3.44816326531	442.54888916
3.45106575964	439.745910645
3.45396825397	433.441375732
3.4568707483	423.7862854
3.45977324263	418.193359375
3.46267573696	415.784759521
3.46557823129	414.106994629
3.46848072562	412.674285889
3.47138321995	411.959777832
3.47428571429	411.959777832
3.47718820862	412.674285889
3.48009070295	413.390014648
3.48299319728	414.825195312
3.48589569161	415.784759521
3.48879818594	416.746520996
3.49170068027	417.228240967
3.4946031746	417.228240967
3.49750566893	417.228240967
3.50040816327	416.746520996
3.5033106576	416.265350342
3.50621315193	416.024993896
3.50911564626	415.784759521
3.51201814059	416.265350342
3.51492063492	416.746520996
3.51782312925	417.710540771
3.52072562358	418.434997559
3.52362811791	419.160705566
3.52653061224	418.676757812
3.52943310658	417.951873779
3.53233560091	416.987335205
3.53523809524	416.265350342
3.53814058957	416.265350342
3.5410430839	416.746520996
3.54394557823	417.710540771
3.54684807256	418.676757812
3.54975056689	418.434997559
3.55265306122	418.193359375
3.55555555556	417.228240967
3.55845804989	415.784759521
3.56136054422	413.867858887
3.56426303855	412.435974121
3.56716553288	411.246520996
3.57006802721	410.534515381
3.57297052154	410.297454834
3.57587301587	411.246520996
3.5787755102	412.674285889
3.58167800454	414.106994629
3.58458049887	415.544647217
3.5874829932	416.987335205
3.59038548753	418.434997559
3.59328798186	419.160705566
3.59619047619	419.402893066
3.59909297052	418.434997559
3.60199546485	416.987335205
3.60489795918	415.064880371
3.60780045351	413.628875732
3.61070294785	412.435974121
3.61360544218	412.197814941
3.61650793651	412.435974121
3.61941043084	413.151306152
3.62231292517	414.106994629
3.6252154195	415.064880371
3.62811791383	416.024993896
3.63102040816	416.265350342
3.63392290249	416.265350342
3.63682539683	416.024993896
3.63972789116	416.024993896
3.64263038549	415.784759521
3.64553287982	416.024993896
3.64843537415	416.265350342
3.65133786848	416.505889893
3.65424036281	416.746520996
3.65714285714	416.505889893
3.66004535147	415.784759521
3.6629478458	415.3046875
3.66585034014	414.825195312
3.66875283447	414.585662842
3.6716553288	414.825195312
3.67455782313	415.544647217
3.67746031746	416.746520996
3.68036281179	417.951873779
3.68326530612	419.160705566
3.68616780045	419.887695312
3.68907029478	419.887695312
3.69197278912	419.645233154
3.69487528345	418.676757812
3.69777777778	416.987335205
3.70068027211	415.3046875
3.70358276644	413.390014648
3.70648526077	412.674285889
3.7093877551	412.674285889
3.71229024943	413.151306152
3.71519274376	413.628875732
3.7180952381	414.825195312
3.72099773243	417.469329834
3.72390022676	420.130310059
3.72680272109	421.102142334
3.72970521542	421.102142334
3.73260770975	345.017669678
3.73551020408	346.615661621
3.73841269841	347.417449951
3.74131519274	348.422271729
3.74421768707	348.825012207
3.74712018141	349.430023193
3.75002267574	349.83392334
3.75292517007	349.631896973
3.7558276644	349.228240967
3.75873015873	348.825012207
3.76163265306	348.825012207
3.76453514739	348.422271729
3.76743764172	348.221069336
3.77034013605	348.422271729
3.77324263039	348.422271729
3.77614512472	348.422271729
3.77904761905	348.221069336
3.78195011338	348.221069336
3.78485260771	348.221069336
3.78775510204	348.221069336
3.79065759637	348.221069336
3.7935600907	348.422271729
3.79646258503	348.422271729
3.79936507937	348.623596191
3.8022675737	349.026580811
3.80517006803	349.228240967
3.80807256236	349.228240967
3.81097505669	348.825012207
3.81387755102	348.623596191
3.81678004535	348.422271729
3.81968253968	348.422271729
3.82258503401	348.623596191
3.82548752834	348.623596191
3.82839002268	348.825012207
3.83129251701	349.026580811
3.83419501134	349.026580811
3.83709750567	348.825012207
3.84	348.623596191
3.84290249433	348.825012207
3.84580498866	349.228240967
3.84870748299	349.631896973
3.85160997732	350.238311768
3.85451247166	350.643157959
3.85741496599	351.048461914
3.86031746032	351.251281738
3.86321995465	351.048461914
3.86612244898	350.643157959
3.86902494331	350.238311768
3.87192743764	350.03604126
3.87482993197	349.83392334
3.8777324263	349.83392334
3.88063492063	349.631896973
3.88353741497	349.631896973
3.8864399093	349.430023193
3.88934240363	349.430023193
3.89224489796	349.430023193
3.89514739229	349.228240967
3.89804988662	349.228240967
3.90095238095	349.228240967
3.90385487528	349.430023193
3.90675736961	349.631896973
3.90965986395	349.83392334
3.91256235828	349.83392334
3.91546485261	349.83392334
3.91836734694	349.83392334
3.92126984127	349.83392334
3.9241723356	350.03604126
3.92707482993	350.03604126
3.92997732426	350.03604126
3.93287981859	349.83392334
3.93578231293	349.83392334
3.93868480726	349.631896973
3.94158730159	349.631896973
3.94448979592	349.430023193
3.94739229025	349.430023193
3.95029478458	349.228240967
3.95319727891	349.228240967
3.95609977324	349.228240967
3.95900226757	349.026580811
3.9619047619	348.825012207
3.96480725624	348.825012207
3.96770975057	348.825012207
3.9706122449	348.623596191
3.97351473923	348.825012207
3.97641723356	348.825012207
3.97931972789	348.623596191
3.98222222222	348.623596191
3.98512471655	348.623596191
3.98802721088	348.623596191
3.99092970522	348.623596191
3.99383219955	348.623596191
3.99673469388	348.825012207
3.99963718821	348.623596191
4.00253968254	348.422271729
4.00544217687	348.422271729
4.0083446712	348.221069336
4.01124716553	347.819030762
4.01414965986	348.221069336
4.0170521542	348.623596191
4.01995464853	349.026580811
4.02285714286	349.026580811
4.02575963719	348.825012207
4.02866213152	348.825012207
4.03156462585	349.228240967
4.03446712018	349.631896973
4.03736961451	350.238311768
4.04027210884	350.238311768
4.04317460317	414.346252441
4.04607709751	414.346252441
4.04897959184	413.628875732
4.05188208617	413.390014648
4.0547845805	413.867858887
4.05768707483	414.825195312
4.06058956916	415.784759521
4.06349206349	416.024993896
4.06639455782	416.024993896
4.06929705215	416.265350342
4.07219954649	416.505889893
4.07510204082	416.505889893
4.07800453515	416.024993896
4.08090702948	415.064880371
4.08380952381	414.585662842
4.08671201814	414.825195312
4.08961451247	415.784759521
4.0925170068	416.505889893
4.09541950113	416.987335205
4.09832199546	417.951873779
4.1012244898	418.434997559
4.10412698413	418.918670654
4.10702947846	418.434997559
4.10993197279	417.469329834
4.11283446712	416.505889893
4.11573696145	416.024993896
4.11863945578	416.024993896
4.12154195011	416.024993896
4.12444444444	416.024993896
4.12734693878	416.024993896
4.13024943311	416.024993896
4.13315192744	416.024993896
4.13605442177	415.3046875
4.1389569161	414.346252441
4.14185941043	413.390014648
4.14476190476	413.151306152
4.14766439909	413.390014648
4.15056689342	413.867858887
4.15346938776	413.867858887
4.15637188209	414.346252441
4.15927437642	414.825195312
4.16217687075	415.784759521
4.16507936508	416.746520996
4.16798185941	416.987335205
4.17088435374	416.746520996
4.17378684807	416.505889893
4.1766893424	416.024993896
4.17959183673	415.784759521
4.18249433107	414.825195312
4.1853968254	413.628875732
4.18829931973	412.912719727
4.19120181406	412.912719727
4.19410430839	413.390014648
4.19700680272	413.867858887
4.19990929705	414.346252441
4.20281179138	414.585662842
4.20571428571	415.064880371
4.20861678005	415.784759521
4.21151927438	416.265350342
4.21442176871	416.265350342
4.21732426304	416.024993896
4.22022675737	415.784759521
4.2231292517	415.544647217
4.22603174603	415.544647217
4.22893424036	415.784759521
4.23183673469	415.784759521
4.23473922902	415.784759521
4.23764172336	416.024993896
4.24054421769	416.505889893
4.24344671202	416.746520996
4.24634920635	416.746520996
4.24925170068	416.505889893
4.25215419501	416.265350342
4.25505668934	416.505889893
4.25795918367	416.265350342
4.260861678	416.024993896
4.26376417234	415.544647217
4.26666666667	415.544647217
4.269569161	415.3046875
4.27247165533	415.544647217
4.27537414966	415.544647217
4.27827664399	415.544647217
4.28117913832	415.3046875
4.28408163265	415.064880371
4.28698412698	414.825195312
4.28988662132	414.825195312
4.29278911565	414.346252441
4.29569160998	414.106994629
4.29859410431	414.106994629
4.30149659864	414.346252441
4.30439909297	415.064880371
4.3073015873	415.544647217
4.31020408163	415.064880371
4.31310657596	414.106994629
4.31600907029	347.216827393
4.31891156463	348.221069336
4.32181405896	349.228240967
4.32471655329	349.631896973
4.32761904762	350.238311768
4.33052154195	350.643157959
4.33342403628	350.440673828
4.33632653061	349.83392334
4.33922902494	349.228240967
4.34213151927	348.825012207
4.34503401361	348.825012207
4.34793650794	348.623596191
4.35083900227	348.623596191
4.3537414966	348.623596191
4.35664399093	348.623596191
4.35954648526	348.623596191
4.36244897959	348.623596191
4.36535147392	348.623596191
4.36825396825	348.623596191
4.37115646259	348.422271729
4.37405895692	348.221069336
4.37696145125	348.422271729
4.37986394558	348.623596191
4.38276643991	348.825012207
4.38566893424	349.228240967
4.38857142857	349.228240967
4.3914739229	349.228240967
4.39437641723	348.825012207
4.39727891156	348.422271729
4.4001814059	348.422271729
4.40308390023	348.221069336
4.40598639456	348.221069336
4.40888888889	348.422271729
4.41179138322	348.623596191
4.41469387755	348.825012207
4.41759637188	349.026580811
4.42049886621	349.026580811
4.42340136054	348.825012207
4.42630385488	348.825012207
4.42920634921	349.026580811
4.43210884354	349.430023193
4.43501133787	349.83392334
4.4379138322	350.238311768
4.44081632653	350.643157959
4.44371882086	351.048461914
4.44662131519	351.048461914
4.44952380952	350.845733643
4.45242630385	350.643157959
4.45532879819	350.238311768
4.45823129252	350.03604126
4.46113378685	349.83392334
4.46403628118	349.631896973
4.46693877551	349.430023193
4.46984126984	349.430023193
4.47274376417	349.430023193
4.4756462585	349.228240967
4.47854875283	349.026580811
4.48145124717	349.026580811
4.4843537415	349.026580811
4.48725623583	349.430023193
4.49015873016	349.631896973
4.49306122449	349.83392334
4.49596371882	349.83392334
4.49886621315	350.03604126
4.50176870748	350.03604126
4.50467120181	350.238311768
4.50757369615	350.238311768
4.51047619048	350.238311768
4.51337868481	350.03604126
4.51628117914	350.03604126
4.51918367347	349.83392334
4.5220861678	349.83392334
4.52498866213	349.631896973
4.52789115646	349.430023193
4.53079365079	349.430023193
4.53369614512	349.228240967
4.53659863946	349.228240967
4.53950113379	349.228240967
4.54240362812	349.228240967
4.54530612245	349.026580811
4.54820861678	348.825012207
4.55111111111	348.623596191
4.55401360544	348.825012207
4.55691609977	348.623596191
4.5598185941	348.623596191
4.56272108844	348.422271729
4.56562358277	348.623596191
4.5685260771	348.623596191
4.57142857143	348.623596191
4.57433106576	348.825012207
4.57723356009	348.825012207
4.58013605442	348.825012207
4.58303854875	348.825012207
4.58594104308	349.026580811
4.58884353741	349.026580811
4.59174603175	348.825012207
4.59464852608	348.825012207
4.59755102041	348.825012207
4.60045351474	348.825012207
4.60335600907	348.825012207
4.6062585034	349.228240967
4.60916099773	349.430023193
4.61206349206	349.430023193
4.61496598639	349.228240967
4.61786848073	348.825012207
4.62077097506	348.221069336
4.62367346939	347.618164062
4.62657596372	347.016326904
4.62947845805	346.815948486
4.63238095238	346.615661621
4.63528344671	347.216827393
4.63818594104	348.019989014
4.64108843537	349.430023193
4.64399092971	351.251281738
4.64689342404	352.878173828
4.64979591837	354.103271484
4.6526984127	355.332641602
4.65560090703	355.743377686
4.65850340136	355.53793335
4.66140589569	354.922363281
4.66430839002	353.69442749
4.66721088435	352.267211914
4.67011337868	350.845733643
4.67301587302	349.228240967
4.67591836735	347.618164062
4.67882086168	346.215484619
4.68172335601	345.017669678
4.68462585034	343.823974609
4.68752834467	343.030487061
4.690430839	343.030487061
4.69333333333	343.823974609
4.69623582766	348.019989014
4.699138322	352.878173828
4.70204081633	356.360351562
4.70494331066	357.804168701
4.70784580499	357.597564697
4.71074829932	356.154571533
4.71365079365	353.286071777
4.71655328798	346.215484619
4.71945578231	340.267700195
4.72235827664	338.503356934
4.72526077098	338.503356934
4.72816326531	338.503356934
4.73106575964	339.090454102
4.73396825397	339.67855835
4.7368707483	340.464294434
4.73977324263	341.843719482
4.74267573696	344.420288086
4.74557823129	349.026580811
4.74848072562	352.674407959
4.75138321995	354.922363281
4.75428571429	356.154571533
4.75718820862	356.360351562
4.76009070295	355.127441406
4.76299319728	352.470733643
4.76589569161	348.221069336
4.76879818594	344.420288086
4.77170068027	341.843719482
4.7746031746	340.464294434
4.77750566893	338.307891846
4.78040816327	337.137451172
4.7833106576	335.971038818
4.78621315193	333.457641602
4.78911564626	331.154296875
4.79201814059	328.866821289
4.79492063492	326.972686768
4.79782312925	326.029724121
4.80072562358	325.841461182
4.80362811791	326.029724121
4.80653061224	326.783874512
4.80943310658	327.918395996
4.81233560091	329.24697876
4.81523809524	330.199249268
4.81814058957	331.154296875
4.8210430839	331.728637695
4.82394557823	332.303955078
4.82684807256	332.688079834
4.82975056689	332.688079834
4.83265306122	332.303955078
4.83555555556	331.920288086
4.83845804989	331.154296875
4.84136054422	330.390045166
4.84426303855	329.818023682
4.84716553288	329.24697876
4.85006802721	329.056854248
4.85297052154	329.056854248
4.85587301587	329.437225342
4.8587755102	330.008575439
4.86167800454	330.390045166
4.86458049887	330.390045166
4.8674829932	330.390045166
4.87038548753	330.199249268
4.87328798186	330.008575439
4.87619047619	330.008575439
4.87909297052	329.818023682
4.88199546485	329.627563477
4.88489795918	329.627563477
4.88780045351	329.437225342
4.89070294785	329.437225342
4.89360544218	329.627563477
4.89650793651	329.627563477
4.89941043084	329.818023682
4.90231292517	329.818023682
4.9052154195	330.008575439
4.90811791383	330.199249268
4.91102040816	330.390045166
4.91392290249	330.580932617
4.91682539683	330.771942139
4.91972789116	330.963043213
4.92263038549	330.963043213
4.92553287982	331.154296875
4.92843537415	330.963043213
4.93133786848	330.963043213
4.93424036281	330.771942139
4.93714285714	330.390045166
4.94004535147	330.008575439
4.9429478458	329.437225342
4.94585034014	329.056854248
4.94875283447	328.866821289
4.9516553288	328.866821289
4.95455782313	329.24697876
4.95746031746	329.627563477
4.96036281179	330.199249268
4.96326530612	330.771942139
4.96616780045	331.345611572
4.96907029478	331.537078857
4.97197278912	331.345611572
4.97487528345	330.963043213
4.97777777778	330.580932617
4.98068027211	330.199249268
4.98358276644	329.818023682
4.98648526077	329.627563477
4.9893877551	329.627563477
4.99229024943	329.627563477
4.99519274376	329.818023682
4.9980952381	329.818023682
5.00099773243	329.818023682
5.00390022676	329.818023682
5.00680272109	329.627563477
5.00970521542	329.437225342
5.01260770975	329.24697876
5.01551020408	329.24697876
5.01841269841	329.056854248
5.02131519274	329.24697876
5.02421768707	329.437225342
5.02712018141	329.437225342
5.03002267574	329.627563477
5.03292517007	329.818023682
5.0358276644	330.008575439
5.03873015873	330.008575439
5.04163265306	330.008575439
5.04453514739	330.008575439
5.04743764172	329.818023682
5.05034013605	329.627563477
5.05324263039	329.627563477
5.05614512472	329.627563477
5.05904761905	329.627563477
5.06195011338	329.818023682
5.06485260771	330.008575439
5.06775510204	330.199249268
5.07065759637	330.199249268
5.0735600907	330.390045166
5.07646258503	330.199249268
5.07936507937	330.199249268
5.0822675737	329.818023682
5.08517006803	329.437225342
5.08807256236	329.056854248
5.09097505669	329.056854248
5.09387755102	329.056854248
5.09678004535	329.056854248
5.09968253968	329.24697876
5.10258503401	329.627563477
5.10548752834	329.818023682
5.10839002268	330.008575439
5.11129251701	330.008575439
5.11419501134	330.199249268
5.11709750567	330.199249268
5.12	330.390045166
5.12290249433	330.390045166
5.12580498866	330.390045166
5.12870748299	330.199249268
5.13160997732	330.199249268
5.13451247166	330.008575439
5.13741496599	329.818023682
5.14031746032	329.627563477
5.14321995465	329.627563477
5.14612244898	329.437225342
5.14902494331	329.24697876
5.15192743764	329.24697876
5.15482993197	329.056854248
5.1577324263	329.056854248
5.16063492063	329.056854248
5.16353741497	329.056854248
5.1664399093	329.24697876
5.16934240363	329.818023682
5.17224489796	330.008575439
5.17514739229	330.390045166
5.17804988662	330.963043213
5.18095238095	331.154296875
5.18385487528	331.154296875
5.18675736961	331.154296875
5.18965986395	330.771942139
5.19256235828	330.390045166
5.19546485261	329.818023682
5.19836734694	329.24697876
5.20126984127	328.866821289
5.2041723356	328.487121582
5.20707482993	328.487121582
5.20997732426	328.676940918
5.21287981859	328.866821289
5.21578231293	329.24697876
5.21868480726	329.818023682
5.22158730159	330.008575439
5.22448979592	330.390045166
5.22739229025	330.390045166
5.23029478458	330.390045166
5.23319727891	330.199249268
5.23609977324	330.008575439
5.23900226757	329.818023682
5.2419047619	329.627563477
5.24480725624	329.627563477
5.24770975057	329.627563477
5.2506122449	329.627563477
5.25351473923	329.818023682
5.25641723356	329.627563477
5.25931972789	329.627563477
5.26222222222	329.437225342
5.26512471655	329.437225342
5.26802721088	329.24697876
5.27092970522	329.056854248
5.27383219955	329.24697876
5.27673469388	329.24697876
5.27963718821	329.437225342
5.28253968254	329.818023682
5.28544217687	330.008575439
5.2883446712	330.199249268
5.29124716553	330.390045166
5.29414965986	330.580932617
5.2970521542	330.580932617
5.29995464853	330.390045166
5.30285714286	330.199249268
5.30575963719	329.818023682
5.30866213152	329.437225342
5.31156462585	329.24697876
5.31446712018	329.056854248
5.31736961451	328.866821289
5.32027210884	328.866821289
5.32317460317	329.056854248
5.32607709751	329.437225342
5.32897959184	329.627563477
5.33188208617	330.008575439
5.3347845805	330.008575439
5.33768707483	330.390045166
5.34058956916	330.390045166
5.34349206349	330.390045166
5.34639455782	330.390045166
5.34929705215	330.390045166
5.35219954649	330.199249268
5.35510204082	330.008575439
5.35800453515	330.008575439
5.36090702948	329.818023682
5.36380952381	329.627563477
5.36671201814	329.437225342
5.36961451247	329.24697876
5.3725170068	329.056854248
5.37541950113	329.056854248
5.37832199546	329.24697876
5.3812244898	329.627563477
5.38412698413	329.818023682
5.38702947846	330.199249268
5.38993197279	330.580932617
5.39283446712	330.771942139
5.39573696145	331.154296875
5.39863945578	331.154296875
5.40154195011	331.345611572
5.40444444444	331.345611572
5.40734693878	331.154296875
5.41024943311	330.580932617
5.41315192744	330.199249268
5.41605442177	0.0
5.4189569161	0.0
5.42185941043	0.0
5.42476190476	0.0
5.42766439909	0.0
5.43056689342	0.0
5.43346938776	0.0
5.43637188209	0.0
5.43927437642	0.0
5.44217687075	0.0
5.44507936508	0.0
5.44798185941	0.0
5.45088435374	0.0
5.45378684807	0.0
5.4566893424	0.0
5.45959183673	0.0
5.46249433107	0.0
5.4653968254	0.0
5.46829931973	0.0
5.47120181406	0.0
5.47410430839	0.0
5.47700680272	0.0
5.47990929705	0.0
5.48281179138	0.0
5.48571428571	0.0
5.48861678005	0.0
5.49151927438	0.0
5.49442176871	0.0
5.49732426304	0.0
5.50022675737	0.0
5.5031292517	0.0
5.50603174603	0.0
5.50893424036	0.0
5.51183673469	0.0
5.51473922902	0.0
5.51764172336	0.0
5.52054421769	0.0
5.52344671202	0.0
5.52634920635	0.0
5.52925170068	0.0
5.53215419501	0.0
5.53505668934	0.0
5.53795918367	0.0
5.540861678	0.0
5.54376417234	0.0
5.54666666667	0.0
5.549569161	0.0
5.55247165533	0.0
5.55537414966	0.0
5.55827664399	0.0
5.56117913832	0.0
5.56408163265	0.0
5.56698412698	0.0
5.56988662132	0.0
5.57278911565	0.0
5.57569160998	0.0
5.57859410431	0.0
5.58149659864	0.0
5.58439909297	0.0
5.5873015873	0.0
5.59020408163	0.0
5.59310657596	0.0
5.59600907029	0.0
5.59891156463	0.0
5.60181405896	0.0
5.60471655329	0.0
5.60761904762	0.0
5.61052154195	0.0
5.61342403628	0.0
5.61632653061	0.0
5.61922902494	0.0
5.62213151927	0.0
5.62503401361	0.0
5.62793650794	0.0
5.63083900227	0.0
5.6337414966	0.0
5.63664399093	0.0
5.63954648526	0.0
5.64244897959	0.0
5.64535147392	0.0
5.64825396825	0.0
5.65115646259	0.0
5.65405895692	0.0
5.65696145125	0.0
5.65986394558	0.0
5.66276643991	0.0
5.66566893424	0.0
5.66857142857	0.0
5.6714739229	0.0
5.67437641723	0.0
5.67727891156	0.0
5.6801814059	0.0
5.68308390023	0.0
5.68598639456	0.0
5.68888888889	0.0
5.69179138322	0.0
5.69469387755	0.0
5.69759637188	0.0
5.70049886621	0.0
5.70340136054	0.0
5.70630385488	0.0
5.70920634921	0.0
5.71210884354	0.0
5.71501133787	0.0
5.7179138322	0.0
5.72081632653	0.0
5.72371882086	0.0
5.72662131519	0.0
5.72952380952	0.0
5.73242630385	0.0
5.73532879819	0.0
5.73823129252	0.0
5.74113378685	0.0
5.74403628118	0.0
5.74693877551	0.0
5.74984126984	0.0
5.75274376417	0.0
5.7556462585	0.0
5.75854875283	0.0
5.76145124717	0.0
5.7643537415	0.0
5.76725623583	0.0
5.77015873016	0.0
5.77306122449	0.0
5.77596371882	0.0
5.77886621315	0.0
5.78176870748	0.0
5.78467120181	0.0
5.78757369615	0.0
5.79047619048	0.0
5.79337868481	0.0
5.79628117914	0.0
5.79918367347	0.0
5.8020861678	0.0
5.80498866213	0.0
5.80789115646	0.0
5.81079365079	0.0
5.81369614512	0.0
5.81659863946	0.0
5.81950113379	0.0
5.82240362812	0.0
