0.0	0.0
0.00290249433107	0.0
0.00580498866213	0.0
0.0087074829932	0.0
0.0116099773243	0.0
0.0145124716553	0.0
0.0174149659864	0.0
0.0203174603175	0.0
0.0232199546485	0.0
0.0261224489796	0.0
0.0290249433107	0.0
0.0319274376417	0.0
0.0348299319728	0.0
0.0377324263039	0.0
0.0406349206349	0.0
0.043537414966	0.0
0.0464399092971	0.0
0.0493424036281	0.0
0.0522448979592	0.0
0.0551473922902	0.0
0.0580498866213	0.0
0.0609523809524	0.0
0.0638548752834	0.0
0.0667573696145	0.0
0.0696598639456	0.0
0.0725623582766	0.0
0.0754648526077	0.0
0.0783673469388	0.0
0.0812698412698	361.543731689
0.0841723356009	361.334960938
0.087074829932	361.126312256
0.089977324263	361.334960938
0.0928798185941	360.292877197
0.0957823129252	360.709350586
0.0986848072562	359.253814697
0.101587301587	360.084838867
0.104489795918	359.6690979
0.107392290249	358.424743652
0.11029478458	356.566253662
0.113197278912	353.69442749
0.116099773243	351.86050415
0.119002267574	350.03604126
0.121904761905	348.825012207
0.124807256236	348.623596191
0.127709750567	348.623596191
0.130612244898	348.221069336
0.133514739229	347.819030762
0.13641723356	347.016326904
0.139319727891	346.215484619
0.142222222222	345.416473389
0.145124716553	345.217010498
0.148027210884	345.61605835
0.150929705215	346.215484619
0.153832199546	347.216827393
0.156734693878	348.019989014
0.159637188209	348.623596191
0.16253968254	348.825012207
0.165442176871	348.623596191
0.168344671202	348.422271729
0.171247165533	348.221069336
0.174149659864	348.019989014
0.177052154195	348.221069336
0.179954648526	348.623596191
0.182857142857	349.026580811
0.185759637188	349.228240967
0.188662131519	349.430023193
0.19156462585	349.228240967
0.194467120181	349.026580811
0.197369614512	348.623596191
0.200272108844	348.623596191
0.203174603175	348.623596191
0.206077097506	348.623596191
0.208979591837	348.825012207
0.211882086168	349.026580811
0.214784580499	349.228240967
0.21768707483	349.631896973
0.220589569161	349.83392334
0.223492063492	350.03604126
0.226394557823	350.238311768
0.229297052154	350.238311768
0.232199546485	350.03604126
0.235102040816	350.03604126
0.238004535147	349.83392334
0.240907029478	349.631896973
0.24380952381	349.631896973
0.246712018141	349.430023193
0.249614512472	349.430023193
0.252517006803	349.228240967
0.255419501134	349.228240967
0.258321995465	349.430023193
0.261224489796	349.228240967
0.264126984127	349.631896973
0.267029478458	349.83392334
0.269931972789	350.03604126
0.27283446712	350.03604126
0.275736961451	350.03604126
0.278639455782	349.83392334
0.281541950113	349.631896973
0.284444444444	349.631896973
0.287346938776	349.228240967
0.290249433107	349.026580811
0.293151927438	348.825012207
0.296054421769	348.825012207
0.2989569161	349.026580811
0.301859410431	349.026580811
0.304761904762	349.228240967
0.307664399093	349.228240967
0.310566893424	349.430023193
0.313469387755	349.430023193
0.316371882086	349.228240967
0.319274376417	349.026580811
0.322176870748	349.026580811
0.325079365079	348.825012207
0.32798185941	348.623596191
0.330884353741	348.623596191
0.333786848073	348.623596191
0.336689342404	348.623596191
0.339591836735	349.026580811
0.342494331066	349.026580811
0.345396825397	349.228240967
0.348299319728	349.430023193
0.351201814059	349.430023193
0.35410430839	349.631896973
0.357006802721	349.631896973
0.359909297052	349.631896973
0.362811791383	349.631896973
0.365714285714	349.631896973
0.368616780045	349.631896973
0.371519274376	349.430023193
0.374421768707	349.430023193
0.377324263039	349.430023193
0.38022675737	349.430023193
0.383129251701	349.228240967
0.386031746032	349.228240967
0.388934240363	349.228240967
0.391836734694	349.228240967
0.394739229025	349.026580811
0.397641723356	349.026580811
0.400544217687	349.026580811
0.403446712018	349.026580811
0.406349206349	349.228240967
0.40925170068	349.228240967
0.412154195011	349.228240967
0.415056689342	349.430023193
0.417959183673	349.430023193
0.420861678005	349.631896973
0.423764172336	349.631896973
0.426666666667	349.631896973
0.429569160998	349.430023193
0.432471655329	349.430023193
0.43537414966	349.430023193
0.438276643991	349.430023193
0.441179138322	349.430023193
0.444081632653	349.430023193
0.446984126984	349.430023193
0.449886621315	349.631896973
0.452789115646	349.430023193
0.455691609977	349.430023193
0.458594104308	349.228240967
0.461496598639	349.228240967
0.464399092971	349.026580811
0.467301587302	349.228240967
0.470204081633	349.228240967
0.473106575964	349.430023193
0.476009070295	349.430023193
0.478911564626	349.430023193
0.481814058957	349.430023193
0.484716553288	349.430023193
0.487619047619	349.430023193
0.49052154195	349.430023193
0.493424036281	349.430023193
0.496326530612	349.228240967
0.499229024943	349.228240967
0.502131519274	349.228240967
0.505034013605	349.228240967
0.507936507937	349.228240967
0.510839002268	349.430023193
0.513741496599	349.430023193
0.51664399093	349.430023193
0.519546485261	349.430023193
0.522448979592	349.430023193
0.525351473923	349.228240967
0.528253968254	349.228240967
0.531156462585	349.026580811
0.534058956916	349.026580811
0.536961451247	349.026580811
0.539863945578	349.026580811
0.542766439909	349.228240967
0.54566893424	349.631896973
0.548571428571	350.03604126
0.551473922902	350.440673828
0.554376417234	350.845733643
0.557278911565	351.048461914
0.560181405896	351.251281738
0.563083900227	351.048461914
0.565986394558	350.845733643
0.568888888889	350.238311768
0.57179138322	349.026580811
0.574693877551	347.819030762
0.577596371882	346.215484619
0.580498866213	344.619293213
0.583401360544	343.427001953
0.586303854875	342.238861084
0.589206349206	342.041229248
0.592108843537	343.22869873
0.595011337868	344.420288086
0.5979138322	343.823974609
0.600816326531	347.618164062
0.603718820862	352.674407959
0.606621315193	354.717407227
0.609523809524	354.922363281
0.612426303855	355.332641602
0.615328798186	354.922363281
0.618231292517	353.69442749
0.621133786848	351.45425415
0.624036281179	347.016326904
0.62693877551	340.857849121
0.629841269841	337.917297363
0.632743764172	336.748199463
0.635646258503	335.002105713
0.638548752834	333.843078613
0.641451247166	333.265075684
0.644353741497	333.072631836
0.647256235828	333.072631836
0.650158730159	332.880310059
0.65306122449	331.920288086
0.655963718821	330.580932617
0.658866213152	329.818023682
0.661768707483	329.24697876
0.664671201814	328.866821289
0.667573696145	329.056854248
0.670476190476	329.437225342
0.673378684807	330.390045166
0.676281179138	331.345611572
0.679183673469	332.112091064
0.6820861678	332.49597168
0.684988662132	333.072631836
0.687891156463	333.265075684
0.690793650794	333.265075684
0.693696145125	333.072631836
0.696598639456	332.303955078
0.699501133787	330.963043213
0.702403628118	329.437225342
0.705306122449	328.107879639
0.70820861678	327.161621094
0.711111111111	326.783874512
0.714013605442	327.161621094
0.716916099773	328.487121582
0.719818594104	330.008575439
0.722721088435	330.963043213
0.725623582766	331.537078857
0.728526077098	331.345611572
0.731428571429	331.345611572
0.73433106576	330.963043213
0.737233560091	330.771942139
0.740136054422	330.963043213
0.743038548753	331.345611572
0.745941043084	331.920288086
0.748843537415	332.303955078
0.751746031746	331.920288086
0.754648526077	330.771942139
0.757551020408	329.818023682
0.760453514739	328.676940918
0.76335600907	328.107879639
0.766258503401	327.918395996
0.769160997732	327.918395996
0.772063492063	328.676940918
0.774965986395	329.437225342
0.777868480726	330.390045166
0.780770975057	331.154296875
0.783673469388	332.112091064
0.786575963719	333.265075684
0.78947845805	334.228973389
0.792380952381	335.389343262
0.795283446712	338.503356934
0.798185941043	340.857849121
0.801088435374	343.823974609
0.803990929705	348.019989014
0.806893424036	350.440673828
0.809795918367	353.490203857
0.812698412698	354.922363281
0.815600907029	353.286071777
0.818503401361	353.286071777
0.821405895692	352.470733643
0.824308390023	350.03604126
0.827210884354	347.216827393
0.830113378685	344.420288086
0.833015873016	342.634429932
0.835918367347	343.030487061
0.838820861678	342.634429932
0.841723356009	343.22869873
0.84462585034	344.022644043
0.847528344671	344.81842041
0.850430839002	346.415496826
0.853333333333	348.221069336
0.856235827664	350.03604126
0.859138321995	351.251281738
0.862040816327	351.86050415
0.864943310658	351.86050415
0.867845804989	351.657318115
0.87074829932	351.45425415
0.873650793651	350.440673828
0.876553287982	349.228240967
0.879455782313	348.019989014
0.882358276644	347.016326904
0.885260770975	346.415496826
0.888163265306	346.015533447
0.891065759637	346.015533447
0.893968253968	346.215484619
0.896870748299	347.016326904
0.89977324263	347.819030762
0.902675736961	349.026580811
0.905578231293	350.238311768
0.908480725624	351.048461914
0.911383219955	351.657318115
0.914285714286	351.657318115
0.917188208617	351.657318115
0.920090702948	351.251281738
0.922993197279	350.845733643
0.92589569161	350.238311768
0.928798185941	349.631896973
0.931700680272	349.228240967
0.934603174603	348.623596191
0.937505668934	348.019989014
0.940408163265	347.819030762
0.943310657596	347.618164062
0.946213151927	347.618164062
0.949115646259	347.819030762
0.95201814059	348.422271729
0.954920634921	349.026580811
0.957823129252	349.631896973
0.960725623583	350.238311768
0.963628117914	350.845733643
0.966530612245	351.048461914
0.969433106576	351.048461914
0.972335600907	350.643157959
0.975238095238	350.238311768
0.978140589569	349.430023193
0.9810430839	348.825012207
0.983945578231	347.819030762
0.986848072562	347.417449951
0.989750566893	347.016326904
0.992653061224	347.016326904
0.995555555556	347.016326904
0.998458049887	347.417449951
1.00136054422	348.019989014
1.00426303855	348.825012207
1.00716553288	349.631896973
1.01006802721	350.440673828
1.01297052154	350.845733643
1.01587301587	350.845733643
1.0187755102	350.238311768
1.02167800454	349.83392334
1.02458049887	349.228240967
1.0274829932	348.825012207
1.03038548753	348.825012207
1.03328798186	349.228240967
1.03619047619	349.83392334
1.03909297052	350.845733643
1.04199546485	352.063781738
1.04489795918	352.878173828
1.04780045351	352.674407959
1.05070294785	351.86050415
1.05360544218	350.440673828
1.05650793651	349.631896973
1.05941043084	410.771728516
1.06231292517	411.484161377
1.0652154195	412.197814941
1.06811791383	412.912719727
1.07102040816	413.390014648
1.07392290249	413.390014648
1.07682539683	413.390014648
1.07972789116	413.151306152
1.08263038549	413.390014648
1.08553287982	413.390014648
1.08843537415	413.151306152
1.09133786848	412.435974121
1.09424036281	411.959777832
1.09714285714	411.959777832
1.10004535147	412.435974121
1.1029478458	413.390014648
1.10585034014	414.106994629
1.10875283447	414.825195312
1.1116553288	415.544647217
1.11455782313	416.024993896
1.11746031746	416.265350342
1.12036281179	415.784759521
1.12326530612	415.064880371
1.12616780045	414.585662842
1.12907029478	414.346252441
1.13197278912	414.106994629
1.13487528345	414.106994629
1.13777777778	413.867858887
1.14068027211	413.867858887
1.14358276644	413.867858887
1.14648526077	413.867858887
1.1493877551	414.106994629
1.15229024943	413.867858887
1.15519274376	413.628875732
1.1580952381	413.390014648
1.16099773243	413.628875732
1.16390022676	413.390014648
1.16680272109	413.628875732
1.16970521542	413.867858887
1.17260770975	414.106994629
1.17551020408	414.346252441
1.17841269841	414.585662842
1.18131519274	414.825195312
1.18421768707	414.825195312
1.18712018141	414.585662842
1.19002267574	414.346252441
1.19292517007	414.346252441
1.1958276644	414.346252441
1.19873015873	414.346252441
1.20163265306	414.106994629
1.20453514739	413.867858887
1.20743764172	414.106994629
1.21034013605	414.346252441
1.21324263039	414.585662842
1.21614512472	414.585662842
1.21904761905	414.585662842
1.22195011338	414.585662842
1.22485260771	414.346252441
1.22775510204	414.346252441
1.23065759637	414.346252441
1.2335600907	414.106994629
1.23646258503	413.867858887
1.23936507937	413.867858887
1.2422675737	413.867858887
1.24517006803	413.628875732
1.24807256236	413.628875732
1.25097505669	413.628875732
1.25387755102	413.628875732
1.25678004535	413.628875732
1.25968253968	413.867858887
1.26258503401	414.106994629
1.26548752834	414.106994629
1.26839002268	414.346252441
1.27129251701	414.585662842
1.27419501134	414.585662842
1.27709750567	414.585662842
1.28	414.585662842
1.28290249433	414.585662842
1.28580498866	414.585662842
1.28870748299	414.585662842
1.29160997732	414.825195312
1.29451247166	414.825195312
1.29741496599	414.825195312
1.30031746032	414.585662842
1.30321995465	414.585662842
1.30612244898	414.585662842
1.30902494331	414.346252441
1.31192743764	414.346252441
1.31482993197	414.346252441
1.3177324263	414.346252441
1.32063492063	414.585662842
1.32353741497	414.585662842
1.3264399093	414.585662842
1.32934240363	414.825195312
1.33224489796	415.3046875
1.33514739229	416.024993896
1.33804988662	416.746520996
1.34095238095	416.987335205
1.34385487528	416.265350342
1.34675736961	414.346252441
1.34965986395	411.484161377
1.35256235828	409.35055542
1.35546485261	408.170013428
1.35836734694	408.170013428
1.36126984127	409.11416626
1.3641723356	411.246520996
1.36707482993	414.585662842
1.36997732426	419.160705566
1.37287981859	422.320098877
1.37578231293	424.276123047
1.37868480726	425.503265381
1.38158730159	426.733947754
1.38448979592	427.721038818
1.38739229025	429.453979492
1.39029478458	433.691802979
1.39319727891	440.254241943
1.39609977324	443.828887939
1.39900226757	445.369720459
1.4019047619	445.112548828
1.40480725624	443.828887939
1.40770975057	440.254241943
1.4106122449	434.444000244
1.41351473923	430.944915771
1.41641723356	430.198822021
1.41931972789	429.950378418
1.42222222222	430.198822021
1.42512471655	430.696075439
1.42802721088	431.193939209
1.43092970522	432.191345215
1.43383219955	434.193115234
1.43673469388	436.456207275
1.43963718821	438.477722168
1.44253968254	439.745910645
1.44544217687	440.508605957
1.4483446712	440.0
1.45124716553	438.477722168
1.45414965986	435.952270508
1.4570521542	433.691802979
1.45995464853	432.441070557
1.46285714286	432.940917969
1.46575963719	433.441375732
1.46866213152	434.695007324
1.47156462585	436.456207275
1.47446712018	438.477722168
1.47736961451	440.254241943
1.48027210884	441.272613525
1.48317460317	441.527557373
1.48607709751	441.272613525
1.48897959184	440.508605957
1.49188208617	439.238189697
1.4947845805	437.718536377
1.49768707483	436.708374023
1.50058956916	435.952270508
1.50349206349	435.700531006
1.50639455782	435.448913574
1.50929705215	435.700531006
1.51219954649	436.456207275
1.51510204082	437.213165283
1.51800453515	438.224517822
1.52090702948	438.984558105
1.52380952381	440.0
1.52671201814	440.508605957
1.52961451247	440.508605957
1.5325170068	440.254241943
1.53541950113	439.745910645
1.53832199546	438.984558105
1.5412244898	438.224517822
1.54412698413	437.718536377
1.54702947846	437.213165283
1.54993197279	437.213165283
1.55283446712	437.718536377
1.55573696145	437.971466064
1.55863945578	438.224517822
1.56154195011	438.477722168
1.56444444444	438.224517822
1.56734693878	437.718536377
1.57024943311	437.213165283
1.57315192744	436.960693359
1.57605442177	436.708374023
1.5789569161	436.708374023
1.58185941043	436.960693359
1.58476190476	437.718536377
1.58766439909	438.224517822
1.59056689342	438.731048584
1.59346938776	439.238189697
1.59637188209	438.984558105
1.59927437642	439.238189697
1.60217687075	439.238189697
1.60507936508	438.984558105
1.60798185941	438.731048584
1.61088435374	438.984558105
1.61378684807	438.984558105
1.6166893424	438.731048584
1.61959183673	438.731048584
1.62249433107	438.731048584
1.6253968254	438.477722168
1.62829931973	438.477722168
1.63120181406	438.224517822
1.63410430839	437.971466064
1.63700680272	437.718536377
1.63990929705	437.971466064
1.64281179138	439.491973877
1.64571428571	441.782684326
1.64861678005	441.782684326
1.65151927438	409.35055542
1.65442176871	409.35055542
1.65732426304	409.35055542
1.66022675737	409.35055542
1.6631292517	417.951873779
1.66603174603	416.987335205
1.66893424036	416.505889893
1.67183673469	416.024993896
1.67473922902	415.064880371
1.67764172336	412.674285889
1.68054421769	411.484161377
1.68344671202	411.246520996
1.68634920635	410.771728516
1.68925170068	410.060516357
1.69215419501	410.060516357
1.69505668934	411.959777832
1.69795918367	413.390014648
1.700861678	413.867858887
1.70376417234	413.867858887
1.70666666667	413.628875732
1.709569161	412.674285889
1.71247165533	411.959777832
1.71537414966	411.484161377
1.71827664399	411.246520996
1.72117913832	411.484161377
1.72408163265	412.197814941
1.72698412698	413.151306152
1.72988662132	414.346252441
1.73278911565	415.3046875
1.73569160998	416.024993896
1.73859410431	416.265350342
1.74149659864	416.265350342
1.74439909297	415.544647217
1.7473015873	414.825195312
1.75020408163	413.867858887
1.75310657596	413.390014648
1.75600907029	413.151306152
1.75891156463	413.151306152
1.76181405896	413.628875732
1.76471655329	413.867858887
1.76761904762	414.585662842
1.77052154195	414.825195312
1.77342403628	414.585662842
1.77632653061	414.346252441
1.77922902494	413.867858887
1.78213151927	413.390014648
1.78503401361	412.912719727
1.78793650794	412.674285889
1.79083900227	412.435974121
1.7937414966	412.435974121
1.79664399093	412.912719727
1.79954648526	413.390014648
1.80244897959	414.106994629
1.80535147392	414.825195312
1.80825396825	415.3046875
1.81115646259	415.3046875
1.81405895692	415.3046875
1.81696145125	415.3046875
1.81986394558	415.064880371
1.82276643991	414.585662842
1.82566893424	414.106994629
1.82857142857	413.628875732
1.8314739229	413.390014648
1.83437641723	413.151306152
1.83727891156	413.390014648
1.8401814059	413.867858887
1.84308390023	414.106994629
1.84598639456	414.585662842
1.84888888889	414.825195312
1.85179138322	415.064880371
1.85469387755	415.064880371
1.85759637188	414.825195312
1.86049886621	414.346252441
1.86340136054	414.106994629
1.86630385488	413.867858887
1.86920634921	413.390014648
1.87210884354	412.912719727
1.87501133787	412.912719727
1.8779138322	412.912719727
1.88081632653	413.151306152
1.88371882086	413.628875732
1.88662131519	414.106994629
1.88952380952	414.585662842
1.89242630385	415.064880371
1.89532879819	415.3046875
1.89823129252	415.3046875
1.90113378685	415.064880371
1.90403628118	414.585662842
1.90693877551	414.346252441
1.90984126984	414.106994629
1.91274376417	414.106994629
1.9156462585	414.106994629
1.91854875283	414.346252441
1.92145124717	414.346252441
1.9243537415	414.585662842
1.92725623583	414.825195312
1.93015873016	415.064880371
1.93306122449	415.3046875
1.93596371882	415.3046875
1.93886621315	415.3046875
1.94176870748	415.064880371
1.94467120181	414.585662842
1.94757369615	414.346252441
1.95047619048	414.106994629
1.95337868481	413.867858887
1.95628117914	413.628875732
1.95918367347	413.628875732
1.9620861678	413.867858887
1.96498866213	414.106994629
1.96789115646	414.346252441
1.97079365079	414.585662842
1.97369614512	414.585662842
1.97659863946	414.585662842
1.97950113379	414.346252441
1.98240362812	413.867858887
1.98530612245	413.628875732
1.98820861678	413.390014648
1.99111111111	413.628875732
1.99401360544	414.346252441
1.99691609977	414.585662842
1.9998185941	414.825195312
2.00272108844	414.585662842
2.00562358277	414.106994629
2.0085260771	413.628875732
2.01142857143	413.390014648
2.01433106576	413.628875732
2.01723356009	413.867858887
2.02013605442	414.585662842
2.02303854875	415.3046875
2.02594104308	415.784759521
2.02884353741	415.784759521
2.03174603175	415.064880371
2.03464852608	414.346252441
2.03755102041	413.628875732
2.04045351474	414.106994629
2.04335600907	415.064880371
2.0462585034	415.784759521
2.04916099773	415.544647217
2.05206349206	350.03604126
2.05496598639	350.238311768
2.05786848073	348.825012207
2.06077097506	347.417449951
2.06367346939	346.615661621
2.06657596372	346.815948486
2.06947845805	347.216827393
2.07238095238	347.618164062
2.07528344671	347.819030762
2.07818594104	348.221069336
2.08108843537	348.825012207
2.08399092971	349.026580811
2.08689342404	348.623596191
2.08979591837	348.019989014
2.0926984127	347.819030762
2.09560090703	348.019989014
2.09850340136	348.422271729
2.10140589569	349.026580811
2.10430839002	349.228240967
2.10721088435	349.228240967
2.11011337868	349.430023193
2.11301587302	349.631896973
2.11591836735	349.430023193
2.11882086168	349.026580811
2.12172335601	348.422271729
2.12462585034	348.221069336
2.12752834467	348.422271729
2.130430839	348.623596191
2.13333333333	348.623596191
2.13623582766	348.623596191
2.139138322	349.026580811
2.14204081633	349.430023193
2.14494331066	350.03604126
2.14784580499	350.238311768
2.15074829932	350.03604126
2.15365079365	350.03604126
2.15655328798	350.03604126
2.15945578231	349.83392334
2.16235827664	349.83392334
2.16526077098	349.430023193
2.16816326531	349.228240967
2.17106575964	349.228240967
2.17396825397	349.228240967
2.1768707483	349.228240967
2.17977324263	349.228240967
2.18267573696	349.228240967
2.18557823129	349.228240967
2.18848072562	349.430023193
2.19138321995	349.83392334
2.19428571429	350.03604126
2.19718820862	349.83392334
2.20009070295	349.631896973
2.20299319728	349.631896973
2.20589569161	349.430023193
2.20879818594	349.228240967
2.21170068027	349.026580811
2.2146031746	348.825012207
2.21750566893	348.825012207
2.22040816327	349.026580811
2.2233106576	349.026580811
2.22621315193	349.026580811
2.22911564626	349.228240967
2.23201814059	349.228240967
2.23492063492	349.228240967
2.23782312925	349.228240967
2.24072562358	349.228240967
2.24362811791	349.026580811
2.24653061224	348.825012207
2.24943310658	348.623596191
2.25233560091	348.623596191
2.25523809524	348.623596191
2.25814058957	348.623596191
2.2610430839	348.825012207
2.26394557823	349.026580811
2.26684807256	349.228240967
2.26975056689	349.430023193
2.27265306122	349.430023193
2.27555555556	349.631896973
2.27845804989	349.631896973
2.28136054422	349.631896973
2.28426303855	349.631896973
2.28716553288	349.631896973
2.29006802721	349.430023193
2.29297052154	349.430023193
2.29587301587	349.430023193
2.2987755102	349.228240967
2.30167800454	349.430023193
2.30458049887	349.228240967
2.3074829932	349.228240967
2.31038548753	349.228240967
2.31328798186	349.228240967
2.31619047619	349.228240967
2.31909297052	349.026580811
2.32199546485	349.026580811
2.32489795918	349.026580811
2.32780045351	349.026580811
2.33070294785	349.026580811
2.33360544218	349.026580811
2.33650793651	349.228240967
2.33941043084	349.228240967
2.34231292517	349.430023193
2.3452154195	349.631896973
2.34811791383	349.631896973
2.35102040816	349.631896973
2.35392290249	349.631896973
2.35682539683	349.631896973
2.35972789116	349.631896973
2.36263038549	349.430023193
2.36553287982	349.631896973
2.36843537415	349.631896973
2.37133786848	349.430023193
2.37424036281	349.430023193
2.37714285714	349.228240967
2.38004535147	349.228240967
2.3829478458	349.026580811
2.38585034014	349.026580811
2.38875283447	349.026580811
2.3916553288	349.228240967
2.39455782313	349.228240967
2.39746031746	349.430023193
2.40036281179	349.430023193
2.40326530612	349.430023193
2.40616780045	349.631896973
2.40907029478	349.631896973
2.41197278912	349.631896973
2.41487528345	349.430023193
2.41777777778	349.228240967
2.42068027211	349.228240967
2.42358276644	349.228240967
2.42648526077	349.228240967
2.4293877551	349.026580811
2.43229024943	349.228240967
2.43519274376	349.228240967
2.4380952381	349.430023193
2.44099773243	349.430023193
2.44390022676	349.430023193
2.44680272109	349.430023193
2.44970521542	349.430023193
2.45260770975	349.430023193
2.45551020408	349.228240967
2.45841269841	349.026580811
2.46131519274	349.026580811
2.46421768707	349.026580811
2.46712018141	349.026580811
2.47002267574	349.228240967
2.47292517007	349.228240967
2.4758276644	349.430023193
2.47873015873	349.430023193
2.48163265306	349.430023193
2.48453514739	349.228240967
2.48743764172	349.228240967
2.49034013605	349.026580811
2.49324263039	349.026580811
2.49614512472	349.026580811
2.49904761905	348.825012207
2.50195011338	348.825012207
2.50485260771	348.825012207
2.50775510204	349.026580811
2.51065759637	349.026580811
2.5135600907	349.026580811
2.51646258503	349.026580811
2.51936507937	349.228240967
2.5222675737	349.228240967
2.52517006803	349.228240967
2.52807256236	349.228240967
2.53097505669	349.228240967
2.53387755102	349.430023193
2.53678004535	349.430023193
2.53968253968	349.430023193
2.54258503401	349.430023193
2.54548752834	349.430023193
2.54839002268	349.430023193
2.55129251701	349.430023193
2.55419501134	349.228240967
2.55709750567	349.228240967
2.56	349.228240967
2.56290249433	349.228240967
2.56580498866	349.026580811
2.56870748299	349.228240967
2.57160997732	349.228240967
2.57451247166	349.228240967
2.57741496599	349.228240967
2.58031746032	349.228240967
2.58321995465	349.228240967
2.58612244898	349.228240967
2.58902494331	349.228240967
2.59192743764	349.430023193
2.59482993197	349.430023193
2.5977324263	349.430023193
2.60063492063	349.631896973
2.60353741497	350.03604126
2.6064399093	350.03604126
2.60934240363	350.238311768
2.61224489796	350.03604126
2.61514739229	349.631896973
2.61804988662	349.026580811
2.62095238095	348.221069336
2.62385487528	347.216827393
2.62675736961	345.815734863
2.62965986395	345.61605835
2.63256235828	344.81842041
2.63546485261	344.221405029
2.63836734694	344.221405029
2.64126984127	343.427001953
2.6441723356	340.857849121
2.64707482993	332.880310059
2.64997732426	331.920288086
2.65287981859	331.154296875
2.65578231293	330.580932617
2.65868480726	330.390045166
2.66158730159	330.390045166
2.66448979592	333.072631836
2.66739229025	335.389343262
2.67029478458	336.553741455
2.67319727891	336.942749023
2.67609977324	336.165161133
2.67900226757	335.971038818
2.6819047619	334.615325928
2.68480725624	333.265075684
2.68770975057	331.920288086
2.6906122449	329.818023682
2.69351473923	327.918395996
2.69641723356	327.161621094
2.69931972789	326.972686768
2.70222222222	327.161621094
2.70512471655	327.539794922
2.70802721088	328.676940918
2.71092970522	330.390045166
2.71383219955	332.303955078
2.71673469388	333.457641602
2.71963718821	334.228973389
2.72253968254	334.228973389
2.72544217687	334.228973389
2.7283446712	333.650299072
2.73124716553	333.457641602
2.73414965986	333.072631836
2.7370521542	332.49597168
2.73995464853	331.920288086
2.74285714286	330.390045166
2.74575963719	328.866821289
2.74866213152	327.918395996
2.75156462585	327.729034424
2.75446712018	327.729034424
2.75736961451	327.729034424
2.76027210884	328.487121582
2.76317460317	330.008575439
2.76607709751	331.537078857
2.76897959184	332.303955078
2.77188208617	332.49597168
2.7747845805	332.49597168
2.77768707483	332.303955078
2.78058956916	332.49597168
2.78349206349	332.303955078
2.78639455782	332.112091064
2.78929705215	331.920288086
2.79219954649	331.537078857
2.79510204082	330.963043213
2.79800453515	330.199249268
2.80090702948	329.24697876
2.80380952381	328.676940918
2.80671201814	328.297454834
2.80961451247	328.487121582
2.8125170068	329.056854248
2.81541950113	330.008575439
2.81832199546	330.963043213
2.8212244898	331.728637695
2.82412698413	332.112091064
2.82702947846	332.303955078
2.82993197279	332.112091064
2.83283446712	331.728637695
2.83573696145	331.154296875
2.83863945578	330.771942139
2.84154195011	330.008575439
2.84444444444	329.056854248
2.84734693878	328.676940918
2.85024943311	328.107879639
2.85315192744	328.107879639
2.85605442177	327.918395996
2.8589569161	328.107879639
2.86185941043	328.676940918
2.86476190476	329.627563477
2.86766439909	330.580932617
2.87056689342	331.537078857
2.87346938776	332.303955078
2.87637188209	332.688079834
2.87927437642	333.072631836
2.88217687075	333.072631836
2.88507936508	332.880310059
2.88798185941	332.112091064
2.89088435374	330.771942139
2.89378684807	329.056854248
2.8966893424	327.918395996
2.89959183673	327.539794922
2.90249433107	327.539794922
2.9053968254	327.729034424
2.90829931973	328.107879639
2.91120181406	329.24697876
2.91410430839	330.390045166
2.91700680272	331.345611572
2.91990929705	332.112091064
2.92281179138	332.688079834
2.92571428571	332.688079834
2.92861678005	332.688079834
2.93151927438	332.303955078
2.93442176871	331.537078857
2.93732426304	330.580932617
2.94022675737	329.437225342
2.9431292517	328.676940918
2.94603174603	328.107879639
2.94893424036	327.918395996
2.95183673469	328.297454834
2.95473922902	329.24697876
2.95764172336	330.771942139
2.96054421769	331.920288086
2.96344671202	333.457641602
2.96634920635	334.422088623
2.96925170068	335.002105713
2.97215419501	335.195678711
2.97505668934	336.165161133
2.97795918367	0.0
2.980861678	0.0
2.98376417234	0.0
2.98666666667	0.0
2.989569161	0.0
2.99247165533	0.0
2.99537414966	0.0
2.99827664399	0.0
3.00117913832	0.0
3.00408163265	0.0
3.00698412698	0.0
3.00988662132	0.0
3.01278911565	0.0
3.01569160998	0.0
3.01859410431	0.0
3.02149659864	0.0
3.02439909297	0.0
3.0273015873	0.0
3.03020408163	0.0
3.03310657596	0.0
3.03600907029	0.0
3.03891156463	0.0
3.04181405896	0.0
3.04471655329	0.0
3.04761904762	0.0
3.05052154195	0.0
3.05342403628	0.0
3.05632653061	0.0
3.05922902494	0.0
3.06213151927	0.0
3.06503401361	0.0
3.06793650794	0.0
3.07083900227	0.0
3.0737414966	0.0
3.07664399093	0.0
3.07954648526	0.0
3.08244897959	0.0
3.08535147392	0.0
3.08825396825	0.0
3.09115646259	0.0
3.09405895692	0.0
3.09696145125	0.0
3.09986394558	0.0
3.10276643991	0.0
3.10566893424	0.0
3.10857142857	0.0
3.1114739229	0.0
3.11437641723	0.0
3.11727891156	0.0
3.1201814059	0.0
3.12308390023	0.0
3.12598639456	0.0
3.12888888889	0.0
3.13179138322	0.0
3.13469387755	0.0
3.13759637188	0.0
3.14049886621	0.0
3.14340136054	0.0
3.14630385488	0.0
3.14920634921	0.0
3.15210884354	0.0
3.15501133787	0.0
3.1579138322	0.0
3.16081632653	0.0
3.16371882086	0.0
3.16662131519	0.0
3.16952380952	0.0
3.17242630385	0.0
3.17532879819	0.0
3.17823129252	0.0
3.18113378685	0.0
3.18403628118	0.0
3.18693877551	0.0
3.18984126984	0.0
3.19274376417	0.0
3.1956462585	0.0
3.19854875283	0.0
3.20145124717	0.0
3.2043537415	0.0
3.20725623583	0.0
3.21015873016	0.0
3.21306122449	0.0
3.21596371882	0.0
3.21886621315	0.0
3.22176870748	0.0
3.22467120181	0.0
3.22757369615	0.0
3.23047619048	0.0
3.23337868481	0.0
3.23628117914	0.0
3.23918367347	0.0
3.2420861678	0.0
3.24498866213	0.0
3.24789115646	0.0
3.25079365079	0.0
3.25369614512	0.0
3.25659863946	0.0
3.25950113379	0.0
3.26240362812	442.03793335
3.26530612245	440.0
3.26820861678	439.491973877
3.27111111111	438.477722168
3.27401360544	437.465789795
3.27691609977	436.708374023
3.2798185941	435.952270508
3.28272108844	435.700531006
3.28562358277	435.197479248
3.2885260771	435.197479248
3.29142857143	435.448913574
3.29433106576	436.204162598
3.29723356009	436.960693359
3.30013605442	437.971466064
3.30303854875	438.224517822
3.30594104308	438.984558105
3.30884353741	439.745910645
3.31174603175	440.254241943
3.31464852608	440.254241943
3.31755102041	440.0
3.32045351474	439.745910645
3.32335600907	438.731048584
3.3262585034	437.718536377
3.32916099773	437.213165283
3.33206349206	436.456207275
3.33496598639	435.952270508
3.33786848073	435.197479248
3.34077097506	434.946166992
3.34367346939	434.444000244
3.34657596372	434.444000244
3.34947845805	434.946166992
3.35238095238	435.448913574
3.35528344671	435.952270508
3.35818594104	436.708374023
3.36108843537	436.960693359
3.36399092971	436.960693359
3.36689342404	436.708374023
3.36979591837	436.708374023
3.3726984127	436.456207275
3.37560090703	436.708374023
3.37850340136	437.213165283
3.38140589569	438.224517822
3.38430839002	438.984558105
3.38721088435	439.491973877
3.39011337868	439.745910645
3.39301587302	439.745910645
3.39591836735	439.238189697
3.39882086168	438.984558105
3.40172335601	438.477722168
3.40462585034	438.477722168
3.40752834467	438.224517822
3.410430839	437.971466064
3.41333333333	437.971466064
3.41623582766	438.224517822
3.419138322	438.224517822
3.42204081633	438.224517822
3.42494331066	438.224517822
3.42784580499	438.224517822
3.43074829932	438.224517822
3.43365079365	438.477722168
3.43655328798	438.731048584
3.43945578231	439.238189697
3.44235827664	439.745910645
3.44526077098	439.745910645
3.44816326531	439.491973877
3.45106575964	439.238189697
3.45396825397	438.984558105
3.4568707483	438.477722168
3.45977324263	437.971466064
3.46267573696	437.718536377
3.46557823129	437.718536377
3.46848072562	437.465789795
3.47138321995	437.718536377
3.47428571429	437.971466064
3.47718820862	437.971466064
3.48009070295	437.718536377
3.48299319728	437.465789795
3.48589569161	437.213165283
3.48879818594	437.213165283
3.49170068027	437.465789795
3.4946031746	437.718536377
3.49750566893	437.971466064
3.50040816327	438.224517822
3.5033106576	438.477722168
3.50621315193	438.731048584
3.50911564626	438.731048584
3.51201814059	438.731048584
3.51492063492	438.731048584
3.51782312925	438.731048584
3.52072562358	439.238189697
3.52362811791	439.238189697
3.52653061224	439.238189697
3.52943310658	439.238189697
3.53233560091	438.984558105
3.53523809524	438.731048584
3.53814058957	438.224517822
3.5410430839	438.224517822
3.54394557823	437.971466064
3.54684807256	437.971466064
3.54975056689	437.971466064
3.55265306122	438.477722168
3.55555555556	439.745910645
3.55845804989	441.017791748
3.56136054422	442.804595947
3.56426303855	443.572570801
3.56716553288	443.060455322
3.57006802721	442.804595947
3.57297052154	441.017791748
3.57587301587	435.197479248
3.5787755102	427.968170166
3.58167800454	422.808258057
3.58458049887	420.858978271
3.5874829932	419.402893066
3.59038548753	418.193359375
3.59328798186	413.867858887
3.59619047619	412.197814941
3.59909297052	412.197814941
3.60199546485	413.628875732
3.60489795918	412.674285889
3.60780045351	412.674285889
3.61070294785	416.505889893
3.61360544218	414.825195312
3.61650793651	414.346252441
3.61941043084	414.106994629
3.62231292517	413.628875732
3.6252154195	413.151306152
3.62811791383	412.674285889
3.63102040816	411.959777832
3.63392290249	411.721893311
3.63682539683	411.721893311
3.63972789116	411.959777832
3.64263038549	412.435974121
3.64553287982	412.912719727
3.64843537415	413.628875732
3.65133786848	414.346252441
3.65424036281	415.064880371
3.65714285714	415.064880371
3.66004535147	415.3046875
3.6629478458	415.064880371
3.66585034014	414.585662842
3.66875283447	414.106994629
3.6716553288	414.106994629
3.67455782313	413.867858887
3.67746031746	413.867858887
3.68036281179	414.346252441
3.68326530612	414.346252441
3.68616780045	414.585662842
3.68907029478	414.346252441
3.69197278912	414.106994629
3.69487528345	413.628875732
3.69777777778	412.912719727
3.70068027211	412.674285889
3.70358276644	412.435974121
3.70648526077	412.435974121
3.7093877551	412.674285889
3.71229024943	413.151306152
3.71519274376	413.628875732
3.7180952381	414.346252441
3.72099773243	414.825195312
3.72390022676	415.064880371
3.72680272109	415.3046875
3.72970521542	415.064880371
3.73260770975	414.825195312
3.73551020408	414.346252441
3.73841269841	414.106994629
3.74131519274	413.628875732
3.74421768707	413.390014648
3.74712018141	413.151306152
3.75002267574	413.390014648
3.75292517007	413.628875732
3.7558276644	414.346252441
3.75873015873	414.585662842
3.76163265306	415.064880371
3.76453514739	415.3046875
3.76743764172	415.3046875
3.77034013605	415.064880371
3.77324263039	414.585662842
3.77614512472	414.106994629
3.77904761905	413.867858887
3.78195011338	413.390014648
3.78485260771	413.151306152
3.78775510204	413.151306152
3.79065759637	413.151306152
3.7935600907	413.390014648
3.79646258503	413.390014648
3.79936507937	413.867858887
3.8022675737	414.106994629
3.80517006803	414.585662842
3.80807256236	414.825195312
3.81097505669	414.825195312
3.81387755102	414.825195312
3.81678004535	414.825195312
3.81968253968	414.585662842
3.82258503401	414.106994629
3.82548752834	413.867858887
3.82839002268	413.867858887
3.83129251701	414.106994629
3.83419501134	414.346252441
3.83709750567	414.585662842
3.84	415.064880371
3.84290249433	415.3046875
3.84580498866	415.544647217
3.84870748299	415.3046875
3.85160997732	415.064880371
3.85451247166	414.825195312
3.85741496599	414.585662842
3.86031746032	414.346252441
3.86321995465	414.106994629
3.86612244898	414.106994629
3.86902494331	414.106994629
3.87192743764	414.585662842
3.87482993197	414.825195312
3.8777324263	414.825195312
3.88063492063	414.825195312
3.88353741497	414.346252441
3.8864399093	413.628875732
3.88934240363	413.390014648
3.89224489796	413.390014648
3.89514739229	413.628875732
3.89804988662	413.867858887
3.90095238095	414.106994629
3.90385487528	414.106994629
3.90675736961	413.867858887
3.90965986395	413.628875732
3.91256235828	413.390014648
3.91546485261	413.390014648
3.91836734694	413.390014648
3.92126984127	414.585662842
3.9241723356	415.544647217
3.92707482993	416.505889893
3.92997732426	416.746520996
3.93287981859	416.024993896
3.93578231293	415.544647217
3.93868480726	414.585662842
3.94158730159	413.628875732
3.94448979592	412.674285889
3.94739229025	411.246520996
3.95029478458	347.216827393
3.95319727891	347.216827393
3.95609977324	347.216827393
3.95900226757	347.417449951
3.9619047619	348.019989014
3.96480725624	348.825012207
3.96770975057	349.228240967
3.9706122449	348.825012207
3.97351473923	348.221069336
3.97641723356	347.819030762
3.97931972789	347.819030762
3.98222222222	348.221069336
3.98512471655	348.422271729
3.98802721088	348.623596191
3.99092970522	349.026580811
3.99383219955	349.631896973
3.99673469388	350.03604126
3.99963718821	349.83392334
4.00253968254	349.228240967
4.00544217687	348.422271729
4.0083446712	348.221069336
4.01124716553	348.221069336
4.01414965986	348.019989014
4.0170521542	348.221069336
4.01995464853	348.422271729
4.02285714286	348.825012207
4.02575963719	349.430023193
4.02866213152	350.03604126
4.03156462585	350.238311768
4.03446712018	350.238311768
4.03736961451	350.03604126
4.04027210884	350.03604126
4.04317460317	350.238311768
4.04607709751	350.03604126
4.04897959184	349.83392334
4.05188208617	349.631896973
4.0547845805	349.228240967
4.05768707483	349.430023193
4.06058956916	349.430023193
4.06349206349	349.228240967
4.06639455782	349.228240967
4.06929705215	349.228240967
4.07219954649	349.430023193
4.07510204082	349.631896973
4.07800453515	350.03604126
4.08090702948	350.03604126
4.08380952381	349.83392334
4.08671201814	349.83392334
4.08961451247	349.83392334
4.0925170068	349.631896973
4.09541950113	349.430023193
4.09832199546	349.228240967
4.1012244898	348.825012207
4.10412698413	349.026580811
4.10702947846	349.026580811
4.10993197279	349.026580811
4.11283446712	349.228240967
4.11573696145	349.228240967
4.11863945578	349.430023193
4.12154195011	349.228240967
4.12444444444	349.228240967
4.12734693878	349.228240967
4.13024943311	349.026580811
4.13315192744	348.825012207
4.13605442177	348.623596191
4.1389569161	348.422271729
4.14185941043	348.422271729
4.14476190476	348.623596191
4.14766439909	348.825012207
4.15056689342	348.825012207
4.15346938776	349.026580811
4.15637188209	349.228240967
4.15927437642	349.228240967
4.16217687075	349.430023193
4.16507936508	349.430023193
4.16798185941	349.631896973
4.17088435374	349.430023193
4.17378684807	349.430023193
4.1766893424	349.430023193
4.17959183673	349.430023193
4.18249433107	349.430023193
4.1853968254	349.228240967
4.18829931973	349.228240967
4.19120181406	349.631896973
4.19410430839	350.03604126
4.19700680272	350.440673828
4.19990929705	350.845733643
4.20281179138	350.845733643
4.20571428571	350.440673828
4.20861678005	350.03604126
4.21151927438	349.631896973
4.21442176871	349.026580811
4.21732426304	348.221069336
4.22022675737	347.618164062
4.2231292517	347.618164062
4.22603174603	348.221069336
4.22893424036	349.228240967
4.23183673469	411.484161377
4.23473922902	411.484161377
4.23764172336	412.435974121
4.24054421769	412.674285889
4.24344671202	412.435974121
4.24634920635	412.435974121
4.24925170068	412.674285889
4.25215419501	413.151306152
4.25505668934	413.867858887
4.25795918367	414.106994629
4.260861678	413.628875732
4.26376417234	412.912719727
4.26666666667	412.435974121
4.269569161	412.435974121
4.27247165533	412.674285889
4.27537414966	412.674285889
4.27827664399	412.912719727
4.28117913832	413.628875732
4.28408163265	414.346252441
4.28698412698	415.3046875
4.28988662132	415.784759521
4.29278911565	415.784759521
4.29569160998	415.544647217
4.29859410431	415.064880371
4.30149659864	414.585662842
4.30439909297	414.346252441
4.3073015873	414.106994629
4.31020408163	413.628875732
4.31310657596	413.867858887
4.31600907029	413.867858887
4.31891156463	414.106994629
4.32181405896	414.106994629
4.32471655329	413.867858887
4.32761904762	413.628875732
4.33052154195	413.628875732
4.33342403628	413.628875732
4.33632653061	413.390014648
4.33922902494	413.151306152
4.34213151927	413.151306152
4.34503401361	413.390014648
4.34793650794	413.867858887
4.35083900227	414.106994629
4.3537414966	414.585662842
4.35664399093	414.585662842
4.35954648526	414.585662842
4.36244897959	414.825195312
4.36535147392	414.585662842
4.36825396825	414.585662842
4.37115646259	414.106994629
4.37405895692	413.867858887
4.37696145125	413.867858887
4.37986394558	414.106994629
4.38276643991	414.106994629
4.38566893424	414.346252441
4.38857142857	414.346252441
4.3914739229	414.346252441
4.39437641723	414.585662842
4.39727891156	414.585662842
4.4001814059	414.585662842
4.40308390023	414.346252441
4.40598639456	414.106994629
4.40888888889	413.867858887
4.41179138322	413.867858887
4.41469387755	413.867858887
4.41759637188	413.628875732
4.42049886621	413.628875732
4.42340136054	413.628875732
4.42630385488	413.628875732
4.42920634921	413.628875732
4.43210884354	413.628875732
4.43501133787	413.628875732
4.4379138322	413.867858887
4.44081632653	414.106994629
4.44371882086	414.346252441
4.44662131519	414.585662842
4.44952380952	414.825195312
4.45242630385	414.825195312
4.45532879819	414.585662842
4.45823129252	414.585662842
4.46113378685	414.585662842
4.46403628118	414.825195312
4.46693877551	414.825195312
4.46984126984	414.585662842
4.47274376417	414.825195312
4.4756462585	414.825195312
4.47854875283	414.825195312
4.48145124717	414.585662842
4.4843537415	414.825195312
4.48725623583	414.585662842
4.49015873016	415.064880371
4.49306122449	415.064880371
4.49596371882	415.544647217
4.49886621315	415.3046875
4.50176870748	415.064880371
4.50467120181	414.346252441
4.50757369615	413.628875732
4.51047619048	412.912719727
4.51337868481	412.912719727
4.51628117914	413.390014648
4.51918367347	414.106994629
4.5220861678	414.825195312
4.52498866213	415.064880371
4.52789115646	414.825195312
4.53079365079	414.346252441
4.53369614512	413.628875732
4.53659863946	413.151306152
4.53950113379	412.912719727
4.54240362812	413.628875732
4.54530612245	414.825195312
4.54820861678	415.3046875
4.55111111111	415.544647217
4.55401360544	415.544647217
4.55691609977	414.585662842
4.5598185941	413.867858887
4.56272108844	413.390014648
4.56562358277	412.912719727
4.5685260771	411.959777832
4.57142857143	346.815948486
4.57433106576	346.815948486
4.57723356009	346.815948486
4.58013605442	347.016326904
4.58303854875	347.618164062
4.58594104308	348.623596191
4.58884353741	349.228240967
4.59174603175	348.623596191
4.59464852608	348.019989014
4.59755102041	347.417449951
4.60045351474	347.618164062
4.60335600907	347.819030762
4.6062585034	348.221069336
4.60916099773	348.422271729
4.61206349206	349.026580811
4.61496598639	349.83392334
4.61786848073	350.440673828
4.62077097506	350.238311768
4.62367346939	349.430023193
4.62657596372	348.825012207
4.62947845805	348.422271729
4.63238095238	348.422271729
4.63528344671	348.422271729
4.63818594104	348.422271729
4.64108843537	348.422271729
4.64399092971	348.825012207
4.64689342404	349.430023193
4.64979591837	349.83392334
4.6526984127	350.238311768
4.65560090703	350.238311768
4.65850340136	350.238311768
4.66140589569	350.238311768
4.66430839002	350.238311768
4.66721088435	350.238311768
4.67011337868	350.03604126
4.67301587302	349.631896973
4.67591836735	349.430023193
4.67882086168	349.228240967
4.68172335601	349.228240967
4.68462585034	349.228240967
4.68752834467	349.228240967
4.690430839	349.026580811
4.69333333333	349.228240967
4.69623582766	349.631896973
4.699138322	349.83392334
4.70204081633	350.03604126
4.70494331066	350.03604126
4.70784580499	350.03604126
4.71074829932	349.83392334
4.71365079365	349.631896973
4.71655328798	349.228240967
4.71945578231	349.026580811
4.72235827664	348.825012207
4.72526077098	348.825012207
4.72816326531	348.825012207
4.73106575964	349.026580811
4.73396825397	349.228240967
4.7368707483	349.228240967
4.73977324263	349.228240967
4.74267573696	349.430023193
4.74557823129	349.228240967
4.74848072562	349.228240967
4.75138321995	349.026580811
4.75428571429	348.623596191
4.75718820862	348.422271729
4.76009070295	348.422271729
4.76299319728	348.623596191
4.76589569161	348.825012207
4.76879818594	349.026580811
4.77170068027	349.228240967
4.7746031746	349.228240967
4.77750566893	349.228240967
4.78040816327	349.228240967
4.7833106576	349.430023193
4.78621315193	349.430023193
4.78911564626	349.430023193
4.79201814059	349.430023193
4.79492063492	349.631896973
4.79782312925	349.631896973
4.80072562358	349.631896973
4.80362811791	349.631896973
4.80653061224	349.430023193
4.80943310658	349.631896973
4.81233560091	349.430023193
4.81523809524	349.026580811
4.81814058957	348.825012207
4.8210430839	348.422271729
4.82394557823	348.422271729
4.82684807256	348.422271729
4.82975056689	348.623596191
4.83265306122	349.026580811
4.83555555556	349.430023193
4.83845804989	349.83392334
4.84136054422	350.440673828
4.84426303855	350.643157959
4.84716553288	350.845733643
4.85006802721	350.238311768
4.85297052154	349.228240967
4.85587301587	347.417449951
4.8587755102	344.81842041
4.86167800454	344.420288086
4.86458049887	342.041229248
4.8674829932	340.661010742
4.87038548753	340.07119751
4.87328798186	336.553741455
4.87619047619	332.49597168
4.87909297052	331.154296875
4.88199546485	331.154296875
4.88489795918	330.963043213
4.88780045351	330.963043213
4.89070294785	330.963043213
4.89360544218	330.963043213
4.89650793651	330.963043213
4.89941043084	330.963043213
4.90231292517	339.874816895
4.9052154195	338.89465332
4.90811791383	337.527130127
4.91102040816	336.359375
4.91392290249	335.971038818
4.91682539683	335.195678711
4.91972789116	335.002105713
4.92263038549	335.195678711
4.92553287982	334.228973389
4.92843537415	334.035980225
4.93133786848	333.457641602
4.93424036281	331.345611572
4.93714285714	330.199249268
4.94004535147	329.627563477
4.9429478458	329.437225342
4.94585034014	329.24697876
4.94875283447	329.627563477
4.9516553288	330.771942139
4.95455782313	331.537078857
4.95746031746	331.537078857
4.96036281179	331.537078857
4.96326530612	331.154296875
4.96616780045	331.154296875
4.96907029478	331.345611572
4.97197278912	331.537078857
4.97487528345	331.920288086
4.97777777778	331.537078857
4.98068027211	330.580932617
4.98358276644	329.437225342
4.98648526077	328.487121582
4.9893877551	327.729034424
4.99229024943	327.161621094
4.99519274376	327.161621094
4.9980952381	327.918395996
5.00099773243	329.24697876
5.00390022676	330.580932617
5.00680272109	331.537078857
5.00970521542	332.112091064
5.01260770975	332.688079834
5.01551020408	333.072631836
5.01841269841	333.265075684
5.02131519274	333.072631836
5.02421768707	332.688079834
5.02712018141	332.112091064
5.03002267574	331.154296875
5.03292517007	330.390045166
5.0358276644	329.437225342
5.03873015873	328.676940918
5.04163265306	328.107879639
5.04453514739	327.918395996
5.04743764172	328.297454834
5.05034013605	328.866821289
5.05324263039	329.627563477
5.05614512472	330.199249268
5.05904761905	330.390045166
5.06195011338	330.580932617
5.06485260771	330.390045166
5.06775510204	330.008575439
5.07065759637	329.627563477
5.0735600907	329.24697876
5.07646258503	329.056854248
5.07936507937	329.056854248
5.0822675737	329.24697876
5.08517006803	329.627563477
5.08807256236	329.818023682
5.09097505669	330.199249268
5.09387755102	330.390045166
5.09678004535	330.580932617
5.09968253968	330.580932617
5.10258503401	330.580932617
5.10548752834	330.580932617
5.10839002268	330.390045166
5.11129251701	330.199249268
5.11419501134	329.627563477
5.11709750567	329.24697876
5.12	328.866821289
5.12290249433	328.676940918
5.12580498866	328.487121582
5.12870748299	328.297454834
5.13160997732	328.487121582
5.13451247166	328.676940918
5.13741496599	329.056854248
5.14031746032	329.437225342
5.14321995465	329.627563477
5.14612244898	330.008575439
5.14902494331	330.199249268
5.15192743764	330.390045166
5.15482993197	330.580932617
5.1577324263	330.580932617
5.16063492063	330.580932617
5.16353741497	330.390045166
5.1664399093	330.199249268
5.16934240363	330.008575439
5.17224489796	330.008575439
5.17514739229	330.008575439
5.17804988662	330.008575439
5.18095238095	330.199249268
5.18385487528	330.390045166
5.18675736961	330.580932617
5.18965986395	330.771942139
5.19256235828	330.771942139
5.19546485261	330.771942139
5.19836734694	330.771942139
5.20126984127	330.771942139
5.2041723356	330.580932617
5.20707482993	330.390045166
5.20997732426	330.199249268
5.21287981859	330.008575439
5.21578231293	329.627563477
5.21868480726	329.437225342
5.22158730159	329.437225342
5.22448979592	329.627563477
5.22739229025	330.008575439
5.23029478458	330.390045166
5.23319727891	330.771942139
5.23609977324	330.963043213
5.23900226757	331.345611572
5.2419047619	331.345611572
5.24480725624	331.345611572
5.24770975057	331.154296875
5.2506122449	330.771942139
5.25351473923	330.580932617
5.25641723356	330.199249268
5.25931972789	329.627563477
5.26222222222	329.437225342
5.26512471655	329.056854248
5.26802721088	329.056854248
5.27092970522	329.056854248
5.27383219955	329.437225342
5.27673469388	329.818023682
5.27963718821	330.199249268
5.28253968254	330.580932617
5.28544217687	330.771942139
5.2883446712	330.771942139
5.29124716553	330.771942139
5.29414965986	330.580932617
5.2970521542	330.008575439
5.29995464853	329.818023682
5.30285714286	329.437225342
5.30575963719	329.24697876
5.30866213152	329.24697876
5.31156462585	329.24697876
5.31446712018	329.437225342
5.31736961451	329.627563477
5.32027210884	330.008575439
5.32317460317	330.390045166
5.32607709751	330.771942139
5.32897959184	330.963043213
5.33188208617	331.154296875
5.3347845805	330.963043213
5.33768707483	330.771942139
5.34058956916	330.390045166
5.34349206349	330.008575439
5.34639455782	329.437225342
5.34929705215	329.056854248
5.35219954649	329.056854248
5.35510204082	329.056854248
5.35800453515	329.24697876
5.36090702948	329.24697876
5.36380952381	329.818023682
5.36671201814	330.199249268
5.36961451247	330.580932617
5.3725170068	330.771942139
5.37541950113	330.963043213
5.37832199546	331.154296875
5.3812244898	330.963043213
5.38412698413	330.963043213
5.38702947846	330.771942139
5.38993197279	330.390045166
5.39283446712	330.008575439
5.39573696145	329.818023682
5.39863945578	329.437225342
5.40154195011	329.24697876
5.40444444444	329.24697876
5.40734693878	329.056854248
5.41024943311	329.437225342
5.41315192744	329.437225342
5.41605442177	329.818023682
5.4189569161	330.199249268
5.42185941043	330.390045166
5.42476190476	330.771942139
5.42766439909	330.771942139
5.43056689342	330.771942139
5.43346938776	330.580932617
5.43637188209	330.390045166
5.43927437642	330.008575439
5.44217687075	329.627563477
5.44507936508	329.24697876
5.44798185941	329.056854248
5.45088435374	328.866821289
5.45378684807	328.866821289
5.4566893424	328.866821289
5.45959183673	329.056854248
5.46249433107	329.437225342
5.4653968254	330.008575439
5.46829931973	330.390045166
5.47120181406	330.771942139
5.47410430839	330.963043213
5.47700680272	330.963043213
5.47990929705	330.771942139
5.48281179138	330.580932617
5.48571428571	330.008575439
5.48861678005	329.627563477
5.49151927438	329.24697876
5.49442176871	329.056854248
5.49732426304	328.866821289
5.50022675737	328.866821289
5.5031292517	328.866821289
5.50603174603	329.056854248
5.50893424036	329.437225342
5.51183673469	330.008575439
5.51473922902	330.390045166
5.51764172336	330.580932617
5.52054421769	330.771942139
5.52344671202	330.771942139
5.52634920635	330.580932617
5.52925170068	330.390045166
5.53215419501	330.199249268
5.53505668934	330.008575439
5.53795918367	329.818023682
5.540861678	329.627563477
5.54376417234	329.627563477
5.54666666667	329.627563477
5.549569161	329.818023682
5.55247165533	330.008575439
5.55537414966	330.199249268
5.55827664399	330.580932617
5.56117913832	330.771942139
5.56408163265	330.963043213
5.56698412698	0.0
5.56988662132	0.0
5.57278911565	0.0
5.57569160998	0.0
5.57859410431	0.0
5.58149659864	0.0
5.58439909297	0.0
5.5873015873	0.0
5.59020408163	0.0
5.59310657596	0.0
5.59600907029	0.0
5.59891156463	0.0
5.60181405896	0.0
5.60471655329	0.0
5.60761904762	0.0
5.61052154195	0.0
5.61342403628	0.0
5.61632653061	0.0
5.61922902494	0.0
5.62213151927	0.0
5.62503401361	0.0
5.62793650794	0.0
5.63083900227	0.0
5.6337414966	0.0
5.63664399093	0.0
5.63954648526	0.0
5.64244897959	0.0
5.64535147392	0.0
5.64825396825	0.0
5.65115646259	0.0
5.65405895692	0.0
5.65696145125	0.0
5.65986394558	0.0
5.66276643991	0.0
5.66566893424	0.0
5.66857142857	0.0
5.6714739229	0.0
5.67437641723	0.0
5.67727891156	0.0
5.6801814059	0.0
5.68308390023	0.0
5.68598639456	0.0
5.68888888889	0.0
5.69179138322	0.0
5.69469387755	0.0
5.69759637188	0.0
5.70049886621	0.0
5.70340136054	0.0
5.70630385488	0.0
5.70920634921	0.0
5.71210884354	0.0
5.71501133787	0.0
5.7179138322	0.0
5.72081632653	0.0
5.72371882086	0.0
5.72662131519	0.0
5.72952380952	0.0
5.73242630385	0.0
5.73532879819	0.0
5.73823129252	0.0
5.74113378685	0.0
5.74403628118	0.0
5.74693877551	0.0
5.74984126984	0.0
5.75274376417	0.0
5.7556462585	0.0
5.75854875283	0.0
5.76145124717	0.0
5.7643537415	0.0
5.76725623583	0.0
5.77015873016	0.0
5.77306122449	0.0
5.77596371882	0.0
5.77886621315	0.0
5.78176870748	0.0
5.78467120181	0.0
5.78757369615	0.0
5.79047619048	0.0
5.79337868481	0.0
5.79628117914	0.0
5.79918367347	0.0
5.8020861678	0.0
5.80498866213	0.0
5.80789115646	0.0
5.81079365079	0.0
5.81369614512	0.0
5.81659863946	0.0
5.81950113379	0.0
5.82240362812	0.0
5.82530612245	0.0
5.82820861678	0.0
5.83111111111	0.0
5.83401360544	0.0
5.83691609977	0.0
5.8398185941	0.0
5.84272108844	0.0
5.84562358277	0.0
5.8485260771	0.0
5.85142857143	0.0
5.85433106576	0.0
5.85723356009	0.0
5.86013605442	0.0
5.86303854875	0.0
5.86594104308	0.0
5.86884353741	0.0
5.87174603175	0.0
5.87464852608	0.0
5.87755102041	0.0
5.88045351474	0.0
5.88335600907	0.0
5.8862585034	0.0
5.88916099773	0.0
5.89206349206	0.0
5.89496598639	0.0
5.89786848073	0.0
5.90077097506	0.0
5.90367346939	0.0
5.90657596372	0.0
5.90947845805	0.0
5.91238095238	0.0
5.91528344671	0.0
5.91818594104	0.0
5.92108843537	0.0
5.92399092971	0.0
5.92689342404	0.0
5.92979591837	0.0
5.9326984127	0.0
5.93560090703	0.0
5.93850340136	0.0
