0.0	0.0
0.00290249433107	0.0
0.00580498866213	0.0
0.0087074829932	0.0
0.0116099773243	138.111831665
0.0145124716553	138.111831665
0.0174149659864	138.431304932
0.0203174603175	138.75151062
0.0232199546485	138.75151062
0.0261224489796	138.671386719
0.0290249433107	138.511291504
0.0319274376417	138.111831665
0.0348299319728	137.79309082
0.0377324263039	137.952362061
0.0406349206349	139.072463989
0.043537414966	138.111831665
0.0464399092971	137.79309082
0.0493424036281	138.032073975
0.0522448979592	138.431304932
0.0551473922902	139.152816772
0.0580498866213	140.607177734
0.0609523809524	142.323135376
0.0638548752834	143.147598267
0.0667573696145	143.313064575
0.0696598639456	142.899765015
0.0725623582766	142.240951538
0.0754648526077	141.258422852
0.0783673469388	140.201675415
0.0812698412698	139.233230591
0.0841723356009	139.474700928
0.087074829932	140.851043701
0.089977324263	142.158813477
0.0928798185941	143.72756958
0.0957823129252	144.810897827
0.0986848072562	144.978286743
0.101587301587	144.978286743
0.104489795918	144.727279663
0.107392290249	144.2265625
0.11029478458	143.810623169
0.113197278912	143.561630249
0.116099773243	143.313064575
0.119002267574	143.147598267
0.121904761905	143.230316162
0.124807256236	143.72756958
0.127709750567	144.309890747
0.130612244898	144.978286743
0.133514739229	145.733932495
0.13641723356	146.408920288
0.139319727891	146.662857056
0.142222222222	146.578170776
0.145124716553	146.155441284
0.148027210884	145.565673828
0.150929705215	144.978286743
0.153832199546	144.393264771
0.156734693878	144.060043335
0.159637188209	144.143280029
0.16253968254	144.393264771
0.165442176871	145.062057495
0.168344671202	145.397613525
0.171247165533	145.565673828
0.174149659864	145.986694336
0.177052154195	146.239883423
0.179954648526	146.155441284
0.182857142857	145.565673828
0.185759637188	144.894561768
0.188662131519	144.894561768
0.19156462585	144.894561768
0.194467120181	145.229736328
0.197369614512	145.902389526
0.200272108844	146.578170776
0.203174603175	147.427276611
0.206077097506	149.05418396
0.208979591837	150.177658081
0.211882086168	151.222229004
0.214784580499	152.098251343
0.21768707483	153.067733765
0.220589569161	154.132400513
0.223492063492	154.846298218
0.226394557823	155.47366333
0.229297052154	155.923339844
0.232199546485	156.917205811
0.235102040816	158.008651733
0.238004535147	159.107681274
0.240907029478	160.029388428
0.24380952381	160.677749634
0.246712018141	161.32875061
0.249614512472	161.888839722
0.252517006803	162.357070923
0.255419501134	162.826644897
0.258321995465	163.109054565
0.261224489796	163.109054565
0.264126984127	162.920730591
0.267029478458	162.450881958
0.269931972789	161.795349121
0.27283446712	161.421966553
0.275736961451	161.049423218
0.278639455782	160.956420898
0.281541950113	160.677749634
0.284444444444	160.770584106
0.287346938776	160.677749634
0.290249433107	160.492233276
0.293151927438	160.39956665
0.296054421769	160.39956665
0.2989569161	161.049423218
0.301859410431	161.701919556
0.304761904762	162.357070923
0.307664399093	163.109054565
0.310566893424	163.675323486
0.313469387755	164.338470459
0.316371882086	164.813781738
0.319274376417	165.00428772
0.322176870748	164.813781738
0.325079365079	164.718612671
0.32798185941	164.528427124
0.330884353741	164.433410645
0.333786848073	164.243560791
0.336689342404	163.864517212
0.339591836735	163.391937256
0.342494331066	163.014862061
0.345396825397	162.732620239
0.348299319728	162.450881958
0.351201814059	162.263320923
0.35410430839	161.795349121
0.357006802721	161.049423218
0.359909297052	160.492233276
0.362811791383	160.121856689
0.365714285714	160.214370728
0.368616780045	161.235580444
0.371519274376	161.701919556
0.374421768707	161.888839722
0.377324263039	161.982376099
0.38022675737	161.888839722
0.383129251701	161.888839722
0.386031746032	161.888839722
0.388934240363	161.888839722
0.391836734694	161.982376099
0.394739229025	162.075973511
0.397641723356	162.263320923
0.400544217687	162.357070923
0.403446712018	162.54473877
0.406349206349	162.450881958
0.40925170068	162.357070923
0.412154195011	162.169616699
0.415056689342	161.888839722
0.417959183673	161.701919556
0.420861678005	162.075973511
0.423764172336	162.075973511
0.426666666667	162.263320923
0.429569160998	162.638656616
0.432471655329	163.014862061
0.43537414966	163.109054565
0.438276643991	163.580810547
0.441179138322	163.769897461
0.444081632653	163.959197998
0.446984126984	163.959197998
0.449886621315	163.864517212
0.452789115646	163.959197998
0.455691609977	164.148727417
0.458594104308	164.338470459
0.461496598639	164.433410645
0.464399092971	164.433410645
0.467301587302	164.338470459
0.470204081633	164.433410645
0.473106575964	164.909011841
0.476009070295	165.385971069
0.478911564626	165.672805786
0.481814058957	165.672805786
0.484716553288	165.672805786
0.487619047619	165.672805786
0.49052154195	165.672805786
0.493424036281	165.672805786
0.496326530612	165.672805786
0.499229024943	165.577148438
0.502131519274	165.577148438
0.505034013605	165.481521606
0.507936507937	165.481521606
0.510839002268	165.481521606
0.513741496599	165.385971069
0.51664399093	165.290466309
0.519546485261	165.290466309
0.522448979592	165.099624634
0.525351473923	164.909011841
0.528253968254	164.718612671
0.531156462585	164.433410645
0.534058956916	164.243560791
0.536961451247	164.053939819
0.539863945578	163.864517212
0.542766439909	163.864517212
0.54566893424	163.864517212
0.548571428571	163.864517212
0.551473922902	163.864517212
0.554376417234	163.864517212
0.557278911565	163.864517212
0.560181405896	163.864517212
0.563083900227	163.864517212
0.565986394558	163.864517212
0.568888888889	163.959197998
0.57179138322	164.053939819
0.574693877551	164.148727417
0.577596371882	164.243560791
0.580498866213	164.338470459
0.583401360544	164.433410645
0.586303854875	164.528427124
0.589206349206	164.62348938
0.592108843537	164.528427124
0.595011337868	164.338470459
0.5979138322	164.148727417
0.600816326531	163.959197998
0.603718820862	163.769897461
0.606621315193	163.675323486
0.609523809524	163.769897461
0.612426303855	163.769897461
0.615328798186	163.864517212
0.618231292517	163.959197998
0.621133786848	164.053939819
0.624036281179	163.959197998
0.62693877551	163.864517212
0.629841269841	163.959197998
0.632743764172	163.959197998
0.635646258503	164.338470459
0.638548752834	164.528427124
0.641451247166	164.813781738
0.644353741497	164.813781738
0.647256235828	164.909011841
0.650158730159	165.099624634
0.65306122449	165.195022583
0.655963718821	165.290466309
0.658866213152	165.195022583
0.661768707483	165.099624634
0.664671201814	164.909011841
0.667573696145	164.718612671
0.670476190476	164.62348938
0.673378684807	164.62348938
0.676281179138	164.62348938
0.679183673469	164.718612671
0.6820861678	164.718612671
0.684988662132	164.62348938
0.687891156463	164.528427124
0.690793650794	164.433410645
0.693696145125	164.243560791
0.696598639456	164.053939819
0.699501133787	163.864517212
0.702403628118	163.769897461
0.705306122449	163.675323486
0.70820861678	163.580810547
0.711111111111	163.580810547
0.714013605442	163.675323486
0.716916099773	163.675323486
0.719818594104	163.675323486
0.722721088435	163.580810547
0.725623582766	163.297592163
0.728526077098	163.109054565
0.731428571429	163.014862061
0.73433106576	163.014862061
0.737233560091	163.014862061
0.740136054422	162.920730591
0.743038548753	162.826644897
0.745941043084	162.638656616
0.748843537415	162.450881958
0.751746031746	162.263320923
0.754648526077	162.169616699
0.757551020408	161.982376099
0.760453514739	161.795349121
0.76335600907	161.515228271
0.766258503401	161.32875061
0.769160997732	161.32875061
0.772063492063	161.515228271
0.774965986395	161.608551025
0.777868480726	161.608551025
0.780770975057	161.421966553
0.783673469388	161.235580444
0.786575963719	160.956420898
0.78947845805	160.677749634
0.792380952381	160.584976196
0.795283446712	160.39956665
0.798185941043	160.306930542
0.801088435374	160.121856689
0.803990929705	160.121856689
0.806893424036	160.029388428
0.809795918367	160.029388428
0.812698412698	160.029388428
0.815600907029	160.121856689
0.818503401361	160.214370728
0.821405895692	160.306930542
0.824308390023	160.39956665
0.827210884354	160.492233276
0.830113378685	160.39956665
0.833015873016	160.214370728
0.835918367347	159.752319336
0.838820861678	159.291595459
0.841723356009	158.648834229
0.84462585034	158.282699585
0.847528344671	157.917404175
0.850430839002	157.917404175
0.853333333333	158.008651733
0.856235827664	158.374145508
0.859138321995	159.015808105
0.862040816327	159.475723267
0.864943310658	159.660064697
0.867845804989	159.660064697
0.87074829932	159.752319336
0.873650793651	159.660064697
0.876553287982	159.383636475
0.879455782313	159.015808105
0.882358276644	158.923980713
0.885260770975	159.199615479
0.888163265306	159.383636475
0.891065759637	163.297592163
0.893968253968	164.433410645
0.896870748299	164.909011841
0.89977324263	164.148727417
0.902675736961	162.54473877
0.905578231293	159.475723267
0.908480725624	157.826217651
0.911383219955	156.284011841
0.914285714286	155.025283813
0.917188208617	154.043395996
0.920090702948	153.244659424
0.922993197279	152.450073242
0.92589569161	151.397018433
0.928798185941	150.525039673
0.931700680272	149.226470947
0.934603174603	147.768310547
0.937505668934	147.087051392
0.940408163265	146.578170776
0.943310657596	146.324386597
0.946213151927	145.986694336
0.949115646259	146.324386597
0.95201814059	146.832382202
0.954920634921	147.257064819
0.957823129252	147.427276611
0.960725623583	147.087051392
0.963628117914	146.493515015
0.966530612245	146.239883423
0.969433106576	146.408920288
0.972335600907	146.917221069
0.975238095238	147.342147827
0.978140589569	147.768310547
0.9810430839	148.110122681
0.983945578231	148.19569397
0.986848072562	148.452713013
0.989750566893	148.624313354
0.992653061224	148.796112061
0.995555555556	148.882080078
0.998458049887	148.882080078
1.00136054422	148.968109131
1.00426303855	149.917648315
1.00716553288	150.004272461
1.01006802721	149.917648315
1.01297052154	149.658081055
1.01587301587	149.398971558
1.0187755102	149.226470947
1.02167800454	149.140304565
1.02458049887	149.226470947
1.0274829932	149.398971558
1.03038548753	149.658081055
1.03328798186	150.177658081
1.03619047619	150.43812561
1.03909297052	150.612014771
1.04199546485	151.397018433
1.04489795918	152.362045288
1.04780045351	152.362045288
1.05070294785	152.450073242
1.05360544218	152.538162231
1.05650793651	152.362045288
1.05941043084	152.538162231
1.06231292517	152.802719116
1.0652154195	153.156173706
1.06811791383	154.488937378
1.07102040816	156.55506897
1.07392290249	158.008651733
1.07682539683	158.282699585
1.07972789116	158.008651733
1.08263038549	157.552963257
1.08553287982	157.280181885
1.08843537415	157.280181885
1.09133786848	157.007873535
1.09424036281	158.740493774
1.09714285714	157.826217651
1.10004535147	157.007873535
1.1029478458	157.098587036
1.10585034014	157.098587036
1.10875283447	157.189361572
1.1116553288	157.371047974
1.11455782313	157.643997192
1.11746031746	157.826217651
1.12036281179	157.826217651
1.12326530612	157.826217651
1.12616780045	158.008651733
1.12907029478	158.282699585
1.13197278912	158.740493774
1.13487528345	159.107681274
1.13777777778	159.475723267
1.14068027211	159.291595459
1.14358276644	159.199615479
1.14648526077	159.199615479
1.1493877551	159.752319336
1.15229024943	160.121856689
1.15519274376	160.770584106
1.1580952381	161.421966553
1.16099773243	162.169616699
1.16390022676	162.732620239
1.16680272109	163.109054565
1.16970521542	163.203292847
1.17260770975	162.920730591
1.17551020408	162.638656616
1.17841269841	162.450881958
1.18131519274	162.450881958
1.18421768707	162.450881958
1.18712018141	162.357070923
1.19002267574	162.263320923
1.19292517007	162.075973511
1.1958276644	161.888839722
1.19873015873	161.608551025
1.20163265306	161.32875061
1.20453514739	161.142486572
1.20743764172	160.956420898
1.21034013605	160.770584106
1.21324263039	160.584976196
1.21614512472	160.306930542
1.21904761905	160.121856689
1.22195011338	160.121856689
1.22485260771	160.306930542
1.22775510204	160.492233276
1.23065759637	160.770584106
1.2335600907	161.049423218
1.23646258503	161.235580444
1.23936507937	161.235580444
1.2422675737	161.142486572
1.24517006803	160.956420898
1.24807256236	160.863479614
1.25097505669	160.770584106
1.25387755102	160.863479614
1.25678004535	161.049423218
1.25968253968	161.235580444
1.26258503401	161.421966553
1.26548752834	161.515228271
1.26839002268	161.32875061
1.27129251701	161.235580444
1.27419501134	160.956420898
1.27709750567	160.956420898
1.28	161.142486572
1.28290249433	161.421966553
1.28580498866	161.888839722
1.28870748299	162.357070923
1.29160997732	162.732620239
1.29451247166	163.109054565
1.29741496599	163.203292847
1.30031746032	163.203292847
1.30321995465	163.203292847
1.30612244898	163.203292847
1.30902494331	163.203292847
1.31192743764	163.297592163
1.31482993197	163.391937256
1.3177324263	163.297592163
1.32063492063	163.203292847
1.32353741497	163.014862061
1.3264399093	163.109054565
1.32934240363	163.297592163
1.33224489796	163.580810547
1.33514739229	163.769897461
1.33804988662	163.959197998
1.34095238095	164.053939819
1.34385487528	163.959197998
1.34675736961	163.864517212
1.34965986395	163.675323486
1.35256235828	163.769897461
1.35546485261	163.864517212
1.35836734694	163.959197998
1.36126984127	163.959197998
1.3641723356	163.864517212
1.36707482993	163.675323486
1.36997732426	163.486343384
1.37287981859	163.297592163
1.37578231293	163.203292847
1.37868480726	163.109054565
1.38158730159	163.109054565
1.38448979592	163.014862061
1.38739229025	163.109054565
1.39029478458	163.203292847
1.39319727891	163.297592163
1.39609977324	163.486343384
1.39900226757	163.580810547
1.4019047619	163.675323486
1.40480725624	163.769897461
1.40770975057	163.675323486
1.4106122449	163.580810547
1.41351473923	163.486343384
1.41641723356	163.297592163
1.41931972789	163.203292847
1.42222222222	163.109054565
1.42512471655	163.109054565
1.42802721088	163.203292847
1.43092970522	163.297592163
1.43383219955	163.391937256
1.43673469388	163.297592163
1.43963718821	163.486343384
1.44253968254	163.769897461
1.44544217687	163.580810547
1.4483446712	162.263320923
1.45124716553	162.075973511
1.45414965986	162.732620239
1.4570521542	163.109054565
1.45995464853	163.486343384
1.46285714286	163.769897461
1.46575963719	164.62348938
1.46866213152	165.577148438
1.47156462585	167.694671631
1.47446712018	169.056274414
1.47736961451	169.937408447
1.48027210884	170.527389526
1.48317460317	170.133850098
1.48607709751	165.768539429
1.48897959184	164.813781738
1.49188208617	164.053939819
1.4947845805	165.195022583
1.49768707483	166.24798584
1.50058956916	166.440155029
1.50349206349	166.921539307
1.50639455782	167.791564941
1.50929705215	169.251678467
1.51219954649	171.812713623
1.51510204082	179.626907349
1.51800453515	179.938446045
1.52090702948	180.354675293
1.52380952381	181.1900177
1.52671201814	181.399459839
1.52961451247	181.609146118
1.5325170068	182.134414673
1.53541950113	182.555725098
1.53832199546	182.872329712
1.5412244898	182.977996826
1.54412698413	182.766738892
1.54702947846	182.344940186
1.54993197279	181.924118042
1.55283446712	179.419525146
1.55573696145	179.212371826
1.55863945578	180.354675293
1.56154195011	180.146438599
1.56444444444	178.489212036
1.56734693878	179.005447388
1.57024943311	180.042419434
1.57315192744	180.667480469
1.57605442177	181.504272461
1.5789569161	181.1900177
1.58185941043	180.563156128
1.58476190476	180.146438599
1.58766439909	179.83454895
1.59056689342	179.626907349
1.59346938776	179.626907349
1.59637188209	179.523193359
1.59927437642	179.10887146
1.60217687075	179.10887146
1.60507936508	179.523193359
1.60798185941	180.563156128
1.61088435374	180.458892822
1.61378684807	179.626907349
1.6166893424	178.489212036
1.61959183673	177.666320801
1.62249433107	176.949401855
1.6253968254	176.847213745
1.62829931973	176.643035889
1.63120181406	176.847213745
1.63410430839	177.256286621
1.63700680272	177.666320801
1.63990929705	177.563720703
1.64281179138	177.563720703
1.64571428571	177.461181641
1.64861678005	177.256286621
1.65151927438	177.051635742
1.65442176871	176.541030884
1.65732426304	176.031890869
1.66022675737	175.930252075
1.6631292517	175.828659058
1.66603174603	175.930252075
1.66893424036	176.439086914
1.67183673469	177.153930664
1.67473922902	177.666320801
1.67764172336	177.974456787
1.68054421769	178.283126831
1.68344671202	178.489212036
1.68634920635	178.489212036
1.68925170068	178.592330933
1.69215419501	178.386138916
1.69505668934	177.768966675
1.69795918367	177.666320801
1.700861678	177.974456787
1.70376417234	178.386138916
1.70666666667	178.798782349
1.709569161	179.10887146
1.71247165533	179.419525146
1.71537414966	179.83454895
1.71827664399	180.250534058
1.72117913832	180.667480469
1.72408163265	180.876312256
1.72698412698	180.980819702
1.72988662132	180.876312256
1.73278911565	180.458892822
1.73569160998	179.83454895
1.73859410431	179.315917969
1.74149659864	178.902084351
1.74439909297	178.695526123
1.7473015873	178.695526123
1.75020408163	178.592330933
1.75310657596	178.695526123
1.75600907029	178.695526123
1.75891156463	178.695526123
1.76181405896	178.798782349
1.76471655329	178.798782349
1.76761904762	178.902084351
1.77052154195	179.005447388
1.77342403628	179.10887146
1.77632653061	179.212371826
1.77922902494	179.212371826
1.78213151927	179.212371826
1.78503401361	179.212371826
1.78793650794	179.212371826
1.79083900227	179.10887146
1.7937414966	179.005447388
1.79664399093	178.902084351
1.79954648526	178.798782349
1.80244897959	178.798782349
1.80535147392	178.695526123
1.80825396825	178.592330933
1.81115646259	178.489212036
1.81405895692	178.386138916
1.81696145125	178.283126831
1.81986394558	178.283126831
1.82276643991	178.283126831
1.82566893424	178.180175781
1.82857142857	178.077285767
1.8314739229	177.974456787
1.83437641723	177.974456787
1.83727891156	177.974456787
1.8401814059	178.077285767
1.84308390023	178.283126831
1.84598639456	178.489212036
1.84888888889	178.489212036
1.85179138322	178.283126831
1.85469387755	178.283126831
1.85759637188	178.077285767
1.86049886621	178.077285767
1.86340136054	177.974456787
1.86630385488	177.974456787
1.86920634921	178.077285767
1.87210884354	178.180175781
1.87501133787	178.386138916
1.8779138322	178.695526123
1.88081632653	178.902084351
1.88371882086	179.005447388
1.88662131519	179.005447388
1.88952380952	179.212371826
1.89242630385	179.419525146
1.89532879819	179.626907349
1.89823129252	179.83454895
1.90113378685	180.042419434
1.90403628118	180.667480469
1.90693877551	179.83454895
1.90984126984	180.458892822
1.91274376417	180.354675293
1.9156462585	180.667480469
1.91854875283	180.563156128
1.92145124717	181.714080811
1.9243537415	181.714080811
1.92725623583	181.819076538
1.93015873016	181.819076538
1.93306122449	181.924118042
1.93596371882	182.134414673
1.93886621315	182.872329712
1.94176870748	185.746734619
1.94467120181	187.25491333
1.94757369615	188.339660645
1.95047619048	189.759246826
1.95337868481	190.748306274
1.95628117914	191.410522461
1.95918367347	192.519363403
1.9620861678	192.964691162
1.96498866213	193.076187134
1.96789115646	193.076187134
1.97079365079	191.964141846
1.97369614512	190.748306274
1.97659863946	188.448486328
1.97950113379	188.77532959
1.98240362812	185.639480591
1.98530612245	191.07913208
1.98820861678	192.297073364
1.99111111111	192.186035156
1.99401360544	193.522796631
1.99691609977	189.102737427
1.9998185941	189.32131958
2.00272108844	190.198196411
2.00562358277	190.858505249
2.0085260771	191.410522461
2.01142857143	192.186035156
2.01433106576	192.964691162
2.01723356009	193.970443726
2.02013605442	195.094100952
2.02303854875	195.77142334
2.02594104308	195.997711182
2.02884353741	196.110961914
2.03174603175	195.997711182
2.03464852608	195.77142334
2.03755102041	195.319610596
2.04045351474	194.868850708
2.04335600907	194.868850708
2.0462585034	195.319610596
2.04916099773	196.224273682
2.05206349206	197.133117676
2.05496598639	197.703292847
2.05786848073	197.817520142
2.06077097506	197.817520142
2.06367346939	197.589126587
2.06657596372	197.247024536
2.06947845805	197.133117676
2.07238095238	196.905517578
2.07528344671	196.451095581
2.07818594104	196.110961914
2.08108843537	196.110961914
2.08399092971	195.77142334
2.08689342404	195.319610596
2.08979591837	195.094100952
2.0926984127	195.094100952
2.09560090703	195.206832886
2.09850340136	195.545394897
2.10140589569	195.884536743
2.10430839002	196.224273682
2.10721088435	196.451095581
2.11011337868	196.67817688
2.11301587302	196.791809082
2.11591836735	196.791809082
2.11882086168	196.791809082
2.12172335601	196.67817688
2.12462585034	196.564605713
2.12752834467	196.337646484
2.130430839	196.337646484
2.13333333333	196.337646484
2.13623582766	196.451095581
2.139138322	196.67817688
2.14204081633	197.019287109
2.14494331066	197.247024536
2.14784580499	197.475021362
2.15074829932	197.703292847
2.15365079365	197.703292847
2.15655328798	197.817520142
2.15945578231	197.817520142
2.16235827664	197.817520142
2.16526077098	197.817520142
2.16816326531	198.046173096
2.17106575964	198.160614014
2.17396825397	198.389663696
2.1768707483	198.50428772
2.17977324263	198.73374939
2.18267573696	198.73374939
2.18557823129	198.73374939
2.18848072562	198.73374939
2.19138321995	198.73374939
2.19428571429	198.618988037
2.19718820862	198.50428772
2.20009070295	198.389663696
2.20299319728	198.160614014
2.20589569161	197.931808472
2.20879818594	197.703292847
2.21170068027	197.475021362
2.2146031746	197.360992432
2.21750566893	197.247024536
2.22040816327	197.247024536
2.2233106576	197.247024536
2.22621315193	197.360992432
2.22911564626	197.475021362
2.23201814059	197.475021362
2.23492063492	197.589126587
2.23782312925	197.817520142
2.24072562358	198.046173096
2.24362811791	198.160614014
2.24653061224	198.389663696
2.24943310658	198.618988037
2.25233560091	198.73374939
2.25523809524	198.963470459
2.25814058957	199.078414917
2.2610430839	199.308532715
2.26394557823	199.423690796
2.26684807256	199.654220581
2.26975056689	199.769577026
2.27265306122	199.884994507
2.27555555556	199.884994507
2.27845804989	200.000488281
2.28136054422	200.000488281
2.28426303855	200.000488281
2.28716553288	200.231674194
2.29006802721	200.347366333
2.29297052154	200.810806274
2.29587301587	201.042922974
2.2987755102	201.507965088
2.30167800454	201.740890503
2.30458049887	202.44128418
2.3074829932	203.496429443
2.31038548753	204.55708313
2.31328798186	205.979888916
2.31619047619	205.623260498
2.31909297052	205.26725769
2.32199546485	204.55708313
2.32489795918	203.144104004
2.32780045351	201.275314331
2.33070294785	199.078414917
2.33360544218	198.50428772
2.33650793651	198.848571777
2.33941043084	199.423690796
2.34231292517	200.000488281
2.3452154195	200.926818848
2.34811791383	202.207550049
2.35102040816	201.624389648
2.35392290249	200.810806274
2.35682539683	200.578948975
2.35972789116	200.347366333
2.36263038549	200.463119507
2.36553287982	201.042922974
2.36843537415	202.44128418
2.37133786848	205.148727417
2.37424036281	205.50453186
2.37714285714	205.148727417
2.38004535147	204.202926636
2.3829478458	212.505996704
2.38585034014	217.598739624
2.38875283447	219.492279053
2.3916553288	220.381561279
2.39455782313	220.508895874
2.39746031746	220.0
2.40036281179	218.732894897
2.40326530612	215.97088623
2.40616780045	214.355209351
2.40907029478	214.231430054
2.41197278912	214.355209351
2.41487528345	214.85105896
2.41777777778	215.099411011
2.42068027211	215.34803772
2.42358276644	215.472457886
2.42648526077	215.596969604
2.4293877551	215.846176147
2.43229024943	216.220535278
2.43519274376	216.720687866
2.4380952381	217.096557617
2.44099773243	217.473083496
2.44390022676	217.473083496
2.44680272109	217.347503662
2.44970521542	216.971191406
2.45260770975	216.220535278
2.45551020408	215.596969604
2.45841269841	214.975189209
2.46131519274	214.85105896
2.46421768707	214.726989746
2.46712018141	214.479064941
2.47002267574	214.479064941
2.47292517007	214.355209351
2.4758276644	214.355209351
2.47873015873	214.355209351
2.48163265306	214.355209351
2.48453514739	214.479064941
2.48743764172	214.726989746
2.49034013605	214.975189209
2.49324263039	215.34803772
2.49614512472	215.596969604
2.49904761905	215.97088623
2.50195011338	216.220535278
2.50485260771	216.220535278
2.50775510204	216.345458984
2.51065759637	216.220535278
2.5135600907	215.97088623
2.51646258503	215.7215271
2.51936507937	215.34803772
2.5222675737	215.099411011
2.52517006803	214.975189209
2.52807256236	214.85105896
2.53097505669	214.975189209
2.53387755102	215.099411011
2.53678004535	215.223678589
2.53968253968	215.34803772
2.54258503401	215.34803772
2.54548752834	215.34803772
2.54839002268	215.34803772
2.55129251701	215.223678589
2.55419501134	215.223678589
2.55709750567	215.223678589
2.56	215.223678589
2.56290249433	215.34803772
2.56580498866	215.472457886
2.56870748299	215.472457886
2.57160997732	215.596969604
2.57451247166	215.472457886
2.57741496599	215.34803772
2.58031746032	215.34803772
2.58321995465	215.099411011
2.58612244898	214.975189209
2.58902494331	214.726989746
2.59192743764	214.355209351
2.59482993197	214.602996826
2.5977324263	214.479064941
2.60063492063	214.479064941
2.60353741497	214.602996826
2.6064399093	214.355209351
2.60934240363	214.602996826
2.61224489796	214.85105896
2.61514739229	214.85105896
2.61804988662	214.602996826
2.62095238095	214.355209351
2.62385487528	214.107727051
2.62675736961	213.860519409
2.62965986395	213.366973877
2.63256235828	212.628768921
2.63546485261	211.770782471
2.63836734694	211.526275635
2.64126984127	211.038101196
2.6441723356	210.916244507
2.64707482993	211.160049438
2.64997732426	211.8931427
2.65287981859	213.243759155
2.65578231293	214.602996826
2.65868480726	215.596969604
2.66158730159	216.095672607
2.66448979592	216.345458984
2.66739229025	216.470458984
2.67029478458	216.095672607
2.67319727891	215.596969604
2.67609977324	214.85105896
2.67900226757	214.107727051
2.6819047619	213.490249634
2.68480725624	212.874557495
2.68770975057	212.505996704
2.6906122449	212.628768921
2.69351473923	212.997558594
2.69641723356	213.737030029
2.69931972789	215.099411011
2.70222222222	216.470458984
2.70512471655	217.347503662
2.70802721088	217.473083496
2.71092970522	216.470458984
2.71383219955	215.099411011
2.71673469388	213.984085083
2.71963718821	213.120620728
2.72253968254	212.505996704
2.72544217687	211.770782471
2.7283446712	211.160049438
2.73124716553	210.672714233
2.73414965986	210.186523438
2.7370521542	209.701446533
2.73995464853	209.822616577
2.74285714286	210.186523438
2.74575963719	210.429489136
2.74866213152	211.282043457
2.75156462585	212.138061523
2.75446712018	212.997558594
2.75736961451	213.860519409
2.76027210884	214.975189209
2.76317460317	215.223678589
2.76607709751	215.7215271
2.76897959184	215.7215271
2.77188208617	215.596969604
2.7747845805	215.846176147
2.77768707483	216.720687866
2.78058956916	219.872955322
2.78349206349	218.102081299
2.78639455782	218.102081299
2.78929705215	218.48034668
2.79219954649	217.598739624
2.79510204082	215.846176147
2.79800453515	213.860519409
2.80090702948	211.648483276
2.80380952381	210.30796814
2.80671201814	209.822616577
2.80961451247	210.551071167
2.8125170068	211.8931427
2.81541950113	214.231430054
2.81832199546	215.7215271
2.8212244898	216.345458984
2.82412698413	215.97088623
2.82702947846	215.099411011
2.82993197279	213.243759155
2.83283446712	211.648483276
2.83573696145	211.404129028
2.83863945578	211.770782471
2.84154195011	212.997558594
2.84444444444	214.602996826
2.84734693878	214.602996826
2.85024943311	214.85105896
2.85315192744	215.099411011
2.85605442177	215.472457886
2.8589569161	215.223678589
2.86185941043	216.470458984
2.86476190476	216.345458984
2.86766439909	215.596969604
2.87056689342	213.737030029
2.87346938776	208.493667603
2.87637188209	205.623260498
2.87927437642	204.085006714
2.88217687075	168.276870728
2.88507936508	168.958648682
2.88798185941	167.791564941
2.89088435374	169.44732666
2.89378684807	170.232147217
2.8966893424	170.232147217
2.89959183673	168.374099731
2.90249433107	169.251678467
2.9053968254	169.251678467
2.90829931973	168.763565063
2.91120181406	167.985519409
2.91410430839	168.082580566
2.91700680272	167.211044312
2.91990929705	165.960144043
2.92281179138	165.099624634
2.92571428571	164.909011841
2.92861678005	165.195022583
2.93151927438	165.672805786
2.93442176871	166.344039917
2.93732426304	167.597839355
2.94022675737	168.958648682
2.9431292517	168.666122437
2.94603174603	168.568725586
2.94893424036	168.1796875
2.95183673469	167.985519409
2.95473922902	168.374099731
2.95764172336	169.349472046
2.96054421769	169.643188477
2.96344671202	169.153945923
2.96634920635	168.276870728
2.96925170068	167.597839355
2.97215419501	167.307662964
2.97505668934	167.307662964
2.97795918367	167.501052856
2.980861678	167.888519287
2.98376417234	168.276870728
2.98666666667	168.568725586
2.989569161	168.568725586
2.99247165533	168.568725586
2.99537414966	168.471374512
2.99827664399	168.471374512
3.00117913832	168.471374512
3.00408163265	168.471374512
3.00698412698	168.374099731
3.00988662132	167.985519409
3.01278911565	167.404327393
3.01569160998	167.017990112
3.01859410431	166.632537842
3.02149659864	166.536315918
3.02439909297	166.728820801
3.0273015873	166.921539307
3.03020408163	167.017990112
3.03310657596	166.825149536
3.03600907029	166.632537842
3.03891156463	166.440155029
3.04181405896	166.151977539
3.04471655329	165.577148438
3.04761904762	164.813781738
3.05052154195	164.338470459
3.05342403628	164.338470459
3.05632653061	164.909011841
3.05922902494	165.577148438
3.06213151927	165.960144043
3.06503401361	167.017990112
3.06793650794	168.374099731
3.07083900227	168.471374512
3.0737414966	167.597839355
3.07664399093	166.344039917
3.07954648526	166.056045532
3.08244897959	166.440155029
3.08535147392	167.211044312
3.08825396825	168.082580566
3.09115646259	168.568725586
3.09405895692	168.374099731
3.09696145125	168.082580566
3.09986394558	167.985519409
3.10276643991	168.1796875
3.10566893424	168.763565063
3.10857142857	169.349472046
3.1114739229	169.251678467
3.11437641723	168.082580566
3.11727891156	167.501052856
3.1201814059	167.114486694
3.12308390023	166.825149536
3.12598639456	167.017990112
3.12888888889	167.597839355
3.13179138322	168.1796875
3.13469387755	168.082580566
3.13759637188	167.501052856
3.14049886621	166.825149536
3.14340136054	166.24798584
3.14630385488	166.151977539
3.14920634921	166.440155029
3.15210884354	167.114486694
3.15501133787	167.694671631
3.1579138322	167.791564941
3.16081632653	167.501052856
3.16371882086	166.921539307
3.16662131519	166.151977539
3.16952380952	165.195022583
3.17242630385	164.528427124
3.17532879819	164.528427124
3.17823129252	165.195022583
3.18113378685	165.960144043
3.18403628118	166.921539307
3.18693877551	167.501052856
3.18984126984	167.888519287
3.19274376417	167.985519409
3.1956462585	167.501052856
3.19854875283	166.440155029
3.20145124717	165.768539429
3.2043537415	165.672805786
3.20725623583	166.056045532
3.21015873016	166.632537842
3.21306122449	167.404327393
3.21596371882	167.985519409
3.21886621315	167.985519409
3.22176870748	167.404327393
3.22467120181	167.017990112
3.22757369615	166.921539307
3.23047619048	167.404327393
3.23337868481	167.694671631
3.23628117914	167.694671631
3.23918367347	167.501052856
3.2420861678	167.694671631
3.24498866213	167.888519287
3.24789115646	169.251678467
3.25079365079	173.608413696
3.25369614512	177.051635742
3.25659863946	175.828659058
3.25950113379	170.724502563
3.26240362812	169.839279175
3.26530612245	169.44732666
3.26820861678	168.763565063
3.27111111111	167.791564941
3.27401360544	168.082580566
3.27691609977	170.625930786
3.2798185941	171.119430542
3.28272108844	167.888519287
3.28562358277	165.864318848
3.2885260771	164.62348938
3.29142857143	164.338470459
3.29433106576	164.813781738
3.29723356009	166.056045532
3.30013605442	167.694671631
3.30303854875	168.568725586
3.30594104308	168.763565063
3.30884353741	168.763565063
3.31174603175	168.471374512
3.31464852608	167.597839355
3.31755102041	166.151977539
3.32045351474	164.718612671
3.32335600907	163.959197998
3.3262585034	163.675323486
3.32916099773	163.864517212
3.33206349206	164.053939819
3.33496598639	164.148727417
3.33786848073	164.338470459
3.34077097506	165.00428772
3.34367346939	166.344039917
3.34657596372	167.017990112
3.34947845805	167.694671631
3.35238095238	168.276870728
3.35528344671	168.471374512
3.35818594104	168.666122437
3.36108843537	168.1796875
3.36399092971	166.921539307
3.36689342404	165.099624634
3.36979591837	163.014862061
3.3726984127	161.795349121
3.37560090703	162.357070923
3.37850340136	163.391937256
3.38140589569	165.00428772
3.38430839002	166.536315918
