0.0	0.0
0.00290249433107	0.0
0.00580498866213	0.0
0.0087074829932	0.0
0.0116099773243	0.0
0.0145124716553	0.0
0.0174149659864	0.0
0.0203174603175	0.0
0.0232199546485	0.0
0.0261224489796	0.0
0.0290249433107	0.0
0.0319274376417	0.0
0.0348299319728	0.0
0.0377324263039	0.0
0.0406349206349	0.0
0.043537414966	0.0
0.0464399092971	0.0
0.0493424036281	0.0
0.0522448979592	0.0
0.0551473922902	0.0
0.0580498866213	0.0
0.0609523809524	0.0
0.0638548752834	0.0
0.0667573696145	0.0
0.0696598639456	0.0
0.0725623582766	0.0
0.0754648526077	0.0
0.0783673469388	0.0
0.0812698412698	0.0
0.0841723356009	0.0
0.087074829932	0.0
0.089977324263	0.0
0.0928798185941	0.0
0.0957823129252	0.0
0.0986848072562	0.0
0.101587301587	0.0
0.104489795918	0.0
0.107392290249	0.0
0.11029478458	0.0
0.113197278912	0.0
0.116099773243	0.0
0.119002267574	0.0
0.121904761905	0.0
0.124807256236	0.0
0.127709750567	0.0
0.130612244898	0.0
0.133514739229	0.0
0.13641723356	0.0
0.139319727891	0.0
0.142222222222	0.0
0.145124716553	0.0
0.148027210884	0.0
0.150929705215	0.0
0.153832199546	0.0
0.156734693878	0.0
0.159637188209	0.0
0.16253968254	0.0
0.165442176871	0.0
0.168344671202	0.0
0.171247165533	0.0
0.174149659864	0.0
0.177052154195	0.0
0.179954648526	0.0
0.182857142857	315.83480835
0.185759637188	324.339233398
0.188662131519	334.615325928
0.19156462585	340.661010742
0.194467120181	344.420288086
0.197369614512	346.615661621
0.200272108844	348.019989014
0.203174603175	348.825012207
0.206077097506	349.430023193
0.208979591837	349.631896973
0.211882086168	349.83392334
0.214784580499	349.430023193
0.21768707483	349.228240967
0.220589569161	349.026580811
0.223492063492	348.623596191
0.226394557823	348.221069336
0.229297052154	348.019989014
0.232199546485	347.819030762
0.235102040816	347.819030762
0.238004535147	347.819030762
0.240907029478	347.819030762
0.24380952381	348.019989014
0.246712018141	347.819030762
0.249614512472	348.221069336
0.252517006803	348.422271729
0.255419501134	348.825012207
0.258321995465	349.026580811
0.261224489796	349.026580811
0.264126984127	349.026580811
0.267029478458	348.623596191
0.269931972789	348.221069336
0.27283446712	348.019989014
0.275736961451	347.819030762
0.278639455782	348.019989014
0.281541950113	348.221069336
0.284444444444	348.623596191
0.287346938776	348.825012207
0.290249433107	349.026580811
0.293151927438	349.026580811
0.296054421769	348.825012207
0.2989569161	348.825012207
0.301859410431	349.026580811
0.304761904762	349.430023193
0.307664399093	349.83392334
0.310566893424	350.643157959
0.313469387755	351.048461914
0.316371882086	351.45425415
0.319274376417	351.45425415
0.322176870748	351.251281738
0.325079365079	350.643157959
0.32798185941	350.238311768
0.330884353741	349.83392334
0.333786848073	349.631896973
0.336689342404	349.430023193
0.339591836735	349.228240967
0.342494331066	349.228240967
0.345396825397	349.228240967
0.348299319728	349.228240967
0.351201814059	349.026580811
0.35410430839	349.026580811
0.357006802721	348.825012207
0.359909297052	349.026580811
0.362811791383	349.228240967
0.365714285714	349.631896973
0.368616780045	349.631896973
0.371519274376	349.83392334
0.374421768707	349.83392334
0.377324263039	349.83392334
0.38022675737	349.631896973
0.383129251701	349.83392334
0.386031746032	349.83392334
0.388934240363	350.03604126
0.391836734694	349.83392334
0.394739229025	349.631896973
0.397641723356	349.631896973
0.400544217687	349.228240967
0.403446712018	349.026580811
0.406349206349	349.026580811
0.40925170068	349.026580811
0.412154195011	349.026580811
0.415056689342	349.026580811
0.417959183673	349.026580811
0.420861678005	349.026580811
0.423764172336	349.026580811
0.426666666667	348.825012207
0.429569160998	348.623596191
0.432471655329	348.422271729
0.43537414966	348.422271729
0.438276643991	348.422271729
0.441179138322	348.422271729
0.444081632653	348.623596191
0.446984126984	348.623596191
0.449886621315	348.623596191
0.452789115646	348.623596191
0.455691609977	348.623596191
0.458594104308	348.623596191
0.461496598639	348.825012207
0.464399092971	348.623596191
0.467301587302	348.623596191
0.470204081633	348.825012207
0.473106575964	348.825012207
0.476009070295	349.026580811
0.478911564626	349.026580811
0.481814058957	349.026580811
0.484716553288	349.026580811
0.487619047619	349.026580811
0.49052154195	349.026580811
0.493424036281	349.026580811
0.496326530612	349.026580811
0.499229024943	349.026580811
0.502131519274	349.026580811
0.505034013605	349.228240967
0.507936507937	349.228240967
0.510839002268	349.228240967
0.513741496599	349.026580811
0.51664399093	348.825012207
0.519546485261	348.825012207
0.522448979592	348.623596191
0.525351473923	348.825012207
0.528253968254	349.026580811
0.531156462585	349.228240967
0.534058956916	349.631896973
0.536961451247	349.631896973
0.539863945578	349.631896973
0.542766439909	349.631896973
0.54566893424	349.430023193
0.548571428571	349.228240967
0.551473922902	349.026580811
0.554376417234	348.825012207
0.557278911565	348.825012207
0.560181405896	348.825012207
0.563083900227	349.026580811
0.565986394558	349.228240967
0.568888888889	349.228240967
0.57179138322	349.228240967
0.574693877551	349.430023193
0.577596371882	349.631896973
0.580498866213	349.631896973
0.583401360544	349.631896973
0.586303854875	349.430023193
0.589206349206	349.228240967
0.592108843537	349.228240967
0.595011337868	349.430023193
0.5979138322	349.631896973
0.600816326531	350.440673828
0.603718820862	351.251281738
0.606621315193	351.86050415
0.609523809524	352.063781738
0.612426303855	351.657318115
0.615328798186	350.845733643
0.618231292517	349.631896973
0.621133786848	348.422271729
0.624036281179	347.618164062
0.62693877551	347.216827393
0.629841269841	347.016326904
0.632743764172	348.422271729
0.635646258503	349.631896973
0.638548752834	351.048461914
0.641451247166	352.063781738
0.644353741497	353.286071777
0.647256235828	354.103271484
0.650158730159	354.512573242
0.65306122449	354.717407227
0.655963718821	354.512573242
0.658866213152	352.878173828
0.661768707483	349.430023193
0.664671201814	341.843719482
0.667573696145	339.482421875
0.670476190476	339.482421875
0.673378684807	340.267700195
0.676281179138	341.054779053
0.679183673469	342.041229248
0.6820861678	342.634429932
0.684988662132	341.64630127
0.687891156463	340.464294434
0.690793650794	339.67855835
0.693696145125	339.286376953
0.696598639456	340.07119751
0.699501133787	347.819030762
0.702403628118	354.717407227
0.705306122449	358.21774292
0.70820861678	359.87689209
0.711111111111	359.253814697
0.714013605442	356.772277832
0.716916099773	351.86050415
0.719818594104	345.217010498
0.722721088435	343.030487061
0.725623582766	342.832427979
0.728526077098	343.22869873
0.731428571429	344.221405029
0.73433106576	345.61605835
0.737233560091	347.016326904
0.740136054422	348.221069336
0.743038548753	349.228240967
0.745941043084	349.83392334
0.748843537415	350.238311768
0.751746031746	350.643157959
0.754648526077	350.845733643
0.757551020408	351.45425415
0.760453514739	351.45425415
0.76335600907	350.643157959
0.766258503401	350.03604126
0.769160997732	348.825012207
0.772063492063	347.618164062
0.774965986395	346.415496826
0.777868480726	345.416473389
0.780770975057	345.416473389
0.783673469388	345.61605835
0.786575963719	346.015533447
0.78947845805	347.618164062
0.792380952381	348.623596191
0.795283446712	349.228240967
0.798185941043	349.83392334
0.801088435374	350.03604126
0.803990929705	349.83392334
0.806893424036	349.631896973
0.809795918367	349.026580811
0.812698412698	348.221069336
0.815600907029	347.417449951
0.818503401361	346.615661621
0.821405895692	345.815734863
0.824308390023	345.61605835
0.827210884354	345.61605835
0.830113378685	346.015533447
0.833015873016	347.016326904
0.835918367347	347.819030762
0.838820861678	348.623596191
0.841723356009	349.026580811
0.84462585034	349.631896973
0.847528344671	350.238311768
0.850430839002	350.845733643
0.853333333333	351.45425415
0.856235827664	351.86050415
0.859138321995	352.063781738
0.862040816327	352.063781738
0.864943310658	351.45425415
0.867845804989	350.643157959
0.87074829932	349.430023193
0.873650793651	348.221069336
0.876553287982	347.417449951
0.879455782313	346.815948486
0.882358276644	346.815948486
0.885260770975	347.216827393
0.888163265306	347.819030762
0.891065759637	348.623596191
0.893968253968	349.228240967
0.896870748299	349.83392334
0.89977324263	350.238311768
0.902675736961	350.643157959
0.905578231293	351.048461914
0.908480725624	351.048461914
0.911383219955	351.251281738
0.914285714286	351.048461914
0.917188208617	350.643157959
0.920090702948	350.238311768
0.922993197279	349.83392334
0.92589569161	349.631896973
0.928798185941	349.430023193
0.931700680272	349.026580811
0.934603174603	348.825012207
0.937505668934	348.623596191
0.940408163265	348.221069336
0.943310657596	348.019989014
0.946213151927	347.819030762
0.949115646259	347.819030762
0.95201814059	347.819030762
0.954920634921	348.221069336
0.957823129252	348.825012207
0.960725623583	349.430023193
0.963628117914	349.631896973
0.966530612245	349.83392334
0.969433106576	349.631896973
0.972335600907	349.228240967
0.975238095238	349.026580811
0.978140589569	348.422271729
0.9810430839	348.221069336
0.983945578231	348.019989014
0.986848072562	347.819030762
0.989750566893	347.819030762
0.992653061224	347.819030762
0.995555555556	348.221069336
0.998458049887	348.623596191
1.00136054422	349.631896973
1.00426303855	350.440673828
1.00716553288	351.251281738
1.01006802721	351.251281738
1.01297052154	350.845733643
1.01587301587	350.238311768
1.0187755102	350.238311768
1.02167800454	350.03604126
1.02458049887	349.83392334
1.0274829932	349.228240967
1.03038548753	348.825012207
1.03328798186	412.197814941
1.03619047619	412.197814941
1.03909297052	412.674285889
1.04199546485	413.867858887
1.04489795918	415.3046875
1.04780045351	416.024993896
1.05070294785	416.265350342
1.05360544218	416.505889893
1.05650793651	416.505889893
1.05941043084	416.505889893
1.06231292517	416.265350342
1.0652154195	415.544647217
1.06811791383	414.825195312
1.07102040816	414.106994629
1.07392290249	414.346252441
1.07682539683	414.825195312
1.07972789116	415.544647217
1.08263038549	416.746520996
1.08553287982	417.951873779
1.08843537415	419.160705566
1.09133786848	419.402893066
1.09424036281	419.160705566
1.09714285714	417.951873779
1.10004535147	416.505889893
1.1029478458	415.544647217
1.10585034014	415.064880371
1.10875283447	414.825195312
1.1116553288	414.825195312
1.11455782313	415.3046875
1.11746031746	416.024993896
1.12036281179	416.265350342
1.12326530612	416.024993896
1.12616780045	415.064880371
1.12907029478	414.106994629
1.13197278912	412.912719727
1.13487528345	412.912719727
1.13777777778	413.151306152
1.14068027211	413.390014648
1.14358276644	413.867858887
1.14648526077	414.585662842
1.1493877551	415.544647217
1.15229024943	416.746520996
1.15519274376	417.228240967
1.1580952381	417.228240967
1.16099773243	416.987335205
1.16390022676	416.505889893
1.16680272109	416.024993896
1.16970521542	415.3046875
1.17260770975	414.346252441
1.17551020408	413.390014648
1.17841269841	413.390014648
1.18131519274	413.628875732
1.18421768707	414.106994629
1.18712018141	414.585662842
1.19002267574	415.064880371
1.19292517007	415.784759521
1.1958276644	416.505889893
1.19873015873	417.228240967
1.20163265306	417.228240967
1.20453514739	417.228240967
1.20743764172	416.746520996
1.21034013605	416.505889893
1.21324263039	416.265350342
1.21614512472	416.265350342
1.21904761905	416.265350342
1.22195011338	416.505889893
1.22485260771	416.987335205
1.22775510204	417.469329834
1.23065759637	417.951873779
1.2335600907	417.710540771
1.23646258503	417.228240967
1.23936507937	416.746520996
1.2422675737	416.265350342
1.24517006803	415.784759521
1.24807256236	415.064880371
1.25097505669	414.585662842
1.25387755102	414.585662842
1.25678004535	414.585662842
1.25968253968	414.825195312
1.26258503401	415.064880371
1.26548752834	415.3046875
1.26839002268	415.544647217
1.27129251701	415.064880371
1.27419501134	414.346252441
1.27709750567	412.912719727
1.28	412.197814941
1.28290249433	412.197814941
1.28580498866	413.151306152
1.28870748299	415.544647217
1.29160997732	419.160705566
1.29451247166	426.241241455
1.29741496599	431.193939209
1.30031746032	435.448913574
1.30321995465	436.960693359
1.30612244898	437.971466064
1.30902494331	438.224517822
1.31192743764	437.718536377
1.31482993197	439.238189697
1.3177324263	440.254241943
1.32063492063	441.017791748
1.32353741497	441.017791748
1.3264399093	440.508605957
1.32934240363	438.984558105
1.33224489796	435.448913574
1.33514739229	433.691802979
1.33804988662	434.444000244
1.34095238095	434.444000244
1.34385487528	434.695007324
1.34675736961	434.946166992
1.34965986395	435.197479248
1.35256235828	435.700531006
1.35546485261	436.708374023
1.35836734694	437.718536377
1.36126984127	438.224517822
1.3641723356	438.477722168
1.36707482993	438.731048584
1.36997732426	438.477722168
1.37287981859	438.477722168
1.37578231293	437.718536377
1.37868480726	436.960693359
1.38158730159	436.708374023
1.38448979592	436.456207275
1.38739229025	436.960693359
1.39029478458	437.213165283
1.39319727891	437.465789795
1.39609977324	437.971466064
1.39900226757	438.224517822
1.4019047619	438.477722168
1.40480725624	438.477722168
1.40770975057	438.224517822
1.4106122449	437.971466064
1.41351473923	437.465789795
1.41641723356	437.213165283
1.41931972789	436.456207275
1.42222222222	436.204162598
1.42512471655	436.204162598
1.42802721088	435.952270508
1.43092970522	435.952270508
1.43383219955	436.204162598
1.43673469388	436.960693359
1.43963718821	437.465789795
1.44253968254	438.477722168
1.44544217687	438.984558105
1.4483446712	439.491973877
1.45124716553	440.0
1.45414965986	440.254241943
1.4570521542	440.508605957
1.45995464853	440.508605957
1.46285714286	440.254241943
1.46575963719	439.745910645
1.46866213152	439.491973877
1.47156462585	438.984558105
1.47446712018	438.224517822
1.47736961451	438.224517822
1.48027210884	437.971466064
1.48317460317	437.971466064
1.48607709751	438.224517822
1.48897959184	438.477722168
1.49188208617	438.477722168
1.4947845805	438.731048584
1.49768707483	438.224517822
1.50058956916	437.971466064
1.50349206349	437.718536377
1.50639455782	436.960693359
1.50929705215	436.708374023
1.51219954649	436.456207275
1.51510204082	436.456207275
1.51800453515	436.456207275
1.52090702948	436.960693359
1.52380952381	437.971466064
1.52671201814	439.238189697
1.52961451247	439.745910645
1.5325170068	440.0
1.53541950113	439.491973877
1.53832199546	438.477722168
1.5412244898	436.960693359
1.54412698413	434.946166992
1.54702947846	432.940917969
1.54993197279	430.944915771
1.55283446712	429.453979492
1.55573696145	428.710418701
1.55863945578	429.205993652
1.56154195011	435.448913574
1.56444444444	441.782684326
1.56734693878	444.598632812
1.57024943311	444.855529785
1.57315192744	443.060455322
1.57605442177	438.224517822
1.5789569161	407.934326172
1.58185941043	412.674285889
1.58476190476	414.346252441
1.58766439909	414.585662842
1.59056689342	414.106994629
1.59346938776	413.628875732
1.59637188209	413.628875732
1.59927437642	413.628875732
1.60217687075	414.106994629
1.60507936508	414.346252441
1.60798185941	414.825195312
1.61088435374	415.3046875
1.61378684807	415.544647217
1.6166893424	416.024993896
1.61959183673	416.024993896
1.62249433107	416.024993896
1.6253968254	416.024993896
1.62829931973	415.784759521
1.63120181406	415.784759521
1.63410430839	416.265350342
1.63700680272	416.746520996
1.63990929705	417.951873779
1.64281179138	418.676757812
1.64571428571	419.402893066
1.64861678005	419.160705566
1.65151927438	418.434997559
1.65442176871	416.987335205
1.65732426304	415.3046875
1.66022675737	414.106994629
1.6631292517	413.628875732
1.66603174603	413.628875732
1.66893424036	414.585662842
1.67183673469	415.544647217
1.67473922902	416.505889893
1.67764172336	416.987335205
1.68054421769	416.746520996
1.68344671202	416.265350342
1.68634920635	415.544647217
1.68925170068	414.346252441
1.69215419501	413.390014648
1.69505668934	412.912719727
1.69795918367	412.674285889
1.700861678	412.912719727
1.70376417234	413.628875732
1.70666666667	414.825195312
1.709569161	415.784759521
1.71247165533	416.505889893
1.71537414966	417.228240967
1.71827664399	417.710540771
1.72117913832	417.710540771
1.72408163265	416.987335205
1.72698412698	416.265350342
1.72988662132	415.064880371
1.73278911565	414.346252441
1.73569160998	413.628875732
1.73859410431	413.628875732
1.74149659864	413.628875732
1.74439909297	414.106994629
1.7473015873	414.825195312
1.75020408163	415.544647217
1.75310657596	416.024993896
1.75600907029	416.505889893
1.75891156463	416.746520996
1.76181405896	416.505889893
1.76471655329	416.505889893
1.76761904762	416.746520996
1.77052154195	416.987335205
1.77342403628	417.469329834
1.77632653061	417.951873779
1.77922902494	418.434997559
1.78213151927	418.434997559
1.78503401361	418.193359375
1.78793650794	417.469329834
1.79083900227	416.746520996
1.7937414966	415.784759521
1.79664399093	415.064880371
1.79954648526	414.585662842
1.80244897959	414.585662842
1.80535147392	414.825195312
1.80825396825	415.064880371
1.81115646259	415.544647217
1.81405895692	416.024993896
1.81696145125	416.505889893
1.81986394558	416.505889893
1.82276643991	416.505889893
1.82566893424	416.024993896
1.82857142857	415.3046875
1.8314739229	414.585662842
1.83437641723	414.106994629
1.83727891156	413.390014648
1.8401814059	413.390014648
1.84308390023	413.628875732
1.84598639456	413.867858887
1.84888888889	414.825195312
1.85179138322	415.784759521
1.85469387755	416.505889893
1.85759637188	416.746520996
1.86049886621	416.024993896
1.86340136054	415.544647217
1.86630385488	415.064880371
1.86920634921	415.3046875
1.87210884354	348.221069336
1.87501133787	349.228240967
1.8779138322	350.238311768
1.88081632653	350.440673828
1.88371882086	350.03604126
1.88662131519	349.631896973
1.88952380952	349.026580811
1.89242630385	348.825012207
1.89532879819	348.825012207
1.89823129252	348.422271729
1.90113378685	348.221069336
1.90403628118	348.019989014
1.90693877551	348.019989014
1.90984126984	348.019989014
1.91274376417	348.019989014
1.9156462585	347.819030762
1.91854875283	347.819030762
1.92145124717	347.819030762
1.9243537415	348.019989014
1.92725623583	348.221069336
1.93015873016	348.623596191
1.93306122449	348.825012207
1.93596371882	349.026580811
1.93886621315	349.026580811
1.94176870748	348.623596191
1.94467120181	348.221069336
1.94757369615	348.019989014
1.95047619048	347.819030762
1.95337868481	347.819030762
1.95628117914	348.221069336
1.95918367347	348.422271729
1.9620861678	348.825012207
1.96498866213	349.228240967
1.96789115646	349.026580811
1.97079365079	349.026580811
1.97369614512	348.825012207
1.97659863946	349.026580811
1.97950113379	349.430023193
1.98240362812	350.03604126
1.98530612245	350.643157959
1.98820861678	351.048461914
1.99111111111	351.45425415
1.99401360544	351.45425415
1.99691609977	351.048461914
1.9998185941	350.643157959
2.00272108844	350.238311768
2.00562358277	349.83392334
2.0085260771	349.631896973
2.01142857143	349.430023193
2.01433106576	349.228240967
2.01723356009	349.228240967
2.02013605442	349.228240967
2.02303854875	349.026580811
2.02594104308	349.026580811
2.02884353741	348.825012207
2.03174603175	348.825012207
2.03464852608	349.026580811
2.03755102041	349.430023193
2.04045351474	349.631896973
2.04335600907	350.03604126
2.0462585034	350.03604126
2.04916099773	350.03604126
2.05206349206	349.83392334
2.05496598639	349.83392334
2.05786848073	349.83392334
2.06077097506	349.83392334
2.06367346939	349.83392334
2.06657596372	349.631896973
2.06947845805	349.631896973
2.07238095238	349.430023193
2.07528344671	349.228240967
2.07818594104	349.026580811
2.08108843537	349.026580811
2.08399092971	349.026580811
2.08689342404	349.228240967
2.08979591837	349.228240967
2.0926984127	349.026580811
2.09560090703	349.228240967
2.09850340136	348.825012207
2.10140589569	348.825012207
2.10430839002	348.623596191
2.10721088435	348.623596191
2.11011337868	348.623596191
2.11301587302	348.623596191
2.11591836735	348.623596191
2.11882086168	348.623596191
2.12172335601	348.623596191
2.12462585034	348.623596191
2.12752834467	348.623596191
2.130430839	348.623596191
2.13333333333	348.825012207
2.13623582766	348.825012207
2.139138322	348.825012207
2.14204081633	348.825012207
2.14494331066	348.825012207
2.14784580499	349.026580811
2.15074829932	349.228240967
2.15365079365	349.228240967
2.15655328798	349.228240967
2.15945578231	349.026580811
2.16235827664	349.026580811
2.16526077098	348.825012207
2.16816326531	348.825012207
2.17106575964	349.026580811
2.17396825397	349.026580811
2.1768707483	349.228240967
2.17977324263	349.228240967
2.18267573696	349.228240967
2.18557823129	349.228240967
2.18848072562	349.026580811
2.19138321995	348.825012207
2.19428571429	348.623596191
2.19718820862	348.623596191
2.20009070295	348.825012207
2.20299319728	349.026580811
2.20589569161	349.228240967
2.20879818594	349.631896973
2.21170068027	349.83392334
2.2146031746	349.83392334
2.21750566893	349.631896973
2.22040816327	349.228240967
2.2233106576	349.228240967
2.22621315193	349.026580811
2.22911564626	348.825012207
2.23201814059	348.825012207
2.23492063492	348.825012207
2.23782312925	349.026580811
2.24072562358	349.228240967
2.24362811791	349.228240967
2.24653061224	349.228240967
2.24943310658	349.228240967
2.25233560091	349.430023193
2.25523809524	349.631896973
2.25814058957	349.430023193
2.2610430839	349.430023193
2.26394557823	349.228240967
2.26684807256	349.026580811
2.26975056689	349.026580811
2.27265306122	349.026580811
2.27555555556	349.026580811
2.27845804989	349.026580811
2.28136054422	349.026580811
2.28426303855	349.228240967
2.28716553288	349.228240967
2.29006802721	349.228240967
2.29297052154	349.228240967
2.29587301587	349.228240967
2.2987755102	349.228240967
2.30167800454	349.228240967
2.30458049887	349.228240967
2.3074829932	349.228240967
2.31038548753	349.228240967
2.31328798186	349.228240967
2.31619047619	349.026580811
2.31909297052	349.026580811
2.32199546485	348.825012207
2.32489795918	348.623596191
2.32780045351	348.422271729
2.33070294785	348.422271729
2.33360544218	348.623596191
2.33650793651	348.623596191
2.33941043084	348.825012207
2.34231292517	348.825012207
2.3452154195	348.825012207
2.34811791383	349.026580811
2.35102040816	349.026580811
2.35392290249	349.026580811
2.35682539683	348.825012207
2.35972789116	349.026580811
2.36263038549	349.026580811
2.36553287982	349.026580811
2.36843537415	349.026580811
2.37133786848	349.228240967
2.37424036281	349.430023193
2.37714285714	349.631896973
2.38004535147	349.430023193
2.3829478458	348.825012207
2.38585034014	348.019989014
2.38875283447	346.815948486
2.3916553288	345.217010498
2.39455782313	343.823974609
2.39746031746	342.832427979
2.40036281179	342.436584473
2.40326530612	343.22869873
2.40616780045	345.217010498
2.40907029478	349.228240967
2.41197278912	353.082061768
2.41487528345	356.566253662
2.41777777778	359.461395264
2.42068027211	360.709350586
2.42358276644	359.253814697
2.42648526077	356.978424072
2.4293877551	354.717407227
2.43229024943	351.657318115
2.43519274376	348.019989014
2.4380952381	342.041229248
2.44099773243	338.698944092
2.44390022676	337.332244873
2.44680272109	336.748199463
2.44970521542	336.553741455
2.45260770975	336.553741455
2.45551020408	335.971038818
2.45841269841	334.615325928
2.46131519274	331.920288086
2.46421768707	328.866821289
2.46712018141	326.595184326
2.47002267574	325.277313232
2.47292517007	324.714141846
2.4758276644	324.901763916
2.47873015873	326.029724121
2.48163265306	328.297454834
2.48453514739	330.771942139
2.48743764172	332.688079834
2.49034013605	333.843078613
2.49324263039	335.002105713
2.49614512472	335.971038818
2.49904761905	336.748199463
2.50195011338	337.332244873
2.50485260771	338.112548828
2.50775510204	339.67855835
2.51065759637	343.22869873
2.5135600907	349.83392334
2.51646258503	354.512573242
2.51936507937	357.184661865
2.5222675737	358.631835938
2.52517006803	357.391052246
2.52807256236	354.922363281
2.53097505669	350.845733643
2.53387755102	344.420288086
2.53678004535	341.251861572
2.53968253968	339.67855835
2.54258503401	337.527130127
2.54548752834	336.165161133
2.54839002268	335.002105713
2.55129251701	332.880310059
2.55419501134	330.771942139
2.55709750567	328.866821289
2.56	327.539794922
2.56290249433	326.783874512
2.56580498866	326.595184326
2.56870748299	326.972686768
2.57160997732	327.729034424
2.57451247166	328.676940918
2.57741496599	329.818023682
2.58031746032	330.771942139
2.58321995465	331.537078857
2.58612244898	332.112091064
2.58902494331	332.303955078
2.59192743764	332.49597168
2.59482993197	332.49597168
2.5977324263	332.112091064
2.60063492063	331.537078857
2.60353741497	330.771942139
2.6064399093	330.008575439
2.60934240363	329.24697876
2.61224489796	328.866821289
2.61514739229	328.676940918
2.61804988662	329.056854248
2.62095238095	329.818023682
2.62385487528	330.580932617
2.62675736961	331.345611572
2.62965986395	331.728637695
2.63256235828	332.112091064
2.63546485261	332.303955078
2.63836734694	331.920288086
2.64126984127	331.537078857
2.6441723356	331.154296875
2.64707482993	330.580932617
2.64997732426	330.008575439
2.65287981859	329.818023682
2.65578231293	329.437225342
2.65868480726	329.24697876
2.66158730159	329.437225342
2.66448979592	329.627563477
2.66739229025	330.008575439
2.67029478458	330.390045166
2.67319727891	330.771942139
2.67609977324	331.154296875
2.67900226757	331.537078857
2.6819047619	332.49597168
2.68480725624	333.265075684
2.68770975057	333.650299072
2.6906122449	0.0
2.69351473923	0.0
2.69641723356	0.0
2.69931972789	0.0
2.70222222222	0.0
2.70512471655	0.0
2.70802721088	0.0
2.71092970522	0.0
2.71383219955	0.0
2.71673469388	0.0
2.71963718821	0.0
2.72253968254	0.0
2.72544217687	0.0
2.7283446712	0.0
2.73124716553	0.0
2.73414965986	0.0
2.7370521542	0.0
2.73995464853	0.0
2.74285714286	0.0
2.74575963719	0.0
2.74866213152	0.0
2.75156462585	0.0
2.75446712018	0.0
2.75736961451	0.0
2.76027210884	0.0
2.76317460317	0.0
2.76607709751	0.0
2.76897959184	0.0
2.77188208617	0.0
2.7747845805	0.0
2.77768707483	0.0
2.78058956916	0.0
2.78349206349	0.0
2.78639455782	0.0
2.78929705215	0.0
2.79219954649	0.0
2.79510204082	0.0
2.79800453515	0.0
2.80090702948	0.0
2.80380952381	0.0
2.80671201814	0.0
2.80961451247	0.0
2.8125170068	0.0
2.81541950113	0.0
2.81832199546	0.0
2.8212244898	0.0
2.82412698413	0.0
2.82702947846	0.0
2.82993197279	0.0
2.83283446712	0.0
2.83573696145	0.0
2.83863945578	0.0
2.84154195011	0.0
2.84444444444	0.0
2.84734693878	0.0
2.85024943311	0.0
2.85315192744	0.0
2.85605442177	0.0
2.8589569161	0.0
2.86185941043	0.0
2.86476190476	0.0
2.86766439909	0.0
2.87056689342	0.0
2.87346938776	0.0
2.87637188209	0.0
2.87927437642	0.0
2.88217687075	0.0
2.88507936508	0.0
2.88798185941	0.0
2.89088435374	0.0
2.89378684807	0.0
2.8966893424	0.0
2.89959183673	0.0
2.90249433107	0.0
2.9053968254	0.0
2.90829931973	0.0
2.91120181406	0.0
2.91410430839	0.0
2.91700680272	0.0
2.91990929705	0.0
2.92281179138	0.0
2.92571428571	0.0
2.92861678005	0.0
2.93151927438	0.0
2.93442176871	0.0
2.93732426304	0.0
2.94022675737	0.0
2.9431292517	0.0
2.94603174603	0.0
2.94893424036	0.0
2.95183673469	0.0
2.95473922902	0.0
2.95764172336	0.0
2.96054421769	0.0
2.96344671202	0.0
2.96634920635	0.0
2.96925170068	0.0
2.97215419501	0.0
2.97505668934	444.598632812
2.97795918367	442.804595947
2.980861678	439.745910645
2.98376417234	435.197479248
2.98666666667	433.441375732
2.989569161	433.441375732
2.99247165533	433.942382812
2.99537414966	434.444000244
2.99827664399	434.946166992
3.00117913832	435.700531006
3.00408163265	437.465789795
3.00698412698	438.984558105
3.00988662132	439.745910645
3.01278911565	440.0
3.01569160998	440.0
3.01859410431	439.745910645
3.02149659864	439.745910645
3.02439909297	439.745910645
3.0273015873	439.745910645
3.03020408163	439.491973877
3.03310657596	438.984558105
3.03600907029	438.477722168
3.03891156463	437.718536377
3.04181405896	436.960693359
3.04471655329	436.708374023
3.04761904762	436.204162598
3.05052154195	435.952270508
3.05342403628	436.204162598
3.05632653061	436.960693359
3.05922902494	437.465789795
3.06213151927	438.224517822
3.06503401361	438.731048584
3.06793650794	438.731048584
3.07083900227	438.731048584
3.0737414966	438.477722168
3.07664399093	438.224517822
3.07954648526	437.971466064
3.08244897959	437.718536377
3.08535147392	437.213165283
3.08825396825	436.960693359
3.09115646259	436.960693359
3.09405895692	436.708374023
3.09696145125	437.213165283
3.09986394558	437.718536377
3.10276643991	437.971466064
3.10566893424	438.224517822
3.10857142857	438.224517822
3.1114739229	438.477722168
3.11437641723	438.731048584
3.11727891156	438.984558105
3.1201814059	438.984558105
3.12308390023	439.238189697
3.12598639456	439.238189697
3.12888888889	439.491973877
3.13179138322	439.491973877
3.13469387755	439.491973877
3.13759637188	439.491973877
3.14049886621	439.238189697
3.14340136054	438.984558105
3.14630385488	438.984558105
3.14920634921	438.731048584
3.15210884354	438.731048584
3.15501133787	438.731048584
3.1579138322	438.984558105
3.16081632653	438.731048584
3.16371882086	438.984558105
3.16662131519	438.731048584
3.16952380952	438.477722168
3.17242630385	438.224517822
3.17532879819	438.224517822
3.17823129252	437.718536377
3.18113378685	437.213165283
3.18403628118	436.960693359
3.18693877551	436.960693359
3.18984126984	436.960693359
3.19274376417	437.213165283
3.1956462585	437.465789795
3.19854875283	437.465789795
3.20145124717	437.718536377
3.2043537415	437.718536377
3.20725623583	437.718536377
3.21015873016	437.465789795
3.21306122449	437.213165283
3.21596371882	436.708374023
3.21886621315	436.204162598
3.22176870748	436.204162598
3.22467120181	436.456207275
3.22757369615	436.708374023
3.23047619048	436.456207275
3.23337868481	435.700531006
3.23628117914	434.193115234
3.23918367347	431.443054199
3.2420861678	425.257537842
3.24498866213	413.628875732
3.24789115646	407.934326172
3.25079365079	405.350585938
3.25369614512	404.18157959
3.25659863946	404.415100098
3.25950113379	406.288208008
3.26240362812	408.877929688
3.26530612245	411.484161377
3.26820861678	413.628875732
3.27111111111	415.064880371
3.27401360544	416.024993896
3.27691609977	416.505889893
3.2798185941	416.746520996
3.28272108844	416.987335205
3.28562358277	416.746520996
3.2885260771	416.505889893
3.29142857143	416.024993896
3.29433106576	415.544647217
3.29723356009	415.064880371
3.30013605442	414.346252441
3.30303854875	413.867858887
3.30594104308	413.628875732
3.30884353741	414.106994629
3.31174603175	415.064880371
3.31464852608	416.505889893
3.31755102041	418.193359375
3.32045351474	419.645233154
3.32335600907	420.615936279
3.3262585034	420.373046875
3.32916099773	419.645233154
3.33206349206	418.193359375
3.33496598639	416.505889893
3.33786848073	415.064880371
3.34077097506	414.106994629
3.34367346939	414.106994629
3.34657596372	414.346252441
3.34947845805	414.585662842
3.35238095238	414.825195312
3.35528344671	415.064880371
3.35818594104	415.064880371
3.36108843537	414.825195312
3.36399092971	414.106994629
3.36689342404	413.867858887
3.36979591837	413.628875732
3.3726984127	414.106994629
3.37560090703	414.346252441
3.37850340136	414.825195312
3.38140589569	415.544647217
3.38430839002	416.024993896
3.38721088435	416.265350342
3.39011337868	416.265350342
3.39301587302	416.505889893
3.39591836735	416.265350342
3.39882086168	415.784759521
3.40172335601	415.3046875
3.40462585034	414.825195312
3.40752834467	414.346252441
3.410430839	414.106994629
3.41333333333	413.867858887
3.41623582766	414.106994629
3.419138322	414.346252441
3.42204081633	415.064880371
3.42494331066	415.784759521
3.42784580499	416.746520996
3.43074829932	417.228240967
3.43365079365	417.228240967
3.43655328798	416.746520996
3.43945578231	416.024993896
3.44235827664	415.544647217
3.44526077098	415.064880371
3.44816326531	415.064880371
3.45106575964	415.3046875
3.45396825397	416.024993896
3.4568707483	417.228240967
3.45977324263	418.193359375
3.46267573696	418.676757812
3.46557823129	419.160705566
3.46848072562	418.676757812
3.47138321995	417.951873779
3.47428571429	417.228240967
3.47718820862	416.024993896
3.48009070295	415.064880371
3.48299319728	414.346252441
3.48589569161	413.867858887
3.48879818594	413.867858887
3.49170068027	414.106994629
3.4946031746	414.585662842
3.49750566893	415.544647217
3.50040816327	416.024993896
3.5033106576	416.746520996
3.50621315193	416.265350342
3.50911564626	415.784759521
3.51201814059	415.3046875
3.51492063492	414.585662842
3.51782312925	413.628875732
3.52072562358	412.674285889
3.52362811791	411.959777832
3.52653061224	412.197814941
3.52943310658	413.151306152
3.53233560091	413.390014648
3.53523809524	413.151306152
3.53814058957	348.825012207
3.5410430839	349.430023193
3.54394557823	349.631896973
3.54684807256	350.03604126
3.54975056689	350.03604126
3.55265306122	350.03604126
3.55555555556	349.228240967
3.55845804989	348.422271729
3.56136054422	347.819030762
3.56426303855	347.417449951
3.56716553288	347.417449951
3.57006802721	347.618164062
3.57297052154	347.819030762
3.57587301587	347.819030762
3.5787755102	348.221069336
3.58167800454	348.221069336
3.58458049887	348.221069336
3.5874829932	348.422271729
3.59038548753	348.623596191
3.59328798186	349.026580811
3.59619047619	349.228240967
3.59909297052	349.026580811
3.60199546485	348.825012207
3.60489795918	348.422271729
3.60780045351	348.221069336
3.61070294785	347.819030762
3.61360544218	347.819030762
3.61650793651	348.019989014
3.61941043084	348.422271729
3.62231292517	348.825012207
3.6252154195	349.026580811
3.62811791383	349.228240967
3.63102040816	349.026580811
3.63392290249	348.825012207
3.63682539683	348.825012207
3.63972789116	349.228240967
3.64263038549	349.430023193
3.64553287982	350.03604126
3.64843537415	350.643157959
3.65133786848	351.251281738
3.65424036281	351.45425415
3.65714285714	351.251281738
3.66004535147	350.643157959
3.6629478458	350.03604126
3.66585034014	349.631896973
3.66875283447	349.228240967
3.6716553288	349.228240967
3.67455782313	349.228240967
3.67746031746	349.631896973
3.68036281179	349.631896973
3.68326530612	349.631896973
3.68616780045	349.430023193
3.68907029478	349.026580811
3.69197278912	348.623596191
3.69487528345	348.825012207
3.69777777778	349.026580811
3.70068027211	349.026580811
3.70358276644	349.430023193
3.70648526077	349.631896973
3.7093877551	349.83392334
3.71229024943	349.631896973
3.71519274376	349.83392334
3.7180952381	349.83392334
3.72099773243	349.83392334
3.72390022676	350.03604126
3.72680272109	350.03604126
3.72970521542	349.83392334
3.73260770975	349.631896973
3.73551020408	349.430023193
3.73841269841	349.026580811
3.74131519274	349.026580811
3.74421768707	349.026580811
3.74712018141	349.026580811
3.75002267574	349.026580811
3.75292517007	349.228240967
3.7558276644	349.228240967
3.75873015873	349.026580811
3.76163265306	348.825012207
3.76453514739	348.623596191
3.76743764172	348.623596191
3.77034013605	348.422271729
3.77324263039	348.221069336
3.77614512472	348.221069336
3.77904761905	348.422271729
3.78195011338	348.422271729
3.78485260771	348.623596191
3.78775510204	348.422271729
3.79065759637	348.422271729
3.7935600907	348.019989014
3.79646258503	348.019989014
3.79936507937	348.019989014
3.8022675737	348.422271729
3.80517006803	348.623596191
3.80807256236	349.026580811
3.81097505669	348.825012207
3.81387755102	349.026580811
3.81678004535	349.631896973
3.81968253968	350.238311768
3.82258503401	410.060516357
3.82548752834	411.246520996
3.82839002268	412.435974121
3.83129251701	413.390014648
3.83419501134	413.628875732
3.83709750567	414.106994629
3.84	414.585662842
3.84290249433	415.544647217
3.84580498866	416.265350342
3.84870748299	416.505889893
3.85160997732	416.505889893
3.85451247166	416.024993896
3.85741496599	415.784759521
3.86031746032	415.784759521
3.86321995465	415.3046875
3.86612244898	414.585662842
3.86902494331	414.346252441
3.87192743764	415.064880371
3.87482993197	416.265350342
3.8777324263	417.469329834
3.88063492063	417.951873779
3.88353741497	418.193359375
3.8864399093	417.951873779
3.88934240363	417.228240967
3.89224489796	416.024993896
3.89514739229	414.585662842
3.89804988662	413.867858887
3.90095238095	413.628875732
3.90385487528	414.346252441
3.90675736961	415.3046875
3.90965986395	415.784759521
3.91256235828	416.265350342
3.91546485261	416.024993896
3.91836734694	416.024993896
3.92126984127	415.544647217
3.9241723356	414.585662842
3.92707482993	413.151306152
3.92997732426	412.435974121
3.93287981859	412.435974121
3.93578231293	413.390014648
3.93868480726	414.346252441
3.94158730159	415.064880371
3.94448979592	415.784759521
3.94739229025	416.265350342
3.95029478458	416.987335205
3.95319727891	417.228240967
3.95609977324	416.987335205
3.95900226757	416.265350342
3.9619047619	415.544647217
3.96480725624	415.064880371
3.96770975057	414.825195312
3.9706122449	414.346252441
3.97351473923	413.867858887
3.97641723356	413.628875732
3.97931972789	413.867858887
3.98222222222	414.346252441
3.98512471655	414.825195312
3.98802721088	415.3046875
3.99092970522	415.784759521
3.99383219955	416.024993896
3.99673469388	416.746520996
3.99963718821	416.746520996
4.00253968254	416.505889893
4.00544217687	416.505889893
4.0083446712	416.024993896
4.01124716553	416.024993896
4.01414965986	416.024993896
4.0170521542	416.024993896
4.01995464853	416.265350342
4.02285714286	416.505889893
4.02575963719	416.987335205
4.02866213152	417.228240967
4.03156462585	416.987335205
4.03446712018	416.505889893
4.03736961451	416.024993896
4.04027210884	415.784759521
4.04317460317	415.544647217
4.04607709751	415.064880371
4.04897959184	414.825195312
4.05188208617	414.825195312
4.0547845805	415.064880371
4.05768707483	415.544647217
4.06058956916	415.784759521
4.06349206349	415.544647217
4.06639455782	415.064880371
4.06929705215	415.064880371
4.07219954649	415.3046875
4.07510204082	415.064880371
4.07800453515	414.825195312
4.08090702948	414.106994629
4.08380952381	413.390014648
4.08671201814	413.628875732
4.08961451247	413.628875732
4.0925170068	348.221069336
4.09541950113	349.026580811
4.09832199546	349.83392334
4.1012244898	350.238311768
4.10412698413	350.03604126
4.10702947846	350.238311768
4.10993197279	350.238311768
4.11283446712	350.03604126
4.11573696145	349.430023193
4.11863945578	348.422271729
4.12154195011	347.819030762
4.12444444444	347.618164062
4.12734693878	347.618164062
4.13024943311	348.019989014
4.13315192744	348.221069336
4.13605442177	348.422271729
4.1389569161	348.422271729
4.14185941043	348.422271729
4.14476190476	348.422271729
4.14766439909	348.623596191
4.15056689342	348.623596191
4.15346938776	349.026580811
4.15637188209	349.026580811
4.15927437642	349.026580811
4.16217687075	348.623596191
4.16507936508	348.422271729
4.16798185941	348.221069336
4.17088435374	348.019989014
4.17378684807	348.019989014
4.1766893424	348.221069336
4.17959183673	348.422271729
4.18249433107	348.825012207
4.1853968254	349.026580811
4.18829931973	349.026580811
4.19120181406	348.825012207
4.19410430839	348.825012207
4.19700680272	349.026580811
4.19990929705	349.228240967
4.20281179138	349.631896973
4.20571428571	350.238311768
4.20861678005	350.845733643
4.21151927438	351.251281738
4.21442176871	351.45425415
4.21732426304	351.251281738
4.22022675737	350.845733643
4.2231292517	350.238311768
4.22603174603	349.83392334
4.22893424036	349.631896973
4.23183673469	349.430023193
4.23473922902	349.631896973
4.23764172336	349.631896973
4.24054421769	349.631896973
4.24344671202	349.631896973
4.24634920635	349.228240967
4.24925170068	349.026580811
4.25215419501	348.825012207
4.25505668934	348.825012207
4.25795918367	349.026580811
4.260861678	349.430023193
4.26376417234	349.631896973
4.26666666667	349.83392334
4.269569161	349.83392334
4.27247165533	349.83392334
4.27537414966	349.83392334
4.27827664399	350.03604126
4.28117913832	350.03604126
4.28408163265	350.03604126
4.28698412698	350.03604126
4.28988662132	350.03604126
4.29278911565	349.631896973
4.29569160998	349.430023193
4.29859410431	349.026580811
4.30149659864	349.026580811
4.30439909297	348.825012207
4.3073015873	349.026580811
4.31020408163	349.026580811
4.31310657596	349.228240967
4.31600907029	349.026580811
4.31891156463	349.026580811
4.32181405896	348.825012207
4.32471655329	348.825012207
4.32761904762	348.623596191
4.33052154195	348.623596191
4.33342403628	348.422271729
4.33632653061	348.422271729
4.33922902494	348.422271729
4.34213151927	348.422271729
4.34503401361	348.422271729
4.34793650794	348.623596191
4.35083900227	348.623596191
4.3537414966	348.623596191
4.35664399093	348.825012207
4.35954648526	348.825012207
4.36244897959	348.825012207
4.36535147392	348.825012207
4.36825396825	349.026580811
4.37115646259	349.430023193
4.37405895692	349.631896973
4.37696145125	350.03604126
4.37986394558	350.03604126
4.38276643991	350.03604126
4.38566893424	349.631896973
4.38857142857	349.026580811
4.3914739229	348.221069336
4.39437641723	347.216827393
4.39727891156	346.615661621
4.4001814059	346.615661621
4.40308390023	347.016326904
4.40598639456	347.819030762
4.40888888889	349.026580811
4.41179138322	351.251281738
4.41469387755	353.082061768
4.41759637188	354.922363281
4.42049886621	356.360351562
4.42340136054	356.566253662
4.42630385488	356.360351562
4.42920634921	355.53793335
4.43210884354	354.103271484
4.43501133787	352.063781738
4.4379138322	348.623596191
4.44081632653	343.625427246
4.44371882086	340.464294434
4.44662131519	339.286376953
4.44952380952	339.090454102
4.45242630385	339.090454102
4.45532879819	339.090454102
4.45823129252	339.090454102
4.46113378685	338.503356934
4.46403628118	335.777038574
4.46693877551	328.297454834
4.46984126984	324.901763916
4.47274376417	323.217102051
4.4756462585	323.030456543
4.47854875283	323.964752197
4.48145124717	326.972686768
4.4843537415	332.688079834
4.48725623583	335.777038574
4.49015873016	337.332244873
4.49306122449	338.112548828
4.49596371882	338.89465332
4.49886621315	339.482421875
4.50176870748	340.464294434
4.50467120181	341.449005127
4.50757369615	343.22869873
4.51047619048	346.415496826
4.51337868481	350.845733643
4.51628117914	353.69442749
4.51918367347	355.53793335
4.5220861678	356.978424072
4.52498866213	356.566253662
4.52789115646	354.307861328
4.53079365079	351.86050415
4.53369614512	349.228240967
4.53659863946	345.416473389
4.53950113379	342.832427979
4.54240362812	341.054779053
4.54530612245	339.286376953
4.54820861678	336.942749023
4.55111111111	335.777038574
4.55401360544	333.457641602
4.55691609977	331.154296875
4.5598185941	328.866821289
4.56272108844	326.783874512
4.56562358277	325.653289795
4.5685260771	325.089477539
4.57142857143	325.277313232
4.57433106576	326.218109131
4.57723356009	327.729034424
4.58013605442	329.437225342
4.58303854875	330.963043213
4.58594104308	332.303955078
4.58884353741	333.072631836
4.59174603175	333.650299072
4.59464852608	334.035980225
4.59755102041	333.650299072
4.60045351474	333.265075684
4.60335600907	332.303955078
4.6062585034	331.345611572
4.60916099773	330.199249268
4.61206349206	329.24697876
4.61496598639	328.487121582
4.61786848073	328.487121582
4.62077097506	328.676940918
4.62367346939	329.24697876
4.62657596372	329.818023682
4.62947845805	330.580932617
4.63238095238	331.154296875
4.63528344671	331.537078857
4.63818594104	331.728637695
4.64108843537	331.728637695
4.64399092971	331.728637695
4.64689342404	331.537078857
4.64979591837	331.154296875
4.6526984127	330.580932617
4.65560090703	330.008575439
4.65850340136	329.627563477
4.66140589569	329.056854248
4.66430839002	328.866821289
4.66721088435	328.866821289
4.67011337868	329.056854248
4.67301587302	329.24697876
4.67591836735	329.627563477
4.67882086168	330.199249268
4.68172335601	330.771942139
4.68462585034	331.345611572
4.68752834467	332.112091064
4.690430839	332.49597168
4.69333333333	332.880310059
4.69623582766	333.265075684
4.699138322	333.265075684
4.70204081633	332.880310059
4.70494331066	332.112091064
4.70784580499	330.963043213
4.71074829932	330.008575439
4.71365079365	328.866821289
4.71655328798	328.107879639
4.71945578231	327.918395996
4.72235827664	327.918395996
4.72526077098	328.487121582
4.72816326531	329.056854248
4.73106575964	330.008575439
4.73396825397	330.580932617
4.7368707483	330.963043213
4.73977324263	330.771942139
4.74267573696	330.580932617
4.74557823129	330.390045166
4.74848072562	330.008575439
4.75138321995	329.818023682
4.75428571429	329.818023682
4.75718820862	329.627563477
4.76009070295	329.818023682
4.76299319728	330.008575439
4.76589569161	330.008575439
4.76879818594	330.008575439
4.77170068027	329.818023682
4.7746031746	329.437225342
4.77750566893	329.056854248
4.78040816327	328.676940918
4.7833106576	328.487121582
4.78621315193	328.107879639
4.78911564626	328.107879639
4.79201814059	328.107879639
4.79492063492	328.487121582
4.79782312925	328.866821289
4.80072562358	329.24697876
4.80362811791	329.818023682
4.80653061224	330.199249268
4.80943310658	330.390045166
4.81233560091	330.580932617
4.81523809524	330.580932617
4.81814058957	330.390045166
4.8210430839	330.199249268
4.82394557823	329.818023682
4.82684807256	329.818023682
4.82975056689	329.627563477
4.83265306122	329.437225342
4.83555555556	329.437225342
4.83845804989	329.437225342
4.84136054422	329.437225342
4.84426303855	329.437225342
4.84716553288	329.24697876
4.85006802721	329.24697876
4.85297052154	329.056854248
4.85587301587	329.056854248
4.8587755102	329.056854248
4.86167800454	329.24697876
4.86458049887	329.627563477
4.8674829932	329.818023682
4.87038548753	330.008575439
4.87328798186	330.199249268
4.87619047619	330.199249268
4.87909297052	330.199249268
4.88199546485	330.199249268
4.88489795918	330.008575439
4.88780045351	330.008575439
4.89070294785	330.008575439
4.89360544218	330.008575439
4.89650793651	329.818023682
4.89941043084	329.818023682
4.90231292517	329.818023682
4.9052154195	329.818023682
4.90811791383	329.627563477
4.91102040816	329.627563477
4.91392290249	329.437225342
4.91682539683	329.437225342
4.91972789116	329.437225342
4.92263038549	329.437225342
4.92553287982	329.627563477
4.92843537415	329.818023682
4.93133786848	329.818023682
4.93424036281	330.008575439
4.93714285714	330.390045166
4.94004535147	330.580932617
4.9429478458	330.771942139
4.94585034014	330.963043213
4.94875283447	330.771942139
4.9516553288	330.580932617
4.95455782313	330.199249268
4.95746031746	330.008575439
4.96036281179	329.437225342
4.96326530612	329.24697876
4.96616780045	329.056854248
4.96907029478	329.056854248
4.97197278912	329.056854248
4.97487528345	329.24697876
4.97777777778	329.437225342
4.98068027211	329.818023682
4.98358276644	329.818023682
4.98648526077	330.008575439
4.9893877551	330.008575439
4.99229024943	330.008575439
4.99519274376	329.818023682
4.9980952381	329.627563477
5.00099773243	329.24697876
5.00390022676	329.24697876
5.00680272109	329.24697876
5.00970521542	329.24697876
5.01260770975	329.24697876
5.01551020408	329.627563477
5.01841269841	329.818023682
5.02131519274	330.008575439
5.02421768707	330.008575439
5.02712018141	330.199249268
5.03002267574	330.008575439
5.03292517007	330.008575439
5.0358276644	329.818023682
5.03873015873	329.627563477
5.04163265306	329.437225342
5.04453514739	329.24697876
5.04743764172	329.24697876
5.05034013605	329.437225342
5.05324263039	329.437225342
5.05614512472	329.627563477
5.05904761905	329.818023682
5.06195011338	330.008575439
5.06485260771	330.008575439
5.06775510204	329.818023682
5.07065759637	329.818023682
5.0735600907	329.818023682
5.07646258503	329.818023682
5.07936507937	329.818023682
5.0822675737	329.818023682
5.08517006803	329.818023682
5.08807256236	329.818023682
5.09097505669	329.818023682
5.09387755102	329.818023682
5.09678004535	329.818023682
5.09968253968	329.818023682
5.10258503401	329.627563477
5.10548752834	329.627563477
5.10839002268	329.627563477
5.11129251701	329.627563477
5.11419501134	329.627563477
5.11709750567	329.818023682
5.12	329.818023682
5.12290249433	330.008575439
5.12580498866	330.008575439
5.12870748299	330.008575439
5.13160997732	330.008575439
5.13451247166	329.818023682
5.13741496599	329.627563477
5.14031746032	329.437225342
5.14321995465	329.437225342
5.14612244898	329.437225342
5.14902494331	329.437225342
5.15192743764	329.437225342
5.15482993197	329.437225342
5.1577324263	329.627563477
5.16063492063	329.627563477
5.16353741497	329.627563477
5.1664399093	329.627563477
5.16934240363	329.627563477
5.17224489796	329.627563477
5.17514739229	329.627563477
5.17804988662	329.627563477
5.18095238095	329.437225342
5.18385487528	329.437225342
5.18675736961	329.437225342
5.18965986395	329.437225342
5.19256235828	329.437225342
5.19546485261	329.24697876
5.19836734694	329.24697876
5.20126984127	329.437225342
5.2041723356	329.437225342
5.20707482993	329.437225342
5.20997732426	329.627563477
5.21287981859	329.627563477
5.21578231293	329.818023682
5.21868480726	330.008575439
5.22158730159	330.199249268
5.22448979592	330.199249268
5.22739229025	330.199249268
5.23029478458	330.199249268
5.23319727891	330.008575439
5.23609977324	329.627563477
5.23900226757	329.627563477
5.2419047619	329.437225342
5.24480725624	329.24697876
5.24770975057	329.24697876
5.2506122449	329.24697876
5.25351473923	329.24697876
5.25641723356	329.24697876
5.25931972789	329.437225342
5.26222222222	329.627563477
5.26512471655	329.818023682
5.26802721088	330.008575439
5.27092970522	330.199249268
5.27383219955	330.580932617
5.27673469388	330.771942139
5.27963718821	330.963043213
5.28253968254	331.345611572
5.28544217687	331.345611572
5.2883446712	331.537078857
5.29124716553	331.345611572
5.29414965986	331.154296875
5.2970521542	331.154296875
5.29995464853	331.154296875
5.30285714286	330.963043213
5.30575963719	330.771942139
5.30866213152	330.771942139
5.31156462585	330.580932617
5.31446712018	330.390045166
5.31736961451	330.390045166
5.32027210884	330.199249268
5.32317460317	330.390045166
5.32607709751	330.199249268
5.32897959184	330.390045166
5.33188208617	330.199249268
5.3347845805	330.390045166
5.33768707483	330.580932617
5.34058956916	330.963043213
5.34349206349	331.345611572
5.34639455782	331.728637695
5.34929705215	331.920288086
5.35219954649	332.303955078
5.35510204082	332.303955078
5.35800453515	332.303955078
5.36090702948	332.303955078
5.36380952381	331.920288086
5.36671201814	331.728637695
5.36961451247	331.345611572
5.3725170068	330.771942139
5.37541950113	330.580932617
5.37832199546	330.580932617
5.3812244898	330.580932617
5.38412698413	330.771942139
5.38702947846	331.154296875
5.38993197279	331.537078857
5.39283446712	331.728637695
5.39573696145	331.920288086
5.39863945578	331.920288086
5.40154195011	331.728637695
5.40444444444	331.345611572
5.40734693878	0.0
5.41024943311	0.0
5.41315192744	0.0
5.41605442177	0.0
5.4189569161	0.0
5.42185941043	0.0
5.42476190476	0.0
5.42766439909	0.0
5.43056689342	0.0
5.43346938776	0.0
5.43637188209	0.0
5.43927437642	0.0
5.44217687075	0.0
5.44507936508	0.0
5.44798185941	0.0
5.45088435374	0.0
5.45378684807	0.0
5.4566893424	0.0
5.45959183673	0.0
5.46249433107	0.0
5.4653968254	0.0
5.46829931973	0.0
5.47120181406	0.0
5.47410430839	0.0
5.47700680272	0.0
5.47990929705	0.0
5.48281179138	0.0
5.48571428571	0.0
5.48861678005	0.0
5.49151927438	0.0
5.49442176871	0.0
5.49732426304	0.0
5.50022675737	0.0
5.5031292517	0.0
5.50603174603	0.0
5.50893424036	0.0
5.51183673469	0.0
5.51473922902	0.0
5.51764172336	0.0
5.52054421769	0.0
5.52344671202	0.0
5.52634920635	0.0
5.52925170068	0.0
5.53215419501	0.0
5.53505668934	0.0
5.53795918367	0.0
5.540861678	0.0
5.54376417234	0.0
5.54666666667	0.0
5.549569161	0.0
5.55247165533	0.0
5.55537414966	0.0
5.55827664399	0.0
5.56117913832	0.0
5.56408163265	0.0
5.56698412698	0.0
5.56988662132	0.0
5.57278911565	0.0
5.57569160998	0.0
5.57859410431	0.0
5.58149659864	0.0
5.58439909297	0.0
5.5873015873	0.0
5.59020408163	0.0
5.59310657596	0.0
5.59600907029	0.0
5.59891156463	0.0
5.60181405896	0.0
5.60471655329	0.0
5.60761904762	0.0
5.61052154195	0.0
5.61342403628	0.0
5.61632653061	0.0
5.61922902494	0.0
5.62213151927	0.0
5.62503401361	0.0
5.62793650794	0.0
5.63083900227	0.0
5.6337414966	0.0
5.63664399093	0.0
5.63954648526	0.0
5.64244897959	0.0
5.64535147392	0.0
5.64825396825	0.0
5.65115646259	0.0
5.65405895692	0.0
5.65696145125	0.0
5.65986394558	0.0
5.66276643991	0.0
5.66566893424	0.0
5.66857142857	0.0
5.6714739229	0.0
5.67437641723	0.0
5.67727891156	0.0
5.6801814059	0.0
5.68308390023	0.0
5.68598639456	0.0
5.68888888889	0.0
5.69179138322	0.0
5.69469387755	0.0
5.69759637188	0.0
5.70049886621	0.0
5.70340136054	0.0
5.70630385488	0.0
5.70920634921	0.0
5.71210884354	0.0
5.71501133787	0.0
5.7179138322	0.0
5.72081632653	0.0
5.72371882086	0.0
5.72662131519	0.0
5.72952380952	0.0
5.73242630385	0.0
5.73532879819	0.0
5.73823129252	0.0
5.74113378685	0.0
5.74403628118	0.0
5.74693877551	0.0
5.74984126984	0.0
5.75274376417	0.0
5.7556462585	0.0
5.75854875283	0.0
5.76145124717	0.0
5.7643537415	0.0
5.76725623583	0.0
5.77015873016	0.0
5.77306122449	0.0
5.77596371882	0.0
5.77886621315	0.0
5.78176870748	0.0
5.78467120181	0.0
5.78757369615	0.0
5.79047619048	0.0
5.79337868481	0.0
5.79628117914	0.0
5.79918367347	0.0
5.8020861678	0.0
5.80498866213	0.0
5.80789115646	0.0
5.81079365079	0.0
5.81369614512	0.0
5.81659863946	0.0
5.81950113379	0.0
5.82240362812	0.0
5.82530612245	0.0
5.82820861678	0.0
5.83111111111	0.0
5.83401360544	0.0
5.83691609977	0.0
5.8398185941	0.0
5.84272108844	0.0
5.84562358277	0.0
5.8485260771	0.0
5.85142857143	0.0
5.85433106576	0.0
5.85723356009	0.0
5.86013605442	0.0
5.86303854875	0.0
5.86594104308	0.0
5.86884353741	0.0
5.87174603175	0.0
5.87464852608	0.0
5.87755102041	0.0
5.88045351474	0.0
5.88335600907	0.0
5.8862585034	0.0
5.88916099773	0.0
5.89206349206	0.0
5.89496598639	0.0
5.89786848073	0.0
5.90077097506	0.0
5.90367346939	0.0
5.90657596372	0.0
5.90947845805	0.0
5.91238095238	0.0
5.91528344671	0.0
5.91818594104	0.0
5.92108843537	0.0
5.92399092971	0.0
5.92689342404	0.0
5.92979591837	0.0
5.9326984127	0.0
5.93560090703	0.0
5.93850340136	0.0
5.94140589569	0.0
5.94430839002	0.0
5.94721088435	0.0
5.95011337868	0.0
5.95301587302	0.0
5.95591836735	0.0
5.95882086168	0.0
5.96172335601	0.0
5.96462585034	0.0
5.96752834467	0.0
5.970430839	0.0
5.97333333333	0.0
5.97623582766	0.0
5.979138322	0.0
5.98204081633	0.0
