0.0	0.0
0.00290249433107	0.0
0.00580498866213	0.0
0.0087074829932	0.0
0.0116099773243	0.0
0.0145124716553	0.0
0.0174149659864	0.0
0.0203174603175	0.0
0.0232199546485	0.0
0.0261224489796	0.0
0.0290249433107	0.0
0.0319274376417	0.0
0.0348299319728	0.0
0.0377324263039	0.0
0.0406349206349	0.0
0.043537414966	0.0
0.0464399092971	0.0
0.0493424036281	0.0
0.0522448979592	0.0
0.0551473922902	0.0
0.0580498866213	0.0
0.0609523809524	0.0
0.0638548752834	0.0
0.0667573696145	0.0
0.0696598639456	0.0
0.0725623582766	0.0
0.0754648526077	0.0
0.0783673469388	0.0
0.0812698412698	0.0
0.0841723356009	0.0
0.087074829932	0.0
0.089977324263	0.0
0.0928798185941	0.0
0.0957823129252	0.0
0.0986848072562	0.0
0.101587301587	0.0
0.104489795918	0.0
0.107392290249	0.0
0.11029478458	0.0
0.113197278912	0.0
0.116099773243	0.0
0.119002267574	0.0
0.121904761905	0.0
0.124807256236	0.0
0.127709750567	0.0
0.130612244898	0.0
0.133514739229	0.0
0.13641723356	0.0
0.139319727891	0.0
0.142222222222	0.0
0.145124716553	0.0
0.148027210884	0.0
0.150929705215	0.0
0.153832199546	0.0
0.156734693878	0.0
0.159637188209	0.0
0.16253968254	0.0
0.165442176871	0.0
0.168344671202	0.0
0.171247165533	0.0
0.174149659864	0.0
0.177052154195	356.566253662
0.179954648526	354.922363281
0.182857142857	354.307861328
0.185759637188	354.512573242
0.188662131519	355.127441406
0.19156462585	356.566253662
0.194467120181	359.6690979
0.197369614512	362.798919678
0.200272108844	365.744659424
0.203174603175	369.140533447
0.206077097506	371.278961182
0.208979591837	361.752624512
0.211882086168	356.978424072
0.214784580499	353.286071777
0.21768707483	350.238311768
0.220589569161	348.825012207
0.223492063492	347.618164062
0.226394557823	347.016326904
0.229297052154	346.615661621
0.232199546485	347.016326904
0.235102040816	346.615661621
0.238004535147	346.015533447
0.240907029478	346.015533447
0.24380952381	346.415496826
0.246712018141	346.815948486
0.249614512472	347.618164062
0.252517006803	347.819030762
0.255419501134	348.019989014
0.258321995465	348.221069336
0.261224489796	348.019989014
0.264126984127	347.819030762
0.267029478458	348.019989014
0.269931972789	348.422271729
0.27283446712	348.825012207
0.275736961451	349.83392334
0.278639455782	350.643157959
0.281541950113	351.251281738
0.284444444444	351.45425415
0.287346938776	351.048461914
0.290249433107	350.643157959
0.293151927438	350.238311768
0.296054421769	349.83392334
0.2989569161	349.228240967
0.301859410431	349.026580811
0.304761904762	349.026580811
0.307664399093	349.026580811
0.310566893424	349.430023193
0.313469387755	349.83392334
0.316371882086	350.238311768
0.319274376417	350.440673828
0.322176870748	350.440673828
0.325079365079	350.440673828
0.32798185941	350.238311768
0.330884353741	350.03604126
0.333786848073	349.83392334
0.336689342404	349.631896973
0.339591836735	349.631896973
0.342494331066	349.631896973
0.345396825397	349.83392334
0.348299319728	350.03604126
0.351201814059	350.238311768
0.35410430839	350.03604126
0.357006802721	350.03604126
0.359909297052	349.631896973
0.362811791383	349.430023193
0.365714285714	349.026580811
0.368616780045	348.623596191
0.371519274376	348.221069336
0.374421768707	347.819030762
0.377324263039	347.618164062
0.38022675737	347.417449951
0.383129251701	347.216827393
0.386031746032	347.216827393
0.388934240363	347.216827393
0.391836734694	347.016326904
0.394739229025	347.216827393
0.397641723356	347.417449951
0.400544217687	347.819030762
0.403446712018	348.422271729
0.406349206349	349.026580811
0.40925170068	349.430023193
0.412154195011	349.83392334
0.415056689342	350.03604126
0.417959183673	350.03604126
0.420861678005	350.03604126
0.423764172336	349.631896973
0.426666666667	349.228240967
0.429569160998	348.825012207
0.432471655329	348.422271729
0.43537414966	348.019989014
0.438276643991	347.819030762
0.441179138322	347.618164062
0.444081632653	347.417449951
0.446984126984	347.216827393
0.449886621315	347.417449951
0.452789115646	347.618164062
0.455691609977	347.618164062
0.458594104308	347.819030762
0.461496598639	348.019989014
0.464399092971	348.422271729
0.467301587302	348.623596191
0.470204081633	349.228240967
0.473106575964	349.631896973
0.476009070295	350.03604126
0.478911564626	350.238311768
0.481814058957	350.440673828
0.484716553288	350.643157959
0.487619047619	350.440673828
0.49052154195	350.238311768
0.493424036281	349.83392334
0.496326530612	349.430023193
0.499229024943	349.026580811
0.502131519274	348.825012207
0.505034013605	348.422271729
0.507936507937	348.221069336
0.510839002268	348.221069336
0.513741496599	348.221069336
0.51664399093	348.019989014
0.519546485261	348.221069336
0.522448979592	348.422271729
0.525351473923	348.623596191
0.528253968254	348.825012207
0.531156462585	349.228240967
0.534058956916	349.430023193
0.536961451247	349.631896973
0.539863945578	349.83392334
0.542766439909	350.03604126
0.54566893424	350.03604126
0.548571428571	350.03604126
0.551473922902	349.83392334
0.554376417234	349.631896973
0.557278911565	349.430023193
0.560181405896	349.026580811
0.563083900227	348.825012207
0.565986394558	348.623596191
0.568888888889	348.623596191
0.57179138322	348.623596191
0.574693877551	348.825012207
0.577596371882	349.026580811
0.580498866213	349.228240967
0.583401360544	349.228240967
0.586303854875	349.430023193
0.589206349206	349.430023193
0.592108843537	349.430023193
0.595011337868	349.430023193
0.5979138322	349.430023193
0.600816326531	349.228240967
0.603718820862	349.228240967
0.606621315193	349.228240967
0.609523809524	349.026580811
0.612426303855	348.825012207
0.615328798186	348.825012207
0.618231292517	348.825012207
0.621133786848	348.825012207
0.624036281179	348.825012207
0.62693877551	348.825012207
0.629841269841	348.825012207
0.632743764172	348.825012207
0.635646258503	348.825012207
0.638548752834	348.825012207
0.641451247166	349.026580811
0.644353741497	349.228240967
0.647256235828	349.228240967
0.650158730159	349.430023193
0.65306122449	349.430023193
0.655963718821	349.430023193
0.658866213152	349.430023193
0.661768707483	349.430023193
0.664671201814	349.228240967
0.667573696145	349.228240967
0.670476190476	349.228240967
0.673378684807	349.228240967
0.676281179138	349.430023193
0.679183673469	349.228240967
0.6820861678	349.228240967
0.684988662132	349.228240967
0.687891156463	349.631896973
0.690793650794	350.238311768
0.693696145125	350.845733643
0.696598639456	351.251281738
0.699501133787	351.251281738
0.702403628118	351.251281738
0.705306122449	350.845733643
0.70820861678	350.440673828
0.711111111111	349.430023193
0.714013605442	348.422271729
0.716916099773	313.653167725
0.719818594104	312.929321289
0.722721088435	312.387542725
0.725623582766	312.026855469
0.728526077098	312.026855469
0.731428571429	311.666595459
0.73433106576	311.486633301
0.737233560091	311.486633301
0.740136054422	312.026855469
0.743038548753	312.20715332
0.745941043084	313.472045898
0.748843537415	313.834411621
0.751746031746	313.834411621
0.754648526077	313.472045898
0.757551020408	310.050567627
0.760453514739	308.799438477
0.76335600907	308.799438477
0.766258503401	308.621124268
0.769160997732	309.871520996
0.772063492063	309.871520996
0.774965986395	309.692596436
0.777868480726	309.513763428
0.780770975057	308.799438477
0.783673469388	308.442932129
0.786575963719	308.264801025
0.78947845805	308.621124268
0.792380952381	309.335021973
0.795283446712	310.229705811
0.798185941043	311.486633301
0.801088435374	312.568023682
0.803990929705	313.291046143
0.806893424036	313.291046143
0.809795918367	312.929321289
0.812698412698	312.387542725
0.815600907029	312.026855469
0.818503401361	311.846679688
0.821405895692	312.026855469
0.824308390023	312.20715332
0.827210884354	312.748626709
0.830113378685	312.748626709
0.833015873016	312.387542725
0.835918367347	311.666595459
0.838820861678	310.94732666
0.841723356009	310.229705811
0.84462585034	310.229705811
0.847528344671	310.76776123
0.850430839002	311.306762695
0.853333333333	312.20715332
0.856235827664	312.568023682
0.859138321995	312.387542725
0.862040816327	311.486633301
0.864943310658	310.588317871
0.867845804989	309.871520996
0.87074829932	309.513763428
0.873650793651	309.335021973
0.876553287982	309.513763428
0.879455782313	310.050567627
0.882358276644	310.588317871
0.885260770975	310.76776123
0.888163265306	310.588317871
0.891065759637	310.408966064
0.893968253968	310.76776123
0.896870748299	311.666595459
0.89977324263	312.568023682
0.902675736961	313.472045898
0.905578231293	314.01574707
0.908480725624	313.291046143
0.911383219955	312.026855469
0.914285714286	310.229705811
0.917188208617	307.198303223
0.920090702948	304.020843506
0.922993197279	302.444458008
0.92589569161	302.794036865
0.928798185941	304.196502686
0.931700680272	306.489318848
0.934603174603	309.513763428
0.937505668934	311.306762695
0.940408163265	312.20715332
0.943310657596	312.20715332
0.946213151927	311.486633301
0.949115646259	310.94732666
0.95201814059	310.229705811
0.954920634921	310.050567627
0.957823129252	308.264801025
0.960725623583	305.958679199
0.963628117914	304.020843506
0.966530612245	302.61920166
0.969433106576	301.920806885
0.972335600907	301.398071289
0.975238095238	301.57220459
0.978140589569	302.269805908
0.9810430839	304.020843506
0.983945578231	294.174102783
0.986848072562	294.004211426
0.989750566893	291.973388672
0.992653061224	292.479766846
0.995555555556	291.973388672
0.998458049887	291.131347656
1.00136054422	292.987030029
1.00426303855	298.970581055
1.00716553288	299.662139893
1.01006802721	299.489105225
1.01297052154	299.316162109
1.01587301587	299.143310547
1.0187755102	298.970581055
1.02167800454	298.797943115
1.02458049887	298.452941895
1.0274829932	298.452941895
1.03038548753	298.10836792
1.03328798186	297.592224121
1.03619047619	296.220245361
1.03909297052	294.344055176
1.04199546485	292.817840576
1.04489795918	292.142089844
1.04780045351	292.142089844
1.05070294785	291.973388672
1.05360544218	292.310882568
1.05650793651	293.495178223
1.05941043084	295.195404053
1.06231292517	296.220245361
1.0652154195	297.248626709
1.06811791383	297.764160156
1.07102040816	298.10836792
1.07392290249	298.10836792
1.07682539683	297.936218262
1.07972789116	297.07699585
1.08263038549	296.220245361
1.08553287982	295.195404053
1.08843537415	294.344055176
1.09133786848	293.495178223
1.09424036281	292.817840576
1.09714285714	292.142089844
1.10004535147	291.973388672
1.1029478458	291.804779053
1.10585034014	291.973388672
1.10875283447	292.310882568
1.1116553288	292.648773193
1.11455782313	292.987030029
1.11746031746	293.325714111
1.12036281179	293.664764404
1.12326530612	294.004211426
1.12616780045	294.174102783
1.12907029478	294.514129639
1.13197278912	294.854553223
1.13487528345	295.195404053
1.13777777778	295.536621094
1.14068027211	295.707366943
1.14358276644	295.878234863
1.14648526077	295.878234863
1.1493877551	295.707366943
1.15229024943	295.024932861
1.15519274376	294.174102783
1.1580952381	293.325714111
1.16099773243	292.648773193
1.16390022676	291.973388672
1.16680272109	291.804779053
1.16970521542	291.804779053
1.17260770975	292.142089844
1.17551020408	292.817840576
1.17841269841	293.664764404
1.18131519274	294.344055176
1.18421768707	294.684295654
1.18712018141	295.195404053
1.19002267574	295.536621094
1.19292517007	295.707366943
1.1958276644	295.878234863
1.19873015873	295.878234863
1.20163265306	295.707366943
1.20453514739	295.365936279
1.20743764172	294.854553223
1.21034013605	294.174102783
1.21324263039	293.495178223
1.21614512472	292.817840576
1.21904761905	292.310882568
1.22195011338	291.973388672
1.22485260771	291.973388672
1.22775510204	292.142089844
1.23065759637	292.310882568
1.2335600907	292.310882568
1.23646258503	292.310882568
1.23936507937	291.973388672
1.2422675737	291.46786499
1.24517006803	290.963226318
1.24807256236	290.627288818
1.25097505669	289.956573486
1.25387755102	289.454559326
1.25678004535	291.299560547
1.25968253968	296.733978271
1.26258503401	279.594665527
1.26548752834	278.788330078
1.26839002268	278.305633545
1.27129251701	277.342773438
1.27419501134	277.182617188
1.27709750567	280.72744751
1.28	280.565338135
1.28290249433	281.376831055
1.28580498866	282.35369873
1.28870748299	283.661468506
1.29160997732	285.634490967
1.29451247166	289.956573486
1.29741496599	294.344055176
1.30031746032	295.365936279
1.30321995465	295.024932861
1.30612244898	294.174102783
1.30902494331	293.156341553
1.31192743764	290.459472656
1.31482993197	290.627288818
1.3177324263	278.305633545
1.32063492063	278.144927979
1.32353741497	277.022583008
1.3264399093	277.663360596
1.32934240363	277.182617188
1.33224489796	276.702728271
1.33514739229	276.383239746
1.33804988662	276.383239746
1.34095238095	276.862609863
1.34385487528	280.889648438
1.34675736961	280.889648438
1.34965986395	280.72744751
1.35256235828	280.241424561
1.35546485261	280.079589844
1.35836734694	279.91784668
1.36126984127	279.91784668
1.3641723356	279.91784668
1.36707482993	279.91784668
1.36997732426	280.079589844
1.37287981859	280.079589844
1.37578231293	279.756225586
1.37868480726	279.433227539
1.38158730159	277.823791504
1.38448979592	276.702728271
1.38739229025	276.702728271
1.39029478458	276.22366333
1.39319727891	275.586181641
1.39609977324	276.702728271
1.39900226757	277.182617188
1.4019047619	279.110595703
1.40480725624	279.756225586
1.40770975057	279.91784668
1.4106122449	280.079589844
1.41351473923	280.079589844
1.41641723356	280.079589844
1.41931972789	279.91784668
1.42222222222	279.91784668
1.42512471655	279.756225586
1.42802721088	279.594665527
1.43092970522	277.823791504
1.43383219955	276.862609863
1.43673469388	277.50302124
1.43963718821	277.50302124
1.44253968254	277.182617188
1.44544217687	277.022583008
1.4483446712	277.50302124
1.45124716553	278.144927979
1.45414965986	278.627349854
1.4570521542	278.788330078
1.45995464853	278.627349854
1.46285714286	278.305633545
1.46575963719	278.144927979
1.46866213152	278.144927979
1.47156462585	278.144927979
1.47446712018	278.305633545
1.47736961451	278.466461182
1.48027210884	278.627349854
1.48317460317	278.466461182
1.48607709751	278.466461182
1.48897959184	278.144927979
1.49188208617	277.663360596
1.4947845805	276.862609863
1.49768707483	276.542938232
1.50058956916	276.22366333
1.50349206349	276.22366333
1.50639455782	276.22366333
1.50929705215	276.383239746
1.51219954649	276.702728271
1.51510204082	277.342773438
1.51800453515	277.984313965
1.52090702948	278.305633545
1.52380952381	278.627349854
1.52671201814	278.788330078
1.52961451247	278.949401855
1.5325170068	278.949401855
1.53541950113	278.788330078
1.53832199546	278.627349854
1.5412244898	278.305633545
1.54412698413	277.823791504
1.54702947846	277.342773438
1.54993197279	276.862609863
1.55283446712	276.542938232
1.55573696145	276.383239746
1.55863945578	276.22366333
1.56154195011	276.383239746
1.56444444444	276.702728271
1.56734693878	277.022583008
1.57024943311	277.663360596
1.57315192744	278.305633545
1.57605442177	278.788330078
1.5789569161	279.110595703
1.58185941043	279.433227539
1.58476190476	279.594665527
1.58766439909	279.91784668
1.59056689342	280.241424561
1.59346938776	280.889648438
1.59637188209	281.051971436
1.59927437642	279.756225586
1.60217687075	280.079589844
1.60507936508	281.376831055
1.60798185941	283.006835938
1.61088435374	284.481903076
1.61378684807	297.248626709
1.6166893424	297.248626709
1.61959183673	297.248626709
1.62249433107	297.248626709
1.6253968254	296.733978271
1.62829931973	295.195404053
1.63120181406	292.648773193
1.63410430839	292.310882568
1.63700680272	290.963226318
1.63990929705	289.454559326
1.64281179138	288.619781494
1.64571428571	288.453125
1.64861678005	288.453125
1.65151927438	289.956573486
1.65442176871	293.495178223
1.65732426304	293.325714111
1.66022675737	294.344055176
1.6631292517	293.325714111
1.66603174603	293.325714111
1.66893424036	293.495178223
1.67183673469	293.495178223
1.67473922902	293.495178223
1.67764172336	293.495178223
1.68054421769	294.004211426
1.68344671202	294.514129639
1.68634920635	295.365936279
1.68925170068	295.536621094
1.69215419501	295.536621094
1.69505668934	295.536621094
1.69795918367	295.365936279
1.700861678	295.024932861
1.70376417234	294.514129639
1.70666666667	294.004211426
1.709569161	293.156341553
1.71247165533	292.648773193
1.71537414966	292.142089844
1.71827664399	291.973388672
1.72117913832	291.973388672
1.72408163265	292.310882568
1.72698412698	292.648773193
1.72988662132	292.987030029
1.73278911565	293.325714111
1.73569160998	293.664764404
1.73859410431	293.664764404
1.74149659864	293.664764404
1.74439909297	293.834442139
1.7473015873	293.834442139
1.75020408163	293.834442139
1.75310657596	294.004211426
1.75600907029	294.344055176
1.75891156463	294.344055176
1.76181405896	294.514129639
1.76471655329	294.344055176
1.76761904762	294.174102783
1.77052154195	293.834442139
1.77342403628	293.495178223
1.77632653061	292.987030029
1.77922902494	292.817840576
1.78213151927	292.648773193
1.78503401361	292.817840576
1.78793650794	292.987030029
1.79083900227	293.325714111
1.7937414966	293.495178223
1.79664399093	294.004211426
1.79954648526	294.344055176
1.80244897959	294.514129639
1.80535147392	294.854553223
1.80825396825	294.854553223
1.81115646259	294.854553223
1.81405895692	294.854553223
1.81696145125	294.684295654
1.81986394558	294.514129639
1.82276643991	294.344055176
1.82566893424	293.834442139
1.82857142857	293.495178223
1.8314739229	293.156341553
1.83437641723	292.817840576
1.83727891156	292.648773193
1.8401814059	292.479766846
1.84308390023	292.648773193
1.84598639456	292.479766846
1.84888888889	292.648773193
1.85179138322	292.648773193
1.85469387755	292.817840576
1.85759637188	293.156341553
1.86049886621	293.495178223
1.86340136054	294.004211426
1.86630385488	294.514129639
1.86920634921	295.024932861
1.87210884354	295.195404053
1.87501133787	295.365936279
1.8779138322	295.195404053
1.88081632653	295.024932861
1.88371882086	294.514129639
1.88662131519	294.004211426
1.88952380952	293.495178223
1.89242630385	293.156341553
1.89532879819	292.817840576
1.89823129252	292.479766846
1.90113378685	292.310882568
1.90403628118	292.310882568
1.90693877551	292.310882568
1.90984126984	292.479766846
1.91274376417	292.648773193
1.9156462585	292.987030029
1.91854875283	293.325714111
1.92145124717	293.834442139
1.9243537415	294.344055176
1.92725623583	294.684295654
1.93015873016	295.024932861
1.93306122449	295.195404053
1.93596371882	295.024932861
1.93886621315	294.684295654
1.94176870748	294.174102783
1.94467120181	293.495178223
1.94757369615	292.479766846
1.95047619048	291.636291504
1.95337868481	290.963226318
1.95628117914	290.459472656
1.95918367347	290.627288818
1.9620861678	290.795227051
1.96498866213	291.299560547
1.96789115646	292.648773193
1.97079365079	294.344055176
1.97369614512	296.733978271
1.97659863946	299.316162109
1.97950113379	302.794036865
1.98240362812	307.553375244
1.98530612245	309.871520996
1.98820861678	312.20715332
1.99111111111	312.20715332
1.99401360544	312.20715332
1.99691609977	312.20715332
1.9998185941	311.666595459
2.00272108844	310.588317871
2.00562358277	309.513763428
2.0085260771	308.621124268
2.01142857143	307.731079102
2.01433106576	304.548126221
2.01723356009	297.07699585
2.02013605442	298.280609131
2.02303854875	299.316162109
2.02594104308	301.57220459
2.02884353741	304.372253418
2.03174603175	306.666412354
2.03464852608	307.908905029
2.03755102041	308.799438477
2.04045351474	308.621124268
2.04335600907	308.799438477
2.0462585034	308.799438477
2.04916099773	308.977874756
2.05206349206	309.513763428
2.05496598639	310.588317871
2.05786848073	311.666595459
2.06077097506	312.748626709
2.06367346939	313.653167725
2.06657596372	314.01574707
2.06947845805	314.01574707
2.07238095238	313.291046143
2.07528344671	312.387542725
2.07818594104	311.306762695
2.08108843537	310.408966064
2.08399092971	309.692596436
2.08689342404	309.156402588
2.08979591837	309.513763428
2.0926984127	309.513763428
2.09560090703	309.692596436
2.09850340136	310.050567627
2.10140589569	310.408966064
2.10430839002	310.408966064
2.10721088435	310.76776123
2.11011337868	310.94732666
2.11301587302	311.306762695
2.11591836735	311.846679688
2.11882086168	312.20715332
2.12172335601	312.568023682
2.12462585034	312.568023682
2.12752834467	312.20715332
2.130430839	311.666595459
2.13333333333	311.126983643
2.13623582766	310.588317871
2.139138322	310.408966064
2.14204081633	310.408966064
2.14494331066	310.76776123
2.14784580499	311.126983643
2.15074829932	311.666595459
2.15365079365	312.026855469
2.15655328798	312.20715332
2.15945578231	312.026855469
2.16235827664	311.846679688
2.16526077098	311.306762695
2.16816326531	310.76776123
2.17106575964	310.408966064
2.17396825397	310.408966064
2.1768707483	310.588317871
2.17977324263	310.94732666
2.18267573696	311.306762695
2.18557823129	311.486633301
2.18848072562	311.666595459
2.19138321995	311.486633301
2.19428571429	310.94732666
2.19718820862	310.76776123
2.20009070295	310.408966064
2.20299319728	310.229705811
2.20589569161	310.408966064
2.20879818594	310.408966064
2.21170068027	310.588317871
2.2146031746	310.76776123
2.21750566893	310.76776123
2.22040816327	310.76776123
2.2233106576	310.76776123
2.22621315193	310.76776123
2.22911564626	310.94732666
2.23201814059	311.126983643
2.23492063492	311.486633301
2.23782312925	311.846679688
2.24072562358	312.026855469
2.24362811791	312.20715332
2.24653061224	312.026855469
2.24943310658	311.846679688
2.25233560091	311.486633301
2.25523809524	311.126983643
2.25814058957	311.126983643
2.2610430839	310.94732666
2.26394557823	311.126983643
2.26684807256	311.126983643
2.26975056689	311.126983643
2.27265306122	311.306762695
2.27555555556	311.126983643
2.27845804989	310.76776123
2.28136054422	310.588317871
2.28426303855	310.588317871
2.28716553288	310.588317871
2.29006802721	310.94732666
2.29297052154	311.126983643
2.29587301587	311.486633301
2.2987755102	311.666595459
2.30167800454	311.666595459
2.30458049887	311.666595459
2.3074829932	311.306762695
2.31038548753	311.126983643
2.31328798186	310.94732666
2.31619047619	310.76776123
2.31909297052	310.76776123
2.32199546485	310.76776123
2.32489795918	310.94732666
2.32780045351	311.126983643
2.33070294785	311.306762695
2.33360544218	311.306762695
2.33650793651	311.306762695
2.33941043084	311.306762695
2.34231292517	311.666595459
2.3452154195	311.846679688
2.34811791383	312.20715332
2.35102040816	312.387542725
2.35392290249	312.568023682
2.35682539683	313.110137939
2.35972789116	313.472045898
2.36263038549	313.834411621
2.36553287982	313.653167725
2.36843537415	312.929321289
2.37133786848	312.20715332
2.37424036281	311.306762695
2.37714285714	310.94732666
2.38004535147	310.229705811
2.3829478458	309.871520996
2.38585034014	309.513763428
2.38875283447	310.050567627
2.3916553288	311.126983643
2.39455782313	312.387542725
2.39746031746	313.291046143
2.40036281179	314.56036377
2.40326530612	316.017303467
2.40616780045	318.031616211
2.40907029478	321.169952393
2.41197278912	326.595184326
2.41487528345	344.221405029
2.41777777778	348.019989014
2.42068027211	349.83392334
2.42358276644	350.238311768
2.42648526077	349.83392334
2.4293877551	348.623596191
2.43229024943	346.815948486
2.43519274376	345.61605835
2.4380952381	345.416473389
2.44099773243	346.015533447
2.44390022676	347.016326904
2.44680272109	348.019989014
2.44970521542	348.825012207
2.45260770975	349.228240967
2.45551020408	349.631896973
2.45841269841	349.631896973
2.46131519274	350.03604126
2.46421768707	350.643157959
2.46712018141	351.251281738
2.47002267574	351.45425415
2.47292517007	351.657318115
2.4758276644	351.251281738
2.47873015873	350.440673828
2.48163265306	349.228240967
2.48453514739	348.221069336
2.48743764172	347.417449951
2.49034013605	347.819030762
2.49324263039	349.228240967
2.49614512472	350.238311768
2.49904761905	351.048461914
2.50195011338	351.048461914
2.50485260771	351.048461914
2.50775510204	350.238311768
2.51065759637	349.026580811
2.5135600907	348.422271729
2.51646258503	348.221069336
2.51936507937	349.026580811
2.5222675737	349.83392334
2.52517006803	350.238311768
2.52807256236	350.440673828
2.53097505669	350.440673828
2.53387755102	350.03604126
2.53678004535	349.631896973
2.53968253968	349.228240967
2.54258503401	349.430023193
2.54548752834	349.83392334
2.54839002268	350.03604126
2.55129251701	350.03604126
2.55419501134	349.631896973
2.55709750567	348.825012207
2.56	347.819030762
2.56290249433	346.615661621
2.56580498866	346.015533447
2.56870748299	346.015533447
2.57160997732	346.215484619
2.57451247166	346.815948486
2.57741496599	347.216827393
2.58031746032	347.417449951
2.58321995465	347.819030762
2.58612244898	348.019989014
2.58902494331	348.221069336
2.59192743764	348.422271729
2.59482993197	348.623596191
2.5977324263	349.026580811
2.60063492063	349.228240967
2.60353741497	349.430023193
2.6064399093	349.430023193
2.60934240363	349.228240967
2.61224489796	348.825012207
2.61514739229	348.422271729
2.61804988662	347.819030762
2.62095238095	347.618164062
2.62385487528	347.417449951
2.62675736961	347.417449951
2.62965986395	347.618164062
2.63256235828	347.819030762
2.63546485261	348.019989014
2.63836734694	348.019989014
2.64126984127	347.819030762
2.6441723356	347.819030762
2.64707482993	347.618164062
2.64997732426	348.019989014
2.65287981859	348.422271729
2.65578231293	349.026580811
2.65868480726	349.631896973
2.66158730159	350.03604126
2.66448979592	350.440673828
2.66739229025	350.643157959
2.67029478458	350.643157959
2.67319727891	350.440673828
2.67609977324	350.238311768
2.67900226757	349.83392334
2.6819047619	349.83392334
2.68480725624	349.631896973
2.68770975057	349.228240967
2.6906122449	349.026580811
2.69351473923	348.422271729
2.69641723356	348.019989014
2.69931972789	347.819030762
2.70222222222	347.819030762
2.70512471655	348.019989014
2.70802721088	348.422271729
2.71092970522	348.825012207
2.71383219955	349.228240967
2.71673469388	349.430023193
2.71963718821	349.631896973
2.72253968254	349.631896973
2.72544217687	349.83392334
2.7283446712	350.03604126
2.73124716553	350.03604126
2.73414965986	350.03604126
2.7370521542	349.83392334
2.73995464853	349.631896973
2.74285714286	349.228240967
2.74575963719	348.825012207
2.74866213152	348.623596191
2.75156462585	348.422271729
2.75446712018	348.623596191
2.75736961451	349.026580811
2.76027210884	349.228240967
2.76317460317	349.631896973
2.76607709751	349.631896973
2.76897959184	349.631896973
2.77188208617	349.430023193
2.7747845805	349.026580811
2.77768707483	348.825012207
2.78058956916	348.825012207
2.78349206349	348.825012207
2.78639455782	349.026580811
2.78929705215	349.228240967
2.79219954649	349.430023193
2.79510204082	349.430023193
2.79800453515	349.430023193
2.80090702948	349.026580811
2.80380952381	349.026580811
2.80671201814	348.825012207
2.80961451247	348.825012207
2.8125170068	348.825012207
2.81541950113	348.825012207
2.81832199546	349.026580811
2.8212244898	349.026580811
2.82412698413	349.228240967
2.82702947846	349.026580811
2.82993197279	349.228240967
2.83283446712	349.228240967
2.83573696145	349.228240967
2.83863945578	349.430023193
2.84154195011	349.631896973
2.84444444444	349.631896973
2.84734693878	349.430023193
2.85024943311	349.430023193
2.85315192744	349.228240967
2.85605442177	349.228240967
2.8589569161	349.228240967
2.86185941043	349.228240967
2.86476190476	349.228240967
2.86766439909	349.430023193
2.87056689342	349.430023193
2.87346938776	349.631896973
2.87637188209	349.83392334
2.87927437642	349.83392334
2.88217687075	349.83392334
2.88507936508	349.83392334
2.88798185941	349.631896973
2.89088435374	349.430023193
2.89378684807	349.430023193
2.8966893424	349.228240967
2.89959183673	349.228240967
2.90249433107	349.026580811
2.9053968254	349.026580811
2.90829931973	349.026580811
2.91120181406	349.026580811
2.91410430839	349.026580811
2.91700680272	349.026580811
2.91990929705	349.026580811
2.92281179138	349.228240967
2.92571428571	349.228240967
2.92861678005	349.228240967
2.93151927438	349.228240967
2.93442176871	349.228240967
2.93732426304	349.228240967
2.94022675737	349.228240967
2.9431292517	349.026580811
2.94603174603	349.228240967
2.94893424036	349.228240967
2.95183673469	349.228240967
2.95473922902	349.228240967
2.95764172336	349.228240967
2.96054421769	349.228240967
2.96344671202	349.228240967
2.96634920635	349.228240967
2.96925170068	349.228240967
2.97215419501	349.228240967
2.97505668934	349.026580811
2.97795918367	349.026580811
2.980861678	349.228240967
2.98376417234	349.228240967
2.98666666667	349.430023193
2.989569161	349.430023193
2.99247165533	349.631896973
2.99537414966	349.631896973
2.99827664399	349.631896973
3.00117913832	349.631896973
3.00408163265	349.631896973
3.00698412698	349.631896973
3.00988662132	349.430023193
3.01278911565	349.631896973
3.01569160998	349.83392334
3.01859410431	350.440673828
3.02149659864	351.657318115
3.02439909297	353.286071777
3.0273015873	353.286071777
3.03020408163	390.413665771
3.03310657596	390.413665771
3.03600907029	390.413665771
3.03891156463	390.413665771
3.04181405896	389.962890625
3.04471655329	387.940887451
3.04761904762	386.152374268
3.05052154195	383.706573486
3.05342403628	380.836090088
3.05632653061	378.423980713
3.05922902494	375.810028076
3.06213151927	374.726196289
3.06503401361	376.46182251
3.06793650794	380.836090088
3.07083900227	383.706573486
3.0737414966	385.929382324
3.07664399093	387.716888428
3.07954648526	389.737701416
3.08244897959	391.995422363
3.08535147392	394.266235352
3.08825396825	397.237976074
3.09115646259	396.779327393
3.09405895692	396.779327393
3.09696145125	394.950042725
3.09986394558	394.721984863
3.10276643991	393.35635376
3.10566893424	396.092346191
3.10857142857	396.779327393
3.1114739229	395.863616943
3.11437641723	394.721984863
3.11727891156	393.583618164
3.1201814059	392.221923828
3.12308390023	391.54284668
3.12598639456	390.864929199
3.12888888889	390.413665771
3.13179138322	390.188201904
3.13469387755	389.962890625
3.13759637188	389.512664795
3.14049886621	389.512664795
3.14340136054	389.737701416
3.14630385488	390.639221191
3.14920634921	391.316741943
3.15210884354	391.995422363
3.15501133787	392.221923828
3.1579138322	392.221923828
3.16081632653	392.221923828
3.16371882086	391.995422363
3.16662131519	391.995422363
3.16952380952	392.221923828
3.17242630385	392.902191162
3.17532879819	393.583618164
3.17823129252	394.038574219
3.18113378685	394.494049072
3.18403628118	394.494049072
3.18693877551	394.266235352
3.18984126984	393.811035156
3.19274376417	393.583618164
3.1956462585	393.129211426
3.19854875283	392.675292969
3.20145124717	392.448547363
3.2043537415	391.995422363
3.20725623583	391.54284668
3.21015873016	391.090789795
3.21306122449	390.864929199
3.21596371882	391.090789795
3.21886621315	391.090789795
3.22176870748	391.090789795
3.22467120181	390.639221191
3.22757369615	390.188201904
3.23047619048	389.287719727
3.23337868481	388.838256836
3.23628117914	388.613739014
3.23918367347	388.838256836
3.2420861678	389.737701416
3.24498866213	390.413665771
3.24789115646	390.864929199
3.25079365079	391.54284668
3.25369614512	391.769073486
3.25659863946	391.995422363
3.25950113379	391.995422363
3.26240362812	391.995422363
3.26530612245	392.221923828
3.26820861678	392.221923828
3.27111111111	392.221923828
3.27401360544	391.995422363
3.27691609977	391.769073486
3.2798185941	391.54284668
3.28272108844	391.54284668
3.28562358277	391.769073486
3.2885260771	391.769073486
3.29142857143	391.769073486
3.29433106576	391.769073486
3.29723356009	391.316741943
3.30013605442	391.316741943
3.30303854875	390.864929199
3.30594104308	390.864929199
3.30884353741	391.090789795
3.31174603175	391.54284668
3.31464852608	391.995422363
3.31755102041	392.448547363
3.32045351474	392.902191162
3.32335600907	393.129211426
3.3262585034	392.902191162
3.32916099773	392.675292969
3.33206349206	391.995422363
3.33496598639	391.769073486
3.33786848073	391.090789795
3.34077097506	390.864929199
3.34367346939	390.864929199
3.34657596372	391.090789795
3.34947845805	391.316741943
3.35238095238	391.316741943
3.35528344671	391.54284668
3.35818594104	391.54284668
3.36108843537	391.316741943
3.36399092971	391.090789795
3.36689342404	391.090789795
3.36979591837	391.090789795
3.3726984127	391.090789795
3.37560090703	391.316741943
3.37850340136	391.54284668
3.38140589569	391.995422363
3.38430839002	392.448547363
3.38721088435	392.902191162
3.39011337868	393.129211426
3.39301587302	393.35635376
3.39591836735	393.129211426
3.39882086168	392.902191162
3.40172335601	392.675292969
3.40462585034	392.675292969
3.40752834467	392.675292969
3.410430839	393.35635376
3.41333333333	394.266235352
3.41623582766	395.635040283
3.419138322	395.863616943
3.42204081633	395.406585693
3.42494331066	393.583618164
3.42784580499	390.639221191
3.43074829932	385.706512451
3.43365079365	377.114746094
3.43655328798	371.708129883
3.43945578231	371.278961182
3.44235827664	373.214111328
3.44526077098	376.027160645
3.44816326531	379.518493652
3.45106575964	384.372070312
3.45396825397	390.639221191
3.4568707483	395.178253174
3.45977324263	351.657318115
3.46267573696	349.631896973
3.46557823129	348.623596191
3.46848072562	347.016326904
3.47138321995	347.016326904
3.47428571429	347.016326904
3.47718820862	347.016326904
3.48009070295	346.815948486
3.48299319728	345.61605835
3.48589569161	345.017669678
3.48879818594	345.217010498
3.49170068027	345.815734863
3.4946031746	346.615661621
3.49750566893	347.216827393
3.50040816327	347.618164062
3.5033106576	348.019989014
3.50621315193	348.019989014
3.50911564626	348.221069336
3.51201814059	348.019989014
3.51492063492	348.019989014
3.51782312925	348.221069336
3.52072562358	348.623596191
3.52362811791	349.430023193
3.52653061224	350.238311768
3.52943310658	351.048461914
3.53233560091	351.86050415
3.53523809524	351.86050415
3.53814058957	351.251281738
3.5410430839	350.440673828
3.54394557823	349.631896973
3.54684807256	349.026580811
3.54975056689	348.623596191
3.55265306122	348.623596191
3.55555555556	349.026580811
3.55845804989	349.430023193
3.56136054422	349.83392334
3.56426303855	350.238311768
3.56716553288	350.238311768
3.57006802721	350.440673828
3.57297052154	350.238311768
3.57587301587	350.238311768
3.5787755102	350.03604126
3.58167800454	349.83392334
3.58458049887	349.430023193
3.5874829932	349.228240967
3.59038548753	349.430023193
3.59328798186	349.631896973
3.59619047619	349.83392334
3.59909297052	350.238311768
3.60199546485	350.440673828
3.60489795918	350.238311768
3.60780045351	349.83392334
3.61070294785	349.228240967
3.61360544218	348.825012207
3.61650793651	348.422271729
3.61941043084	348.019989014
3.62231292517	347.618164062
3.6252154195	347.417449951
3.62811791383	347.016326904
3.63102040816	347.016326904
3.63392290249	347.016326904
3.63682539683	346.815948486
3.63972789116	346.815948486
3.64263038549	346.815948486
3.64553287982	347.216827393
3.64843537415	347.618164062
3.65133786848	348.221069336
3.65424036281	348.623596191
3.65714285714	349.228240967
3.66004535147	349.430023193
3.6629478458	349.83392334
3.66585034014	349.83392334
3.66875283447	349.631896973
3.6716553288	349.228240967
3.67455782313	348.422271729
3.67746031746	347.819030762
3.68036281179	347.618164062
3.68326530612	347.417449951
3.68616780045	347.417449951
3.68907029478	347.417449951
3.69197278912	347.417449951
3.69487528345	347.618164062
3.69777777778	347.819030762
3.70068027211	347.819030762
3.70358276644	348.019989014
3.70648526077	348.019989014
3.7093877551	348.221069336
3.71229024943	348.623596191
3.71519274376	349.026580811
3.7180952381	349.430023193
3.72099773243	349.83392334
3.72390022676	350.03604126
3.72680272109	350.238311768
3.72970521542	350.238311768
3.73260770975	350.440673828
3.73551020408	350.238311768
3.73841269841	350.03604126
3.74131519274	349.631896973
3.74421768707	349.430023193
3.74712018141	349.026580811
3.75002267574	348.825012207
3.75292517007	348.623596191
3.7558276644	348.623596191
3.75873015873	348.422271729
3.76163265306	348.422271729
3.76453514739	348.422271729
3.76743764172	348.422271729
3.77034013605	348.623596191
3.77324263039	348.825012207
3.77614512472	349.026580811
3.77904761905	349.228240967
3.78195011338	349.631896973
3.78485260771	350.03604126
3.78775510204	350.238311768
3.79065759637	350.238311768
3.7935600907	350.238311768
3.79646258503	349.83392334
3.79936507937	349.631896973
3.8022675737	349.430023193
3.80517006803	349.228240967
3.80807256236	349.026580811
3.81097505669	348.623596191
3.81387755102	348.422271729
3.81678004535	348.422271729
3.81968253968	348.623596191
3.82258503401	348.825012207
3.82548752834	349.228240967
3.82839002268	349.430023193
3.83129251701	349.631896973
3.83419501134	349.631896973
3.83709750567	349.631896973
3.84	349.430023193
3.84290249433	349.430023193
3.84580498866	349.228240967
3.84870748299	349.228240967
3.85160997732	349.228240967
3.85451247166	349.026580811
3.85741496599	349.026580811
3.86031746032	349.026580811
3.86321995465	348.825012207
3.86612244898	348.825012207
3.86902494331	348.825012207
3.87192743764	348.825012207
3.87482993197	348.825012207
3.8777324263	349.026580811
3.88063492063	349.026580811
3.88353741497	349.026580811
3.8864399093	349.026580811
3.88934240363	349.026580811
3.89224489796	349.026580811
3.89514739229	349.228240967
3.89804988662	349.026580811
3.90095238095	348.825012207
3.90385487528	348.422271729
3.90675736961	348.623596191
3.90965986395	349.026580811
3.91256235828	350.238311768
3.91546485261	352.470733643
3.91836734694	356.360351562
3.92126984127	363.638153076
3.9241723356	372.352783203
3.92707482993	377.987060547
3.92997732426	381.496612549
3.93287981859	384.372070312
3.93578231293	385.483795166
3.93868480726	385.261199951
3.94158730159	384.594146729
3.94448979592	383.263580322
3.94739229025	382.379058838
3.95029478458	380.836090088
3.95319727891	379.518493652
3.95609977324	376.46182251
3.95900226757	367.226501465
3.9619047619	356.978424072
3.96480725624	352.878173828
3.96770975057	350.238311768
3.9706122449	348.825012207
3.97351473923	348.221069336
3.97641723356	348.221069336
3.97931972789	349.430023193
3.98222222222	394.950042725
3.98512471655	395.635040283
3.98802721088	396.550201416
3.99092970522	396.779327393
3.99383219955	393.811035156
3.99673469388	392.675292969
3.99963718821	392.448547363
4.00253968254	391.995422363
4.00544217687	391.316741943
4.0083446712	390.413665771
4.01124716553	389.512664795
4.01414965986	389.287719727
4.0170521542	389.737701416
4.01995464853	390.639221191
4.02285714286	391.54284668
4.02575963719	392.221923828
4.02866213152	392.221923828
4.03156462585	392.221923828
4.03446712018	391.769073486
4.03736961451	391.316741943
4.04027210884	391.54284668
4.04317460317	391.995422363
4.04607709751	392.675292969
4.04897959184	393.129211426
4.05188208617	393.583618164
4.0547845805	393.811035156
4.05768707483	394.038574219
4.06058956916	394.038574219
4.06349206349	394.038574219
4.06639455782	393.811035156
4.06929705215	393.35635376
4.07219954649	392.448547363
4.07510204082	391.316741943
4.07800453515	389.512664795
4.08090702948	387.492980957
4.08380952381	385.261199951
4.08671201814	366.167449951
4.08961451247	356.154571533
4.0925170068	352.878173828
4.09541950113	352.674407959
4.09832199546	352.674407959
4.1012244898	354.922363281
4.10412698413	361.334960938
4.10702947846	349.430023193
4.10993197279	349.430023193
4.11283446712	349.430023193
4.11573696145	350.03604126
4.11863945578	350.845733643
4.12154195011	350.845733643
4.12444444444	349.026580811
4.12734693878	348.623596191
4.13024943311	348.422271729
4.13315192744	348.221069336
4.13605442177	351.048461914
4.1389569161	350.643157959
4.14185941043	350.03604126
4.14476190476	349.026580811
4.14766439909	347.618164062
4.15056689342	347.016326904
4.15346938776	347.216827393
4.15637188209	348.019989014
4.15927437642	348.623596191
4.16217687075	348.825012207
4.16507936508	347.819030762
4.16798185941	346.815948486
4.17088435374	346.415496826
4.17378684807	346.615661621
4.1766893424	347.618164062
4.17959183673	349.83392334
4.18249433107	353.286071777
4.1853968254	356.360351562
4.18829931973	356.566253662
4.19120181406	353.69442749
4.19410430839	351.251281738
4.19700680272	349.83392334
4.19990929705	349.228240967
4.20281179138	349.228240967
4.20571428571	349.026580811
4.20861678005	349.430023193
4.21151927438	349.83392334
4.21442176871	349.631896973
4.21732426304	349.228240967
4.22022675737	348.825012207
4.2231292517	349.026580811
4.22603174603	349.228240967
4.22893424036	349.631896973
4.23183673469	350.440673828
4.23473922902	350.440673828
4.23764172336	350.03604126
4.24054421769	349.228240967
4.24344671202	348.825012207
4.24634920635	348.825012207
4.24925170068	349.228240967
4.25215419501	350.03604126
4.25505668934	350.643157959
4.25795918367	350.643157959
4.260861678	350.440673828
4.26376417234	349.83392334
4.26666666667	349.430023193
4.269569161	349.026580811
4.27247165533	348.623596191
4.27537414966	348.422271729
4.27827664399	348.221069336
4.28117913832	347.819030762
4.28408163265	347.618164062
4.28698412698	347.417449951
4.28988662132	347.016326904
4.29278911565	346.815948486
4.29569160998	346.615661621
4.29859410431	346.615661621
4.30149659864	346.815948486
4.30439909297	347.216827393
4.3073015873	347.819030762
4.31020408163	348.422271729
4.31310657596	348.825012207
4.31600907029	349.430023193
4.31891156463	349.83392334
4.32181405896	349.83392334
4.32471655329	349.430023193
4.32761904762	349.228240967
4.33052154195	348.623596191
4.33342403628	348.422271729
4.33632653061	348.221069336
4.33922902494	348.019989014
4.34213151927	347.819030762
4.34503401361	347.618164062
4.34793650794	347.417449951
4.35083900227	347.417449951
4.3537414966	347.417449951
4.35664399093	347.618164062
4.35954648526	347.819030762
4.36244897959	348.019989014
4.36535147392	348.019989014
4.36825396825	348.221069336
4.37115646259	348.422271729
4.37405895692	349.026580811
4.37696145125	349.430023193
4.37986394558	349.631896973
4.38276643991	350.238311768
4.38566893424	350.643157959
4.38857142857	351.048461914
4.3914739229	350.845733643
4.39437641723	350.440673828
4.39727891156	349.83392334
4.4001814059	349.228240967
4.40308390023	349.026580811
4.40598639456	349.026580811
4.40888888889	349.026580811
4.41179138322	349.228240967
4.41469387755	348.825012207
4.41759637188	348.422271729
4.42049886621	348.221069336
4.42340136054	348.221069336
4.42630385488	348.825012207
4.42920634921	349.83392334
4.43210884354	350.845733643
4.43501133787	351.251281738
4.4379138322	351.45425415
4.44081632653	351.251281738
4.44371882086	350.643157959
4.44662131519	349.631896973
4.44952380952	313.653167725
4.45242630385	312.929321289
4.45532879819	312.20715332
4.45823129252	311.846679688
4.46113378685	311.486633301
4.46403628118	311.306762695
4.46693877551	311.666595459
4.46984126984	312.026855469
4.47274376417	311.846679688
4.4756462585	312.387542725
4.47854875283	312.929321289
4.48145124717	313.291046143
4.4843537415	314.01574707
4.48725623583	317.847961426
4.49015873016	316.017303467
4.49306122449	313.110137939
4.49596371882	311.306762695
4.49886621315	310.050567627
4.50176870748	310.050567627
4.50467120181	309.513763428
4.50757369615	309.513763428
4.51047619048	309.513763428
4.51337868481	309.156402588
4.51628117914	308.977874756
4.51918367347	308.799438477
4.5220861678	308.977874756
4.52498866213	309.335021973
4.52789115646	310.050567627
4.53079365079	311.126983643
4.53369614512	312.387542725
4.53659863946	313.291046143
4.53950113379	313.653167725
4.54240362812	313.291046143
4.54530612245	312.748626709
4.54820861678	311.846679688
4.55111111111	311.126983643
4.55401360544	310.76776123
4.55691609977	310.94732666
4.5598185941	311.306762695
4.56272108844	312.026855469
4.56562358277	312.387542725
4.5685260771	312.026855469
4.57142857143	311.486633301
4.57433106576	310.588317871
4.57723356009	310.050567627
4.58013605442	309.692596436
4.58303854875	310.050567627
4.58594104308	310.76776123
4.58884353741	311.486633301
4.59174603175	312.026855469
4.59464852608	311.846679688
4.59755102041	311.126983643
4.60045351474	310.588317871
4.60335600907	310.050567627
4.6062585034	310.229705811
4.60916099773	310.94732666
4.61206349206	311.846679688
4.61496598639	313.110137939
4.61786848073	313.834411621
4.62077097506	313.834411621
4.62367346939	313.110137939
4.62657596372	312.026855469
4.62947845805	310.94732666
4.63238095238	310.229705811
4.63528344671	309.871520996
4.63818594104	309.871520996
4.64108843537	310.050567627
4.64399092971	310.588317871
4.64689342404	310.76776123
4.64979591837	310.76776123
4.6526984127	310.76776123
4.65560090703	310.588317871
4.65850340136	310.588317871
4.66140589569	310.76776123
4.66430839002	311.126983643
4.66721088435	311.486633301
4.67011337868	311.666595459
4.67301587302	311.666595459
4.67591836735	311.486633301
4.67882086168	310.94732666
4.68172335601	310.76776123
4.68462585034	310.408966064
4.68752834467	310.588317871
4.690430839	310.76776123
4.69333333333	311.126983643
4.69623582766	311.306762695
4.699138322	311.486633301
4.70204081633	311.306762695
4.70494331066	311.126983643
4.70784580499	310.94732666
4.71074829932	311.126983643
4.71365079365	311.306762695
4.71655328798	311.486633301
4.71945578231	311.666595459
4.72235827664	311.666595459
4.72526077098	311.486633301
4.72816326531	311.306762695
4.73106575964	311.126983643
4.73396825397	311.126983643
4.7368707483	311.126983643
4.73977324263	311.126983643
4.74267573696	311.306762695
4.74557823129	311.306762695
4.74848072562	311.306762695
4.75138321995	311.306762695
4.75428571429	311.126983643
4.75718820862	310.94732666
4.76009070295	311.126983643
4.76299319728	311.126983643
4.76589569161	311.126983643
4.76879818594	311.306762695
4.77170068027	311.306762695
4.7746031746	311.126983643
4.77750566893	310.94732666
4.78040816327	310.76776123
4.7833106576	310.588317871
4.78621315193	310.050567627
4.78911564626	309.513763428
4.79201814059	308.621124268
4.79492063492	307.731079102
4.79782312925	307.020904541
4.80072562358	307.731079102
4.80362811791	310.229705811
4.80653061224	312.929321289
4.80943310658	315.105926514
4.81233560091	316.748291016
4.81523809524	317.114440918
4.81814058957	317.114440918
4.8210430839	314.742095947
4.82394557823	311.306762695
4.82684807256	307.908905029
4.82975056689	306.135467529
4.83265306122	304.548126221
4.83555555556	303.144042969
4.83845804989	301.224029541
4.84136054422	299.662139893
4.84426303855	298.970581055
4.84716553288	298.797943115
4.85006802721	298.970581055
4.85297052154	298.797943115
4.85587301587	297.764160156
4.8587755102	292.648773193
4.86167800454	292.479766846
4.86458049887	292.648773193
4.8674829932	292.817840576
4.87038548753	292.987030029
4.87328798186	293.325714111
4.87619047619	294.004211426
4.87909297052	296.220245361
4.88199546485	296.391387939
4.88489795918	295.365936279
4.88780045351	294.514129639
4.89070294785	293.834442139
4.89360544218	293.495178223
4.89650793651	293.156341553
4.89941043084	292.987030029
4.90231292517	292.817840576
4.9052154195	292.817840576
4.90811791383	292.987030029
4.91102040816	293.156341553
4.91392290249	293.664764404
4.91682539683	294.174102783
4.91972789116	294.684295654
4.92263038549	294.854553223
4.92553287982	294.854553223
4.92843537415	294.684295654
4.93133786848	294.344055176
4.93424036281	294.174102783
4.93714285714	294.004211426
4.94004535147	293.834442139
4.9429478458	293.664764404
4.94585034014	293.664764404
4.94875283447	293.664764404
4.9516553288	293.664764404
4.95455782313	293.495178223
4.95746031746	293.495178223
4.96036281179	293.664764404
4.96326530612	293.664764404
4.96616780045	293.834442139
4.96907029478	293.834442139
4.97197278912	293.834442139
4.97487528345	294.004211426
4.97777777778	294.174102783
4.98068027211	294.344055176
4.98358276644	294.514129639
4.98648526077	294.854553223
4.9893877551	295.195404053
4.99229024943	295.365936279
4.99519274376	295.536621094
4.9980952381	295.536621094
5.00099773243	295.365936279
5.00390022676	295.024932861
5.00680272109	294.514129639
5.00970521542	294.174102783
5.01260770975	293.664764404
5.01551020408	293.156341553
5.01841269841	292.817840576
5.02131519274	292.479766846
5.02421768707	292.479766846
5.02712018141	292.479766846
5.03002267574	292.648773193
5.03292517007	292.987030029
5.0358276644	293.156341553
5.03873015873	293.495178223
5.04163265306	294.004211426
5.04453514739	294.174102783
5.04743764172	294.344055176
5.05034013605	294.344055176
5.05324263039	294.344055176
5.05614512472	294.174102783
5.05904761905	294.004211426
5.06195011338	293.834442139
5.06485260771	293.834442139
5.06775510204	293.664764404
5.07065759637	293.495178223
5.0735600907	293.495178223
5.07646258503	293.495178223
5.07936507937	293.495178223
5.0822675737	293.664764404
5.08517006803	293.834442139
5.08807256236	293.834442139
5.09097505669	294.004211426
5.09387755102	294.174102783
5.09678004535	294.004211426
5.09968253968	294.004211426
5.10258503401	294.004211426
5.10548752834	294.004211426
5.10839002268	294.004211426
5.11129251701	294.174102783
5.11419501134	294.344055176
5.11709750567	294.344055176
5.12	294.344055176
5.12290249433	294.344055176
5.12580498866	294.174102783
5.12870748299	294.004211426
5.13160997732	293.834442139
5.13451247166	293.664764404
5.13741496599	293.664764404
5.14031746032	293.664764404
5.14321995465	293.664764404
5.14612244898	293.834442139
5.14902494331	293.834442139
5.15192743764	293.834442139
5.15482993197	293.664764404
5.1577324263	293.664764404
5.16063492063	293.834442139
5.16353741497	293.834442139
5.1664399093	294.004211426
5.16934240363	294.174102783
5.17224489796	294.344055176
5.17514739229	294.344055176
5.17804988662	294.344055176
5.18095238095	294.174102783
5.18385487528	294.004211426
5.18675736961	293.664764404
5.18965986395	293.325714111
5.19256235828	293.325714111
5.19546485261	293.325714111
5.19836734694	293.156341553
5.20126984127	293.325714111
5.2041723356	293.495178223
5.20707482993	293.664764404
5.20997732426	293.664764404
5.21287981859	293.834442139
5.21578231293	293.834442139
5.21868480726	293.834442139
5.22158730159	293.834442139
5.22448979592	293.834442139
5.22739229025	293.664764404
5.23029478458	293.664764404
5.23319727891	293.834442139
5.23609977324	293.834442139
5.23900226757	293.834442139
5.2419047619	293.834442139
5.24480725624	293.834442139
5.24770975057	293.834442139
5.2506122449	293.834442139
5.25351473923	293.664764404
5.25641723356	293.664764404
5.25931972789	293.495178223
5.26222222222	293.495178223
5.26512471655	293.664764404
5.26802721088	293.664764404
5.27092970522	293.834442139
5.27383219955	294.004211426
5.27673469388	294.004211426
5.27963718821	294.004211426
5.28253968254	294.004211426
5.28544217687	293.834442139
5.2883446712	293.834442139
5.29124716553	293.664764404
5.29414965986	293.664764404
5.2970521542	293.664764404
5.29995464853	293.664764404
5.30285714286	293.664764404
5.30575963719	293.834442139
5.30866213152	293.834442139
5.31156462585	293.834442139
5.31446712018	294.004211426
5.31736961451	294.004211426
5.32027210884	294.004211426
5.32317460317	294.004211426
5.32607709751	294.004211426
5.32897959184	294.004211426
5.33188208617	294.004211426
5.3347845805	294.174102783
5.33768707483	294.004211426
5.34058956916	294.004211426
5.34349206349	294.004211426
5.34639455782	293.834442139
5.34929705215	293.834442139
5.35219954649	293.664764404
5.35510204082	293.664764404
5.35800453515	293.834442139
5.36090702948	293.834442139
5.36380952381	294.004211426
5.36671201814	294.004211426
5.36961451247	294.174102783
5.3725170068	294.174102783
5.37541950113	294.174102783
5.37832199546	294.174102783
5.3812244898	294.004211426
5.38412698413	293.834442139
5.38702947846	293.664764404
5.38993197279	293.664764404
5.39283446712	293.495178223
5.39573696145	293.495178223
5.39863945578	293.495178223
5.40154195011	293.664764404
5.40444444444	293.664764404
5.40734693878	293.834442139
5.41024943311	294.004211426
5.41315192744	294.004211426
5.41605442177	294.004211426
5.4189569161	294.004211426
5.42185941043	294.004211426
5.42476190476	294.004211426
5.42766439909	294.004211426
5.43056689342	293.834442139
5.43346938776	293.834442139
5.43637188209	293.834442139
5.43927437642	293.834442139
5.44217687075	293.834442139
5.44507936508	293.834442139
5.44798185941	293.664764404
5.45088435374	293.664764404
5.45378684807	293.834442139
5.4566893424	293.834442139
5.45959183673	293.834442139
5.46249433107	294.174102783
5.4653968254	294.344055176
5.46829931973	294.514129639
5.47120181406	294.854553223
5.47410430839	295.024932861
5.47700680272	295.024932861
5.47990929705	294.514129639
5.48281179138	294.854553223
5.48571428571	294.514129639
5.48861678005	294.344055176
5.49151927438	294.514129639
5.49442176871	295.024932861
5.49732426304	296.562652588
5.50022675737	296.562652588
5.5031292517	297.07699585
5.50603174603	297.592224121
5.50893424036	297.936218262
5.51183673469	297.936218262
5.51473922902	297.592224121
5.51764172336	296.733978271
5.52054421769	295.536621094
5.52344671202	294.004211426
5.52634920635	292.648773193
5.52925170068	291.804779053
5.53215419501	291.973388672
5.53505668934	292.817840576
5.53795918367	294.174102783
5.540861678	294.854553223
5.54376417234	295.707366943
5.54666666667	295.536621094
5.549569161	294.684295654
5.55247165533	292.648773193
5.55537414966	292.648773193
5.55827664399	291.973388672
5.56117913832	291.804779053
5.56408163265	291.804779053
5.56698412698	292.479766846
5.56988662132	293.156341553
5.57278911565	293.834442139
5.57569160998	294.344055176
5.57859410431	294.854553223
5.58149659864	294.854553223
5.58439909297	294.684295654
5.5873015873	294.004211426
5.59020408163	292.142089844
5.59310657596	293.664764404
5.59600907029	293.834442139
5.59891156463	294.004211426
5.60181405896	294.174102783
5.60471655329	293.156341553
5.60761904762	293.664764404
5.61052154195	294.174102783
5.61342403628	294.344055176
5.61632653061	294.514129639
5.61922902494	294.344055176
5.62213151927	294.174102783
5.62503401361	293.834442139
5.62793650794	293.664764404
5.63083900227	293.495178223
5.6337414966	293.325714111
5.63664399093	293.325714111
5.63954648526	293.156341553
5.64244897959	293.156341553
5.64535147392	293.156341553
5.64825396825	293.156341553
5.65115646259	293.156341553
5.65405895692	293.156341553
5.65696145125	293.325714111
5.65986394558	293.325714111
5.66276643991	293.325714111
5.66566893424	293.495178223
5.66857142857	293.664764404
5.6714739229	293.834442139
5.67437641723	294.004211426
5.67727891156	294.004211426
5.6801814059	294.344055176
5.68308390023	294.514129639
5.68598639456	294.684295654
5.68888888889	294.514129639
5.69179138322	294.684295654
5.69469387755	294.514129639
5.69759637188	294.344055176
5.70049886621	294.174102783
5.70340136054	294.174102783
5.70630385488	294.004211426
5.70920634921	294.174102783
5.71210884354	294.174102783
5.71501133787	294.344055176
5.7179138322	294.344055176
5.72081632653	294.344055176
5.72371882086	294.344055176
5.72662131519	294.344055176
5.72952380952	294.174102783
5.73242630385	294.004211426
5.73532879819	293.664764404
5.73823129252	293.495178223
5.74113378685	293.325714111
5.74403628118	293.156341553
5.74693877551	292.987030029
5.74984126984	293.156341553
5.75274376417	293.156341553
5.7556462585	293.325714111
5.75854875283	293.325714111
5.76145124717	293.495178223
5.7643537415	293.664764404
5.76725623583	293.834442139
5.77015873016	293.834442139
5.77306122449	293.664764404
5.77596371882	293.664764404
5.77886621315	293.664764404
5.78176870748	293.834442139
5.78467120181	293.834442139
5.78757369615	294.004211426
5.79047619048	294.004211426
5.79337868481	294.004211426
5.79628117914	294.004211426
5.79918367347	294.004211426
5.8020861678	293.834442139
5.80498866213	293.834442139
5.80789115646	294.004211426
5.81079365079	294.004211426
5.81369614512	293.834442139
5.81659863946	293.834442139
5.81950113379	293.834442139
5.82240362812	293.834442139
5.82530612245	293.834442139
5.82820861678	294.004211426
5.83111111111	294.004211426
5.83401360544	294.174102783
5.83691609977	294.174102783
5.8398185941	294.174102783
5.84272108844	294.174102783
5.84562358277	294.174102783
5.8485260771	294.174102783
5.85142857143	294.004211426
5.85433106576	294.004211426
5.85723356009	293.834442139
5.86013605442	293.834442139
5.86303854875	293.834442139
5.86594104308	293.834442139
5.86884353741	293.834442139
5.87174603175	293.834442139
5.87464852608	293.834442139
5.87755102041	293.834442139
5.88045351474	293.834442139
5.88335600907	293.834442139
5.8862585034	293.834442139
5.88916099773	293.834442139
5.89206349206	294.004211426
5.89496598639	294.004211426
5.89786848073	294.004211426
5.90077097506	294.004211426
5.90367346939	294.004211426
5.90657596372	293.834442139
5.90947845805	293.664764404
5.91238095238	293.664764404
5.91528344671	293.495178223
5.91818594104	293.495178223
5.92108843537	293.495178223
5.92399092971	293.664764404
5.92689342404	293.664764404
5.92979591837	293.834442139
5.9326984127	293.834442139
5.93560090703	294.004211426
5.93850340136	294.004211426
5.94140589569	293.834442139
5.94430839002	293.834442139
5.94721088435	293.664764404
5.95011337868	293.495178223
5.95301587302	293.664764404
5.95591836735	293.664764404
5.95882086168	293.664764404
5.96172335601	293.834442139
5.96462585034	293.834442139
5.96752834467	293.834442139
5.970430839	293.834442139
5.97333333333	293.834442139
5.97623582766	293.834442139
5.979138322	293.834442139
5.98204081633	293.664764404
5.98494331066	293.664764404
5.98784580499	293.664764404
5.99074829932	293.664764404
5.99365079365	293.664764404
5.99655328798	293.834442139
5.99945578231	293.834442139
6.00235827664	293.834442139
6.00526077098	293.664764404
6.00816326531	293.664764404
6.01106575964	293.664764404
6.01396825397	293.664764404
6.0168707483	293.834442139
6.01977324263	293.834442139
6.02267573696	293.834442139
6.02557823129	294.004211426
6.02848072562	294.004211426
6.03138321995	294.004211426
6.03428571429	294.004211426
6.03718820862	294.004211426
6.04009070295	294.004211426
6.04299319728	294.004211426
6.04589569161	293.834442139
6.04879818594	293.834442139
6.05170068027	294.004211426
6.0546031746	294.004211426
6.05750566893	294.004211426
6.06040816327	294.004211426
6.0633106576	294.004211426
6.06621315193	293.834442139
6.06911564626	293.664764404
6.07201814059	293.664764404
6.07492063492	293.664764404
6.07782312925	293.834442139
6.08072562358	293.834442139
6.08362811791	294.004211426
6.08653061224	294.004211426
6.08943310658	294.174102783
6.09233560091	294.174102783
6.09523809524	294.174102783
6.09814058957	294.174102783
6.1010430839	294.004211426
6.10394557823	293.834442139
6.10684807256	293.664764404
6.10975056689	293.664764404
6.11265306122	293.664764404
6.11555555556	293.664764404
6.11845804989	293.664764404
6.12136054422	293.664764404
6.12426303855	293.664764404
6.12716553288	293.834442139
6.13006802721	293.834442139
6.13297052154	294.004211426
6.13587301587	294.004211426
6.1387755102	294.004211426
6.14167800454	294.174102783
6.14458049887	294.174102783
6.1474829932	294.174102783
6.15038548753	294.004211426
6.15328798186	294.004211426
6.15619047619	294.004211426
6.15909297052	293.834442139
6.16199546485	293.834442139
6.16489795918	293.834442139
6.16780045351	293.834442139
6.17070294785	293.664764404
6.17360544218	293.664764404
6.17650793651	293.664764404
6.17941043084	293.664764404
6.18231292517	293.664764404
6.1852154195	293.664764404
6.18811791383	293.664764404
6.19102040816	293.834442139
6.19392290249	294.004211426
6.19682539683	294.174102783
6.19972789116	294.174102783
6.20263038549	294.174102783
6.20553287982	294.174102783
6.20843537415	294.174102783
6.21133786848	294.174102783
6.21424036281	294.004211426
6.21714285714	294.004211426
6.22004535147	294.004211426
6.2229478458	293.834442139
6.22585034014	293.834442139
6.22875283447	293.834442139
6.2316553288	293.664764404
6.23455782313	293.664764404
6.23746031746	293.664764404
6.24036281179	293.664764404
6.24326530612	293.664764404
6.24616780045	293.834442139
6.24907029478	293.834442139
6.25197278912	294.004211426
6.25487528345	294.004211426
6.25777777778	294.174102783
6.26068027211	294.174102783
6.26358276644	294.174102783
6.26648526077	294.174102783
6.2693877551	294.004211426
6.27229024943	294.004211426
6.27519274376	294.004211426
6.2780952381	294.004211426
6.28099773243	294.004211426
6.28390022676	293.834442139
6.28680272109	293.834442139
6.28970521542	293.664764404
6.29260770975	293.664764404
6.29551020408	293.664764404
6.29841269841	293.664764404
6.30131519274	293.834442139
6.30421768707	293.834442139
6.30712018141	294.004211426
6.31002267574	294.004211426
6.31292517007	294.344055176
6.3158276644	294.344055176
6.31873015873	294.344055176
6.32163265306	294.344055176
6.32453514739	294.174102783
6.32743764172	294.004211426
6.33034013605	294.004211426
6.33324263039	293.834442139
6.33614512472	293.834442139
6.33904761905	293.834442139
6.34195011338	293.834442139
6.34485260771	293.664764404
6.34775510204	293.834442139
6.35065759637	293.834442139
6.3535600907	293.834442139
6.35646258503	293.834442139
6.35936507937	293.834442139
6.3622675737	293.664764404
6.36517006803	293.664764404
6.36807256236	293.495178223
6.37097505669	293.495178223
6.37387755102	293.664764404
6.37678004535	293.664764404
6.37968253968	294.004211426
6.38258503401	294.174102783
6.38548752834	294.514129639
6.38839002268	294.684295654
6.39129251701	294.854553223
6.39419501134	294.854553223
6.39709750567	295.024932861
6.4	295.024932861
6.40290249433	295.024932861
6.40580498866	295.365936279
6.40870748299	295.878234863
6.41160997732	295.024932861
6.41451247166	294.174102783
6.41741496599	293.834442139
6.42031746032	294.174102783
6.42321995465	295.024932861
6.42612244898	297.07699585
6.42902494331	297.07699585
6.43192743764	297.07699585
6.43482993197	297.07699585
6.4377324263	297.248626709
6.44063492063	297.248626709
6.44353741497	297.248626709
6.4464399093	297.248626709
6.44934240363	297.248626709
6.45224489796	297.07699585
6.45514739229	297.07699585
6.45804988662	296.905426025
6.46095238095	296.733978271
6.46385487528	296.562652588
6.46675736961	296.049194336
6.46965986395	295.878234863
6.47256235828	295.536621094
6.47546485261	0.0
6.47836734694	0.0
6.48126984127	0.0
6.4841723356	0.0
6.48707482993	0.0
6.48997732426	0.0
6.49287981859	0.0
6.49578231293	0.0
6.49868480726	0.0
6.50158730159	0.0
6.50448979592	0.0
6.50739229025	0.0
6.51029478458	0.0
6.51319727891	0.0
6.51609977324	0.0
6.51900226757	0.0
6.5219047619	0.0
6.52480725624	0.0
6.52770975057	0.0
6.5306122449	0.0
6.53351473923	0.0
6.53641723356	0.0
6.53931972789	0.0
6.54222222222	0.0
6.54512471655	0.0
6.54802721088	0.0
6.55092970522	0.0
6.55383219955	0.0
6.55673469388	0.0
6.55963718821	0.0
6.56253968254	0.0
6.56544217687	0.0
6.5683446712	0.0
6.57124716553	0.0
6.57414965986	0.0
6.5770521542	0.0
6.57995464853	0.0
6.58285714286	0.0
6.58575963719	0.0
6.58866213152	0.0
6.59156462585	0.0
6.59446712018	0.0
6.59736961451	0.0
6.60027210884	0.0
6.60317460317	0.0
6.60607709751	0.0
6.60897959184	0.0
6.61188208617	0.0
6.6147845805	0.0
6.61768707483	0.0
6.62058956916	0.0
6.62349206349	0.0
6.62639455782	0.0
6.62929705215	0.0
6.63219954649	0.0
6.63510204082	0.0
6.63800453515	0.0
6.64090702948	0.0
6.64380952381	0.0
6.64671201814	0.0
6.64961451247	0.0
6.6525170068	0.0
6.65541950113	0.0
6.65832199546	0.0
6.6612244898	0.0
6.66412698413	0.0
6.66702947846	0.0
6.66993197279	0.0
6.67283446712	0.0
6.67573696145	0.0
6.67863945578	0.0
6.68154195011	0.0
6.68444444444	0.0
6.68734693878	0.0
6.69024943311	0.0
6.69315192744	0.0
6.69605442177	0.0
6.6989569161	0.0
6.70185941043	0.0
6.70476190476	0.0
6.70766439909	0.0
6.71056689342	0.0
6.71346938776	0.0
6.71637188209	0.0
6.71927437642	0.0
6.72217687075	0.0
6.72507936508	0.0
6.72798185941	0.0
6.73088435374	0.0
6.73378684807	0.0
6.7366893424	0.0
6.73959183673	0.0
6.74249433107	0.0
6.7453968254	0.0
6.74829931973	0.0
6.75120181406	0.0
6.75410430839	0.0
6.75700680272	0.0
6.75990929705	0.0
6.76281179138	0.0
6.76571428571	0.0
6.76861678005	0.0
6.77151927438	0.0
6.77442176871	0.0
6.77732426304	0.0
6.78022675737	0.0
6.7831292517	0.0
6.78603174603	0.0
6.78893424036	0.0
6.79183673469	0.0
6.79473922902	0.0
6.79764172336	0.0
6.80054421769	0.0
6.80344671202	0.0
6.80634920635	0.0
6.80925170068	0.0
6.81215419501	0.0
6.81505668934	0.0
6.81795918367	0.0
