0.0	0.0
0.00290249433107	0.0
0.00580498866213	0.0
0.0087074829932	0.0
0.0116099773243	0.0
0.0145124716553	0.0
0.0174149659864	0.0
0.0203174603175	0.0
0.0232199546485	0.0
0.0261224489796	0.0
0.0290249433107	0.0
0.0319274376417	0.0
0.0348299319728	0.0
0.0377324263039	0.0
0.0406349206349	0.0
0.043537414966	0.0
0.0464399092971	0.0
0.0493424036281	0.0
0.0522448979592	0.0
0.0551473922902	0.0
0.0580498866213	0.0
0.0609523809524	0.0
0.0638548752834	162.826644897
0.0667573696145	159.660064697
0.0696598639456	158.923980713
0.0725623582766	159.752319336
0.0754648526077	160.956420898
0.0783673469388	161.795349121
0.0812698412698	162.263320923
0.0841723356009	162.450881958
0.087074829932	162.357070923
0.089977324263	162.075973511
0.0928798185941	161.888839722
0.0957823129252	161.795349121
0.0986848072562	161.982376099
0.101587301587	162.450881958
0.104489795918	163.203292847
0.107392290249	163.864517212
0.11029478458	164.718612671
0.113197278912	165.577148438
0.116099773243	166.344039917
0.119002267574	166.632537842
0.121904761905	171.614349365
0.124807256236	173.508163452
0.127709750567	173.10774231
0.130612244898	172.210144043
0.133514739229	169.937408447
0.13641723356	169.056274414
0.139319727891	169.545227051
0.142222222222	169.839279175
0.145124716553	169.839279175
0.148027210884	169.741210938
0.150929705215	169.545227051
0.153832199546	169.251678467
0.156734693878	169.056274414
0.159637188209	168.861083984
0.16253968254	168.763565063
0.165442176871	168.861083984
0.168344671202	168.276870728
0.171247165533	167.985519409
0.174149659864	167.307662964
0.177052154195	167.017990112
0.179954648526	166.344039917
0.182857142857	165.768539429
0.185759637188	165.577148438
0.188662131519	165.481521606
0.19156462585	165.385971069
0.194467120181	165.290466309
0.197369614512	165.290466309
0.200272108844	165.099624634
0.203174603175	165.099624634
0.206077097506	165.099624634
0.208979591837	165.00428772
0.211882086168	165.00428772
0.214784580499	165.099624634
0.21768707483	165.099624634
0.220589569161	165.00428772
0.223492063492	164.909011841
0.226394557823	165.00428772
0.229297052154	165.195022583
0.232199546485	165.290466309
0.235102040816	165.577148438
0.238004535147	165.960144043
0.240907029478	166.24798584
0.24380952381	166.344039917
0.246712018141	166.728820801
0.249614512472	167.114486694
0.252517006803	167.404327393
0.255419501134	167.694671631
0.258321995465	167.985519409
0.261224489796	167.791564941
0.264126984127	167.888519287
0.267029478458	167.791564941
0.269931972789	167.694671631
0.27283446712	168.082580566
0.275736961451	168.1796875
0.278639455782	167.985519409
0.281541950113	168.1796875
0.284444444444	168.1796875
0.287346938776	168.1796875
0.290249433107	168.276870728
0.293151927438	168.276870728
0.296054421769	168.082580566
0.2989569161	167.888519287
0.301859410431	167.501052856
0.304761904762	167.307662964
0.307664399093	167.114486694
0.310566893424	167.114486694
0.313469387755	167.017990112
0.316371882086	167.211044312
0.319274376417	167.307662964
0.322176870748	167.404327393
0.325079365079	167.597839355
0.32798185941	167.791564941
0.330884353741	167.985519409
0.333786848073	168.276870728
0.336689342404	168.276870728
0.339591836735	168.471374512
0.342494331066	168.666122437
0.345396825397	168.763565063
0.348299319728	169.056274414
0.351201814059	169.251678467
0.35410430839	169.44732666
0.357006802721	169.251678467
0.359909297052	169.251678467
0.362811791383	169.153945923
0.365714285714	169.251678467
0.368616780045	169.349472046
0.371519274376	169.44732666
0.374421768707	169.44732666
0.377324263039	169.545227051
0.38022675737	169.741210938
0.383129251701	169.839279175
0.386031746032	169.937408447
0.388934240363	170.035598755
0.391836734694	170.035598755
0.394739229025	169.937408447
0.397641723356	169.839279175
0.400544217687	169.741210938
0.403446712018	169.44732666
0.406349206349	169.349472046
0.40925170068	169.349472046
0.412154195011	169.349472046
0.415056689342	169.44732666
0.417959183673	169.643188477
0.420861678005	169.741210938
0.423764172336	169.839279175
0.426666666667	169.839279175
0.429569160998	169.839279175
0.432471655329	169.643188477
0.43537414966	169.349472046
0.438276643991	169.153945923
0.441179138322	168.763565063
0.444081632653	168.374099731
0.446984126984	168.082580566
0.449886621315	167.791564941
0.452789115646	167.985519409
0.455691609977	168.082580566
0.458594104308	168.1796875
0.461496598639	168.1796875
0.464399092971	167.985519409
0.467301587302	167.791564941
0.470204081633	167.597839355
0.473106575964	167.501052856
0.476009070295	167.597839355
0.478911564626	167.597839355
0.481814058957	167.597839355
0.484716553288	167.694671631
0.487619047619	167.597839355
0.49052154195	167.501052856
0.493424036281	167.404327393
0.496326530612	167.211044312
0.499229024943	167.017990112
0.502131519274	166.921539307
0.505034013605	166.728820801
0.507936507937	166.536315918
0.510839002268	166.344039917
0.513741496599	166.151977539
0.51664399093	165.864318848
0.519546485261	166.056045532
0.522448979592	166.440155029
0.525351473923	166.921539307
0.528253968254	167.694671631
0.531156462585	167.985519409
0.534058956916	168.1796875
0.536961451247	167.888519287
0.539863945578	167.404327393
0.542766439909	166.632537842
0.54566893424	165.672805786
0.548571428571	164.433410645
0.551473922902	164.148727417
0.554376417234	163.109054565
0.557278911565	162.357070923
0.560181405896	160.863479614
0.563083900227	159.567871094
0.565986394558	158.099945068
0.568888888889	157.189361572
0.57179138322	156.464660645
0.574693877551	155.653381348
0.577596371882	154.667510986
0.580498866213	153.510452271
0.583401360544	152.9793396
0.586303854875	153.687896729
0.589206349206	154.488937378
0.592108843537	158.557220459
0.595011337868	159.291595459
0.5979138322	159.936981201
0.600816326531	160.677749634
0.603718820862	160.121856689
0.606621315193	159.752319336
0.609523809524	158.740493774
0.612426303855	158.282699585
0.615328798186	158.008651733
0.618231292517	149.226470947
0.621133786848	149.744552612
0.624036281179	147.68296814
0.62693877551	147.257064819
0.629841269841	147.002105713
0.632743764172	146.324386597
0.635646258503	146.071044922
0.638548752834	146.155441284
0.641451247166	146.155441284
0.644353741497	145.902389526
0.647256235828	145.649780273
0.650158730159	145.229736328
0.65306122449	145.062057495
0.655963718821	145.145874023
0.658866213152	145.145874023
0.661768707483	145.649780273
0.664671201814	146.493515015
0.667573696145	147.68296814
0.670476190476	149.226470947
0.673378684807	150.351242065
0.676281179138	145.229736328
0.679183673469	143.72756958
0.6820861678	141.994674683
0.684988662132	141.421707153
0.687891156463	141.421707153
0.690793650794	141.994674683
0.693696145125	143.893707275
0.696598639456	146.239883423
0.699501133787	147.172027588
0.702403628118	146.408920288
0.705306122449	145.145874023
0.70820861678	143.893707275
0.711111111111	142.65234375
0.714013605442	141.912689209
0.716916099773	141.340042114
0.719818594104	141.585174561
0.722721088435	141.994674683
0.725623582766	142.40536499
0.728526077098	142.158813477
0.731428571429	142.076721191
0.73433106576	141.666976929
0.737233560091	141.258422852
0.740136054422	140.769699097
0.743038548753	140.282669067
0.745941043084	139.95892334
0.748843537415	139.797332764
0.751746031746	139.71661377
0.754648526077	139.71661377
0.757551020408	139.878112793
0.760453514739	139.797332764
0.76335600907	139.878112793
0.766258503401	139.878112793
0.769160997732	140.039794922
0.772063492063	140.201675415
0.774965986395	140.444824219
0.777868480726	140.932418823
0.780770975057	141.095321655
0.783673469388	141.01385498
0.786575963719	140.851043701
0.78947845805	140.12071228
0.792380952381	138.831680298
0.795283446712	138.111831665
0.798185941043	137.872711182
0.801088435374	138.271469116
0.803990929705	138.911895752
0.806893424036	139.635925293
0.809795918367	140.769699097
0.812698412698	141.176849365
0.815600907029	141.095321655
0.818503401361	140.769699097
0.821405895692	140.363723755
0.824308390023	140.039794922
0.827210884354	139.95892334
0.830113378685	139.95892334
0.833015873016	140.201675415
0.835918367347	140.444824219
0.838820861678	140.607177734
0.841723356009	140.688415527
0.84462585034	140.688415527
0.847528344671	140.525985718
0.850430839002	140.282669067
0.853333333333	140.039794922
0.856235827664	139.878112793
0.859138321995	139.878112793
0.862040816327	140.039794922
0.864943310658	140.201675415
0.867845804989	140.525985718
0.87074829932	140.688415527
0.873650793651	140.688415527
0.876553287982	140.444824219
0.879455782313	140.12071228
0.882358276644	139.71661377
0.885260770975	139.394165039
0.888163265306	139.152816772
0.891065759637	138.992156982
0.893968253968	138.911895752
0.896870748299	138.911895752
0.89977324263	138.911895752
0.902675736961	138.992156982
0.905578231293	139.072463989
0.908480725624	139.072463989
0.911383219955	139.072463989
0.914285714286	139.152816772
0.917188208617	139.233230591
0.920090702948	139.233230591
0.922993197279	139.152816772
0.92589569161	139.152816772
0.928798185941	139.152816772
0.931700680272	139.152816772
0.934603174603	139.233230591
0.937505668934	139.394165039
0.940408163265	139.474700928
0.943310657596	139.635925293
0.946213151927	139.71661377
0.949115646259	139.71661377
0.95201814059	139.797332764
0.954920634921	139.71661377
0.957823129252	139.555297852
0.960725623583	139.394165039
0.963628117914	139.152816772
0.966530612245	138.911895752
0.969433106576	138.671386719
0.972335600907	138.511291504
0.975238095238	138.431304932
0.978140589569	138.591308594
0.9810430839	138.992156982
0.983945578231	139.152816772
0.986848072562	139.072463989
0.989750566893	138.992156982
0.992653061224	138.831680298
0.995555555556	138.351364136
0.998458049887	137.395706177
1.00136054422	137.078613281
1.00426303855	137.237060547
1.00716553288	137.237060547
1.01006802721	137.237060547
1.01297052154	137.157821655
1.01587301587	136.999465942
1.0187755102	136.999465942
1.02167800454	136.841278076
1.02458049887	136.683288574
1.0274829932	136.604354858
1.03038548753	136.446640015
1.03328798186	135.739151001
1.03619047619	135.739151001
1.03909297052	135.660766602
1.04199546485	135.739151001
1.04489795918	136.210403442
1.04780045351	136.604354858
1.05070294785	136.841278076
1.05360544218	138.992156982
1.05650793651	135.347686768
1.05941043084	135.19140625
1.06231292517	135.19140625
1.0652154195	133.947738647
1.06811791383	132.256332397
1.07102040816	136.289093018
1.07392290249	135.425888062
1.07682539683	135.347686768
1.07972789116	135.347686768
1.08263038549	135.347686768
1.08553287982	135.347686768
1.08843537415	135.113342285
1.09133786848	134.87940979
1.09424036281	134.335144043
1.09714285714	134.180053711
1.10004535147	133.947738647
1.1029478458	133.561431885
1.10585034014	132.945678711
1.10875283447	131.95111084
1.1116553288	131.115371704
1.11455782313	130.737243652
1.11746031746	130.360198975
1.12036281179	130.134506226
1.12326530612	129.98425293
1.12616780045	129.98425293
1.12907029478	130.134506226
1.13197278912	130.360198975
1.13487528345	130.586303711
1.13777777778	130.737243652
1.14068027211	131.039657593
1.14358276644	131.342773438
1.14648526077	131.418670654
1.1493877551	131.874923706
1.15229024943	132.485717773
1.15519274376	132.562271118
1.1580952381	132.332748413
1.16099773243	132.256332397
1.16390022676	131.79876709
1.16680272109	132.027359009
1.16970521542	132.027359009
1.17260770975	132.103637695
1.17551020408	132.027359009
1.17841269841	131.874923706
1.18131519274	131.79876709
1.18421768707	131.72265625
1.18712018141	131.570571899
1.19002267574	131.72265625
1.19292517007	131.79876709
1.1958276644	131.874923706
1.19873015873	131.874923706
1.20163265306	132.409210205
1.20453514739	132.485717773
1.20743764172	132.409210205
1.21034013605	132.409210205
1.21324263039	132.256332397
1.21614512472	131.95111084
1.21904761905	131.874923706
1.22195011338	131.494598389
1.22485260771	131.191131592
1.22775510204	131.115371704
1.23065759637	130.963989258
1.2335600907	130.888366699
1.23646258503	130.812789917
1.23936507937	130.812789917
1.2422675737	130.812789917
1.24517006803	130.888366699
1.24807256236	131.039657593
1.25097505669	131.039657593
1.25387755102	130.963989258
1.25678004535	130.888366699
1.25968253968	130.661743164
1.26258503401	130.435531616
1.26548752834	130.284927368
1.26839002268	130.209686279
1.27129251701	130.209686279
1.27419501134	130.360198975
1.27709750567	130.661743164
1.28	131.191131592
1.28290249433	131.646591187
1.28580498866	132.027359009
1.28870748299	132.256332397
1.29160997732	132.332748413
1.29451247166	132.409210205
1.29741496599	131.95111084
1.30031746032	131.418670654
1.30321995465	139.474700928
1.30612244898	139.797332764
1.30902494331	139.878112793
1.31192743764	139.797332764
1.31482993197	139.635925293
1.3177324263	139.555297852
1.32063492063	139.313674927
1.32353741497	139.072463989
1.3264399093	139.072463989
1.32934240363	139.152816772
1.33224489796	139.635925293
1.33514739229	140.851043701
1.33804988662	142.323135376
1.34095238095	143.395874023
1.34385487528	144.2265625
1.34675736961	144.476699829
1.34965986395	144.309890747
1.35256235828	143.810623169
1.35546485261	143.313064575
1.35836734694	142.65234375
1.36126984127	142.076721191
1.3641723356	141.912689209
1.36707482993	141.748840332
1.36997732426	141.748840332
1.37287981859	141.994674683
1.37578231293	142.899765015
1.37868480726	144.978286743
1.38158730159	146.324386597
1.38448979592	146.917221069
1.38739229025	147.172027588
1.39029478458	147.172027588
1.39319727891	146.662857056
1.39609977324	145.062057495
1.39900226757	146.578170776
1.4019047619	146.493515015
1.40480725624	146.578170776
1.40770975057	146.662857056
1.4106122449	147.427276611
1.41351473923	147.597702026
1.41641723356	148.024597168
1.41931972789	147.768310547
1.42222222222	146.917221069
1.42512471655	147.087051392
1.42802721088	146.917221069
1.43092970522	146.662857056
1.43383219955	146.662857056
1.43673469388	140.201675415
1.43963718821	141.176849365
1.44253968254	141.666976929
1.44544217687	142.240951538
1.4483446712	142.734771729
1.45124716553	143.395874023
1.45414965986	143.810623169
1.4570521542	144.060043335
1.45995464853	144.143280029
1.46285714286	143.810623169
1.46575963719	143.313064575
1.46866213152	142.899765015
1.47156462585	142.569976807
1.47446712018	142.076721191
1.47736961451	141.748840332
1.48027210884	141.340042114
1.48317460317	141.01385498
1.48607709751	140.769699097
1.48897959184	140.525985718
1.49188208617	140.282669067
1.4947845805	140.444824219
1.49768707483	140.525985718
1.50058956916	140.769699097
1.50349206349	141.095321655
1.50639455782	141.503417969
1.50929705215	141.503417969
1.51219954649	141.666976929
1.51510204082	142.076721191
1.51800453515	141.994674683
1.52090702948	141.994674683
1.52380952381	141.830734253
1.52671201814	141.748840332
1.52961451247	141.176849365
1.5325170068	141.01385498
1.53541950113	140.851043701
1.53832199546	140.769699097
1.5412244898	140.525985718
1.54412698413	140.363723755
1.54702947846	140.201675415
1.54993197279	140.12071228
1.55283446712	140.039794922
1.55573696145	139.878112793
1.55863945578	139.95892334
1.56154195011	139.878112793
1.56444444444	139.797332764
1.56734693878	139.797332764
1.57024943311	139.878112793
1.57315192744	139.878112793
1.57605442177	139.878112793
1.5789569161	139.95892334
1.58185941043	140.039794922
1.58476190476	140.201675415
1.58766439909	140.363723755
1.59056689342	140.688415527
1.59346938776	141.176849365
1.59637188209	141.503417969
1.59927437642	141.830734253
1.60217687075	141.912689209
1.60507936508	141.912689209
1.60798185941	142.076721191
1.61088435374	142.076721191
1.61378684807	142.076721191
1.6166893424	142.158813477
1.61959183673	142.076721191
1.62249433107	141.994674683
1.6253968254	141.912689209
1.62829931973	141.503417969
1.63120181406	140.932418823
1.63410430839	140.363723755
1.63700680272	139.878112793
1.63990929705	139.635925293
1.64281179138	139.635925293
1.64571428571	139.797332764
1.64861678005	140.201675415
1.65151927438	140.769699097
1.65442176871	141.340042114
1.65732426304	141.994674683
1.66022675737	142.487640381
1.6631292517	142.899765015
1.66603174603	142.734771729
1.66893424036	141.585174561
1.67183673469	138.75151062
1.67473922902	137.79309082
1.67764172336	155.114852905
1.68054421769	155.204483032
1.68344671202	154.846298218
1.68634920635	153.865539551
1.68925170068	152.186126709
1.69215419501	151.834915161
1.69505668934	152.010421753
1.69795918367	152.098251343
1.700861678	152.186126709
1.70376417234	152.714477539
1.70666666667	153.687896729
1.709569161	154.578201294
1.71247165533	154.935760498
1.71537414966	155.114852905
1.71827664399	155.114852905
1.72117913832	154.846298218
1.72408163265	153.865539551
1.72698412698	152.802719116
1.72988662132	152.186126709
1.73278911565	152.010421753
1.73569160998	152.010421753
1.73859410431	153.333206177
1.74149659864	153.421798706
1.74439909297	154.132400513
1.7473015873	153.510452271
1.75020408163	153.510452271
1.75310657596	152.010421753
1.75600907029	152.802719116
1.75891156463	151.834915161
1.76181405896	152.538162231
1.76471655329	151.659606934
1.76761904762	151.047622681
1.77052154195	150.786102295
1.77342403628	150.786102295
1.77632653061	151.222229004
1.77922902494	149.571655273
1.78213151927	150.004272461
1.78503401361	150.351242065
1.78793650794	150.43812561
1.79083900227	150.43812561
1.7937414966	150.351242065
1.79664399093	150.351242065
1.79954648526	150.264434814
1.80244897959	150.264434814
1.80535147392	150.177658081
1.80825396825	150.090942383
1.81115646259	149.917648315
1.81405895692	149.744552612
1.81696145125	149.571655273
1.81986394558	149.485290527
1.82276643991	149.312698364
1.82566893424	149.05418396
1.82857142857	149.226470947
1.8314739229	149.398971558
1.83437641723	149.485290527
1.83727891156	149.398971558
1.8401814059	149.140304565
1.84308390023	148.968109131
1.84598639456	148.882080078
1.84888888889	149.226470947
1.85179138322	149.398971558
1.85469387755	149.658081055
1.85759637188	149.831069946
1.86049886621	149.917648315
1.86340136054	149.658081055
1.86630385488	149.658081055
1.86920634921	149.571655273
1.87210884354	149.744552612
1.87501133787	149.831069946
1.8779138322	149.744552612
1.88081632653	149.658081055
1.88371882086	149.312698364
1.88662131519	149.140304565
1.88952380952	149.05418396
1.89242630385	148.882080078
1.89532879819	148.968109131
1.89823129252	149.05418396
1.90113378685	149.226470947
1.90403628118	149.485290527
1.90693877551	149.744552612
1.90984126984	150.004272461
1.91274376417	150.177658081
1.9156462585	150.351242065
1.91854875283	150.351242065
1.92145124717	150.351242065
1.9243537415	150.43812561
1.92725623583	150.612014771
1.93015873016	150.786102295
1.93306122449	151.134902954
1.93596371882	151.659606934
1.93886621315	152.27406311
1.94176870748	152.9793396
1.94467120181	154.043395996
1.94757369615	155.563491821
1.95047619048	157.461975098
1.95337868481	159.291595459
1.95628117914	158.740493774
1.95918367347	157.189361572
1.9620861678	154.488937378
1.96498866213	154.667510986
1.96789115646	153.865539551
1.97079365079	153.954452515
1.97369614512	155.47366333
1.97659863946	157.098587036
1.97950113379	159.107681274
1.98240362812	171.51524353
1.98530612245	171.51524353
1.98820861678	171.51524353
1.99111111111	169.44732666
1.99401360544	170.428924561
1.99691609977	173.007766724
1.9998185941	173.909515381
2.00272108844	174.211135864
2.00562358277	174.715011597
2.0085260771	175.727127075
2.01142857143	175.930252075
2.01433106576	176.235366821
2.01723356009	175.727127075
2.02013605442	175.220336914
2.02303854875	175.524230957
2.02594104308	175.727127075
2.02884353741	174.311798096
2.03174603175	175.119155884
2.03464852608	175.727127075
2.03755102041	175.828659058
2.04045351474	175.828659058
2.04335600907	176.133605957
2.0462585034	176.133605957
2.04916099773	175.930252075
2.05206349206	175.828659058
2.05496598639	175.828659058
2.05786848073	175.828659058
2.06077097506	175.727127075
2.06367346939	175.625640869
2.06657596372	175.625640869
2.06947845805	175.524230957
2.07238095238	175.321578979
2.07528344671	175.119155884
2.07818594104	174.715011597
2.08108843537	174.311798096
2.08399092971	173.307830811
2.08689342404	172.708236694
2.08979591837	172.409210205
2.0926984127	171.911987305
2.09560090703	171.416213989
2.09850340136	170.921859741
2.10140589569	170.133850098
2.10430839002	170.330505371
2.10721088435	171.911987305
2.11011337868	173.207748413
2.11301587302	172.210144043
2.11591836735	173.10774231
2.11882086168	173.307830811
2.12172335601	173.307830811
2.12462585034	173.10774231
2.12752834467	173.207748413
2.130430839	172.708236694
2.13333333333	172.210144043
2.13623582766	172.110702515
2.139138322	171.812713623
2.14204081633	171.614349365
2.14494331066	171.614349365
2.14784580499	171.713500977
2.15074829932	171.713500977
2.15365079365	171.911987305
2.15655328798	172.110702515
2.15945578231	172.210144043
2.16235827664	171.911987305
2.16526077098	172.110702515
2.16816326531	172.210144043
2.17106575964	172.210144043
2.17396825397	172.210144043
2.1768707483	172.210144043
2.17977324263	172.708236694
2.18267573696	172.808029175
2.18557823129	172.907867432
2.18848072562	173.10774231
2.19138321995	173.307830811
2.19428571429	173.508163452
2.19718820862	173.608413696
2.20009070295	173.708724976
2.20299319728	173.809082031
2.20589569161	173.708724976
2.20879818594	173.207748413
2.21170068027	173.10774231
2.2146031746	173.207748413
2.21750566893	173.508163452
2.22040816327	173.809082031
2.2233106576	173.809082031
2.22621315193	174.91696167
2.22911564626	175.01802063
2.23201814059	174.815948486
2.23492063492	174.815948486
2.23782312925	174.513290405
2.24072562358	174.211135864
2.24362811791	174.009994507
2.24653061224	173.909515381
2.24943310658	173.708724976
2.25233560091	173.809082031
2.25523809524	173.708724976
2.25814058957	173.608413696
2.2610430839	173.407974243
2.26394557823	173.508163452
2.26684807256	173.508163452
2.26975056689	173.508163452
2.27265306122	173.508163452
2.27555555556	173.407974243
2.27845804989	173.407974243
2.28136054422	173.307830811
2.28426303855	173.207748413
2.28716553288	173.10774231
2.29006802721	173.007766724
2.29297052154	172.808029175
2.29587301587	172.409210205
2.2987755102	172.309646606
2.30167800454	172.309646606
2.30458049887	172.409210205
2.3074829932	172.409210205
2.31038548753	172.210144043
2.31328798186	172.210144043
2.31619047619	172.409210205
2.31909297052	172.409210205
2.32199546485	172.708236694
2.32489795918	172.409210205
2.32780045351	172.011322021
2.33070294785	172.011322021
2.33360544218	171.614349365
2.33650793651	171.614349365
2.33941043084	171.614349365
2.34231292517	171.416213989
2.3452154195	171.416213989
2.34811791383	171.416213989
2.35102040816	171.317214966
2.35392290249	171.317214966
2.35682539683	171.218292236
2.35972789116	171.020614624
2.36263038549	170.921859741
2.36553287982	170.823150635
2.36843537415	171.020614624
2.37133786848	171.317214966
2.37424036281	171.51524353
2.37714285714	171.713500977
2.38004535147	171.911987305
2.3829478458	172.110702515
2.38585034014	172.309646606
2.38875283447	172.608505249
2.3916553288	172.808029175
2.39455782313	172.808029175
2.39746031746	172.907867432
2.40036281179	172.808029175
2.40326530612	172.608505249
2.40616780045	172.808029175
2.40907029478	172.907867432
2.41197278912	173.007766724
2.41487528345	173.10774231
2.41777777778	173.207748413
2.42068027211	173.207748413
2.42358276644	173.307830811
2.42648526077	173.508163452
2.4293877551	173.508163452
2.43229024943	173.307830811
2.43519274376	172.409210205
2.4380952381	171.812713623
2.44099773243	171.812713623
2.44390022676	171.51524353
2.44680272109	171.416213989
2.44970521542	171.416213989
2.45260770975	170.823150635
2.45551020408	170.527389526
2.45841269841	169.839279175
2.46131519274	169.545227051
2.46421768707	170.035598755
2.46712018141	169.741210938
2.47002267574	170.330505371
2.47292517007	170.625930786
2.4758276644	171.317214966
2.47873015873	171.614349365
2.48163265306	172.309646606
2.48453514739	172.409210205
2.48743764172	171.812713623
2.49034013605	171.51524353
2.49324263039	171.416213989
2.49614512472	171.317214966
2.49904761905	171.713500977
2.50195011338	172.309646606
2.50485260771	173.407974243
2.50775510204	174.110534668
2.51065759637	174.614120483
2.5135600907	174.91696167
2.51646258503	175.422866821
2.51936507937	176.847213745
2.5222675737	176.133605957
2.52517006803	171.911987305
2.52807256236	171.51524353
2.53097505669	171.317214966
2.53387755102	171.218292236
2.53678004535	170.232147217
2.53968253968	170.232147217
2.54258503401	171.911987305
2.54548752834	171.614349365
2.54839002268	171.119430542
2.55129251701	169.545227051
2.55419501134	169.153945923
2.55709750567	195.319610596
2.56	195.658370972
2.56290249433	196.110961914
2.56580498866	196.337646484
2.56870748299	196.451095581
2.57160997732	196.791809082
2.57451247166	197.133117676
2.57741496599	197.475021362
2.58031746032	197.703292847
2.58321995465	197.931808472
2.58612244898	197.817520142
2.58902494331	197.589126587
2.59192743764	197.360992432
2.59482993197	196.905517578
2.5977324263	196.791809082
2.60063492063	196.67817688
2.60353741497	196.564605713
2.6064399093	196.564605713
2.60934240363	196.451095581
2.61224489796	196.451095581
2.61514739229	196.564605713
2.61804988662	196.67817688
2.62095238095	196.67817688
2.62385487528	196.564605713
2.62675736961	196.224273682
2.62965986395	195.997711182
2.63256235828	195.658370972
2.63546485261	195.319610596
2.63836734694	194.981445312
2.64126984127	194.194656372
2.6441723356	194.306869507
2.64707482993	194.194656372
2.64997732426	194.082519531
2.65287981859	193.970443726
2.65578231293	193.858444214
2.65868480726	193.746490479
2.66158730159	193.522796631
2.66448979592	193.41104126
2.66739229025	193.187744141
2.67029478458	192.853256226
2.67319727891	192.741897583
2.67609977324	192.630599976
2.67900226757	192.853256226
2.6819047619	192.741897583
2.68480725624	192.853256226
2.68770975057	193.076187134
2.6906122449	193.076187134
2.69351473923	193.076187134
2.69641723356	193.076187134
2.69931972789	192.853256226
2.70222222222	192.853256226
2.70512471655	192.630599976
2.70802721088	192.297073364
2.71092970522	192.186035156
2.71383219955	191.964141846
2.71673469388	191.853286743
2.71963718821	191.742507935
2.72253968254	191.853286743
2.72544217687	191.853286743
2.7283446712	191.853286743
2.73124716553	191.853286743
2.73414965986	191.964141846
2.7370521542	192.075057983
2.73995464853	192.297073364
2.74285714286	192.408187866
2.74575963719	192.519363403
2.74866213152	192.630599976
2.75156462585	192.630599976
2.75446712018	192.519363403
2.75736961451	192.408187866
2.76027210884	192.297073364
2.76317460317	192.186035156
2.76607709751	191.964141846
2.76897959184	191.853286743
2.77188208617	191.742507935
2.7747845805	191.521118164
2.77768707483	191.410522461
2.78058956916	191.300003052
2.78349206349	191.189529419
2.78639455782	191.189529419
2.78929705215	191.189529419
2.79219954649	191.07913208
2.79510204082	190.968780518
2.79800453515	190.968780518
2.80090702948	190.748306274
2.80380952381	190.638153076
2.80671201814	190.638153076
2.80961451247	190.638153076
2.8125170068	190.418045044
2.81541950113	190.30809021
2.81832199546	190.198196411
2.8212244898	190.198196411
2.82412698413	190.198196411
2.82702947846	188.77532959
2.82993197279	188.230911255
2.83283446712	187.905014038
2.83573696145	187.688064575
2.83863945578	188.339660645
2.84154195011	188.666320801
2.84444444444	188.77532959
2.84734693878	188.339660645
2.85024943311	188.339660645
2.85315192744	188.666320801
2.85605442177	190.968780518
2.8589569161	190.748306274
2.86185941043	190.638153076
2.86476190476	190.418045044
2.86766439909	191.300003052
2.87056689342	173.909515381
2.87346938776	173.508163452
2.87637188209	173.307830811
2.87927437642	173.10774231
2.88217687075	173.007766724
2.88507936508	172.808029175
2.88798185941	172.708236694
2.89088435374	172.508834839
2.89378684807	172.409210205
2.8966893424	172.708236694
2.89959183673	170.724502563
2.90249433107	172.011322021
2.9053968254	169.643188477
2.90829931973	168.763565063
2.91120181406	168.763565063
2.91410430839	168.568725586
2.91700680272	168.958648682
2.91990929705	169.741210938
2.92281179138	170.724502563
2.92571428571	172.409210205
2.92861678005	172.808029175
2.93151927438	172.808029175
2.93442176871	172.808029175
2.93732426304	172.608505249
2.94022675737	172.210144043
2.9431292517	172.011322021
2.94603174603	172.110702515
2.94893424036	172.409210205
2.95183673469	172.508834839
2.95473922902	172.608505249
2.95764172336	172.409210205
2.96054421769	172.110702515
2.96344671202	171.812713623
2.96634920635	171.614349365
2.96925170068	171.614349365
2.97215419501	171.614349365
2.97505668934	171.713500977
2.97795918367	171.911987305
2.980861678	171.911987305
2.98376417234	171.812713623
2.98666666667	171.416213989
2.989569161	171.119430542
2.99247165533	170.823150635
2.99537414966	170.428924561
2.99827664399	170.330505371
3.00117913832	170.527389526
3.00408163265	170.921859741
3.00698412698	171.218292236
3.00988662132	171.218292236
3.01278911565	171.218292236
3.01569160998	171.119430542
3.01859410431	171.020614624
3.02149659864	171.020614624
3.02439909297	171.020614624
3.0273015873	171.218292236
3.03020408163	171.317214966
3.03310657596	171.614349365
3.03600907029	171.812713623
3.03891156463	171.812713623
3.04181405896	171.614349365
3.04471655329	171.416213989
3.04761904762	171.119430542
3.05052154195	170.823150635
3.05342403628	170.625930786
3.05632653061	170.724502563
3.05922902494	170.921859741
3.06213151927	171.317214966
3.06503401361	171.713500977
3.06793650794	172.011322021
3.07083900227	172.309646606
3.0737414966	172.508834839
3.07664399093	172.508834839
3.07954648526	172.508834839
3.08244897959	172.309646606
3.08535147392	172.110702515
3.08825396825	171.812713623
3.09115646259	171.51524353
3.09405895692	171.317214966
3.09696145125	171.218292236
3.09986394558	171.119430542
3.10276643991	171.020614624
3.10566893424	171.119430542
3.10857142857	171.218292236
3.1114739229	171.416213989
3.11437641723	171.51524353
3.11727891156	171.51524353
3.1201814059	171.51524353
3.12308390023	171.51524353
3.12598639456	171.218292236
3.12888888889	171.020614624
3.13179138322	170.823150635
3.13469387755	170.625930786
3.13759637188	170.527389526
3.14049886621	170.527389526
3.14340136054	170.625930786
3.14630385488	170.724502563
3.14920634921	170.921859741
3.15210884354	171.119430542
3.15501133787	171.218292236
3.1579138322	171.416213989
3.16081632653	171.416213989
3.16371882086	171.416213989
3.16662131519	171.416213989
3.16952380952	171.317214966
3.17242630385	171.317214966
3.17532879819	171.218292236
3.17823129252	171.119430542
3.18113378685	171.119430542
3.18403628118	171.020614624
3.18693877551	171.020614624
3.18984126984	170.921859741
3.19274376417	170.921859741
3.1956462585	170.921859741
3.19854875283	170.921859741
3.20145124717	170.921859741
3.2043537415	171.020614624
3.20725623583	171.119430542
3.21015873016	171.317214966
3.21306122449	171.317214966
3.21596371882	171.416213989
3.21886621315	171.614349365
3.22176870748	171.614349365
3.22467120181	171.713500977
3.22757369615	171.911987305
3.23047619048	171.812713623
3.23337868481	171.911987305
3.23628117914	172.011322021
3.23918367347	172.011322021
3.2420861678	172.110702515
3.24498866213	172.210144043
3.24789115646	172.210144043
3.25079365079	172.110702515
3.25369614512	172.011322021
3.25659863946	172.011322021
3.25950113379	171.911987305
3.26240362812	171.911987305
3.26530612245	172.110702515
3.26820861678	172.011322021
3.27111111111	171.812713623
3.27401360544	171.416213989
3.27691609977	172.110702515
3.2798185941	172.409210205
3.28272108844	172.608505249
3.28562358277	172.708236694
3.2885260771	171.614349365
3.29142857143	171.911987305
3.29433106576	171.911987305
3.29723356009	171.911987305
3.30013605442	171.812713623
3.30303854875	171.614349365
3.30594104308	171.51524353
3.30884353741	171.416213989
3.31174603175	171.317214966
3.31464852608	171.218292236
3.31755102041	171.218292236
3.32045351474	171.317214966
3.32335600907	171.416213989
3.3262585034	171.51524353
3.32916099773	171.713500977
3.33206349206	171.812713623
3.33496598639	171.812713623
3.33786848073	171.812713623
3.34077097506	171.51524353
3.34367346939	171.317214966
3.34657596372	171.020614624
3.34947845805	171.020614624
3.35238095238	171.614349365
3.35528344671	171.614349365
3.35818594104	171.614349365
3.36108843537	171.51524353
3.36399092971	171.317214966
3.36689342404	171.51524353
3.36979591837	171.119430542
3.3726984127	170.724502563
3.37560090703	170.921859741
3.37850340136	171.218292236
3.38140589569	171.317214966
3.38430839002	171.51524353
3.38721088435	171.614349365
3.39011337868	171.812713623
3.39301587302	171.911987305
3.39591836735	172.011322021
3.39882086168	171.911987305
3.40172335601	171.812713623
3.40462585034	171.218292236
3.40752834467	170.724502563
3.410430839	170.527389526
3.41333333333	170.625930786
3.41623582766	170.724502563
3.419138322	170.724502563
3.42204081633	171.911987305
3.42494331066	173.307830811
3.42784580499	173.407974243
3.43074829932	172.708236694
3.43365079365	171.416213989
3.43655328798	169.643188477
3.43945578231	168.374099731
3.44235827664	167.888519287
3.44526077098	167.694671631
3.44816326531	167.985519409
3.45106575964	169.153945923
3.45396825397	170.724502563
3.4568707483	172.011322021
3.45977324263	172.907867432
3.46267573696	173.10774231
3.46557823129	173.508163452
3.46848072562	174.009994507
3.47138321995	174.009994507
3.47428571429	193.634613037
3.47718820862	193.970443726
3.48009070295	193.746490479
3.48299319728	193.522796631
3.48589569161	193.187744141
3.48879818594	192.630599976
3.49170068027	192.630599976
3.4946031746	192.519363403
3.49750566893	192.408187866
3.50040816327	191.964141846
3.5033106576	191.631790161
3.50621315193	190.968780518
3.50911564626	191.07913208
3.51201814059	191.300003052
3.51492063492	191.521118164
3.51782312925	191.631790161
3.52072562358	191.521118164
3.52362811791	191.410522461
3.52653061224	191.300003052
3.52943310658	191.07913208
3.53233560091	190.968780518
3.53523809524	190.748306274
3.53814058957	190.528060913
3.5410430839	190.418045044
3.54394557823	190.30809021
3.54684807256	190.418045044
3.54975056689	190.528060913
3.55265306122	190.858505249
3.55555555556	191.300003052
3.55845804989	190.968780518
3.56136054422	190.968780518
3.56426303855	190.968780518
3.56716553288	190.638153076
3.57006802721	190.30809021
3.57297052154	190.088363647
3.57587301587	189.759246826
3.5787755102	189.649673462
3.58167800454	189.540161133
3.58458049887	189.649673462
3.5874829932	189.868881226
3.59038548753	190.088363647
3.59328798186	190.30809021
3.59619047619	190.638153076
3.59909297052	190.858505249
3.60199546485	190.748306274
3.60489795918	190.858505249
3.60780045351	191.07913208
3.61070294785	190.968780518
3.61360544218	191.410522461
3.61650793651	191.07913208
3.61941043084	190.748306274
3.62231292517	190.418045044
3.6252154195	190.088363647
3.62811791383	189.868881226
3.63102040816	189.649673462
3.63392290249	189.649673462
3.63682539683	189.430709839
3.63972789116	189.32131958
3.64263038549	189.32131958
3.64553287982	189.32131958
3.64843537415	189.540161133
3.65133786848	189.759246826
3.65424036281	190.088363647
3.65714285714	190.30809021
3.66004535147	190.198196411
3.6629478458	190.088363647
3.66585034014	189.759246826
3.66875283447	189.649673462
3.6716553288	188.884399414
3.67455782313	188.122207642
3.67746031746	187.579681396
3.68036281179	187.146774292
3.68326530612	186.93069458
3.68616780045	186.499298096
3.68907029478	186.176391602
3.69197278912	185.854064941
3.69487528345	185.639480591
3.69777777778	185.639480591
3.70068027211	185.746734619
3.70358276644	185.854064941
3.70648526077	186.068893433
3.7093877551	186.283966064
3.71229024943	186.499298096
3.71519274376	186.714874268
3.7180952381	186.93069458
3.72099773243	187.146774292
3.72390022676	187.25491333
3.72680272109	187.363098145
3.72970521542	187.363098145
3.73260770975	188.557373047
3.73551020408	188.339660645
3.73841269841	188.013580322
3.74131519274	187.688064575
3.74421768707	187.579681396
3.74712018141	187.471359253
3.75002267574	187.579681396
3.75292517007	188.557373047
3.7558276644	188.557373047
3.75873015873	189.32131958
3.76163265306	189.649673462
3.76453514739	188.448486328
3.76743764172	188.666320801
3.77034013605	184.463684082
3.77324263039	185.746734619
3.77614512472	186.391601562
3.77904761905	186.607055664
3.78195011338	186.499298096
3.78485260771	186.607055664
3.78775510204	184.463684082
3.79065759637	181.1900177
3.7935600907	173.207748413
3.79646258503	171.614349365
3.79936507937	170.428924561
3.8022675737	169.839279175
3.80517006803	169.643188477
3.80807256236	169.545227051
3.81097505669	169.741210938
3.81387755102	169.937408447
3.81678004535	170.428924561
3.81968253968	170.823150635
3.82258503401	171.317214966
3.82548752834	171.51524353
3.82839002268	171.614349365
3.83129251701	171.713500977
3.83419501134	171.911987305
3.83709750567	171.812713623
3.84	171.713500977
3.84290249433	171.218292236
3.84580498866	170.724502563
3.84870748299	170.035598755
3.85160997732	169.349472046
3.85451247166	169.056274414
3.85741496599	168.958648682
3.86031746032	169.153945923
3.86321995465	169.44732666
3.86612244898	169.937408447
3.86902494331	170.823150635
3.87192743764	171.119430542
3.87482993197	171.020614624
3.8777324263	170.724502563
3.88063492063	170.330505371
3.88353741497	169.937408447
3.8864399093	169.643188477
3.88934240363	169.349472046
3.89224489796	169.251678467
3.89514739229	169.251678467
3.89804988662	169.153945923
3.90095238095	168.958648682
3.90385487528	168.666122437
3.90675736961	168.568725586
3.90965986395	168.666122437
3.91256235828	168.763565063
3.91546485261	168.861083984
3.91836734694	169.153945923
3.92126984127	169.643188477
3.9241723356	170.035598755
3.92707482993	170.035598755
3.92997732426	169.839279175
3.93287981859	169.44732666
3.93578231293	169.056274414
3.93868480726	168.861083984
3.94158730159	168.666122437
3.94448979592	168.763565063
3.94739229025	168.861083984
3.95029478458	168.958648682
3.95319727891	169.056274414
3.95609977324	169.251678467
3.95900226757	169.349472046
3.9619047619	169.251678467
3.96480725624	169.056274414
3.96770975057	168.666122437
3.9706122449	168.471374512
3.97351473923	168.276870728
3.97641723356	167.985519409
3.97931972789	167.404327393
3.98222222222	166.825149536
3.98512471655	166.344039917
3.98802721088	166.344039917
3.99092970522	166.24798584
3.99383219955	166.151977539
3.99673469388	166.151977539
3.99963718821	166.151977539
4.00253968254	166.344039917
4.00544217687	166.151977539
4.0083446712	166.151977539
4.01124716553	166.151977539
4.01414965986	166.056045532
4.0170521542	166.151977539
4.01995464853	166.056045532
4.02285714286	165.768539429
4.02575963719	165.864318848
4.02866213152	166.24798584
4.03156462585	166.536315918
4.03446712018	166.921539307
4.03736961451	167.211044312
4.04027210884	167.211044312
4.04317460317	167.114486694
4.04607709751	167.017990112
4.04897959184	167.017990112
4.05188208617	166.536315918
4.0547845805	166.056045532
4.05768707483	165.099624634
4.06058956916	163.959197998
4.06349206349	163.391937256
4.06639455782	162.638656616
4.06929705215	162.169616699
4.07219954649	161.421966553
4.07510204082	160.214370728
4.07800453515	159.199615479
4.08090702948	157.735076904
4.08380952381	156.736022949
4.08671201814	155.923339844
4.08961451247	155.74331665
4.0925170068	155.563491821
4.09541950113	155.563491821
4.09832199546	155.563491821
4.1012244898	156.10357666
4.10412698413	156.55506897
4.10702947846	156.826583862
4.10993197279	157.098587036
4.11283446712	156.826583862
4.11573696145	156.284011841
4.11863945578	155.74331665
4.12154195011	155.294158936
4.12444444444	154.488937378
4.12734693878	153.776687622
4.13024943311	153.333206177
4.13315192744	153.244659424
4.13605442177	153.244659424
4.1389569161	153.333206177
4.14185941043	153.333206177
4.14476190476	153.067733765
4.14766439909	152.626296997
4.15056689342	152.010421753
4.15346938776	151.922637939
4.15637188209	151.659606934
4.15927437642	151.572021484
4.16217687075	152.362045288
4.16507936508	151.397018433
4.16798185941	150.786102295
4.17088435374	150.699035645
4.17378684807	150.612014771
4.1766893424	150.786102295
4.17959183673	150.786102295
4.18249433107	151.047622681
4.1853968254	150.786102295
4.18829931973	150.612014771
4.19120181406	150.525039673
4.19410430839	150.43812561
4.19700680272	156.013427734
4.19990929705	154.310562134
4.20281179138	153.421798706
4.20571428571	152.89100647
4.20861678005	152.362045288
4.21151927438	152.098251343
4.21442176871	151.747238159
4.21732426304	151.572021484
4.22022675737	151.30960083
4.2231292517	151.222229004
4.22603174603	151.047622681
4.22893424036	150.786102295
4.23183673469	150.786102295
4.23473922902	150.699035645
4.23764172336	150.87322998
4.24054421769	150.699035645
4.24344671202	150.264434814
4.24634920635	150.090942383
4.24925170068	150.004272461
4.25215419501	150.004272461
4.25505668934	150.090942383
4.25795918367	150.004272461
4.260861678	149.917648315
4.26376417234	150.090942383
4.26666666667	150.177658081
4.269569161	150.090942383
4.27247165533	149.917648315
4.27537414966	149.744552612
4.27827664399	149.571655273
4.28117913832	149.485290527
4.28408163265	149.485290527
4.28698412698	149.312698364
4.28988662132	149.398971558
4.29278911565	149.398971558
4.29569160998	149.398971558
4.29859410431	149.571655273
4.30149659864	149.831069946
4.30439909297	150.090942383
4.3073015873	150.264434814
4.31020408163	150.43812561
4.31310657596	149.140304565
4.31600907029	148.710189819
4.31891156463	147.853683472
4.32181405896	148.624313354
4.32471655329	148.710189819
4.32761904762	148.796112061
4.33052154195	148.624313354
4.33342403628	150.351242065
4.33632653061	150.004272461
4.33922902494	149.917648315
4.34213151927	149.831069946
4.34503401361	149.744552612
4.34793650794	149.571655273
4.35083900227	149.226470947
4.3537414966	148.710189819
4.35664399093	147.853683472
4.35954648526	146.917221069
4.36244897959	145.733932495
4.36535147392	144.894561768
4.36825396825	144.309890747
4.37115646259	144.2265625
4.37405895692	144.476699829
4.37696145125	144.894561768
4.37986394558	145.397613525
4.38276643991	145.902389526
4.38566893424	146.239883423
4.38857142857	146.324386597
4.3914739229	146.408920288
4.39437641723	146.747589111
4.39727891156	146.747589111
4.4001814059	146.747589111
4.40308390023	146.747589111
4.40598639456	146.832382202
4.40888888889	146.662857056
4.41179138322	146.747589111
4.41469387755	147.002105713
4.41759637188	147.427276611
4.42049886621	147.939117432
4.42340136054	148.19569397
4.42630385488	148.538497925
4.42920634921	148.624313354
4.43210884354	148.710189819
4.43501133787	148.882080078
4.4379138322	148.968109131
4.44081632653	148.796112061
4.44371882086	148.452713013
4.44662131519	148.366989136
4.44952380952	148.281326294
4.45242630385	148.110122681
4.45532879819	147.853683472
4.45823129252	147.087051392
4.46113378685	146.493515015
4.46403628118	145.986694336
4.46693877551	145.733932495
4.46984126984	145.565673828
4.47274376417	145.649780273
4.4756462585	145.818145752
4.47854875283	146.155441284
4.48145124717	146.832382202
4.4843537415	147.257064819
4.48725623583	147.342147827
4.49015873016	147.172027588
4.49306122449	147.087051392
4.49596371882	147.257064819
4.49886621315	147.257064819
4.50176870748	147.002105713
4.50467120181	146.408920288
4.50757369615	145.986694336
4.51047619048	145.481613159
4.51337868481	145.397613525
4.51628117914	145.145874023
4.51918367347	144.978286743
4.5220861678	144.560180664
4.52498866213	144.393264771
4.52789115646	144.810897827
4.53079365079	145.145874023
4.53369614512	145.649780273
4.53659863946	145.902389526
4.53950113379	145.902389526
4.54240362812	145.818145752
4.54530612245	145.649780273
4.54820861678	145.481613159
4.55111111111	145.145874023
4.55401360544	144.978286743
4.55691609977	144.978286743
4.5598185941	144.393264771
4.56272108844	142.899765015
4.56562358277	143.561630249
4.5685260771	143.644577026
4.57142857143	143.810623169
4.57433106576	143.478729248
4.57723356009	144.560180664
4.58013605442	144.143280029
4.58303854875	143.976852417
4.58594104308	143.72756958
4.58884353741	143.72756958
4.59174603175	143.644577026
4.59464852608	143.72756958
4.59755102041	143.893707275
4.60045351474	144.2265625
4.60335600907	144.560180664
4.6062585034	144.727279663
4.60916099773	144.978286743
4.61206349206	144.978286743
4.61496598639	145.145874023
4.61786848073	145.313644409
4.62077097506	145.397613525
4.62367346939	145.145874023
4.62657596372	144.978286743
4.62947845805	144.643707275
4.63238095238	144.643707275
4.63528344671	144.643707275
4.63818594104	144.810897827
4.64108843537	144.894561768
4.64399092971	145.062057495
4.64689342404	144.978286743
4.64979591837	145.062057495
4.6526984127	145.062057495
4.65560090703	144.727279663
4.65850340136	144.560180664
4.66140589569	144.393264771
4.66430839002	144.143280029
4.66721088435	143.893707275
4.67011337868	143.893707275
4.67301587302	143.72756958
4.67591836735	143.561630249
4.67882086168	143.395874023
4.68172335601	142.982330322
4.68462585034	142.65234375
4.68752834467	142.240951538
4.690430839	142.076721191
4.69333333333	142.158813477
4.69623582766	142.158813477
4.699138322	142.240951538
4.70204081633	142.323135376
4.70494331066	142.40536499
4.70784580499	142.487640381
4.71074829932	142.569976807
4.71365079365	142.487640381
4.71655328798	142.323135376
4.71945578231	142.158813477
4.72235827664	141.830734253
4.72526077098	141.830734253
4.72816326531	141.748840332
4.73106575964	141.830734253
4.73396825397	141.994674683
4.7368707483	142.158813477
4.73977324263	142.40536499
4.74267573696	142.487640381
4.74557823129	142.569976807
4.74848072562	142.65234375
4.75138321995	142.65234375
4.75428571429	142.65234375
4.75718820862	142.734771729
4.76009070295	142.817245483
4.76299319728	142.817245483
4.76589569161	142.817245483
4.76879818594	142.899765015
4.77170068027	142.899765015
4.7746031746	142.982330322
4.77750566893	142.982330322
4.78040816327	143.064941406
4.7833106576	143.064941406
4.78621315193	143.147598267
4.78911564626	143.147598267
4.79201814059	143.147598267
4.79492063492	143.313064575
4.79782312925	143.395874023
4.80072562358	143.644577026
4.80362811791	143.810623169
4.80653061224	144.060043335
4.80943310658	144.309890747
4.81233560091	144.894561768
4.81523809524	145.229736328
4.81814058957	145.397613525
4.8210430839	145.733932495
4.82394557823	145.649780273
4.82684807256	145.565673828
4.82975056689	145.902389526
4.83265306122	145.902389526
4.83555555556	144.476699829
4.83845804989	143.313064575
4.84136054422	142.569976807
4.84426303855	142.240951538
4.84716553288	141.830734253
4.85006802721	142.240951538
4.85297052154	142.899765015
4.85587301587	143.561630249
4.8587755102	144.393264771
4.86167800454	144.643707275
4.86458049887	145.397613525
4.8674829932	146.832382202
4.87038548753	148.281326294
4.87328798186	148.624313354
4.87619047619	149.312698364
4.87909297052	149.917648315
4.88199546485	150.264434814
4.88489795918	151.047622681
4.88780045351	152.27406311
4.89070294785	153.156173706
4.89360544218	150.525039673
4.89650793651	148.882080078
4.89941043084	147.853683472
4.90231292517	147.342147827
4.9052154195	148.710189819
4.90811791383	148.968109131
4.91102040816	147.512466431
4.91392290249	147.002105713
4.91682539683	146.408920288
4.91972789116	148.281326294
4.92263038549	149.312698364
4.92553287982	149.312698364
4.92843537415	148.968109131
4.93133786848	148.110122681
4.93424036281	147.087051392
4.93714285714	146.239883423
4.94004535147	146.578170776
4.9429478458	146.662857056
4.94585034014	147.087051392
4.94875283447	148.19569397
4.9516553288	146.578170776
4.95455782313	146.324386597
4.95746031746	145.986694336
4.96036281179	145.733932495
4.96326530612	144.476699829
4.96616780045	142.982330322
4.96907029478	142.323135376
4.97197278912	0.0
4.97487528345	0.0
4.97777777778	0.0
4.98068027211	0.0
4.98358276644	0.0
4.98648526077	0.0
4.9893877551	0.0
4.99229024943	0.0
4.99519274376	0.0
4.9980952381	0.0
5.00099773243	0.0
5.00390022676	0.0
5.00680272109	0.0
5.00970521542	0.0
5.01260770975	0.0
5.01551020408	0.0
5.01841269841	0.0
5.02131519274	0.0
5.02421768707	0.0
5.02712018141	0.0
5.03002267574	0.0
5.03292517007	0.0
5.0358276644	0.0
5.03873015873	0.0
5.04163265306	0.0
5.04453514739	0.0
5.04743764172	0.0
5.05034013605	0.0
5.05324263039	0.0
5.05614512472	0.0
5.05904761905	0.0
5.06195011338	0.0
5.06485260771	0.0
5.06775510204	0.0
5.07065759637	0.0
5.0735600907	0.0
5.07646258503	0.0
5.07936507937	0.0
5.0822675737	0.0
5.08517006803	0.0
5.08807256236	0.0
5.09097505669	0.0
5.09387755102	0.0
5.09678004535	0.0
5.09968253968	0.0
5.10258503401	0.0
5.10548752834	0.0
5.10839002268	0.0
5.11129251701	0.0
5.11419501134	0.0
5.11709750567	0.0
5.12	0.0
5.12290249433	0.0
5.12580498866	0.0
5.12870748299	0.0
5.13160997732	0.0
5.13451247166	0.0
5.13741496599	0.0
5.14031746032	0.0
5.14321995465	0.0
5.14612244898	0.0
5.14902494331	0.0
5.15192743764	0.0
5.15482993197	0.0
5.1577324263	0.0
5.16063492063	0.0
5.16353741497	0.0
5.1664399093	0.0
5.16934240363	0.0
5.17224489796	0.0
5.17514739229	0.0
5.17804988662	0.0
5.18095238095	0.0
5.18385487528	0.0
5.18675736961	0.0
5.18965986395	0.0
5.19256235828	0.0
5.19546485261	0.0
5.19836734694	0.0
5.20126984127	0.0
5.2041723356	0.0
5.20707482993	0.0
5.20997732426	0.0
5.21287981859	0.0
5.21578231293	0.0
5.21868480726	0.0
5.22158730159	0.0
5.22448979592	0.0
5.22739229025	0.0
5.23029478458	0.0
5.23319727891	0.0
5.23609977324	0.0
5.23900226757	0.0
5.2419047619	0.0
5.24480725624	0.0
5.24770975057	0.0
5.2506122449	0.0
5.25351473923	0.0
5.25641723356	0.0
5.25931972789	0.0
5.26222222222	0.0
5.26512471655	0.0
5.26802721088	0.0
5.27092970522	0.0
5.27383219955	0.0
5.27673469388	0.0
5.27963718821	0.0
5.28253968254	0.0
5.28544217687	0.0
5.2883446712	0.0
5.29124716553	0.0
5.29414965986	0.0
5.2970521542	0.0
5.29995464853	0.0
5.30285714286	0.0
5.30575963719	0.0
5.30866213152	0.0
5.31156462585	0.0
5.31446712018	0.0
5.31736961451	0.0
5.32027210884	0.0
5.32317460317	0.0
5.32607709751	0.0
5.32897959184	0.0
5.33188208617	0.0
5.3347845805	0.0
5.33768707483	0.0
5.34058956916	0.0
5.34349206349	0.0
5.34639455782	0.0
5.34929705215	0.0
5.35219954649	0.0
5.35510204082	0.0
5.35800453515	0.0
5.36090702948	0.0
5.36380952381	0.0
5.36671201814	0.0
5.36961451247	0.0
5.3725170068	0.0
5.37541950113	0.0
5.37832199546	0.0
5.3812244898	0.0
5.38412698413	0.0
5.38702947846	0.0
5.38993197279	0.0
5.39283446712	0.0
5.39573696145	0.0
5.39863945578	0.0
5.40154195011	0.0
5.40444444444	0.0
5.40734693878	0.0
5.41024943311	0.0
5.41315192744	0.0
5.41605442177	0.0
5.4189569161	0.0
5.42185941043	0.0
5.42476190476	0.0
5.42766439909	0.0
5.43056689342	0.0
5.43346938776	0.0
5.43637188209	0.0
5.43927437642	0.0
5.44217687075	0.0
5.44507936508	0.0
5.44798185941	0.0
5.45088435374	0.0
5.45378684807	0.0
5.4566893424	0.0
5.45959183673	0.0
5.46249433107	0.0
5.4653968254	0.0
5.46829931973	0.0
5.47120181406	0.0
5.47410430839	0.0
5.47700680272	0.0
5.47990929705	0.0
5.48281179138	0.0
5.48571428571	0.0
5.48861678005	0.0
5.49151927438	0.0
5.49442176871	0.0
5.49732426304	0.0
5.50022675737	0.0
5.5031292517	0.0
5.50603174603	0.0
5.50893424036	0.0
5.51183673469	0.0
5.51473922902	0.0
5.51764172336	0.0
5.52054421769	0.0
5.52344671202	0.0
5.52634920635	0.0
5.52925170068	0.0
5.53215419501	0.0
5.53505668934	0.0
5.53795918367	0.0
5.540861678	0.0
5.54376417234	0.0
5.54666666667	0.0
5.549569161	0.0
5.55247165533	0.0
5.55537414966	0.0
5.55827664399	0.0
5.56117913832	0.0
5.56408163265	0.0
5.56698412698	0.0
5.56988662132	0.0
5.57278911565	0.0
5.57569160998	0.0
5.57859410431	0.0
5.58149659864	0.0
5.58439909297	0.0
5.5873015873	0.0
5.59020408163	0.0
5.59310657596	0.0
5.59600907029	0.0
5.59891156463	0.0
5.60181405896	0.0
5.60471655329	0.0
5.60761904762	0.0
5.61052154195	0.0
5.61342403628	0.0
5.61632653061	0.0
5.61922902494	0.0
5.62213151927	0.0
5.62503401361	0.0
5.62793650794	0.0
5.63083900227	0.0
5.6337414966	0.0
5.63664399093	0.0
5.63954648526	0.0
5.64244897959	0.0
5.64535147392	0.0
5.64825396825	0.0
5.65115646259	0.0
5.65405895692	0.0
5.65696145125	0.0
5.65986394558	0.0
5.66276643991	0.0
5.66566893424	0.0
5.66857142857	0.0
5.6714739229	0.0
5.67437641723	0.0
5.67727891156	0.0
5.6801814059	0.0
5.68308390023	0.0
5.68598639456	0.0
5.68888888889	0.0
5.69179138322	0.0
5.69469387755	0.0
5.69759637188	0.0
5.70049886621	0.0
5.70340136054	0.0
5.70630385488	0.0
5.70920634921	0.0
5.71210884354	0.0
5.71501133787	0.0
5.7179138322	0.0
5.72081632653	0.0
5.72371882086	0.0
5.72662131519	0.0
5.72952380952	0.0
5.73242630385	0.0
5.73532879819	0.0
5.73823129252	0.0
5.74113378685	0.0
5.74403628118	0.0
5.74693877551	0.0
5.74984126984	0.0
5.75274376417	0.0
5.7556462585	0.0
5.75854875283	0.0
5.76145124717	0.0
5.7643537415	0.0
5.76725623583	0.0
5.77015873016	0.0
5.77306122449	0.0
5.77596371882	0.0
5.77886621315	0.0
5.78176870748	0.0
5.78467120181	0.0
5.78757369615	0.0
5.79047619048	0.0
5.79337868481	0.0
5.79628117914	0.0
5.79918367347	0.0
5.8020861678	0.0
5.80498866213	0.0
5.80789115646	0.0
5.81079365079	0.0
5.81369614512	0.0
5.81659863946	0.0
5.81950113379	0.0
5.82240362812	0.0
5.82530612245	0.0
5.82820861678	0.0
5.83111111111	0.0
5.83401360544	0.0
5.83691609977	0.0
5.8398185941	0.0
5.84272108844	0.0
5.84562358277	0.0
5.8485260771	0.0
