0.0	0.0
0.00290249433107	0.0
0.00580498866213	0.0
0.0087074829932	0.0
0.0116099773243	0.0
0.0145124716553	0.0
0.0174149659864	0.0
0.0203174603175	0.0
0.0232199546485	0.0
0.0261224489796	0.0
0.0290249433107	0.0
0.0319274376417	0.0
0.0348299319728	0.0
0.0377324263039	0.0
0.0406349206349	0.0
0.043537414966	0.0
0.0464399092971	0.0
0.0493424036281	0.0
0.0522448979592	0.0
0.0551473922902	0.0
0.0580498866213	0.0
0.0609523809524	0.0
0.0638548752834	0.0
0.0667573696145	0.0
0.0696598639456	0.0
0.0725623582766	0.0
0.0754648526077	0.0
0.0783673469388	340.267700195
0.0812698412698	343.823974609
0.0841723356009	346.215484619
0.087074829932	347.819030762
0.089977324263	348.623596191
0.0928798185941	349.228240967
0.0957823129252	349.228240967
0.0986848072562	349.228240967
0.101587301587	349.026580811
0.104489795918	348.623596191
0.107392290249	348.221069336
0.11029478458	348.221069336
0.113197278912	347.819030762
0.116099773243	347.819030762
0.119002267574	347.819030762
0.121904761905	348.019989014
0.124807256236	348.221069336
0.127709750567	348.422271729
0.130612244898	348.623596191
0.133514739229	348.422271729
0.13641723356	348.221069336
0.139319727891	348.019989014
0.142222222222	348.221069336
0.145124716553	348.221069336
0.148027210884	348.422271729
0.150929705215	348.422271729
0.153832199546	348.221069336
0.156734693878	348.221069336
0.159637188209	347.819030762
0.16253968254	347.819030762
0.165442176871	347.618164062
0.168344671202	347.819030762
0.171247165533	348.019989014
0.174149659864	348.422271729
0.177052154195	348.825012207
0.179954648526	348.825012207
0.182857142857	348.825012207
0.185759637188	348.623596191
0.188662131519	348.422271729
0.19156462585	348.623596191
0.194467120181	348.623596191
0.197369614512	349.228240967
0.200272108844	349.83392334
0.203174603175	350.440673828
0.206077097506	350.845733643
0.208979591837	351.251281738
0.211882086168	351.048461914
0.214784580499	350.845733643
0.21768707483	350.643157959
0.220589569161	350.238311768
0.223492063492	350.238311768
0.226394557823	350.03604126
0.229297052154	350.03604126
0.232199546485	349.83392334
0.235102040816	349.631896973
0.238004535147	349.430023193
0.240907029478	349.228240967
0.24380952381	349.026580811
0.246712018141	348.825012207
0.249614512472	348.825012207
0.252517006803	349.228240967
0.255419501134	349.228240967
0.258321995465	349.430023193
0.261224489796	349.631896973
0.264126984127	349.631896973
0.267029478458	349.83392334
0.269931972789	350.03604126
0.27283446712	350.238311768
0.275736961451	350.440673828
0.278639455782	350.440673828
0.281541950113	350.238311768
0.284444444444	350.238311768
0.287346938776	350.03604126
0.290249433107	349.631896973
0.293151927438	349.631896973
0.296054421769	349.430023193
0.2989569161	349.228240967
0.301859410431	349.228240967
0.304761904762	349.026580811
0.307664399093	349.026580811
0.310566893424	349.026580811
0.313469387755	349.026580811
0.316371882086	349.026580811
0.319274376417	349.026580811
0.322176870748	349.026580811
0.325079365079	349.228240967
0.32798185941	349.228240967
0.330884353741	349.026580811
0.333786848073	349.026580811
0.336689342404	348.825012207
0.339591836735	348.623596191
0.342494331066	348.623596191
0.345396825397	348.623596191
0.348299319728	348.623596191
0.351201814059	348.825012207
0.35410430839	349.026580811
0.357006802721	349.026580811
0.359909297052	349.228240967
0.362811791383	349.228240967
0.365714285714	349.228240967
0.368616780045	349.228240967
0.371519274376	349.026580811
0.374421768707	349.026580811
0.377324263039	348.825012207
0.38022675737	348.825012207
0.383129251701	348.825012207
0.386031746032	348.825012207
0.388934240363	349.026580811
0.391836734694	349.026580811
0.394739229025	349.026580811
0.397641723356	349.026580811
0.400544217687	348.825012207
0.403446712018	348.623596191
0.406349206349	348.623596191
0.40925170068	348.422271729
0.412154195011	348.422271729
0.415056689342	348.422271729
0.417959183673	348.623596191
0.420861678005	348.825012207
0.423764172336	349.026580811
0.426666666667	349.228240967
0.429569160998	349.228240967
0.432471655329	349.430023193
0.43537414966	349.430023193
0.438276643991	349.430023193
0.441179138322	349.430023193
0.444081632653	349.430023193
0.446984126984	349.228240967
0.449886621315	349.228240967
0.452789115646	349.228240967
0.455691609977	349.026580811
0.458594104308	349.026580811
0.461496598639	349.026580811
0.464399092971	349.026580811
0.467301587302	349.026580811
0.470204081633	349.228240967
0.473106575964	349.228240967
0.476009070295	349.430023193
0.478911564626	349.631896973
0.481814058957	349.631896973
0.484716553288	349.83392334
0.487619047619	350.03604126
0.49052154195	349.83392334
0.493424036281	349.430023193
0.496326530612	349.026580811
0.499229024943	348.623596191
0.502131519274	348.623596191
0.505034013605	349.430023193
0.507936507937	350.845733643
0.510839002268	352.674407959
0.513741496599	354.103271484
0.51664399093	354.922363281
0.519546485261	354.922363281
0.522448979592	354.512573242
0.525351473923	353.69442749
0.528253968254	352.878173828
0.531156462585	353.082061768
0.534058956916	353.286071777
0.536961451247	353.082061768
0.539863945578	352.470733643
0.542766439909	350.845733643
0.54566893424	346.215484619
0.548571428571	357.184661865
0.551473922902	357.391052246
0.554376417234	356.978424072
0.557278911565	345.416473389
0.560181405896	350.03604126
0.563083900227	351.657318115
0.565986394558	352.267211914
0.568888888889	351.86050415
0.57179138322	349.83392334
0.574693877551	342.041229248
0.577596371882	341.449005127
0.580498866213	346.615661621
0.583401360544	349.631896973
0.586303854875	351.251281738
0.589206349206	351.657318115
0.592108843537	351.45425415
0.595011337868	350.238311768
0.5979138322	347.819030762
0.600816326531	344.420288086
0.603718820862	343.22869873
0.606621315193	346.215484619
0.609523809524	350.03604126
0.612426303855	352.267211914
0.615328798186	353.286071777
0.618231292517	353.490203857
0.621133786848	352.878173828
0.624036281179	350.845733643
0.62693877551	348.221069336
0.629841269841	345.815734863
0.632743764172	346.215484619
0.635646258503	347.216827393
0.638548752834	348.825012207
0.641451247166	350.440673828
0.644353741497	351.048461914
0.647256235828	350.643157959
0.650158730159	349.228240967
0.65306122449	289.621795654
0.655963718821	291.973388672
0.658866213152	294.344055176
0.661768707483	297.936218262
0.664671201814	298.452941895
0.667573696145	298.10836792
0.670476190476	297.936218262
0.673378684807	298.10836792
0.676281179138	298.452941895
0.679183673469	298.625396729
0.6820861678	297.764160156
0.684988662132	295.536621094
0.687891156463	295.365936279
0.690793650794	295.195404053
0.693696145125	294.854553223
0.696598639456	294.514129639
0.699501133787	294.344055176
0.702403628118	293.664764404
0.705306122449	293.495178223
0.70820861678	293.325714111
0.711111111111	293.495178223
0.714013605442	291.973388672
0.716916099773	292.648773193
0.719818594104	292.310882568
0.722721088435	291.804779053
0.725623582766	291.804779053
0.728526077098	293.325714111
0.731428571429	296.220245361
0.73433106576	297.248626709
0.737233560091	297.592224121
0.740136054422	297.936218262
0.743038548753	297.936218262
0.745941043084	297.592224121
0.748843537415	297.420379639
0.751746031746	296.733978271
0.754648526077	296.049194336
0.757551020408	294.344055176
0.760453514739	292.987030029
0.76335600907	292.142089844
0.766258503401	292.479766846
0.769160997732	292.817840576
0.772063492063	292.987030029
0.774965986395	292.648773193
0.777868480726	295.536621094
0.780770975057	295.536621094
0.783673469388	295.707366943
0.786575963719	296.049194336
0.78947845805	296.220245361
0.792380952381	296.391387939
0.795283446712	296.391387939
0.798185941043	296.220245361
0.801088435374	296.049194336
0.803990929705	295.365936279
0.806893424036	293.156341553
0.809795918367	291.636291504
0.812698412698	292.479766846
0.815600907029	292.648773193
0.818503401361	291.973388672
0.821405895692	291.636291504
0.824308390023	293.156341553
0.827210884354	295.195404053
0.830113378685	296.049194336
0.833015873016	296.562652588
0.835918367347	296.562652588
0.838820861678	296.905426025
0.841723356009	297.07699585
0.84462585034	297.07699585
0.847528344671	296.905426025
0.850430839002	296.733978271
0.853333333333	296.220245361
0.856235827664	295.536621094
0.859138321995	294.684295654
0.862040816327	293.156341553
0.864943310658	293.156341553
0.867845804989	293.156341553
0.87074829932	292.648773193
0.873650793651	292.817840576
0.876553287982	292.987030029
0.879455782313	292.817840576
0.882358276644	292.987030029
0.885260770975	292.817840576
0.888163265306	292.817840576
0.891065759637	292.987030029
0.893968253968	292.817840576
0.896870748299	292.648773193
0.89977324263	293.664764404
0.902675736961	291.973388672
0.905578231293	291.973388672
0.908480725624	291.804779053
0.911383219955	290.963226318
0.914285714286	272.106262207
0.917188208617	271.949127197
0.920090702948	273.050964355
0.922993197279	274.791412354
0.92589569161	276.22366333
0.928798185941	276.702728271
0.931700680272	276.064147949
0.934603174603	274.791412354
0.937505668934	274.632720947
0.940408163265	275.427032471
0.943310657596	276.862609863
0.946213151927	278.949401855
0.949115646259	284.646270752
0.95201814059	296.905426025
0.954920634921	293.325714111
0.957823129252	290.795227051
0.960725623583	288.286560059
0.963628117914	286.129882812
0.966530612245	284.153442383
0.969433106576	282.843414307
0.972335600907	281.702087402
0.975238095238	281.051971436
0.978140589569	280.72744751
0.9810430839	280.241424561
0.983945578231	279.594665527
0.986848072562	278.949401855
0.989750566893	277.984313965
0.992653061224	277.182617188
0.995555555556	276.383239746
0.998458049887	276.22366333
1.00136054422	276.862609863
1.00426303855	277.823791504
1.00716553288	279.594665527
1.01006802721	281.702087402
1.01297052154	283.497680664
1.01587301587	285.634490967
1.0187755102	286.791748047
1.02167800454	288.12008667
1.02458049887	288.453125
1.0274829932	288.12008667
1.03038548753	286.791748047
1.03328798186	285.139953613
1.03619047619	283.333953857
1.03909297052	281.539398193
1.04199546485	279.110595703
1.04489795918	276.542938232
1.04780045351	274.950164795
1.05070294785	275.268005371
1.05360544218	276.702728271
1.05650793651	277.182617188
1.05941043084	276.862609863
1.06231292517	276.064147949
1.0652154195	275.427032471
1.06811791383	275.268005371
1.07102040816	275.109039307
1.07392290249	275.109039307
1.07682539683	274.950164795
1.07972789116	275.268005371
1.08263038549	275.268005371
1.08553287982	279.110595703
1.08843537415	277.663360596
1.09133786848	277.823791504
1.09424036281	278.144927979
1.09714285714	278.305633545
1.10004535147	279.271850586
1.1029478458	281.376831055
1.10585034014	281.539398193
1.10875283447	281.376831055
1.1116553288	281.214355469
1.11455782313	280.72744751
1.11746031746	280.079589844
1.12036281179	278.305633545
1.12326530612	274.791412354
1.12616780045	276.22366333
1.12907029478	277.984313965
1.13197278912	278.144927979
1.13487528345	276.702728271
1.13777777778	274.950164795
1.14068027211	277.823791504
1.14358276644	280.079589844
1.14648526077	281.214355469
1.1493877551	282.027709961
1.15229024943	282.843414307
1.15519274376	283.333953857
1.1580952381	283.825378418
1.16099773243	283.989349365
1.16390022676	283.825378418
1.16680272109	283.333953857
1.16970521542	282.516845703
1.17260770975	281.539398193
1.17551020408	280.079589844
1.17841269841	278.627349854
1.18131519274	277.823791504
1.18421768707	277.663360596
1.18712018141	277.984313965
1.19002267574	279.271850586
1.19292517007	281.539398193
1.1958276644	284.317626953
1.19873015873	286.62612915
1.20163265306	288.786529541
1.20453514739	290.795227051
1.20743764172	292.479766846
1.21034013605	294.344055176
1.21324263039	295.536621094
1.21614512472	296.391387939
1.21904761905	296.220245361
1.22195011338	295.536621094
1.22485260771	294.514129639
1.22775510204	293.664764404
1.23065759637	293.664764404
1.2335600907	293.664764404
1.23646258503	294.514129639
1.23936507937	295.195404053
1.2422675737	295.536621094
1.24517006803	296.049194336
1.24807256236	296.733978271
1.25097505669	296.905426025
1.25387755102	296.391387939
1.25678004535	295.365936279
1.25968253968	294.514129639
1.26258503401	294.344055176
1.26548752834	294.854553223
1.26839002268	294.684295654
1.27129251701	293.664764404
1.27419501134	292.817840576
1.27709750567	292.310882568
1.28	291.804779053
1.28290249433	291.636291504
1.28580498866	291.131347656
1.28870748299	290.795227051
1.29160997732	290.459472656
1.29451247166	290.291748047
1.29741496599	290.291748047
1.30031746032	290.795227051
1.30321995465	291.299560547
1.30612244898	291.973388672
1.30902494331	292.648773193
1.31192743764	293.325714111
1.31482993197	293.664764404
1.3177324263	294.004211426
1.32063492063	293.834442139
1.32353741497	293.495178223
1.3264399093	293.325714111
1.32934240363	293.156341553
1.33224489796	293.156341553
1.33514739229	293.325714111
1.33804988662	293.495178223
1.34095238095	293.834442139
1.34385487528	294.004211426
1.34675736961	293.834442139
1.34965986395	293.495178223
1.35256235828	292.817840576
1.35546485261	291.973388672
1.35836734694	291.131347656
1.36126984127	290.627288818
1.3641723356	290.459472656
1.36707482993	290.795227051
1.36997732426	291.299560547
1.37287981859	292.142089844
1.37578231293	293.156341553
1.37868480726	294.004211426
1.38158730159	294.344055176
1.38448979592	294.514129639
1.38739229025	294.684295654
1.39029478458	294.514129639
1.39319727891	294.174102783
1.39609977324	294.004211426
1.39900226757	293.495178223
1.4019047619	293.495178223
1.40480725624	293.664764404
1.40770975057	293.664764404
1.4106122449	294.004211426
1.41351473923	293.834442139
1.41641723356	294.004211426
1.41931972789	293.834442139
1.42222222222	293.664764404
1.42512471655	293.156341553
1.42802721088	292.817840576
1.43092970522	292.310882568
1.43383219955	291.973388672
1.43673469388	293.495178223
1.43963718821	293.495178223
1.44253968254	293.325714111
1.44544217687	293.156341553
1.4483446712	293.664764404
1.45124716553	293.664764404
1.45414965986	292.142089844
1.4570521542	291.973388672
1.45995464853	291.973388672
1.46285714286	292.142089844
1.46575963719	292.142089844
1.46866213152	292.142089844
1.47156462585	292.479766846
1.47446712018	292.817840576
1.47736961451	292.987030029
1.48027210884	293.325714111
1.48317460317	294.344055176
1.48607709751	296.220245361
1.48897959184	299.143310547
1.49188208617	301.920806885
1.4947845805	303.845275879
1.49768707483	305.252593994
1.50058956916	304.900146484
1.50349206349	305.782012939
1.50639455782	306.489318848
1.50929705215	307.908905029
1.51219954649	311.486633301
1.51510204082	312.568023682
1.51800453515	313.110137939
1.52090702948	313.110137939
1.52380952381	312.748626709
1.52671201814	311.306762695
1.52961451247	310.229705811
1.5325170068	310.229705811
1.53541950113	310.229705811
1.53832199546	310.229705811
1.5412244898	310.050567627
1.54412698413	310.229705811
1.54702947846	310.229705811
1.54993197279	310.229705811
1.55283446712	309.871520996
1.55573696145	309.513763428
1.55863945578	308.442932129
1.56154195011	307.731079102
1.56444444444	307.198303223
1.56734693878	306.843597412
1.57024943311	306.489318848
1.57315192744	306.489318848
1.57605442177	306.489318848
1.5789569161	306.843597412
1.58185941043	307.375793457
1.58476190476	308.264801025
1.58766439909	309.513763428
1.59056689342	311.126983643
1.59346938776	313.291046143
1.59637188209	315.287994385
1.59927437642	316.56539917
1.60217687075	316.748291016
1.60507936508	316.56539917
1.60798185941	315.83480835
1.61088435374	314.378723145
1.61378684807	312.387542725
1.6166893424	310.408966064
1.61959183673	308.799438477
1.62249433107	308.086791992
1.6253968254	307.731079102
1.62829931973	308.264801025
1.63120181406	308.621124268
1.63410430839	309.335021973
1.63700680272	310.050567627
1.63990929705	310.94732666
1.64281179138	312.026855469
1.64571428571	312.748626709
1.64861678005	313.653167725
1.65151927438	314.197174072
1.65442176871	314.378723145
1.65732426304	314.197174072
1.66022675737	313.834411621
1.6631292517	313.110137939
1.66603174603	312.20715332
1.66893424036	310.94732666
1.67183673469	309.871520996
1.67473922902	308.977874756
1.67764172336	308.442932129
1.68054421769	308.086791992
1.68344671202	308.086791992
1.68634920635	308.442932129
1.68925170068	308.977874756
1.69215419501	310.408966064
1.69505668934	311.666595459
1.69795918367	312.929321289
1.700861678	314.01574707
1.70376417234	314.378723145
1.70666666667	314.378723145
1.709569161	314.01574707
1.71247165533	313.472045898
1.71537414966	312.748626709
1.71827664399	312.20715332
1.72117913832	311.846679688
1.72408163265	311.486633301
1.72698412698	311.126983643
1.72988662132	310.588317871
1.73278911565	310.408966064
1.73569160998	310.050567627
1.73859410431	310.229705811
1.74149659864	310.229705811
1.74439909297	310.229705811
1.7473015873	310.408966064
1.75020408163	310.76776123
1.75310657596	311.126983643
1.75600907029	311.486633301
1.75891156463	312.026855469
1.76181405896	312.929321289
1.76471655329	313.834411621
1.76761904762	314.923950195
1.77052154195	316.017303467
1.77342403628	316.56539917
1.77632653061	316.017303467
1.77922902494	313.653167725
1.78213151927	310.76776123
1.78503401361	308.621124268
1.78793650794	308.086791992
1.79083900227	308.621124268
1.7937414966	310.76776123
1.79664399093	316.017303467
1.79954648526	347.618164062
1.80244897959	346.615661621
1.80535147392	347.819030762
1.80825396825	349.228240967
1.81115646259	350.440673828
1.81405895692	350.643157959
1.81696145125	350.238311768
1.81986394558	348.825012207
1.82276643991	347.216827393
1.82566893424	346.015533447
1.82857142857	345.416473389
1.8314739229	346.015533447
1.83437641723	347.216827393
1.83727891156	348.623596191
1.8401814059	349.430023193
1.84308390023	349.430023193
1.84598639456	349.026580811
1.84888888889	348.422271729
1.85179138322	347.216827393
1.85469387755	346.215484619
1.85759637188	346.015533447
1.86049886621	346.415496826
1.86340136054	347.417449951
1.86630385488	348.422271729
1.86920634921	349.228240967
1.87210884354	349.631896973
1.87501133787	349.430023193
1.8779138322	349.228240967
1.88081632653	348.422271729
1.88371882086	347.417449951
1.88662131519	347.016326904
1.88952380952	347.016326904
1.89242630385	347.819030762
1.89532879819	348.623596191
1.89823129252	349.430023193
1.90113378685	350.238311768
1.90403628118	350.440673828
1.90693877551	350.643157959
1.90984126984	350.643157959
1.91274376417	350.643157959
1.9156462585	350.643157959
1.91854875283	351.048461914
1.92145124717	351.048461914
1.9243537415	351.251281738
1.92725623583	351.048461914
1.93015873016	350.643157959
1.93306122449	350.03604126
1.93596371882	349.228240967
1.93886621315	348.422271729
1.94176870748	348.221069336
1.94467120181	348.623596191
1.94757369615	349.228240967
1.95047619048	349.83392334
1.95337868481	350.03604126
1.95628117914	350.03604126
1.95918367347	349.631896973
1.9620861678	349.228240967
1.96498866213	348.623596191
1.96789115646	348.825012207
1.97079365079	349.228240967
1.97369614512	350.03604126
1.97659863946	350.845733643
1.97950113379	351.251281738
1.98240362812	351.251281738
1.98530612245	350.643157959
1.98820861678	349.83392334
1.99111111111	348.825012207
1.99401360544	348.422271729
1.99691609977	348.623596191
1.9998185941	349.228240967
2.00272108844	349.631896973
2.00562358277	350.03604126
2.0085260771	350.238311768
2.01142857143	349.83392334
2.01433106576	349.228240967
2.01723356009	348.422271729
2.02013605442	348.019989014
2.02303854875	348.019989014
2.02594104308	348.422271729
2.02884353741	349.026580811
2.03174603175	349.631896973
2.03464852608	349.631896973
2.03755102041	349.631896973
2.04045351474	349.228240967
2.04335600907	348.623596191
2.0462585034	348.221069336
2.04916099773	347.819030762
2.05206349206	348.019989014
2.05496598639	348.422271729
2.05786848073	349.026580811
2.06077097506	349.631896973
2.06367346939	349.83392334
2.06657596372	349.83392334
2.06947845805	349.631896973
2.07238095238	349.026580811
2.07528344671	348.623596191
2.07818594104	348.422271729
2.08108843537	348.422271729
2.08399092971	348.422271729
2.08689342404	349.026580811
2.08979591837	349.228240967
2.0926984127	349.430023193
2.09560090703	349.430023193
2.09850340136	349.228240967
2.10140589569	348.825012207
2.10430839002	348.422271729
2.10721088435	348.221069336
2.11011337868	348.221069336
2.11301587302	348.422271729
2.11591836735	348.623596191
2.11882086168	348.825012207
2.12172335601	349.026580811
2.12462585034	349.026580811
2.12752834467	349.026580811
2.130430839	349.026580811
2.13333333333	349.026580811
2.13623582766	349.228240967
2.139138322	349.430023193
2.14204081633	349.631896973
2.14494331066	349.631896973
2.14784580499	349.631896973
2.15074829932	349.228240967
2.15365079365	349.228240967
2.15655328798	348.825012207
2.15945578231	348.623596191
2.16235827664	348.825012207
2.16526077098	348.825012207
2.16816326531	349.228240967
2.17106575964	349.228240967
2.17396825397	349.228240967
2.1768707483	349.430023193
2.17977324263	349.430023193
2.18267573696	349.430023193
2.18557823129	349.430023193
2.18848072562	349.228240967
2.19138321995	349.228240967
2.19428571429	349.026580811
2.19718820862	349.026580811
2.20009070295	349.026580811
2.20299319728	349.026580811
2.20589569161	349.026580811
2.20879818594	349.026580811
2.21170068027	349.026580811
2.2146031746	348.825012207
2.21750566893	348.825012207
2.22040816327	348.825012207
2.2233106576	349.026580811
2.22621315193	349.026580811
2.22911564626	349.026580811
2.23201814059	349.026580811
2.23492063492	349.228240967
2.23782312925	349.228240967
2.24072562358	349.228240967
2.24362811791	349.026580811
2.24653061224	348.825012207
2.24943310658	348.623596191
2.25233560091	348.623596191
2.25523809524	348.623596191
2.25814058957	348.825012207
2.2610430839	349.026580811
2.26394557823	349.026580811
2.26684807256	349.228240967
2.26975056689	349.430023193
2.27265306122	349.228240967
2.27555555556	349.026580811
2.27845804989	349.026580811
2.28136054422	348.825012207
2.28426303855	348.825012207
2.28716553288	348.825012207
2.29006802721	349.026580811
2.29297052154	349.026580811
2.29587301587	349.026580811
2.2987755102	349.026580811
2.30167800454	348.825012207
2.30458049887	348.422271729
2.3074829932	348.221069336
2.31038548753	348.019989014
2.31328798186	348.019989014
2.31619047619	348.221069336
2.31909297052	348.221069336
2.32199546485	348.019989014
2.32489795918	347.819030762
2.32780045351	347.819030762
2.33070294785	348.221069336
2.33360544218	349.228240967
2.33650793651	350.845733643
2.33941043084	353.082061768
2.34231292517	354.922363281
2.3452154195	0.0
2.34811791383	0.0
2.35102040816	0.0
2.35392290249	0.0
2.35682539683	0.0
2.35972789116	0.0
2.36263038549	0.0
2.36553287982	0.0
2.36843537415	0.0
2.37133786848	0.0
2.37424036281	0.0
2.37714285714	0.0
2.38004535147	0.0
2.3829478458	0.0
2.38585034014	0.0
2.38875283447	0.0
2.3916553288	0.0
2.39455782313	0.0
2.39746031746	0.0
2.40036281179	0.0
2.40326530612	0.0
2.40616780045	0.0
2.40907029478	0.0
2.41197278912	0.0
2.41487528345	0.0
2.41777777778	0.0
2.42068027211	0.0
2.42358276644	0.0
2.42648526077	0.0
2.4293877551	0.0
2.43229024943	0.0
2.43519274376	0.0
2.4380952381	0.0
2.44099773243	0.0
2.44390022676	0.0
2.44680272109	0.0
2.44970521542	0.0
2.45260770975	0.0
2.45551020408	0.0
2.45841269841	0.0
2.46131519274	0.0
2.46421768707	0.0
2.46712018141	0.0
2.47002267574	0.0
2.47292517007	0.0
2.4758276644	0.0
2.47873015873	0.0
2.48163265306	0.0
2.48453514739	0.0
2.48743764172	0.0
2.49034013605	0.0
2.49324263039	0.0
2.49614512472	0.0
2.49904761905	0.0
2.50195011338	0.0
2.50485260771	0.0
2.50775510204	0.0
2.51065759637	0.0
2.5135600907	0.0
2.51646258503	0.0
2.51936507937	0.0
2.5222675737	0.0
2.52517006803	0.0
2.52807256236	0.0
2.53097505669	0.0
2.53387755102	0.0
2.53678004535	0.0
2.53968253968	0.0
2.54258503401	0.0
2.54548752834	0.0
2.54839002268	0.0
2.55129251701	0.0
2.55419501134	0.0
2.55709750567	0.0
2.56	0.0
2.56290249433	0.0
2.56580498866	0.0
2.56870748299	0.0
2.57160997732	0.0
2.57451247166	0.0
2.57741496599	0.0
2.58031746032	0.0
2.58321995465	0.0
2.58612244898	0.0
2.58902494331	0.0
2.59192743764	0.0
2.59482993197	0.0
2.5977324263	0.0
2.60063492063	0.0
2.60353741497	0.0
2.6064399093	0.0
2.60934240363	0.0
2.61224489796	0.0
2.61514739229	0.0
2.61804988662	0.0
2.62095238095	0.0
2.62385487528	0.0
2.62675736961	0.0
2.62965986395	0.0
2.63256235828	347.819030762
2.63546485261	348.221069336
2.63836734694	348.623596191
2.64126984127	348.623596191
2.6441723356	349.026580811
2.64707482993	349.430023193
2.64997732426	349.83392334
2.65287981859	350.238311768
2.65578231293	350.238311768
2.65868480726	349.83392334
2.66158730159	349.026580811
2.66448979592	348.221069336
2.66739229025	347.819030762
2.67029478458	347.618164062
2.67319727891	347.417449951
2.67609977324	347.618164062
2.67900226757	348.019989014
2.6819047619	348.221069336
2.68480725624	348.422271729
2.68770975057	348.623596191
2.6906122449	348.422271729
2.69351473923	348.422271729
2.69641723356	348.422271729
2.69931972789	348.221069336
2.70222222222	348.422271729
2.70512471655	348.422271729
2.70802721088	348.623596191
2.71092970522	348.422271729
2.71383219955	348.422271729
2.71673469388	348.221069336
2.71963718821	348.221069336
2.72253968254	348.019989014
2.72544217687	348.019989014
2.7283446712	347.819030762
2.73124716553	348.019989014
2.73414965986	348.221069336
2.7370521542	348.422271729
2.73995464853	348.623596191
2.74285714286	348.825012207
2.74575963719	348.623596191
2.74866213152	348.825012207
2.75156462585	348.825012207
2.75446712018	348.825012207
2.75736961451	349.228240967
2.76027210884	350.03604126
2.76317460317	350.643157959
2.76607709751	351.048461914
2.76897959184	351.251281738
2.77188208617	351.251281738
2.7747845805	350.845733643
2.77768707483	350.643157959
2.78058956916	350.643157959
2.78349206349	350.440673828
2.78639455782	350.238311768
2.78929705215	350.03604126
2.79219954649	349.631896973
2.79510204082	349.228240967
2.79800453515	349.026580811
2.80090702948	349.026580811
2.80380952381	349.026580811
2.80671201814	349.228240967
2.80961451247	349.430023193
2.8125170068	349.430023193
2.81541950113	349.430023193
2.81832199546	349.228240967
2.8212244898	349.430023193
2.82412698413	349.83392334
2.82702947846	350.238311768
2.82993197279	350.643157959
2.83283446712	351.048461914
2.83573696145	351.048461914
2.83863945578	350.845733643
2.84154195011	350.03604126
2.84444444444	349.631896973
2.84734693878	349.430023193
2.85024943311	349.228240967
2.85315192744	349.631896973
2.85605442177	349.631896973
2.8589569161	349.83392334
2.86185941043	349.83392334
2.86476190476	349.228240967
2.86766439909	349.026580811
2.87056689342	348.825012207
2.87346938776	348.825012207
2.87637188209	349.026580811
2.87927437642	349.228240967
2.88217687075	349.430023193
2.88507936508	349.430023193
2.88798185941	349.430023193
2.89088435374	349.026580811
2.89378684807	349.026580811
2.8966893424	348.825012207
2.89959183673	348.623596191
2.90249433107	348.825012207
2.9053968254	348.825012207
2.90829931973	349.026580811
2.91120181406	349.026580811
2.91410430839	349.026580811
2.91700680272	349.026580811
2.91990929705	349.026580811
2.92281179138	349.026580811
2.92571428571	349.026580811
2.92861678005	349.026580811
2.93151927438	349.026580811
2.93442176871	349.026580811
2.93732426304	348.825012207
2.94022675737	348.825012207
2.9431292517	348.825012207
2.94603174603	348.825012207
2.94893424036	349.026580811
2.95183673469	349.026580811
2.95473922902	349.026580811
2.95764172336	349.026580811
2.96054421769	348.825012207
2.96344671202	348.623596191
2.96634920635	348.623596191
2.96925170068	348.422271729
2.97215419501	348.422271729
2.97505668934	348.422271729
2.97795918367	348.623596191
2.980861678	349.026580811
2.98376417234	349.026580811
2.98666666667	349.228240967
2.989569161	349.430023193
2.99247165533	349.430023193
2.99537414966	349.430023193
2.99827664399	349.430023193
3.00117913832	349.430023193
3.00408163265	349.430023193
3.00698412698	349.430023193
3.00988662132	349.228240967
3.01278911565	349.228240967
3.01569160998	349.026580811
3.01859410431	348.825012207
3.02149659864	348.825012207
3.02439909297	349.026580811
3.0273015873	349.228240967
3.03020408163	349.631896973
3.03310657596	349.83392334
3.03600907029	350.03604126
3.03891156463	350.440673828
3.04181405896	350.643157959
3.04471655329	351.048461914
3.04761904762	351.86050415
3.05052154195	352.878173828
3.05342403628	353.898803711
3.05632653061	354.103271484
3.05922902494	353.490203857
3.06213151927	352.267211914
3.06503401361	351.657318115
3.06793650794	351.657318115
3.07083900227	351.86050415
3.0737414966	352.674407959
3.07664399093	352.878173828
3.07954648526	350.440673828
3.08244897959	347.819030762
3.08535147392	347.618164062
3.08825396825	348.623596191
3.09115646259	349.631896973
3.09405895692	352.267211914
3.09696145125	360.917785645
3.09986394558	360.501068115
3.10276643991	358.424743652
3.10566893424	358.010894775
3.10857142857	347.216827393
3.1114739229	346.415496826
3.11437641723	347.417449951
3.11727891156	350.238311768
3.1201814059	354.922363281
3.12308390023	355.332641602
3.12598639456	356.154571533
3.12888888889	348.623596191
3.13179138322	345.815734863
3.13469387755	345.815734863
3.13759637188	346.615661621
3.14049886621	354.307861328
3.14340136054	353.898803711
3.14630385488	353.082061768
3.14920634921	352.063781738
3.15210884354	350.845733643
3.15501133787	346.215484619
3.1579138322	345.217010498
3.16081632653	345.416473389
3.16371882086	347.417449951
3.16662131519	353.082061768
3.16952380952	353.286071777
3.17242630385	352.878173828
3.17532879819	363.848236084
3.17823129252	358.839050293
3.18113378685	350.03604126
3.18403628118	343.427001953
3.18693877551	340.661010742
3.18984126984	340.661010742
3.19274376417	342.041229248
3.1956462585	344.022644043
3.19854875283	344.619293213
3.20145124717	344.221405029
3.2043537415	343.823974609
3.20725623583	344.022644043
3.21015873016	344.420288086
3.21306122449	345.217010498
3.21596371882	346.615661621
3.21886621315	348.825012207
3.22176870748	349.430023193
3.22467120181	348.221069336
3.22757369615	347.216827393
3.23047619048	346.815948486
3.23337868481	346.815948486
3.23628117914	347.417449951
3.23918367347	348.221069336
3.2420861678	349.228240967
3.24498866213	348.825012207
3.24789115646	348.019989014
3.25079365079	347.417449951
3.25369614512	347.216827393
3.25659863946	347.417449951
3.25950113379	347.618164062
3.26240362812	348.221069336
3.26530612245	348.422271729
3.26820861678	348.221069336
3.27111111111	347.819030762
3.27401360544	347.417449951
3.27691609977	347.216827393
3.2798185941	347.618164062
3.28272108844	348.019989014
3.28562358277	348.825012207
3.2885260771	348.825012207
3.29142857143	348.623596191
3.29433106576	348.221069336
3.29723356009	347.819030762
3.30013605442	347.819030762
3.30303854875	348.221069336
3.30594104308	348.623596191
3.30884353741	349.430023193
3.31174603175	349.83392334
3.31464852608	350.238311768
3.31755102041	350.440673828
3.32045351474	350.643157959
3.32335600907	350.440673828
3.3262585034	350.440673828
3.32916099773	350.440673828
3.33206349206	350.440673828
3.33496598639	350.238311768
3.33786848073	349.83392334
3.34077097506	349.631896973
3.34367346939	349.430023193
3.34657596372	349.228240967
3.34947845805	349.228240967
3.35238095238	349.228240967
3.35528344671	349.228240967
3.35818594104	349.026580811
3.36108843537	349.026580811
3.36399092971	349.026580811
3.36689342404	349.026580811
3.36979591837	349.228240967
3.3726984127	349.631896973
3.37560090703	350.238311768
3.37850340136	351.048461914
3.38140589569	351.251281738
3.38430839002	351.251281738
3.38721088435	350.643157959
3.39011337868	350.03604126
3.39301587302	349.631896973
3.39591836735	349.430023193
3.39882086168	349.631896973
3.40172335601	349.83392334
3.40462585034	350.238311768
3.40752834467	350.440673828
3.410430839	350.03604126
3.41333333333	349.430023193
3.41623582766	349.026580811
3.419138322	348.825012207
3.42204081633	349.026580811
3.42494331066	349.228240967
3.42784580499	349.430023193
3.43074829932	349.430023193
3.43365079365	349.430023193
3.43655328798	349.026580811
3.43945578231	348.825012207
3.44235827664	348.825012207
3.44526077098	348.825012207
3.44816326531	349.026580811
3.45106575964	349.026580811
3.45396825397	348.825012207
3.4568707483	348.623596191
3.45977324263	348.422271729
3.46267573696	348.422271729
3.46557823129	348.825012207
3.46848072562	349.631896973
3.47138321995	350.845733643
3.47428571429	352.063781738
3.47718820862	352.674407959
3.48009070295	352.674407959
3.48299319728	352.267211914
3.48589569161	351.657318115
3.48879818594	350.845733643
3.49170068027	350.238311768
3.4946031746	350.238311768
3.49750566893	350.845733643
3.50040816327	351.657318115
3.5033106576	352.063781738
3.50621315193	352.267211914
3.50911564626	352.063781738
3.51201814059	351.251281738
3.51492063492	349.430023193
3.51782312925	347.618164062
3.52072562358	350.03604126
3.52362811791	351.251281738
3.52653061224	351.86050415
3.52943310658	351.657318115
3.53233560091	351.251281738
3.53523809524	350.643157959
3.53814058957	354.307861328
3.5410430839	353.69442749
3.54394557823	346.215484619
3.54684807256	349.430023193
3.54975056689	350.643157959
3.55265306122	351.048461914
3.55555555556	351.048461914
3.55845804989	350.238311768
3.56136054422	347.819030762
3.56426303855	344.619293213
3.56716553288	345.017669678
3.57006802721	348.825012207
3.57297052154	351.048461914
3.57587301587	352.267211914
3.5787755102	352.470733643
3.58167800454	351.86050415
3.58458049887	350.238311768
3.5874829932	346.615661621
3.59038548753	341.64630127
3.59328798186	340.661010742
3.59619047619	344.420288086
3.59909297052	349.228240967
3.60199546485	351.86050415
3.60489795918	353.286071777
3.60780045351	354.103271484
3.61070294785	353.490203857
3.61360544218	351.048461914
3.61650793651	344.221405029
3.61941043084	330.390045166
3.62231292517	318.031616211
3.6252154195	312.929321289
3.62811791383	310.588317871
3.63102040816	309.335021973
3.63392290249	309.156402588
3.63682539683	309.692596436
3.63972789116	311.666595459
3.64263038549	314.742095947
3.64553287982	317.114440918
3.64843537415	317.114440918
3.65133786848	315.470153809
3.65424036281	313.110137939
3.65714285714	311.306762695
3.66004535147	310.050567627
3.6629478458	309.513763428
3.66585034014	310.229705811
3.66875283447	311.486633301
3.6716553288	313.472045898
3.67455782313	315.105926514
3.67746031746	315.287994385
3.68036281179	313.834411621
3.68326530612	312.20715332
3.68616780045	311.126983643
3.68907029478	310.588317871
3.69197278912	310.94732666
3.69487528345	311.666595459
3.69777777778	312.748626709
3.70068027211	313.653167725
3.70358276644	314.01574707
3.70648526077	313.291046143
3.7093877551	312.20715332
3.71229024943	311.126983643
3.71519274376	310.588317871
3.7180952381	310.229705811
3.72099773243	310.588317871
3.72390022676	311.126983643
3.72680272109	311.846679688
3.72970521542	312.568023682
3.73260770975	312.568023682
3.73551020408	312.387542725
3.73841269841	311.846679688
3.74131519274	311.666595459
3.74421768707	311.666595459
3.74712018141	311.486633301
3.75002267574	311.666595459
3.75292517007	312.20715332
3.7558276644	313.110137939
3.75873015873	314.742095947
3.76163265306	316.199890137
3.76453514739	317.480987549
3.76743764172	316.382598877
3.77034013605	315.287994385
3.77324263039	313.653167725
3.77614512472	311.306762695
3.77904761905	305.605438232
3.78195011338	300.008544922
3.78485260771	299.316162109
3.78775510204	299.316162109
3.79065759637	299.489105225
3.7935600907	299.835296631
3.79646258503	299.662139893
3.79936507937	300.008544922
3.8022675737	300.528869629
3.80517006803	299.489105225
3.80807256236	296.220245361
3.81097505669	294.344055176
3.81387755102	294.514129639
3.81678004535	294.514129639
3.81968253968	294.344055176
3.82258503401	294.344055176
3.82548752834	295.024932861
3.82839002268	295.195404053
3.83129251701	295.024932861
3.83419501134	294.344055176
3.83709750567	293.664764404
3.84	292.817840576
3.84290249433	293.156341553
3.84580498866	292.987030029
3.84870748299	292.142089844
3.85160997732	292.142089844
3.85451247166	294.344055176
3.85741496599	296.049194336
3.86031746032	296.905426025
3.86321995465	297.420379639
3.86612244898	297.764160156
3.86902494331	297.764160156
3.87192743764	297.592224121
3.87482993197	297.248626709
3.8777324263	296.391387939
3.88063492063	293.495178223
3.88353741497	293.325714111
3.8864399093	291.973388672
3.88934240363	292.142089844
3.89224489796	292.310882568
3.89514739229	292.310882568
3.89804988662	292.479766846
3.90095238095	294.854553223
3.90385487528	295.195404053
3.90675736961	295.365936279
3.90965986395	295.536621094
3.91256235828	295.707366943
3.91546485261	296.049194336
3.91836734694	296.049194336
3.92126984127	296.049194336
3.9241723356	295.707366943
3.92707482993	295.195404053
3.92997732426	293.156341553
3.93287981859	291.804779053
3.93578231293	292.310882568
3.93868480726	292.648773193
3.94158730159	292.142089844
3.94448979592	291.299560547
3.94739229025	292.648773193
3.95029478458	295.024932861
3.95319727891	295.707366943
3.95609977324	296.220245361
3.95900226757	296.391387939
3.9619047619	296.391387939
3.96480725624	296.391387939
3.96770975057	296.391387939
3.9706122449	296.049194336
3.97351473923	296.049194336
3.97641723356	295.878234863
3.97931972789	295.707366943
3.98222222222	294.684295654
3.98512471655	292.142089844
3.98802721088	293.156341553
3.99092970522	292.987030029
3.99383219955	292.479766846
3.99673469388	293.156341553
3.99963718821	292.987030029
4.00253968254	293.156341553
4.00544217687	293.156341553
4.0083446712	293.156341553
4.01124716553	292.987030029
4.01414965986	292.987030029
4.0170521542	292.987030029
4.01995464853	292.987030029
4.02285714286	293.156341553
4.02575963719	293.325714111
4.02866213152	294.684295654
4.03156462585	295.536621094
4.03446712018	295.707366943
4.03736961451	295.536621094
4.04027210884	295.536621094
4.04317460317	295.195404053
4.04607709751	294.174102783
4.04897959184	293.156341553
4.05188208617	293.325714111
4.0547845805	292.817840576
4.05768707483	293.156341553
4.06058956916	293.156341553
4.06349206349	292.987030029
4.06639455782	293.495178223
4.06929705215	293.325714111
4.07219954649	294.514129639
4.07510204082	295.365936279
4.07800453515	295.878234863
4.08090702948	296.220245361
4.08380952381	296.391387939
4.08671201814	296.391387939
4.08961451247	296.391387939
4.0925170068	296.220245361
4.09541950113	296.049194336
4.09832199546	295.536621094
4.1012244898	295.024932861
4.10412698413	294.174102783
4.10702947846	293.325714111
4.10993197279	292.817840576
4.11283446712	292.479766846
4.11573696145	292.479766846
4.11863945578	292.648773193
4.12154195011	293.325714111
4.12444444444	294.004211426
4.12734693878	294.514129639
4.13024943311	294.684295654
4.13315192744	294.854553223
4.13605442177	295.024932861
4.1389569161	295.024932861
4.14185941043	294.854553223
4.14476190476	295.024932861
4.14766439909	295.195404053
4.15056689342	295.195404053
4.15346938776	295.195404053
4.15637188209	294.854553223
4.15927437642	294.514129639
4.16217687075	294.174102783
4.16507936508	293.834442139
4.16798185941	293.664764404
4.17088435374	293.495178223
4.17378684807	293.325714111
4.1766893424	293.495178223
4.17959183673	293.495178223
4.18249433107	293.156341553
4.1853968254	292.817840576
4.18829931973	292.479766846
4.19120181406	292.479766846
4.19410430839	292.479766846
4.19700680272	292.648773193
4.19990929705	292.817840576
4.20281179138	293.156341553
4.20571428571	293.664764404
4.20861678005	294.004211426
4.21151927438	294.344055176
4.21442176871	294.514129639
4.21732426304	294.684295654
4.22022675737	294.684295654
4.2231292517	294.684295654
4.22603174603	294.514129639
4.22893424036	294.344055176
4.23183673469	294.174102783
4.23473922902	294.004211426
4.23764172336	293.664764404
4.24054421769	293.325714111
4.24344671202	292.987030029
4.24634920635	292.987030029
4.24925170068	293.156341553
4.25215419501	293.495178223
4.25505668934	294.174102783
4.25795918367	295.024932861
4.260861678	295.878234863
4.26376417234	296.733978271
4.26666666667	297.420379639
4.269569161	297.936218262
4.27247165533	298.280609131
4.27537414966	298.452941895
4.27827664399	298.625396729
4.28117913832	298.970581055
4.28408163265	299.143310547
4.28698412698	298.970581055
4.28988662132	298.797943115
4.29278911565	298.452941895
4.29569160998	0.0
4.29859410431	0.0
4.30149659864	0.0
4.30439909297	0.0
4.3073015873	0.0
4.31020408163	0.0
4.31310657596	0.0
4.31600907029	0.0
4.31891156463	0.0
4.32181405896	0.0
4.32471655329	0.0
4.32761904762	0.0
4.33052154195	0.0
4.33342403628	293.834442139
4.33632653061	288.12008667
4.33922902494	289.454559326
4.34213151927	290.627288818
4.34503401361	291.299560547
4.34793650794	291.804779053
4.35083900227	292.142089844
4.3537414966	292.817840576
4.35664399093	293.325714111
4.35954648526	294.004211426
4.36244897959	294.514129639
4.36535147392	295.024932861
4.36825396825	295.536621094
4.37115646259	296.049194336
4.37405895692	296.562652588
4.37696145125	296.733978271
4.37986394558	296.562652588
4.38276643991	296.391387939
4.38566893424	296.220245361
4.38857142857	296.220245361
4.3914739229	296.391387939
4.39437641723	296.049194336
4.39727891156	295.707366943
4.4001814059	295.365936279
4.40308390023	294.854553223
4.40598639456	294.174102783
4.40888888889	293.664764404
4.41179138322	293.156341553
4.41469387755	292.987030029
4.41759637188	293.156341553
4.42049886621	293.156341553
4.42340136054	293.156341553
4.42630385488	293.325714111
4.42920634921	293.325714111
4.43210884354	293.325714111
4.43501133787	293.495178223
4.4379138322	293.495178223
4.44081632653	293.664764404
4.44371882086	293.664764404
4.44662131519	293.664764404
4.44952380952	293.495178223
4.45242630385	293.325714111
4.45532879819	292.987030029
4.45823129252	292.817840576
4.46113378685	292.479766846
4.46403628118	292.310882568
4.46693877551	292.142089844
4.46984126984	291.973388672
4.47274376417	292.142089844
4.4756462585	292.479766846
4.47854875283	292.987030029
4.48145124717	293.325714111
4.4843537415	293.834442139
4.48725623583	293.834442139
4.49015873016	293.664764404
4.49306122449	293.325714111
4.49596371882	292.817840576
4.49886621315	292.142089844
4.50176870748	291.804779053
4.50467120181	291.804779053
4.50757369615	292.142089844
4.51047619048	292.648773193
4.51337868481	293.325714111
4.51628117914	293.834442139
4.51918367347	294.174102783
4.5220861678	294.174102783
4.52498866213	294.344055176
4.52789115646	294.174102783
4.53079365079	293.834442139
4.53369614512	293.495178223
4.53659863946	293.325714111
4.53950113379	293.156341553
4.54240362812	293.156341553
4.54530612245	293.325714111
4.54820861678	293.495178223
4.55111111111	293.834442139
4.55401360544	294.004211426
4.55691609977	294.174102783
4.5598185941	294.004211426
4.56272108844	293.664764404
4.56562358277	293.325714111
4.5685260771	292.987030029
4.57142857143	292.817840576
4.57433106576	292.987030029
4.57723356009	293.495178223
4.58013605442	293.664764404
4.58303854875	293.664764404
4.58594104308	293.834442139
4.58884353741	293.834442139
4.59174603175	294.004211426
4.59464852608	293.325714111
4.59755102041	292.648773193
4.60045351474	292.310882568
4.60335600907	292.310882568
4.6062585034	292.479766846
4.60916099773	292.648773193
4.61206349206	292.817840576
4.61496598639	292.987030029
4.61786848073	293.156341553
4.62077097506	293.156341553
4.62367346939	293.156341553
4.62657596372	293.156341553
4.62947845805	292.987030029
4.63238095238	292.987030029
4.63528344671	293.156341553
4.63818594104	293.495178223
4.64108843537	293.664764404
4.64399092971	293.834442139
4.64689342404	294.174102783
4.64979591837	294.514129639
4.6526984127	294.514129639
4.65560090703	294.854553223
4.65850340136	295.024932861
4.66140589569	295.024932861
4.66430839002	295.195404053
4.66721088435	295.024932861
4.67011337868	294.854553223
4.67301587302	294.684295654
4.67591836735	294.514129639
4.67882086168	294.514129639
4.68172335601	294.514129639
4.68462585034	294.684295654
4.68752834467	294.854553223
4.690430839	295.024932861
4.69333333333	295.024932861
4.69623582766	294.854553223
4.699138322	294.684295654
4.70204081633	294.344055176
4.70494331066	294.174102783
4.70784580499	294.004211426
4.71074829932	294.174102783
4.71365079365	294.344055176
4.71655328798	294.514129639
4.71945578231	294.684295654
4.72235827664	294.514129639
4.72526077098	294.344055176
4.72816326531	294.004211426
4.73106575964	293.495178223
4.73396825397	292.987030029
4.7368707483	292.648773193
4.73977324263	292.479766846
4.74267573696	292.479766846
4.74557823129	292.817840576
4.74848072562	292.987030029
4.75138321995	293.325714111
4.75428571429	293.664764404
4.75718820862	293.834442139
4.76009070295	293.834442139
4.76299319728	294.004211426
4.76589569161	293.834442139
4.76879818594	293.834442139
4.77170068027	293.834442139
4.7746031746	293.664764404
4.77750566893	293.664764404
4.78040816327	293.664764404
4.7833106576	293.664764404
4.78621315193	293.664764404
4.78911564626	293.664764404
4.79201814059	293.834442139
4.79492063492	293.834442139
4.79782312925	293.834442139
4.80072562358	293.834442139
4.80362811791	293.834442139
4.80653061224	293.834442139
4.80943310658	293.834442139
4.81233560091	293.834442139
4.81523809524	293.664764404
4.81814058957	293.664764404
4.8210430839	293.664764404
4.82394557823	293.664764404
4.82684807256	293.664764404
4.82975056689	293.664764404
4.83265306122	293.664764404
4.83555555556	293.664764404
4.83845804989	293.664764404
4.84136054422	293.495178223
4.84426303855	293.495178223
4.84716553288	293.664764404
4.85006802721	293.664764404
4.85297052154	293.834442139
4.85587301587	293.834442139
4.8587755102	294.004211426
4.86167800454	294.174102783
4.86458049887	294.004211426
4.8674829932	294.004211426
4.87038548753	294.004211426
4.87328798186	293.834442139
4.87619047619	293.834442139
4.87909297052	293.664764404
4.88199546485	293.664764404
4.88489795918	293.664764404
4.88780045351	293.495178223
4.89070294785	293.495178223
4.89360544218	293.325714111
4.89650793651	293.325714111
4.89941043084	293.325714111
4.90231292517	293.325714111
4.9052154195	293.495178223
4.90811791383	293.664764404
4.91102040816	293.834442139
4.91392290249	293.834442139
4.91682539683	294.004211426
4.91972789116	293.834442139
4.92263038549	293.664764404
4.92553287982	293.664764404
4.92843537415	293.495178223
4.93133786848	293.495178223
4.93424036281	293.325714111
4.93714285714	293.325714111
4.94004535147	293.156341553
4.9429478458	293.156341553
4.94585034014	293.156341553
4.94875283447	293.156341553
4.9516553288	293.156341553
4.95455782313	293.156341553
4.95746031746	293.156341553
4.96036281179	293.156341553
4.96326530612	293.156341553
4.96616780045	293.325714111
4.96907029478	293.325714111
4.97197278912	293.325714111
4.97487528345	293.495178223
4.97777777778	293.495178223
4.98068027211	293.664764404
4.98358276644	293.664764404
4.98648526077	293.664764404
4.9893877551	293.664764404
4.99229024943	293.664764404
4.99519274376	293.495178223
4.9980952381	293.495178223
5.00099773243	293.156341553
5.00390022676	292.817840576
5.00680272109	292.648773193
5.00970521542	292.479766846
5.01260770975	292.479766846
5.01551020408	292.479766846
5.01841269841	292.648773193
5.02131519274	292.987030029
5.02421768707	293.156341553
5.02712018141	293.495178223
5.03002267574	293.495178223
5.03292517007	293.495178223
5.0358276644	0.0
5.03873015873	0.0
5.04163265306	0.0
5.04453514739	0.0
5.04743764172	0.0
5.05034013605	0.0
5.05324263039	0.0
5.05614512472	0.0
5.05904761905	0.0
5.06195011338	0.0
5.06485260771	0.0
5.06775510204	0.0
5.07065759637	0.0
5.0735600907	0.0
5.07646258503	0.0
5.07936507937	0.0
5.0822675737	0.0
5.08517006803	0.0
5.08807256236	0.0
5.09097505669	0.0
5.09387755102	0.0
5.09678004535	0.0
5.09968253968	0.0
5.10258503401	0.0
5.10548752834	0.0
5.10839002268	0.0
5.11129251701	0.0
5.11419501134	0.0
5.11709750567	0.0
5.12	0.0
5.12290249433	0.0
5.12580498866	0.0
5.12870748299	0.0
5.13160997732	0.0
5.13451247166	0.0
5.13741496599	0.0
5.14031746032	0.0
5.14321995465	0.0
5.14612244898	0.0
5.14902494331	0.0
5.15192743764	0.0
5.15482993197	0.0
5.1577324263	0.0
5.16063492063	0.0
5.16353741497	0.0
5.1664399093	0.0
5.16934240363	0.0
5.17224489796	0.0
5.17514739229	0.0
5.17804988662	0.0
5.18095238095	0.0
5.18385487528	0.0
5.18675736961	0.0
5.18965986395	0.0
5.19256235828	0.0
5.19546485261	0.0
5.19836734694	0.0
5.20126984127	0.0
5.2041723356	0.0
5.20707482993	0.0
5.20997732426	0.0
5.21287981859	0.0
5.21578231293	0.0
5.21868480726	0.0
5.22158730159	0.0
5.22448979592	0.0
5.22739229025	0.0
5.23029478458	0.0
5.23319727891	0.0
5.23609977324	0.0
5.23900226757	0.0
5.2419047619	0.0
5.24480725624	0.0
5.24770975057	0.0
5.2506122449	0.0
5.25351473923	0.0
5.25641723356	0.0
5.25931972789	0.0
5.26222222222	0.0
5.26512471655	0.0
5.26802721088	0.0
5.27092970522	0.0
5.27383219955	0.0
5.27673469388	0.0
5.27963718821	0.0
5.28253968254	0.0
5.28544217687	0.0
5.2883446712	0.0
5.29124716553	0.0
5.29414965986	0.0
5.2970521542	0.0
5.29995464853	0.0
5.30285714286	0.0
5.30575963719	0.0
5.30866213152	0.0
5.31156462585	0.0
5.31446712018	0.0
5.31736961451	0.0
5.32027210884	0.0
