0.0	0.0
0.00290249433107	0.0
0.00580498866213	0.0
0.0087074829932	0.0
0.0116099773243	0.0
0.0145124716553	0.0
0.0174149659864	0.0
0.0203174603175	0.0
0.0232199546485	0.0
0.0261224489796	0.0
0.0290249433107	0.0
0.0319274376417	0.0
0.0348299319728	0.0
0.0377324263039	0.0
0.0406349206349	0.0
0.043537414966	0.0
0.0464399092971	0.0
0.0493424036281	0.0
0.0522448979592	0.0
0.0551473922902	0.0
0.0580498866213	0.0
0.0609523809524	0.0
0.0638548752834	0.0
0.0667573696145	0.0
0.0696598639456	0.0
0.0725623582766	0.0
0.0754648526077	0.0
0.0783673469388	0.0
0.0812698412698	0.0
0.0841723356009	0.0
0.087074829932	0.0
0.089977324263	0.0
0.0928798185941	0.0
0.0957823129252	0.0
0.0986848072562	0.0
0.101587301587	0.0
0.104489795918	0.0
0.107392290249	0.0
0.11029478458	0.0
0.113197278912	0.0
0.116099773243	0.0
0.119002267574	0.0
0.121904761905	0.0
0.124807256236	0.0
0.127709750567	0.0
0.130612244898	0.0
0.133514739229	0.0
0.13641723356	0.0
0.139319727891	0.0
0.142222222222	0.0
0.145124716553	0.0
0.148027210884	0.0
0.150929705215	0.0
0.153832199546	0.0
0.156734693878	0.0
0.159637188209	0.0
0.16253968254	0.0
0.165442176871	0.0
0.168344671202	0.0
0.171247165533	0.0
0.174149659864	0.0
0.177052154195	0.0
0.179954648526	0.0
0.182857142857	0.0
0.185759637188	0.0
0.188662131519	0.0
0.19156462585	0.0
0.194467120181	347.216827393
0.197369614512	356.154571533
0.200272108844	356.978424072
0.203174603175	356.978424072
0.206077097506	357.184661865
0.208979591837	357.804168701
0.211882086168	358.631835938
0.214784580499	359.87689209
0.21768707483	360.917785645
0.220589569161	361.752624512
0.223492063492	361.752624512
0.226394557823	359.461395264
0.229297052154	356.566253662
0.232199546485	353.490203857
0.235102040816	350.440673828
0.238004535147	348.422271729
0.240907029478	347.216827393
0.24380952381	346.415496826
0.246712018141	345.815734863
0.249614512472	345.61605835
0.252517006803	345.815734863
0.255419501134	346.015533447
0.258321995465	346.615661621
0.261224489796	347.216827393
0.264126984127	348.019989014
0.267029478458	348.825012207
0.269931972789	349.430023193
0.27283446712	349.631896973
0.275736961451	349.631896973
0.278639455782	349.430023193
0.281541950113	349.026580811
0.284444444444	349.026580811
0.287346938776	349.026580811
0.290249433107	349.430023193
0.293151927438	350.03604126
0.296054421769	350.643157959
0.2989569161	350.845733643
0.301859410431	351.048461914
0.304761904762	350.440673828
0.307664399093	349.83392334
0.310566893424	349.026580811
0.313469387755	348.422271729
0.316371882086	348.019989014
0.319274376417	347.618164062
0.322176870748	347.819030762
0.325079365079	348.221069336
0.32798185941	348.825012207
0.330884353741	349.228240967
0.333786848073	349.83392334
0.336689342404	350.03604126
0.339591836735	350.03604126
0.342494331066	349.83392334
0.345396825397	349.228240967
0.348299319728	348.825012207
0.351201814059	348.623596191
0.35410430839	348.623596191
0.357006802721	348.825012207
0.359909297052	349.228240967
0.362811791383	350.03604126
0.365714285714	350.440673828
0.368616780045	350.845733643
0.371519274376	350.845733643
0.374421768707	350.440673828
0.377324263039	349.83392334
0.38022675737	349.228240967
0.383129251701	348.623596191
0.386031746032	348.019989014
0.388934240363	347.819030762
0.391836734694	347.819030762
0.394739229025	347.618164062
0.397641723356	347.618164062
0.400544217687	347.618164062
0.403446712018	347.618164062
0.406349206349	347.618164062
0.40925170068	347.819030762
0.412154195011	347.618164062
0.415056689342	347.819030762
0.417959183673	348.019989014
0.420861678005	348.221069336
0.423764172336	348.422271729
0.426666666667	348.623596191
0.429569160998	348.825012207
0.432471655329	348.825012207
0.43537414966	348.422271729
0.438276643991	348.019989014
0.441179138322	347.618164062
0.444081632653	347.417449951
0.446984126984	347.016326904
0.449886621315	347.016326904
0.452789115646	347.618164062
0.455691609977	348.422271729
0.458594104308	349.631896973
0.461496598639	349.83392334
0.464399092971	350.440673828
0.467301587302	350.643157959
0.470204081633	350.440673828
0.473106575964	350.440673828
0.476009070295	350.440673828
0.478911564626	350.03604126
0.481814058957	349.430023193
0.484716553288	349.228240967
0.487619047619	348.825012207
0.49052154195	348.623596191
0.493424036281	348.221069336
0.496326530612	348.019989014
0.499229024943	348.019989014
0.502131519274	348.019989014
0.505034013605	348.019989014
0.507936507937	348.019989014
0.510839002268	347.819030762
0.513741496599	347.819030762
0.51664399093	347.819030762
0.519546485261	347.618164062
0.522448979592	347.618164062
0.525351473923	347.618164062
0.528253968254	347.819030762
0.531156462585	348.019989014
0.534058956916	348.422271729
0.536961451247	348.825012207
0.539863945578	349.430023193
0.542766439909	349.83392334
0.54566893424	350.238311768
0.548571428571	350.238311768
0.551473922902	350.238311768
0.554376417234	350.238311768
0.557278911565	350.03604126
0.560181405896	349.631896973
0.563083900227	349.430023193
0.565986394558	349.228240967
0.568888888889	349.026580811
0.57179138322	349.026580811
0.574693877551	349.026580811
0.577596371882	348.825012207
0.580498866213	348.623596191
0.583401360544	348.422271729
0.586303854875	348.019989014
0.589206349206	348.019989014
0.592108843537	348.019989014
0.595011337868	348.221069336
0.5979138322	348.422271729
0.600816326531	348.825012207
0.603718820862	349.026580811
0.606621315193	349.430023193
0.609523809524	349.83392334
0.612426303855	350.03604126
0.615328798186	350.238311768
0.618231292517	350.440673828
0.621133786848	350.440673828
0.624036281179	350.440673828
0.62693877551	350.643157959
0.629841269841	350.643157959
0.632743764172	350.643157959
0.635646258503	350.440673828
0.638548752834	350.238311768
0.641451247166	349.83392334
0.644353741497	349.430023193
0.647256235828	348.825012207
0.650158730159	348.623596191
0.65306122449	348.221069336
0.655963718821	348.019989014
0.658866213152	347.819030762
0.661768707483	347.216827393
0.664671201814	350.238311768
0.667573696145	350.845733643
0.670476190476	350.845733643
0.673378684807	350.643157959
0.676281179138	312.748626709
0.679183673469	311.846679688
0.6820861678	311.126983643
0.684988662132	311.126983643
0.687891156463	311.306762695
0.690793650794	311.306762695
0.693696145125	311.126983643
0.696598639456	310.94732666
0.699501133787	310.76776123
0.702403628118	310.050567627
0.705306122449	309.513763428
0.70820861678	310.050567627
0.711111111111	310.76776123
0.714013605442	311.666595459
0.716916099773	312.20715332
0.719818594104	312.748626709
0.722721088435	313.110137939
0.725623582766	313.291046143
0.728526077098	313.291046143
0.731428571429	312.929321289
0.73433106576	312.568023682
0.737233560091	312.20715332
0.740136054422	312.20715332
0.743038548753	312.20715332
0.745941043084	312.026855469
0.748843537415	311.666595459
0.751746031746	311.486633301
0.754648526077	310.76776123
0.757551020408	310.408966064
0.760453514739	310.050567627
0.76335600907	310.050567627
0.766258503401	310.408966064
0.769160997732	311.126983643
0.772063492063	311.846679688
0.774965986395	312.387542725
0.777868480726	312.387542725
0.780770975057	312.026855469
0.783673469388	311.306762695
0.786575963719	311.126983643
0.78947845805	310.76776123
0.792380952381	310.76776123
0.795283446712	311.126983643
0.798185941043	311.486633301
0.801088435374	311.666595459
0.803990929705	311.486633301
0.806893424036	310.94732666
0.809795918367	310.588317871
0.812698412698	310.229705811
0.815600907029	310.050567627
0.818503401361	310.408966064
0.821405895692	310.94732666
0.824308390023	311.306762695
0.827210884354	311.846679688
0.830113378685	311.666595459
0.833015873016	311.306762695
0.835918367347	310.76776123
0.838820861678	310.408966064
0.841723356009	310.229705811
0.84462585034	310.408966064
0.847528344671	310.94732666
0.850430839002	311.666595459
0.853333333333	312.20715332
0.856235827664	312.568023682
0.859138321995	312.20715332
0.862040816327	311.486633301
0.864943310658	310.76776123
0.867845804989	310.408966064
0.87074829932	309.692596436
0.873650793651	310.94732666
0.876553287982	311.306762695
0.879455782313	311.666595459
0.882358276644	311.666595459
0.885260770975	311.126983643
0.888163265306	310.76776123
0.891065759637	310.229705811
0.893968253968	310.050567627
0.896870748299	312.026855469
0.89977324263	313.834411621
0.902675736961	315.105926514
0.905578231293	316.017303467
0.908480725624	315.287994385
0.911383219955	313.834411621
0.914285714286	309.335021973
0.917188208617	299.835296631
0.920090702948	297.592224121
0.922993197279	297.420379639
0.92589569161	298.10836792
0.928798185941	298.10836792
0.931700680272	297.592224121
0.934603174603	296.391387939
0.937505668934	294.174102783
0.940408163265	292.142089844
0.943310657596	290.291748047
0.946213151927	289.621795654
0.949115646259	289.621795654
0.95201814059	289.956573486
0.954920634921	290.963226318
0.957823129252	292.142089844
0.960725623583	293.325714111
0.963628117914	294.174102783
0.966530612245	294.854553223
0.969433106576	295.195404053
0.972335600907	295.195404053
0.975238095238	294.854553223
0.978140589569	294.174102783
0.9810430839	293.664764404
0.983945578231	292.987030029
0.986848072562	292.479766846
0.989750566893	292.479766846
0.992653061224	292.479766846
0.995555555556	292.817840576
0.998458049887	293.156341553
1.00136054422	293.495178223
1.00426303855	293.495178223
1.00716553288	293.325714111
1.01006802721	292.987030029
1.01297052154	292.648773193
1.01587301587	292.142089844
1.0187755102	291.804779053
1.02167800454	291.636291504
1.02458049887	291.973388672
1.0274829932	292.479766846
1.03038548753	293.325714111
1.03328798186	294.344055176
1.03619047619	295.024932861
1.03909297052	295.878234863
1.04199546485	296.049194336
1.04489795918	296.049194336
1.04780045351	295.536621094
1.05070294785	294.684295654
1.05360544218	293.495178223
1.05650793651	292.479766846
1.05941043084	291.636291504
1.06231292517	291.131347656
1.0652154195	291.131347656
1.06811791383	291.299560547
1.07102040816	291.636291504
1.07392290249	292.479766846
1.07682539683	292.987030029
1.07972789116	293.664764404
1.08263038549	294.344055176
1.08553287982	294.684295654
1.08843537415	294.854553223
1.09133786848	294.854553223
1.09424036281	294.854553223
1.09714285714	294.684295654
1.10004535147	294.514129639
1.1029478458	294.004211426
1.10585034014	293.664764404
1.10875283447	292.987030029
1.1116553288	292.648773193
1.11455782313	292.142089844
1.11746031746	291.973388672
1.12036281179	291.973388672
1.12326530612	292.479766846
1.12616780045	292.987030029
1.12907029478	293.664764404
1.13197278912	294.344055176
1.13487528345	294.854553223
1.13777777778	295.365936279
1.14068027211	295.536621094
1.14358276644	295.195404053
1.14648526077	294.854553223
1.1493877551	294.174102783
1.15229024943	293.495178223
1.15519274376	292.817840576
1.1580952381	292.310882568
1.16099773243	292.142089844
1.16390022676	292.142089844
1.16680272109	292.479766846
1.16970521542	292.817840576
1.17260770975	292.987030029
1.17551020408	293.156341553
1.17841269841	293.325714111
1.18131519274	293.156341553
1.18421768707	292.817840576
1.18712018141	293.156341553
1.19002267574	293.495178223
1.19292517007	294.684295654
1.1958276644	296.220245361
1.19873015873	297.936218262
1.20163265306	298.452941895
1.20453514739	299.835296631
1.20743764172	298.452941895
1.21034013605	290.795227051
1.21324263039	287.123260498
1.21614512472	284.646270752
1.21904761905	283.006835938
1.22195011338	282.190643311
1.22485260771	282.843414307
1.22775510204	286.460632324
1.23065759637	294.174102783
1.2335600907	296.733978271
1.23646258503	297.936218262
1.23936507937	298.797943115
1.2422675737	298.452941895
1.24517006803	296.391387939
1.24807256236	288.619781494
1.25097505669	286.129882812
1.25387755102	284.81072998
1.25678004535	283.989349365
1.25968253968	283.170349121
1.26258503401	282.190643311
1.26548752834	280.72744751
1.26839002268	278.144927979
1.27129251701	277.663360596
1.27419501134	277.50302124
1.27709750567	277.50302124
1.28	277.342773438
1.28290249433	277.50302124
1.28580498866	277.984313965
1.28870748299	278.627349854
1.29160997732	278.788330078
1.29451247166	278.627349854
1.29741496599	278.788330078
1.30031746032	278.788330078
1.30321995465	277.50302124
1.30612244898	277.663360596
1.30902494331	277.663360596
1.31192743764	277.50302124
1.31482993197	277.342773438
1.3177324263	277.342773438
1.32063492063	279.433227539
1.32353741497	279.271850586
1.3264399093	278.788330078
1.32934240363	278.144927979
1.33224489796	277.342773438
1.33514739229	276.383239746
1.33804988662	275.586181641
1.34095238095	275.586181641
1.34385487528	275.904724121
1.34675736961	276.064147949
1.34965986395	276.22366333
1.35256235828	276.542938232
1.35546485261	277.022583008
1.35836734694	277.022583008
1.36126984127	277.022583008
1.3641723356	277.022583008
1.36707482993	277.022583008
1.36997732426	277.022583008
1.37287981859	277.182617188
1.37578231293	276.542938232
1.37868480726	276.064147949
1.38158730159	276.064147949
1.38448979592	276.064147949
1.38739229025	276.22366333
1.39029478458	276.383239746
1.39319727891	276.22366333
1.39609977324	276.064147949
1.39900226757	275.586181641
1.4019047619	275.427032471
1.40480725624	275.745422363
1.40770975057	276.383239746
1.4106122449	277.182617188
1.41351473923	277.984313965
1.41641723356	278.305633545
1.41931972789	278.305633545
1.42222222222	277.823791504
1.42512471655	277.50302124
1.42802721088	277.182617188
1.43092970522	276.862609863
1.43383219955	276.862609863
1.43673469388	276.702728271
1.43963718821	277.022583008
1.44253968254	277.022583008
1.44544217687	277.022583008
1.4483446712	277.182617188
1.45124716553	277.342773438
1.45414965986	277.342773438
1.4570521542	277.342773438
1.45995464853	277.342773438
1.46285714286	277.342773438
1.46575963719	277.823791504
1.46866213152	279.110595703
1.47156462585	278.949401855
1.47446712018	278.305633545
1.47736961451	277.663360596
1.48027210884	277.022583008
1.48317460317	276.702728271
1.48607709751	276.702728271
1.48897959184	276.702728271
1.49188208617	276.542938232
1.4947845805	276.542938232
1.49768707483	277.022583008
1.50058956916	277.823791504
1.50349206349	278.788330078
1.50639455782	279.91784668
1.50929705215	280.889648438
1.51219954649	281.702087402
1.51510204082	282.190643311
1.51800453515	280.889648438
1.52090702948	283.006835938
1.52380952381	292.479766846
1.52671201814	293.325714111
1.52961451247	293.664764404
1.5325170068	292.987030029
1.53541950113	279.91784668
1.53832199546	283.661468506
1.5412244898	284.481903076
1.54412698413	284.153442383
1.54702947846	283.333953857
1.54993197279	283.006835938
1.55283446712	283.497680664
1.55573696145	285.634490967
1.55863945578	287.621246338
1.56154195011	290.459472656
1.56444444444	292.142089844
1.56734693878	292.817840576
1.57024943311	292.479766846
1.57315192744	291.299560547
1.57605442177	289.789123535
1.5789569161	288.619781494
1.58185941043	288.12008667
1.58476190476	288.12008667
1.58766439909	289.454559326
1.59056689342	290.795227051
1.59346938776	292.142089844
1.59637188209	293.156341553
1.59927437642	294.004211426
1.60217687075	294.514129639
1.60507936508	294.684295654
1.60798185941	294.344055176
1.61088435374	293.834442139
1.61378684807	293.325714111
1.6166893424	292.817840576
1.61959183673	292.479766846
1.62249433107	292.310882568
1.6253968254	292.142089844
1.62829931973	291.973388672
1.63120181406	291.973388672
1.63410430839	292.142089844
1.63700680272	292.310882568
1.63990929705	292.310882568
1.64281179138	292.310882568
1.64571428571	292.310882568
1.64861678005	292.142089844
1.65151927438	292.142089844
1.65442176871	292.310882568
1.65732426304	292.479766846
1.66022675737	292.648773193
1.6631292517	292.987030029
1.66603174603	293.325714111
1.66893424036	293.834442139
1.67183673469	294.174102783
1.67473922902	294.514129639
1.67764172336	294.514129639
1.68054421769	294.514129639
1.68344671202	294.344055176
1.68634920635	294.174102783
1.68925170068	293.664764404
1.69215419501	293.156341553
1.69505668934	292.817840576
1.69795918367	292.479766846
1.700861678	292.310882568
1.70376417234	292.142089844
1.70666666667	292.310882568
1.709569161	292.479766846
1.71247165533	292.648773193
1.71537414966	292.817840576
1.71827664399	292.817840576
1.72117913832	292.987030029
1.72408163265	292.987030029
1.72698412698	293.156341553
1.72988662132	293.325714111
1.73278911565	293.325714111
1.73569160998	293.495178223
1.73859410431	293.664764404
1.74149659864	293.834442139
1.74439909297	293.834442139
1.7473015873	294.004211426
1.75020408163	293.834442139
1.75310657596	293.834442139
1.75600907029	293.664764404
1.75891156463	293.495178223
1.76181405896	293.495178223
1.76471655329	293.156341553
1.76761904762	293.156341553
1.77052154195	293.156341553
1.77342403628	293.156341553
1.77632653061	293.156341553
1.77922902494	293.325714111
1.78213151927	293.495178223
1.78503401361	293.834442139
1.78793650794	294.004211426
1.79083900227	294.174102783
1.7937414966	294.344055176
1.79664399093	294.344055176
1.79954648526	294.344055176
1.80244897959	294.174102783
1.80535147392	293.834442139
1.80825396825	293.834442139
1.81115646259	293.664764404
1.81405895692	293.495178223
1.81696145125	293.325714111
1.81986394558	293.156341553
1.82276643991	293.156341553
1.82566893424	292.987030029
1.82857142857	292.817840576
1.8314739229	292.817840576
1.83437641723	292.817840576
1.83727891156	292.987030029
1.8401814059	293.156341553
1.84308390023	293.156341553
1.84598639456	292.987030029
1.84888888889	292.987030029
1.85179138322	292.648773193
1.85469387755	292.142089844
1.85759637188	291.804779053
1.86049886621	291.46786499
1.86340136054	292.310882568
1.86630385488	293.834442139
1.86920634921	295.707366943
1.87210884354	297.420379639
1.87501133787	299.143310547
1.8779138322	300.876251221
1.88081632653	299.835296631
1.88371882086	297.936218262
1.88662131519	296.220245361
1.88952380952	293.834442139
1.89242630385	290.963226318
1.89532879819	287.45513916
1.89823129252	284.81072998
1.90113378685	283.825378418
1.90403628118	284.646270752
1.90693877551	286.791748047
1.90984126984	289.956573486
1.91274376417	294.004211426
1.9156462585	300.355316162
1.91854875283	303.845275879
1.92145124717	304.724090576
1.9243537415	304.900146484
1.92725623583	304.548126221
1.93015873016	304.724090576
1.93306122449	304.900146484
1.93596371882	305.252593994
1.93886621315	305.958679199
1.94176870748	306.843597412
1.94467120181	308.086791992
1.94757369615	309.692596436
1.95047619048	311.846679688
1.95337868481	313.472045898
1.95628117914	314.56036377
1.95918367347	315.105926514
1.9620861678	315.287994385
1.96498866213	314.56036377
1.96789115646	313.110137939
1.97079365079	311.486633301
1.97369614512	310.050567627
1.97659863946	308.799438477
1.97950113379	308.264801025
1.98240362812	307.731079102
1.98530612245	307.375793457
1.98820861678	307.198303223
1.99111111111	307.198303223
1.99401360544	307.198303223
1.99691609977	307.553375244
1.9998185941	308.442932129
2.00272108844	309.871520996
2.00562358277	311.486633301
2.0085260771	313.110137939
2.01142857143	314.01574707
2.01433106576	314.378723145
2.01723356009	314.378723145
2.02013605442	313.834411621
2.02303854875	312.387542725
2.02594104308	310.94732666
2.02884353741	309.335021973
2.03174603175	308.442932129
2.03464852608	307.908905029
2.03755102041	307.731079102
2.04045351474	307.908905029
2.04335600907	308.264801025
2.0462585034	308.442932129
2.04916099773	308.799438477
2.05206349206	309.156402588
2.05496598639	309.513763428
2.05786848073	310.229705811
2.06077097506	310.94732666
2.06367346939	311.486633301
2.06657596372	312.20715332
2.06947845805	312.748626709
2.07238095238	312.748626709
2.07528344671	312.568023682
2.07818594104	311.846679688
2.08108843537	310.94732666
2.08399092971	310.050567627
2.08689342404	309.513763428
2.08979591837	309.156402588
2.0926984127	308.977874756
2.09560090703	309.156402588
2.09850340136	309.156402588
2.10140589569	309.692596436
2.10430839002	310.229705811
2.10721088435	310.76776123
2.11011337868	311.306762695
2.11301587302	311.846679688
2.11591836735	312.20715332
2.11882086168	312.387542725
2.12172335601	312.568023682
2.12462585034	312.387542725
2.12752834467	312.20715332
2.130430839	311.846679688
2.13333333333	311.486633301
2.13623582766	311.126983643
2.139138322	310.76776123
2.14204081633	310.229705811
2.14494331066	310.050567627
2.14784580499	310.050567627
2.15074829932	310.229705811
2.15365079365	310.588317871
2.15655328798	310.94732666
2.15945578231	311.306762695
2.16235827664	311.486633301
2.16526077098	311.486633301
2.16816326531	311.486633301
2.17106575964	311.486633301
2.17396825397	311.486633301
2.1768707483	311.306762695
2.17977324263	311.486633301
2.18267573696	311.486633301
2.18557823129	311.486633301
2.18848072562	311.306762695
2.19138321995	310.94732666
2.19428571429	310.76776123
2.19718820862	310.408966064
2.20009070295	310.050567627
2.20299319728	309.871520996
2.20589569161	310.050567627
2.20879818594	310.229705811
2.21170068027	310.588317871
2.2146031746	311.126983643
2.21750566893	311.486633301
2.22040816327	311.666595459
2.2233106576	312.026855469
2.22621315193	312.026855469
2.22911564626	312.20715332
2.23201814059	312.026855469
2.23492063492	312.026855469
2.23782312925	311.846679688
2.24072562358	311.666595459
2.24362811791	311.486633301
2.24653061224	310.94732666
2.24943310658	310.588317871
2.25233560091	310.229705811
2.25523809524	309.871520996
2.25814058957	309.871520996
2.2610430839	309.871520996
2.26394557823	310.050567627
2.26684807256	310.408966064
2.26975056689	310.76776123
2.27265306122	311.126983643
2.27555555556	311.486633301
2.27845804989	311.666595459
2.28136054422	311.846679688
2.28426303855	312.026855469
2.28716553288	312.026855469
2.29006802721	312.20715332
2.29297052154	312.20715332
2.29587301587	312.20715332
2.2987755102	312.387542725
2.30167800454	312.387542725
2.30458049887	312.20715332
2.3074829932	312.20715332
2.31038548753	312.026855469
2.31328798186	311.846679688
2.31619047619	312.026855469
2.31909297052	312.026855469
2.32199546485	312.026855469
2.32489795918	312.026855469
2.32780045351	312.026855469
2.33070294785	311.846679688
2.33360544218	312.026855469
2.33650793651	312.387542725
2.33941043084	312.568023682
2.34231292517	313.291046143
2.3452154195	313.834411621
2.34811791383	314.378723145
2.35102040816	314.01574707
2.35392290249	313.472045898
2.35682539683	313.110137939
2.35972789116	0.0
2.36263038549	0.0
2.36553287982	0.0
2.36843537415	0.0
2.37133786848	0.0
2.37424036281	0.0
2.37714285714	359.461395264
2.38004535147	355.53793335
2.3829478458	351.251281738
2.38585034014	347.618164062
2.38875283447	346.015533447
2.3916553288	346.015533447
2.39455782313	346.215484619
2.39746031746	346.615661621
2.40036281179	347.016326904
2.40326530612	346.615661621
2.40616780045	346.015533447
2.40907029478	345.416473389
2.41197278912	345.416473389
2.41487528345	346.215484619
2.41777777778	348.019989014
2.42068027211	349.430023193
2.42358276644	350.03604126
2.42648526077	350.03604126
2.4293877551	349.631896973
2.43229024943	348.825012207
2.43519274376	347.819030762
2.4380952381	347.016326904
2.44099773243	347.819030762
2.44390022676	350.440673828
2.44680272109	352.267211914
2.44970521542	352.878173828
2.45260770975	352.878173828
2.45551020408	351.657318115
2.45841269841	349.631896973
2.46131519274	345.815734863
2.46421768707	342.436584473
2.46712018141	341.843719482
2.47002267574	342.436584473
2.47292517007	344.420288086
2.4758276644	347.016326904
2.47873015873	349.026580811
2.48163265306	350.238311768
2.48453514739	350.845733643
2.48743764172	350.845733643
2.49034013605	350.238311768
2.49324263039	349.026580811
2.49614512472	347.819030762
2.49904761905	347.417449951
2.50195011338	347.819030762
2.50485260771	348.825012207
2.50775510204	349.83392334
2.51065759637	350.643157959
2.5135600907	351.048461914
2.51646258503	350.845733643
2.51936507937	350.643157959
2.5222675737	349.631896973
2.52517006803	349.026580811
2.52807256236	348.623596191
2.53097505669	348.422271729
2.53387755102	348.623596191
2.53678004535	348.825012207
2.53968253968	348.825012207
2.54258503401	348.422271729
2.54548752834	348.019989014
2.54839002268	347.216827393
2.55129251701	346.415496826
2.55419501134	345.61605835
2.55709750567	345.217010498
2.56	345.416473389
2.56290249433	346.015533447
2.56580498866	346.615661621
2.56870748299	347.618164062
2.57160997732	348.221069336
2.57451247166	348.422271729
2.57741496599	348.623596191
2.58031746032	348.221069336
2.58321995465	347.618164062
2.58612244898	347.016326904
2.58902494331	346.415496826
2.59192743764	346.415496826
2.59482993197	346.615661621
2.5977324263	347.016326904
2.60063492063	347.618164062
2.60353741497	348.422271729
2.6064399093	348.825012207
2.60934240363	349.228240967
2.61224489796	349.631896973
2.61514739229	350.238311768
2.61804988662	350.845733643
2.62095238095	351.251281738
2.62385487528	351.251281738
2.62675736961	351.251281738
2.62965986395	351.048461914
2.63256235828	350.440673828
2.63546485261	349.430023193
2.63836734694	348.422271729
2.64126984127	348.019989014
2.6441723356	348.221069336
2.64707482993	348.825012207
2.64997732426	349.026580811
2.65287981859	349.026580811
2.65578231293	348.825012207
2.65868480726	348.422271729
2.66158730159	348.019989014
2.66448979592	347.618164062
2.66739229025	347.417449951
2.67029478458	347.618164062
2.67319727891	347.819030762
2.67609977324	348.221069336
2.67900226757	348.623596191
2.6819047619	348.825012207
2.68480725624	349.026580811
2.68770975057	349.026580811
2.6906122449	349.026580811
2.69351473923	349.430023193
2.69641723356	349.430023193
2.69931972789	349.631896973
2.70222222222	349.83392334
2.70512471655	349.83392334
2.70802721088	349.430023193
2.71092970522	349.228240967
2.71383219955	349.228240967
2.71673469388	349.026580811
2.71963718821	348.825012207
2.72253968254	348.825012207
2.72544217687	348.825012207
2.7283446712	348.623596191
2.73124716553	348.422271729
2.73414965986	348.221069336
2.7370521542	348.019989014
2.73995464853	348.019989014
2.74285714286	347.819030762
2.74575963719	348.221069336
2.74866213152	348.623596191
2.75156462585	349.026580811
2.75446712018	349.228240967
2.75736961451	349.430023193
2.76027210884	349.631896973
2.76317460317	349.631896973
2.76607709751	349.83392334
2.76897959184	350.03604126
2.77188208617	350.440673828
2.7747845805	350.845733643
2.77768707483	350.845733643
2.78058956916	350.845733643
2.78349206349	350.643157959
2.78639455782	350.238311768
2.78929705215	349.631896973
2.79219954649	349.026580811
2.79510204082	348.422271729
2.79800453515	348.422271729
2.80090702948	0.0
2.80380952381	0.0
2.80671201814	0.0
2.80961451247	0.0
2.8125170068	0.0
2.81541950113	0.0
2.81832199546	0.0
2.8212244898	0.0
2.82412698413	0.0
2.82702947846	0.0
2.82993197279	0.0
2.83283446712	0.0
2.83573696145	0.0
2.83863945578	0.0
2.84154195011	0.0
2.84444444444	0.0
2.84734693878	0.0
2.85024943311	0.0
2.85315192744	0.0
2.85605442177	0.0
2.8589569161	0.0
2.86185941043	0.0
2.86476190476	0.0
2.86766439909	0.0
2.87056689342	0.0
2.87346938776	0.0
2.87637188209	0.0
2.87927437642	0.0
2.88217687075	0.0
2.88507936508	0.0
2.88798185941	0.0
2.89088435374	0.0
2.89378684807	0.0
2.8966893424	0.0
2.89959183673	0.0
2.90249433107	0.0
2.9053968254	0.0
2.90829931973	0.0
2.91120181406	0.0
2.91410430839	0.0
2.91700680272	0.0
2.91990929705	0.0
2.92281179138	0.0
2.92571428571	0.0
2.92861678005	0.0
2.93151927438	0.0
2.93442176871	0.0
2.93732426304	0.0
2.94022675737	0.0
2.9431292517	0.0
2.94603174603	0.0
2.94893424036	0.0
2.95183673469	0.0
2.95473922902	0.0
2.95764172336	0.0
2.96054421769	0.0
2.96344671202	0.0
2.96634920635	0.0
2.96925170068	0.0
2.97215419501	0.0
2.97505668934	0.0
2.97795918367	0.0
2.980861678	0.0
2.98376417234	0.0
2.98666666667	0.0
2.989569161	0.0
2.99247165533	0.0
2.99537414966	0.0
2.99827664399	0.0
3.00117913832	0.0
3.00408163265	0.0
3.00698412698	378.205474854
3.00988662132	380.396392822
3.01278911565	381.717010498
3.01569160998	382.821044922
3.01859410431	383.485015869
3.02149659864	383.485015869
3.02439909297	382.821044922
3.0273015873	383.263580322
3.03020408163	391.769073486
3.03310657596	394.038574219
3.03600907029	392.902191162
3.03891156463	392.448547363
3.04181405896	390.639221191
3.04471655329	391.090789795
3.04761904762	389.512664795
3.05052154195	390.864929199
3.05342403628	391.316741943
3.05632653061	390.639221191
3.05922902494	389.512664795
3.06213151927	388.838256836
3.06503401361	389.737701416
3.06793650794	390.413665771
3.07083900227	390.413665771
3.0737414966	390.188201904
3.07664399093	390.639221191
3.07954648526	391.316741943
3.08244897959	391.995422363
3.08535147392	391.995422363
3.08825396825	391.769073486
3.09115646259	391.316741943
3.09405895692	390.864929199
3.09696145125	390.864929199
3.09986394558	391.090789795
3.10276643991	391.090789795
3.10566893424	390.864929199
3.10857142857	390.639221191
3.1114739229	390.188201904
3.11437641723	390.413665771
3.11727891156	390.188201904
3.1201814059	390.413665771
3.12308390023	390.639221191
3.12598639456	390.864929199
3.12888888889	390.864929199
3.13179138322	390.639221191
3.13469387755	390.639221191
3.13759637188	390.413665771
3.14049886621	390.413665771
3.14340136054	391.090789795
3.14630385488	391.769073486
3.14920634921	392.221923828
3.15210884354	392.675292969
3.15501133787	393.129211426
3.1579138322	393.35635376
3.16081632653	393.811035156
3.16371882086	394.266235352
3.16662131519	394.494049072
3.16952380952	394.950042725
3.17242630385	394.950042725
3.17532879819	394.950042725
3.17823129252	394.721984863
3.18113378685	394.266235352
3.18403628118	393.35635376
3.18693877551	392.675292969
3.18984126984	391.995422363
3.19274376417	391.316741943
3.1956462585	390.864929199
3.19854875283	390.413665771
3.20145124717	389.962890625
3.2043537415	389.737701416
3.20725623583	389.737701416
3.21015873016	389.962890625
3.21306122449	390.413665771
3.21596371882	390.639221191
3.21886621315	390.639221191
3.22176870748	390.864929199
3.22467120181	390.864929199
3.22757369615	390.864929199
3.23047619048	391.090789795
3.23337868481	391.316741943
3.23628117914	391.769073486
3.23918367347	391.769073486
3.2420861678	391.995422363
3.24498866213	391.995422363
3.24789115646	391.769073486
3.25079365079	391.769073486
3.25369614512	391.769073486
3.25659863946	391.54284668
3.25950113379	391.54284668
3.26240362812	391.316741943
3.26530612245	391.316741943
3.26820861678	391.54284668
3.27111111111	391.54284668
3.27401360544	391.54284668
3.27691609977	391.769073486
3.2798185941	391.995422363
3.28272108844	392.221923828
3.28562358277	392.448547363
3.2885260771	392.221923828
3.29142857143	392.221923828
3.29433106576	391.995422363
3.29723356009	391.995422363
3.30013605442	391.995422363
3.30303854875	392.221923828
3.30594104308	392.448547363
3.30884353741	392.448547363
3.31174603175	392.448547363
3.31464852608	392.448547363
3.31755102041	392.221923828
3.32045351474	392.448547363
3.32335600907	392.221923828
3.3262585034	392.448547363
3.32916099773	392.448547363
3.33206349206	392.221923828
3.33496598639	391.995422363
3.33786848073	391.769073486
3.34077097506	391.316741943
3.34367346939	391.090789795
3.34657596372	390.639221191
3.34947845805	390.639221191
3.35238095238	390.864929199
3.35528344671	390.864929199
3.35818594104	390.864929199
3.36108843537	390.864929199
3.36399092971	391.090789795
3.36689342404	391.090789795
3.36979591837	391.316741943
3.3726984127	391.54284668
3.37560090703	391.316741943
3.37850340136	391.316741943
3.38140589569	391.090789795
3.38430839002	390.864929199
3.38721088435	390.864929199
3.39011337868	391.090789795
3.39301587302	391.316741943
3.39591836735	391.54284668
3.39882086168	391.54284668
3.40172335601	391.769073486
3.40462585034	391.54284668
3.40752834467	391.54284668
3.410430839	391.316741943
3.41333333333	391.316741943
3.41623582766	391.316741943
3.419138322	391.316741943
3.42204081633	391.316741943
3.42494331066	391.316741943
3.42784580499	391.090789795
3.43074829932	390.864929199
3.43365079365	390.413665771
3.43655328798	389.737701416
3.43945578231	389.287719727
3.44235827664	388.613739014
3.44526077098	388.165039062
3.44816326531	387.492980957
3.45106575964	386.598724365
3.45396825397	386.152374268
3.4568707483	385.929382324
3.45977324263	387.716888428
3.46267573696	358.21774292
3.46557823129	356.154571533
3.46848072562	355.332641602
3.47138321995	355.743377686
3.47428571429	357.184661865
3.47718820862	360.501068115
3.48009070295	368.927368164
3.48299319728	368.927368164
3.48589569161	365.955993652
3.48879818594	361.334960938
3.49170068027	355.53793335
3.4946031746	351.251281738
3.49750566893	348.623596191
3.50040816327	347.417449951
3.5033106576	346.615661621
3.50621315193	346.415496826
3.50911564626	346.415496826
3.51201814059	346.015533447
3.51492063492	345.61605835
3.51782312925	345.61605835
3.52072562358	345.815734863
3.52362811791	346.615661621
3.52653061224	347.819030762
3.52943310658	349.026580811
3.53233560091	349.83392334
3.53523809524	350.238311768
3.53814058957	350.238311768
3.5410430839	349.631896973
3.54394557823	349.430023193
3.54684807256	349.228240967
3.54975056689	349.631896973
3.55265306122	350.238311768
3.55555555556	351.45425415
3.55845804989	352.063781738
3.56136054422	352.063781738
3.56426303855	350.845733643
3.56716553288	349.83392334
3.57006802721	348.623596191
3.57297052154	347.819030762
3.57587301587	347.417449951
3.5787755102	347.216827393
3.58167800454	347.216827393
3.58458049887	347.819030762
3.5874829932	348.221069336
3.59038548753	348.623596191
3.59328798186	349.026580811
3.59619047619	349.430023193
3.59909297052	349.83392334
3.60199546485	350.03604126
3.60489795918	349.631896973
3.60780045351	349.026580811
3.61070294785	348.623596191
3.61360544218	348.623596191
3.61650793651	348.623596191
3.61941043084	349.228240967
3.62231292517	349.83392334
3.6252154195	350.440673828
3.62811791383	350.845733643
3.63102040816	350.845733643
3.63392290249	350.440673828
3.63682539683	349.83392334
3.63972789116	349.026580811
3.64263038549	348.422271729
3.64553287982	348.019989014
3.64843537415	347.618164062
3.65133786848	347.618164062
3.65424036281	347.618164062
3.65714285714	347.618164062
3.66004535147	347.618164062
3.6629478458	347.819030762
3.66585034014	347.618164062
3.66875283447	347.417449951
3.6716553288	347.216827393
3.67455782313	347.216827393
3.67746031746	347.417449951
3.68036281179	347.618164062
3.68326530612	348.019989014
3.68616780045	348.221069336
3.68907029478	348.422271729
3.69197278912	348.221069336
3.69487528345	348.019989014
3.69777777778	347.618164062
3.70068027211	347.216827393
3.70358276644	346.815948486
3.70648526077	346.615661621
3.7093877551	346.615661621
3.71229024943	346.815948486
3.71519274376	347.618164062
3.7180952381	348.825012207
3.72099773243	350.03604126
3.72390022676	350.643157959
3.72680272109	350.845733643
3.72970521542	350.845733643
3.73260770975	351.048461914
3.73551020408	351.048461914
3.73841269841	350.643157959
3.74131519274	350.03604126
3.74421768707	349.430023193
3.74712018141	349.228240967
3.75002267574	348.825012207
3.75292517007	348.422271729
3.7558276644	348.422271729
3.75873015873	348.221069336
3.76163265306	348.221069336
3.76453514739	348.019989014
3.76743764172	347.819030762
3.77034013605	347.819030762
3.77324263039	347.819030762
3.77614512472	347.819030762
3.77904761905	347.819030762
3.78195011338	347.618164062
3.78485260771	347.618164062
3.78775510204	347.819030762
3.79065759637	347.819030762
3.7935600907	348.221069336
3.79646258503	348.422271729
3.79936507937	349.026580811
3.8022675737	349.430023193
3.80517006803	349.83392334
3.80807256236	349.83392334
3.81097505669	349.83392334
3.81387755102	349.83392334
3.81678004535	349.83392334
3.81968253968	349.631896973
3.82258503401	349.430023193
3.82548752834	349.430023193
3.82839002268	349.228240967
3.83129251701	349.026580811
3.83419501134	348.825012207
3.83709750567	348.623596191
3.84	348.422271729
3.84290249433	348.221069336
3.84580498866	348.019989014
3.84870748299	348.019989014
3.85160997732	348.019989014
3.85451247166	348.221069336
3.85741496599	348.422271729
3.86031746032	348.623596191
3.86321995465	349.026580811
3.86612244898	349.430023193
3.86902494331	349.83392334
3.87192743764	350.03604126
3.87482993197	350.238311768
3.8777324263	350.238311768
3.88063492063	350.238311768
3.88353741497	350.238311768
3.8864399093	350.238311768
3.88934240363	350.238311768
3.89224489796	350.440673828
3.89514739229	350.440673828
3.89804988662	350.03604126
3.90095238095	349.631896973
3.90385487528	349.228240967
3.90675736961	349.026580811
3.90965986395	349.026580811
3.91256235828	349.026580811
3.91546485261	349.228240967
3.91836734694	349.631896973
3.92126984127	350.440673828
3.9241723356	351.251281738
3.92707482993	351.86050415
3.92997732426	352.470733643
3.93287981859	347.819030762
3.93578231293	346.815948486
3.93868480726	346.615661621
3.94158730159	346.615661621
3.94448979592	347.618164062
3.94739229025	389.287719727
3.95029478458	387.716888428
3.95319727891	385.929382324
3.95609977324	385.038726807
3.95900226757	385.483795166
3.9619047619	388.389312744
3.96480725624	390.413665771
3.96770975057	390.413665771
3.9706122449	389.512664795
3.97351473923	389.512664795
3.97641723356	388.613739014
3.97931972789	388.165039062
3.98222222222	387.940887451
3.98512471655	387.045593262
3.98802721088	388.165039062
3.99092970522	392.675292969
3.99383219955	392.675292969
3.99673469388	391.090789795
3.99963718821	389.737701416
4.00253968254	390.188201904
4.00544217687	390.639221191
4.0083446712	390.639221191
4.01124716553	390.639221191
4.01414965986	390.413665771
4.0170521542	389.962890625
4.01995464853	390.188201904
4.02285714286	391.090789795
4.02575963719	391.54284668
4.02866213152	391.769073486
4.03156462585	391.769073486
4.03446712018	391.54284668
4.03736961451	390.864929199
4.04027210884	389.962890625
4.04317460317	389.287719727
4.04607709751	389.512664795
4.04897959184	390.413665771
4.05188208617	391.090789795
4.0547845805	391.769073486
4.05768707483	391.769073486
4.06058956916	391.54284668
4.06349206349	391.090789795
4.06639455782	390.639221191
4.06929705215	390.413665771
4.07219954649	391.090789795
4.07510204082	391.316741943
4.07800453515	391.54284668
4.08090702948	391.995422363
4.08380952381	391.995422363
4.08671201814	392.448547363
4.08961451247	392.902191162
4.0925170068	393.35635376
4.09541950113	393.811035156
4.09832199546	394.266235352
4.1012244898	394.721984863
4.10412698413	395.406585693
4.10702947846	395.635040283
4.10993197279	395.406585693
4.11283446712	395.406585693
4.11573696145	395.406585693
4.11863945578	394.721984863
4.12154195011	393.129211426
4.12444444444	389.062927246
4.12734693878	0.0
4.13024943311	0.0
4.13315192744	0.0
4.13605442177	0.0
4.1389569161	0.0
4.14185941043	0.0
4.14476190476	0.0
4.14766439909	345.416473389
4.15056689342	346.215484619
4.15346938776	347.016326904
4.15637188209	347.417449951
4.15927437642	346.615661621
4.16217687075	346.015533447
4.16507936508	345.815734863
4.16798185941	346.215484619
4.17088435374	347.417449951
4.17378684807	349.430023193
4.1766893424	351.86050415
4.17959183673	353.286071777
4.18249433107	351.251281738
4.1853968254	349.631896973
4.18829931973	348.825012207
4.19120181406	348.623596191
4.19410430839	349.228240967
4.19700680272	350.643157959
4.19990929705	353.898803711
4.20281179138	355.948913574
4.20571428571	354.512573242
4.20861678005	352.063781738
4.21151927438	349.83392334
4.21442176871	348.623596191
4.21732426304	347.618164062
4.22022675737	347.216827393
4.2231292517	347.417449951
4.22603174603	348.019989014
4.22893424036	348.422271729
4.23183673469	348.623596191
4.23473922902	348.825012207
4.23764172336	349.026580811
4.24054421769	349.228240967
4.24344671202	349.430023193
4.24634920635	349.631896973
4.24925170068	348.825012207
4.25215419501	348.019989014
4.25505668934	347.417449951
4.25795918367	347.618164062
4.260861678	348.019989014
4.26376417234	348.825012207
4.26666666667	350.238311768
4.269569161	352.674407959
4.27247165533	353.69442749
4.27537414966	351.657318115
4.27827664399	349.631896973
4.28117913832	348.825012207
4.28408163265	348.221069336
4.28698412698	348.019989014
4.28988662132	348.422271729
4.29278911565	349.228240967
4.29569160998	349.631896973
4.29859410431	348.825012207
4.30149659864	347.819030762
4.30439909297	347.417449951
4.3073015873	347.016326904
4.31020408163	347.016326904
4.31310657596	347.016326904
4.31600907029	347.417449951
4.31891156463	347.618164062
4.32181405896	347.618164062
4.32471655329	347.417449951
4.32761904762	347.417449951
4.33052154195	347.618164062
4.33342403628	347.618164062
4.33632653061	347.819030762
4.33922902494	347.618164062
4.34213151927	347.417449951
4.34503401361	347.016326904
4.34793650794	346.615661621
4.35083900227	346.415496826
4.3537414966	346.415496826
4.35664399093	347.016326904
4.35954648526	348.019989014
4.36244897959	349.228240967
4.36535147392	349.83392334
4.36825396825	350.238311768
4.37115646259	350.643157959
4.37405895692	350.845733643
4.37696145125	351.048461914
4.37986394558	351.251281738
4.38276643991	351.251281738
4.38566893424	350.643157959
4.38857142857	350.03604126
4.3914739229	349.430023193
4.39437641723	349.026580811
4.39727891156	349.026580811
4.4001814059	349.026580811
4.40308390023	348.623596191
4.40598639456	348.422271729
4.40888888889	348.221069336
4.41179138322	348.019989014
4.41469387755	348.019989014
4.41759637188	348.019989014
4.42049886621	347.819030762
4.42340136054	347.417449951
4.42630385488	347.216827393
4.42920634921	346.815948486
4.43210884354	345.815734863
4.43501133787	345.017669678
4.4379138322	344.81842041
4.44081632653	346.615661621
4.44371882086	349.430023193
4.44662131519	350.845733643
4.44952380952	311.306762695
4.45242630385	310.94732666
4.45532879819	311.306762695
4.45823129252	311.666595459
4.46113378685	312.026855469
4.46403628118	312.026855469
4.46693877551	311.126983643
4.46984126984	310.050567627
4.47274376417	309.156402588
4.4756462585	309.335021973
4.47854875283	310.229705811
4.48145124717	311.306762695
4.4843537415	312.929321289
4.48725623583	314.197174072
4.49015873016	315.287994385
4.49306122449	315.470153809
4.49596371882	314.923950195
4.49886621315	313.653167725
4.50176870748	312.387542725
4.50467120181	311.486633301
4.50757369615	310.76776123
4.51047619048	310.588317871
4.51337868481	310.76776123
4.51628117914	311.306762695
4.51918367347	311.846679688
4.5220861678	312.026855469
4.52498866213	311.666595459
4.52789115646	310.94732666
4.53079365079	310.408966064
4.53369614512	310.050567627
4.53659863946	310.229705811
4.53950113379	310.94732666
4.54240362812	311.666595459
4.54530612245	312.20715332
4.54820861678	312.20715332
4.55111111111	312.026855469
4.55401360544	311.306762695
4.55691609977	310.76776123
4.5598185941	310.588317871
4.56272108844	310.588317871
4.56562358277	310.94732666
4.5685260771	311.486633301
4.57142857143	311.666595459
4.57433106576	311.666595459
4.57723356009	311.306762695
4.58013605442	310.76776123
4.58303854875	310.229705811
4.58594104308	310.050567627
4.58884353741	310.229705811
4.59174603175	310.76776123
4.59464852608	311.306762695
4.59755102041	312.026855469
4.60045351474	312.387542725
4.60335600907	312.026855469
4.6062585034	311.306762695
4.60916099773	310.408966064
4.61206349206	310.050567627
4.61496598639	309.871520996
4.61786848073	310.050567627
4.62077097506	310.588317871
4.62367346939	311.306762695
4.62657596372	311.846679688
4.62947845805	311.486633301
4.63238095238	310.94732666
4.63528344671	310.408966064
4.63818594104	309.871520996
4.64108843537	309.871520996
4.64399092971	310.229705811
4.64689342404	310.94732666
4.64979591837	311.666595459
4.6526984127	312.026855469
4.65560090703	311.666595459
4.65850340136	310.76776123
4.66140589569	310.229705811
4.66430839002	309.692596436
4.66721088435	309.513763428
4.67011337868	310.050567627
4.67301587302	310.588317871
4.67591836735	311.306762695
4.67882086168	311.666595459
4.68172335601	311.666595459
4.68462585034	311.666595459
4.68752834467	311.306762695
4.690430839	310.94732666
4.69333333333	311.126983643
4.69623582766	311.306762695
4.699138322	311.486633301
4.70204081633	311.846679688
4.70494331066	312.026855469
4.70784580499	312.026855469
4.71074829932	311.846679688
4.71365079365	311.306762695
4.71655328798	310.94732666
4.71945578231	310.76776123
4.72235827664	310.588317871
4.72526077098	310.76776123
4.72816326531	310.94732666
4.73106575964	311.126983643
4.73396825397	311.126983643
4.7368707483	311.306762695
4.73977324263	311.126983643
4.74267573696	310.94732666
4.74557823129	310.76776123
4.74848072562	310.76776123
4.75138321995	310.94732666
4.75428571429	311.126983643
4.75718820862	311.306762695
4.76009070295	311.486633301
4.76299319728	311.666595459
4.76589569161	311.846679688
4.76879818594	312.20715332
4.77170068027	312.20715332
4.7746031746	312.387542725
4.77750566893	312.387542725
4.78040816327	312.20715332
4.7833106576	311.666595459
4.78621315193	311.126983643
4.78911564626	310.408966064
4.79201814059	310.94732666
4.79492063492	311.126983643
4.79782312925	311.846679688
4.80072562358	312.568023682
4.80362811791	313.110137939
4.80653061224	313.472045898
4.80943310658	314.923950195
4.81233560091	315.470153809
4.81523809524	315.105926514
4.81814058957	314.197174072
4.8210430839	312.929321289
4.82394557823	309.513763428
4.82684807256	302.095245361
4.82975056689	298.280609131
4.83265306122	296.905426025
4.83555555556	296.220245361
4.83845804989	295.878234863
4.84136054422	295.195404053
4.84426303855	294.174102783
4.84716553288	292.648773193
4.85006802721	291.131347656
4.85297052154	289.956573486
4.85587301587	289.287414551
4.8587755102	289.287414551
4.86167800454	289.956573486
4.86458049887	291.131347656
4.8674829932	292.310882568
4.87038548753	293.325714111
4.87328798186	294.004211426
4.87619047619	294.514129639
4.87909297052	294.854553223
4.88199546485	295.024932861
4.88489795918	294.854553223
4.88780045351	294.514129639
4.89070294785	294.174102783
4.89360544218	293.664764404
4.89650793651	292.987030029
4.89941043084	292.479766846
4.90231292517	291.973388672
4.9052154195	291.804779053
4.90811791383	291.804779053
4.91102040816	292.142089844
4.91392290249	292.648773193
4.91682539683	292.987030029
4.91972789116	293.325714111
4.92263038549	293.325714111
4.92553287982	293.325714111
4.92843537415	293.156341553
4.93133786848	292.817840576
4.93424036281	292.479766846
4.93714285714	292.479766846
4.94004535147	292.648773193
4.9429478458	293.156341553
4.94585034014	293.664764404
4.94875283447	294.344055176
4.9516553288	294.854553223
4.95455782313	295.195404053
4.95746031746	295.024932861
4.96036281179	294.684295654
4.96326530612	294.004211426
4.96616780045	293.156341553
4.96907029478	292.479766846
4.97197278912	291.973388672
4.97487528345	291.804779053
4.97777777778	291.636291504
4.98068027211	292.142089844
4.98358276644	292.479766846
4.98648526077	293.156341553
4.9893877551	293.664764404
4.99229024943	294.004211426
4.99519274376	294.174102783
4.9980952381	294.174102783
5.00099773243	294.004211426
5.00390022676	294.004211426
5.00680272109	293.834442139
5.00970521542	293.495178223
5.01260770975	293.495178223
5.01551020408	293.325714111
5.01841269841	293.325714111
5.02131519274	293.156341553
5.02421768707	292.987030029
5.02712018141	292.987030029
5.03002267574	292.987030029
5.03292517007	292.987030029
5.0358276644	293.156341553
5.03873015873	293.495178223
5.04163265306	293.834442139
5.04453514739	294.344055176
5.04743764172	294.514129639
5.05034013605	294.684295654
5.05324263039	294.684295654
5.05614512472	294.344055176
5.05904761905	294.174102783
5.06195011338	293.664764404
5.06485260771	293.325714111
5.06775510204	292.987030029
5.07065759637	292.817840576
5.0735600907	292.648773193
5.07646258503	292.817840576
5.07936507937	292.987030029
5.0822675737	293.156341553
5.08517006803	293.495178223
5.08807256236	293.664764404
5.09097505669	294.004211426
5.09387755102	294.174102783
5.09678004535	294.174102783
5.09968253968	294.004211426
5.10258503401	294.004211426
5.10548752834	293.834442139
5.10839002268	293.664764404
5.11129251701	293.495178223
5.11419501134	293.325714111
5.11709750567	293.325714111
5.12	293.156341553
5.12290249433	293.156341553
5.12580498866	293.156341553
5.12870748299	293.156341553
5.13160997732	293.156341553
5.13451247166	293.325714111
5.13741496599	293.495178223
5.14031746032	293.834442139
5.14321995465	293.834442139
5.14612244898	294.004211426
5.14902494331	294.004211426
5.15192743764	294.174102783
5.15482993197	294.004211426
5.1577324263	294.004211426
5.16063492063	293.834442139
5.16353741497	293.664764404
5.1664399093	293.664764404
5.16934240363	293.664764404
5.17224489796	293.495178223
5.17514739229	293.325714111
5.17804988662	293.325714111
5.18095238095	293.156341553
5.18385487528	293.325714111
5.18675736961	293.325714111
5.18965986395	293.325714111
5.19256235828	293.664764404
5.19546485261	293.834442139
5.19836734694	293.834442139
5.20126984127	293.834442139
5.2041723356	293.664764404
5.20707482993	293.664764404
5.20997732426	293.495178223
5.21287981859	293.495178223
5.21578231293	293.325714111
5.21868480726	293.325714111
5.22158730159	293.495178223
5.22448979592	293.495178223
5.22739229025	293.664764404
5.23029478458	293.834442139
5.23319727891	293.834442139
5.23609977324	293.834442139
5.23900226757	293.664764404
5.2419047619	293.495178223
5.24480725624	293.495178223
5.24770975057	293.495178223
5.2506122449	293.495178223
5.25351473923	293.495178223
5.25641723356	293.664764404
5.25931972789	293.834442139
5.26222222222	293.834442139
5.26512471655	293.834442139
5.26802721088	293.834442139
5.27092970522	293.834442139
5.27383219955	293.664764404
5.27673469388	293.664764404
5.27963718821	293.664764404
5.28253968254	293.834442139
5.28544217687	293.664764404
5.2883446712	293.664764404
5.29124716553	293.664764404
5.29414965986	293.664764404
5.2970521542	293.664764404
5.29995464853	293.664764404
5.30285714286	293.495178223
5.30575963719	293.495178223
5.30866213152	293.495178223
5.31156462585	293.495178223
5.31446712018	293.495178223
5.31736961451	293.495178223
5.32027210884	293.664764404
5.32317460317	293.664764404
5.32607709751	293.834442139
5.32897959184	293.834442139
5.33188208617	294.004211426
5.3347845805	294.004211426
5.33768707483	293.834442139
5.34058956916	293.664764404
5.34349206349	293.664764404
5.34639455782	293.664764404
5.34929705215	293.495178223
5.35219954649	293.495178223
5.35510204082	293.495178223
5.35800453515	293.495178223
5.36090702948	293.495178223
5.36380952381	293.495178223
5.36671201814	293.495178223
5.36961451247	293.495178223
5.3725170068	293.664764404
5.37541950113	293.664764404
5.37832199546	293.664764404
5.3812244898	293.664764404
5.38412698413	293.664764404
5.38702947846	293.664764404
5.38993197279	293.834442139
5.39283446712	293.834442139
5.39573696145	293.834442139
5.39863945578	294.004211426
5.40154195011	294.004211426
5.40444444444	294.004211426
5.40734693878	294.004211426
5.41024943311	293.834442139
5.41315192744	293.664764404
5.41605442177	293.495178223
5.4189569161	293.325714111
5.42185941043	293.156341553
5.42476190476	292.987030029
5.42766439909	292.817840576
5.43056689342	292.987030029
5.43346938776	292.987030029
5.43637188209	293.156341553
5.43927437642	293.325714111
5.44217687075	293.664764404
5.44507936508	294.004211426
5.44798185941	294.174102783
5.45088435374	294.514129639
5.45378684807	294.684295654
5.4566893424	294.854553223
5.45959183673	294.854553223
5.46249433107	295.024932861
5.4653968254	294.854553223
5.46829931973	294.684295654
5.47120181406	294.854553223
5.47410430839	295.878234863
5.47700680272	296.049194336
5.47990929705	295.536621094
5.48281179138	294.684295654
5.48571428571	291.973388672
5.48861678005	288.453125
5.49151927438	283.661468506
5.49442176871	279.594665527
5.49732426304	278.466461182
5.50022675737	288.12008667
5.5031292517	288.286560059
5.50603174603	285.799530029
5.50893424036	284.975280762
5.51183673469	289.956573486
5.51473922902	291.804779053
5.51764172336	292.142089844
5.52054421769	293.156341553
5.52344671202	293.664764404
5.52634920635	291.804779053
5.52925170068	289.789123535
5.53215419501	288.12008667
5.53505668934	287.621246338
5.53795918367	288.12008667
5.540861678	289.287414551
5.54376417234	290.459472656
5.54666666667	291.46786499
5.549569161	291.973388672
5.55247165533	292.142089844
5.55537414966	292.142089844
5.55827664399	291.636291504
5.56117913832	291.46786499
5.56408163265	291.299560547
5.56698412698	291.299560547
5.56988662132	291.804779053
5.57278911565	292.142089844
5.57569160998	292.648773193
5.57859410431	293.156341553
5.58149659864	293.495178223
5.58439909297	293.834442139
5.5873015873	294.004211426
5.59020408163	294.004211426
5.59310657596	294.004211426
5.59600907029	293.664764404
5.59891156463	293.325714111
5.60181405896	292.817840576
5.60471655329	292.479766846
5.60761904762	292.142089844
5.61052154195	291.973388672
5.61342403628	292.142089844
5.61632653061	292.479766846
5.61922902494	292.648773193
5.62213151927	292.987030029
5.62503401361	293.325714111
5.62793650794	293.495178223
5.63083900227	293.495178223
5.6337414966	293.325714111
5.63664399093	292.987030029
5.63954648526	292.817840576
5.64244897959	292.817840576
5.64535147392	292.648773193
5.64825396825	292.987030029
5.65115646259	293.156341553
5.65405895692	293.495178223
5.65696145125	294.004211426
5.65986394558	294.174102783
5.66276643991	294.174102783
5.66566893424	294.174102783
5.66857142857	293.834442139
5.6714739229	293.664764404
5.67437641723	293.325714111
5.67727891156	292.987030029
5.6801814059	292.817840576
5.68308390023	292.987030029
5.68598639456	293.156341553
5.68888888889	293.156341553
5.69179138322	293.495178223
5.69469387755	293.495178223
5.69759637188	293.495178223
5.70049886621	293.325714111
5.70340136054	293.325714111
5.70630385488	293.325714111
5.70920634921	293.156341553
5.71210884354	293.156341553
5.71501133787	293.156341553
5.7179138322	293.325714111
5.72081632653	293.495178223
5.72371882086	293.495178223
5.72662131519	293.664764404
5.72952380952	293.664764404
5.73242630385	293.495178223
5.73532879819	293.495178223
5.73823129252	293.495178223
5.74113378685	293.495178223
5.74403628118	293.495178223
5.74693877551	293.664764404
5.74984126984	293.664764404
5.75274376417	293.834442139
5.7556462585	293.834442139
5.75854875283	293.834442139
5.76145124717	293.834442139
5.7643537415	293.834442139
5.76725623583	293.664764404
5.77015873016	293.664764404
5.77306122449	293.664764404
5.77596371882	293.495178223
5.77886621315	293.495178223
5.78176870748	293.325714111
5.78467120181	293.495178223
5.78757369615	293.664764404
5.79047619048	293.664764404
5.79337868481	293.664764404
5.79628117914	293.664764404
5.79918367347	293.834442139
5.8020861678	293.664764404
5.80498866213	293.664764404
5.80789115646	293.664764404
5.81079365079	293.664764404
5.81369614512	293.495178223
5.81659863946	293.495178223
5.81950113379	293.495178223
5.82240362812	293.495178223
5.82530612245	293.325714111
5.82820861678	293.325714111
5.83111111111	293.325714111
5.83401360544	293.325714111
5.83691609977	293.495178223
5.8398185941	293.495178223
5.84272108844	293.664764404
5.84562358277	293.664764404
5.8485260771	293.664764404
5.85142857143	293.664764404
5.85433106576	293.495178223
5.85723356009	293.495178223
5.86013605442	293.495178223
5.86303854875	293.664764404
5.86594104308	293.664764404
5.86884353741	293.664764404
5.87174603175	293.664764404
5.87464852608	293.664764404
5.87755102041	293.664764404
5.88045351474	293.664764404
5.88335600907	293.495178223
5.8862585034	293.495178223
5.88916099773	293.495178223
5.89206349206	293.495178223
5.89496598639	293.495178223
5.89786848073	293.495178223
5.90077097506	293.495178223
5.90367346939	293.664764404
5.90657596372	293.495178223
5.90947845805	293.664764404
5.91238095238	293.664764404
5.91528344671	293.495178223
5.91818594104	293.495178223
5.92108843537	293.495178223
5.92399092971	293.495178223
5.92689342404	293.495178223
5.92979591837	293.495178223
5.9326984127	293.664764404
5.93560090703	293.664764404
5.93850340136	293.664764404
5.94140589569	293.664764404
5.94430839002	293.664764404
5.94721088435	293.664764404
5.95011337868	293.664764404
5.95301587302	293.495178223
5.95591836735	293.495178223
5.95882086168	293.664764404
5.96172335601	293.664764404
5.96462585034	293.834442139
5.96752834467	293.834442139
5.970430839	293.834442139
5.97333333333	293.834442139
5.97623582766	293.834442139
5.979138322	293.664764404
5.98204081633	293.664764404
5.98494331066	293.495178223
5.98784580499	293.495178223
5.99074829932	293.495178223
5.99365079365	293.495178223
5.99655328798	293.664764404
5.99945578231	293.834442139
6.00235827664	293.834442139
6.00526077098	293.834442139
6.00816326531	294.004211426
6.01106575964	293.834442139
6.01396825397	293.834442139
6.0168707483	293.664764404
6.01977324263	293.495178223
6.02267573696	293.495178223
6.02557823129	293.495178223
6.02848072562	293.495178223
6.03138321995	293.495178223
6.03428571429	293.495178223
6.03718820862	293.495178223
6.04009070295	293.495178223
6.04299319728	293.664764404
6.04589569161	293.664764404
6.04879818594	293.664764404
6.05170068027	293.664764404
6.0546031746	293.664764404
6.05750566893	293.664764404
6.06040816327	293.834442139
6.0633106576	293.834442139
6.06621315193	293.834442139
6.06911564626	293.834442139
6.07201814059	293.834442139
6.07492063492	293.664764404
6.07782312925	293.664764404
6.08072562358	293.495178223
6.08362811791	293.495178223
6.08653061224	293.495178223
6.08943310658	293.495178223
6.09233560091	293.664764404
6.09523809524	293.664764404
6.09814058957	293.664764404
6.1010430839	293.834442139
6.10394557823	293.834442139
6.10684807256	293.834442139
6.10975056689	293.834442139
6.11265306122	293.834442139
6.11555555556	293.834442139
6.11845804989	294.004211426
6.12136054422	294.004211426
6.12426303855	294.174102783
6.12716553288	294.174102783
6.13006802721	294.004211426
6.13297052154	294.004211426
6.13587301587	293.834442139
6.1387755102	293.664764404
6.14167800454	293.156341553
6.14458049887	292.987030029
6.1474829932	292.648773193
6.15038548753	292.479766846
6.15328798186	292.479766846
6.15619047619	292.648773193
6.15909297052	292.987030029
6.16199546485	293.495178223
6.16489795918	294.004211426
6.16780045351	294.514129639
6.17070294785	294.854553223
6.17360544218	295.024932861
6.17650793651	295.195404053
6.17941043084	295.195404053
6.18231292517	295.024932861
6.1852154195	294.854553223
6.18811791383	294.344055176
6.19102040816	293.664764404
6.19392290249	0.0
6.19682539683	0.0
6.19972789116	0.0
6.20263038549	0.0
6.20553287982	0.0
6.20843537415	0.0
6.21133786848	0.0
6.21424036281	0.0
6.21714285714	0.0
6.22004535147	0.0
6.2229478458	0.0
6.22585034014	0.0
6.22875283447	0.0
6.2316553288	0.0
6.23455782313	0.0
6.23746031746	0.0
6.24036281179	0.0
6.24326530612	0.0
6.24616780045	0.0
6.24907029478	0.0
6.25197278912	0.0
6.25487528345	0.0
6.25777777778	0.0
6.26068027211	0.0
6.26358276644	0.0
6.26648526077	0.0
6.2693877551	0.0
6.27229024943	0.0
6.27519274376	0.0
6.2780952381	0.0
6.28099773243	0.0
6.28390022676	0.0
6.28680272109	0.0
6.28970521542	0.0
6.29260770975	0.0
6.29551020408	0.0
6.29841269841	0.0
6.30131519274	0.0
6.30421768707	0.0
6.30712018141	0.0
6.31002267574	0.0
6.31292517007	0.0
6.3158276644	0.0
6.31873015873	0.0
6.32163265306	0.0
6.32453514739	0.0
6.32743764172	0.0
6.33034013605	0.0
6.33324263039	0.0
6.33614512472	0.0
6.33904761905	0.0
6.34195011338	0.0
6.34485260771	0.0
6.34775510204	0.0
6.35065759637	0.0
6.3535600907	0.0
6.35646258503	0.0
6.35936507937	0.0
6.3622675737	0.0
6.36517006803	0.0
6.36807256236	0.0
6.37097505669	0.0
6.37387755102	0.0
6.37678004535	0.0
6.37968253968	0.0
6.38258503401	0.0
6.38548752834	0.0
6.38839002268	0.0
6.39129251701	0.0
6.39419501134	0.0
6.39709750567	0.0
6.4	0.0
6.40290249433	0.0
6.40580498866	0.0
6.40870748299	0.0
6.41160997732	0.0
6.41451247166	0.0
6.41741496599	0.0
6.42031746032	0.0
6.42321995465	0.0
6.42612244898	0.0
6.42902494331	0.0
6.43192743764	0.0
6.43482993197	0.0
6.4377324263	0.0
