0.0	0.0
0.00290249433107	0.0
0.00580498866213	0.0
0.0087074829932	0.0
0.0116099773243	0.0
0.0145124716553	0.0
0.0174149659864	0.0
0.0203174603175	0.0
0.0232199546485	0.0
0.0261224489796	0.0
0.0290249433107	0.0
0.0319274376417	0.0
0.0348299319728	0.0
0.0377324263039	0.0
0.0406349206349	0.0
0.043537414966	0.0
0.0464399092971	0.0
0.0493424036281	0.0
0.0522448979592	0.0
0.0551473922902	0.0
0.0580498866213	0.0
0.0609523809524	0.0
0.0638548752834	0.0
0.0667573696145	0.0
0.0696598639456	0.0
0.0725623582766	0.0
0.0754648526077	0.0
0.0783673469388	0.0
0.0812698412698	0.0
0.0841723356009	0.0
0.087074829932	0.0
0.089977324263	0.0
0.0928798185941	0.0
0.0957823129252	0.0
0.0986848072562	0.0
0.101587301587	0.0
0.104489795918	0.0
0.107392290249	0.0
0.11029478458	358.010894775
0.113197278912	354.307861328
0.116099773243	352.878173828
0.119002267574	351.86050415
0.121904761905	351.45425415
0.124807256236	351.45425415
0.127709750567	351.048461914
0.130612244898	350.845733643
0.133514739229	350.845733643
0.13641723356	350.845733643
0.139319727891	350.643157959
0.142222222222	350.440673828
0.145124716553	350.238311768
0.148027210884	349.631896973
0.150929705215	349.026580811
0.153832199546	348.623596191
0.156734693878	348.623596191
0.159637188209	348.623596191
0.16253968254	348.623596191
0.165442176871	348.623596191
0.168344671202	349.026580811
0.171247165533	349.631896973
0.174149659864	350.238311768
0.177052154195	350.238311768
0.179954648526	350.238311768
0.182857142857	350.03604126
0.185759637188	350.03604126
0.188662131519	349.83392334
0.19156462585	349.026580811
0.194467120181	349.228240967
0.197369614512	349.631896973
0.200272108844	350.03604126
0.203174603175	350.643157959
0.206077097506	350.845733643
0.208979591837	351.048461914
0.211882086168	350.845733643
0.214784580499	350.845733643
0.21768707483	350.643157959
0.220589569161	350.643157959
0.223492063492	350.643157959
0.226394557823	351.048461914
0.229297052154	351.251281738
0.232199546485	351.251281738
0.235102040816	351.45425415
0.238004535147	351.45425415
0.240907029478	351.45425415
0.24380952381	351.657318115
0.246712018141	351.86050415
0.249614512472	351.86050415
0.252517006803	351.86050415
0.255419501134	352.063781738
0.258321995465	352.063781738
0.261224489796	352.063781738
0.264126984127	351.86050415
0.267029478458	351.86050415
0.269931972789	351.86050415
0.27283446712	351.657318115
0.275736961451	351.45425415
0.278639455782	351.251281738
0.281541950113	351.048461914
0.284444444444	350.845733643
0.287346938776	350.643157959
0.290249433107	350.440673828
0.293151927438	350.238311768
0.296054421769	350.03604126
0.2989569161	350.03604126
0.301859410431	349.83392334
0.304761904762	349.631896973
0.307664399093	349.228240967
0.310566893424	349.228240967
0.313469387755	349.228240967
0.316371882086	349.430023193
0.319274376417	349.83392334
0.322176870748	350.03604126
0.325079365079	350.03604126
0.32798185941	350.238311768
0.330884353741	350.238311768
0.333786848073	350.238311768
0.336689342404	350.238311768
0.339591836735	350.03604126
0.342494331066	350.03604126
0.345396825397	350.238311768
0.348299319728	350.238311768
0.351201814059	350.238311768
0.35410430839	350.238311768
0.357006802721	350.238311768
0.359909297052	350.03604126
0.362811791383	350.03604126
0.365714285714	350.03604126
0.368616780045	349.83392334
0.371519274376	349.83392334
0.374421768707	350.03604126
0.377324263039	350.03604126
0.38022675737	350.03604126
0.383129251701	350.03604126
0.386031746032	349.83392334
0.388934240363	349.631896973
0.391836734694	349.430023193
0.394739229025	349.430023193
0.397641723356	349.430023193
0.400544217687	349.430023193
0.403446712018	349.430023193
0.406349206349	349.430023193
0.40925170068	349.631896973
0.412154195011	349.83392334
0.415056689342	349.83392334
0.417959183673	349.83392334
0.420861678005	350.03604126
0.423764172336	350.238311768
0.426666666667	350.440673828
0.429569160998	350.643157959
0.432471655329	350.643157959
0.43537414966	350.440673828
0.438276643991	350.440673828
0.441179138322	350.238311768
0.444081632653	350.238311768
0.446984126984	350.03604126
0.449886621315	350.03604126
0.452789115646	350.03604126
0.455691609977	350.03604126
0.458594104308	350.03604126
0.461496598639	350.03604126
0.464399092971	350.238311768
0.467301587302	350.238311768
0.470204081633	350.440673828
0.473106575964	350.440673828
0.476009070295	350.440673828
0.478911564626	350.440673828
0.481814058957	350.238311768
0.484716553288	350.238311768
0.487619047619	350.238311768
0.49052154195	350.03604126
0.493424036281	350.238311768
0.496326530612	350.03604126
0.499229024943	350.03604126
0.502131519274	350.03604126
0.505034013605	350.03604126
0.507936507937	350.03604126
0.510839002268	350.03604126
0.513741496599	350.03604126
0.51664399093	350.03604126
0.519546485261	350.03604126
0.522448979592	349.83392334
0.525351473923	349.83392334
0.528253968254	349.83392334
0.531156462585	349.83392334
0.534058956916	349.83392334
0.536961451247	349.83392334
0.539863945578	349.83392334
0.542766439909	349.83392334
0.54566893424	349.631896973
0.548571428571	349.631896973
0.551473922902	350.440673828
0.554376417234	351.86050415
0.557278911565	352.267211914
0.560181405896	352.267211914
0.563083900227	352.063781738
0.565986394558	351.048461914
0.568888888889	310.408966064
0.57179138322	312.20715332
0.574693877551	314.01574707
0.577596371882	314.56036377
0.580498866213	314.742095947
0.583401360544	314.01574707
0.586303854875	313.291046143
0.589206349206	312.20715332
0.592108843537	311.306762695
0.595011337868	310.588317871
0.5979138322	310.408966064
0.600816326531	310.588317871
0.603718820862	311.306762695
0.606621315193	312.026855469
0.609523809524	312.929321289
0.612426303855	313.291046143
0.615328798186	313.291046143
0.618231292517	313.110137939
0.621133786848	312.929321289
0.624036281179	312.929321289
0.62693877551	312.929321289
0.629841269841	313.291046143
0.632743764172	313.834411621
0.635646258503	314.378723145
0.638548752834	314.56036377
0.641451247166	314.378723145
0.644353741497	314.01574707
0.647256235828	313.291046143
0.650158730159	312.748626709
0.65306122449	312.20715332
0.655963718821	312.026855469
0.658866213152	312.026855469
0.661768707483	312.20715332
0.664671201814	312.568023682
0.667573696145	313.291046143
0.670476190476	314.01574707
0.673378684807	314.742095947
0.676281179138	314.923950195
0.679183673469	314.923950195
0.6820861678	314.923950195
0.684988662132	314.923950195
0.687891156463	314.56036377
0.690793650794	313.653167725
0.693696145125	312.748626709
0.696598639456	311.846679688
0.699501133787	311.306762695
0.702403628118	311.126983643
0.705306122449	311.306762695
0.70820861678	311.666595459
0.711111111111	312.026855469
0.714013605442	312.20715332
0.716916099773	311.846679688
0.719818594104	311.126983643
0.722721088435	310.050567627
0.725623582766	308.621124268
0.728526077098	306.489318848
0.731428571429	305.958679199
0.73433106576	304.724090576
0.737233560091	304.724090576
0.740136054422	305.605438232
0.743038548753	307.020904541
0.745941043084	306.312347412
0.748843537415	306.843597412
0.751746031746	306.489318848
0.754648526077	304.900146484
0.757551020408	302.444458008
0.760453514739	299.143310547
0.76335600907	296.220245361
0.766258503401	294.684295654
0.769160997732	294.004211426
0.772063492063	293.664764404
0.774965986395	293.664764404
0.777868480726	294.004211426
0.780770975057	294.174102783
0.783673469388	294.854553223
0.786575963719	295.365936279
0.78947845805	295.195404053
0.792380952381	295.195404053
0.795283446712	295.024932861
0.798185941043	294.854553223
0.801088435374	295.195404053
0.803990929705	295.707366943
0.806893424036	296.049194336
0.809795918367	296.220245361
0.812698412698	295.878234863
0.815600907029	295.536621094
0.818503401361	295.195404053
0.821405895692	294.684295654
0.824308390023	294.344055176
0.827210884354	294.004211426
0.830113378685	293.834442139
0.833015873016	294.174102783
0.835918367347	294.684295654
0.838820861678	295.195404053
0.841723356009	295.878234863
0.84462585034	296.220245361
0.847528344671	296.220245361
0.850430839002	296.049194336
0.853333333333	295.707366943
0.856235827664	295.195404053
0.859138321995	294.684295654
0.862040816327	294.174102783
0.864943310658	293.834442139
0.867845804989	293.664764404
0.87074829932	293.834442139
0.873650793651	293.834442139
0.876553287982	294.174102783
0.879455782313	294.514129639
0.882358276644	295.024932861
0.885260770975	295.878234863
0.888163265306	296.562652588
0.891065759637	297.07699585
0.893968253968	297.592224121
0.896870748299	297.592224121
0.89977324263	297.592224121
0.902675736961	297.248626709
0.905578231293	296.905426025
0.908480725624	296.220245361
0.911383219955	295.365936279
0.914285714286	294.514129639
0.917188208617	294.004211426
0.920090702948	293.664764404
0.922993197279	293.664764404
0.92589569161	293.664764404
0.928798185941	293.834442139
0.931700680272	294.344055176
0.934603174603	295.195404053
0.937505668934	295.878234863
0.940408163265	296.562652588
0.943310657596	296.733978271
0.946213151927	297.07699585
0.949115646259	296.905426025
0.95201814059	296.733978271
0.954920634921	296.220245361
0.957823129252	295.878234863
0.960725623583	295.365936279
0.963628117914	294.854553223
0.966530612245	294.514129639
0.969433106576	294.004211426
0.972335600907	293.834442139
0.975238095238	294.004211426
0.978140589569	294.174102783
0.9810430839	294.514129639
0.983945578231	293.834442139
0.986848072562	293.834442139
0.989750566893	292.817840576
0.992653061224	290.963226318
0.995555555556	288.12008667
0.998458049887	286.295196533
1.00136054422	284.317626953
1.00426303855	282.680084229
1.00716553288	280.241424561
1.01006802721	278.788330078
1.01297052154	279.271850586
1.01587301587	279.594665527
1.0187755102	279.271850586
1.02167800454	279.110595703
1.02458049887	279.271850586
1.0274829932	280.241424561
1.03038548753	281.051971436
1.03328798186	281.376831055
1.03619047619	281.376831055
1.03909297052	281.376831055
1.04199546485	281.376831055
1.04489795918	281.214355469
1.04780045351	281.376831055
1.05070294785	281.376831055
1.05360544218	281.539398193
1.05650793651	281.702087402
1.05941043084	281.864837646
1.06231292517	282.027709961
1.0652154195	281.864837646
1.06811791383	281.376831055
1.07102040816	280.079589844
1.07392290249	278.949401855
1.07682539683	278.305633545
1.07972789116	277.984313965
1.08263038549	277.984313965
1.08553287982	277.984313965
1.08843537415	278.788330078
1.09133786848	280.40335083
1.09424036281	281.376831055
1.09714285714	281.702087402
1.10004535147	281.864837646
1.1029478458	281.864837646
1.10585034014	281.702087402
1.10875283447	281.376831055
1.1116553288	281.051971436
1.11455782313	280.889648438
1.11746031746	280.565338135
1.12036281179	280.241424561
1.12326530612	280.079589844
1.12616780045	279.594665527
1.12907029478	279.271850586
1.13197278912	278.627349854
1.13487528345	278.144927979
1.13777777778	277.663360596
1.14068027211	277.182617188
1.14358276644	277.182617188
1.14648526077	277.182617188
1.1493877551	277.663360596
1.15229024943	278.305633545
1.15519274376	278.949401855
1.1580952381	279.594665527
1.16099773243	280.079589844
1.16390022676	280.40335083
1.16680272109	280.565338135
1.16970521542	280.565338135
1.17260770975	280.40335083
1.17551020408	280.241424561
1.17841269841	279.91784668
1.18131519274	279.433227539
1.18421768707	278.949401855
1.18712018141	278.305633545
1.19002267574	277.984313965
1.19292517007	277.663360596
1.1958276644	277.50302124
1.19873015873	277.50302124
1.20163265306	277.663360596
1.20453514739	277.984313965
1.20743764172	278.305633545
1.21034013605	278.788330078
1.21324263039	279.110595703
1.21614512472	279.594665527
1.21904761905	279.91784668
1.22195011338	280.079589844
1.22485260771	280.079589844
1.22775510204	280.079589844
1.23065759637	279.91784668
1.2335600907	279.594665527
1.23646258503	279.271850586
1.23936507937	279.110595703
1.2422675737	278.788330078
1.24517006803	279.110595703
1.24807256236	279.594665527
1.25097505669	280.241424561
1.25387755102	281.214355469
1.25678004535	282.190643311
1.25968253968	283.497680664
1.26258503401	284.646270752
1.26548752834	284.975280762
1.26839002268	283.661468506
1.27129251701	279.594665527
1.27419501134	277.022583008
1.27709750567	276.064147949
1.28	303.669830322
1.28290249433	302.61920166
1.28580498866	300.528869629
1.28870748299	296.905426025
1.29160997732	294.004211426
1.29451247166	292.479766846
1.29741496599	292.817840576
1.30031746032	293.495178223
1.30321995465	293.834442139
1.30612244898	294.344055176
1.30902494331	294.684295654
1.31192743764	294.684295654
1.31482993197	294.684295654
1.3177324263	294.514129639
1.32063492063	294.004211426
1.32353741497	293.834442139
1.3264399093	293.834442139
1.32934240363	294.344055176
1.33224489796	295.195404053
1.33514739229	295.195404053
1.33804988662	295.195404053
1.34095238095	295.195404053
1.34385487528	295.195404053
1.34675736961	295.024932861
1.34965986395	295.024932861
1.35256235828	294.854553223
1.35546485261	294.854553223
1.35836734694	294.854553223
1.36126984127	295.024932861
1.3641723356	295.195404053
1.36707482993	295.195404053
1.36997732426	295.365936279
1.37287981859	295.024932861
1.37578231293	295.024932861
1.37868480726	294.684295654
1.38158730159	294.514129639
1.38448979592	294.344055176
1.38739229025	294.174102783
1.39029478458	294.174102783
1.39319727891	294.344055176
1.39609977324	294.514129639
1.39900226757	294.514129639
1.4019047619	294.514129639
1.40480725624	294.514129639
1.40770975057	294.514129639
1.4106122449	294.514129639
1.41351473923	294.514129639
1.41641723356	294.684295654
1.41931972789	295.024932861
1.42222222222	295.365936279
1.42512471655	295.536621094
1.42802721088	295.878234863
1.43092970522	295.878234863
1.43383219955	295.878234863
1.43673469388	295.878234863
1.43963718821	295.536621094
1.44253968254	295.365936279
1.44544217687	295.024932861
1.4483446712	294.854553223
1.45124716553	294.684295654
1.45414965986	294.514129639
1.4570521542	294.684295654
1.45995464853	294.514129639
1.46285714286	294.514129639
1.46575963719	294.514129639
1.46866213152	294.344055176
1.47156462585	294.514129639
1.47446712018	294.514129639
1.47736961451	294.684295654
1.48027210884	294.854553223
1.48317460317	295.024932861
1.48607709751	295.195404053
1.48897959184	295.365936279
1.49188208617	295.365936279
1.4947845805	295.365936279
1.49768707483	295.365936279
1.50058956916	295.195404053
1.50349206349	295.024932861
1.50639455782	294.684295654
1.50929705215	294.684295654
1.51219954649	294.514129639
1.51510204082	294.684295654
1.51800453515	294.684295654
1.52090702948	294.684295654
1.52380952381	294.854553223
1.52671201814	294.854553223
1.52961451247	295.024932861
1.5325170068	295.024932861
1.53541950113	295.365936279
1.53832199546	295.707366943
1.5412244898	296.562652588
1.54412698413	297.420379639
1.54702947846	299.316162109
1.54993197279	301.57220459
1.55283446712	304.196502686
1.55573696145	307.020904541
1.55863945578	308.799438477
1.56154195011	310.408966064
1.56444444444	312.026855469
1.56734693878	313.110137939
1.57024943311	313.291046143
1.57315192744	312.748626709
1.57605442177	312.20715332
1.5789569161	312.026855469
1.58185941043	311.666595459
1.58476190476	311.126983643
1.58766439909	310.588317871
1.59056689342	310.229705811
1.59346938776	309.156402588
1.59637188209	309.335021973
1.59927437642	308.977874756
1.60217687075	308.621124268
1.60507936508	307.908905029
1.60798185941	308.264801025
1.61088435374	308.442932129
1.61378684807	309.692596436
1.6166893424	312.026855469
1.61959183673	314.378723145
1.62249433107	316.017303467
1.6253968254	317.297668457
1.62829931973	317.480987549
1.63120181406	316.931304932
1.63410430839	315.83480835
1.63700680272	314.197174072
1.63990929705	312.387542725
1.64281179138	310.94732666
1.64571428571	310.229705811
1.64861678005	310.408966064
1.65151927438	310.76776123
1.65442176871	311.666595459
1.65732426304	312.20715332
1.66022675737	312.748626709
1.6631292517	313.110137939
1.66603174603	313.110137939
1.66893424036	312.748626709
1.67183673469	312.568023682
1.67473922902	312.568023682
1.67764172336	312.929321289
1.68054421769	313.291046143
1.68344671202	313.834411621
1.68634920635	314.01574707
1.68925170068	313.834411621
1.69215419501	313.291046143
1.69505668934	312.568023682
1.69795918367	311.486633301
1.700861678	310.76776123
1.70376417234	310.050567627
1.70666666667	309.335021973
1.709569161	309.156402588
1.71247165533	308.977874756
1.71537414966	308.977874756
1.71827664399	308.977874756
1.72117913832	309.335021973
1.72408163265	309.156402588
1.72698412698	309.513763428
1.72988662132	309.692596436
1.73278911565	310.408966064
1.73569160998	311.666595459
1.73859410431	313.110137939
1.74149659864	314.378723145
1.74439909297	314.923950195
1.7473015873	315.287994385
1.75020408163	315.470153809
1.75310657596	314.923950195
1.75600907029	314.197174072
1.75891156463	313.110137939
1.76181405896	312.20715332
1.76471655329	311.306762695
1.76761904762	310.76776123
1.77052154195	310.050567627
1.77342403628	309.692596436
1.77632653061	309.692596436
1.77922902494	309.513763428
1.78213151927	309.692596436
1.78503401361	309.871520996
1.78793650794	310.408966064
1.79083900227	310.76776123
1.7937414966	311.486633301
1.79664399093	312.026855469
1.79954648526	312.387542725
1.80244897959	312.929321289
1.80535147392	313.291046143
1.80825396825	313.472045898
1.81115646259	313.472045898
1.81405895692	313.291046143
1.81696145125	313.110137939
1.81986394558	312.929321289
1.82276643991	312.929321289
1.82566893424	312.748626709
1.82857142857	312.568023682
1.8314739229	312.568023682
1.83437641723	312.568023682
1.83727891156	313.110137939
1.8401814059	313.291046143
1.84308390023	313.653167725
1.84598639456	314.378723145
1.84888888889	311.846679688
1.85179138322	355.948913574
1.85469387755	352.878173828
1.85759637188	351.657318115
1.86049886621	351.048461914
1.86340136054	350.845733643
1.86630385488	350.845733643
1.86920634921	350.845733643
1.87210884354	350.845733643
1.87501133787	351.048461914
1.8779138322	350.643157959
1.88081632653	350.440673828
1.88371882086	350.238311768
1.88662131519	349.430023193
1.88952380952	348.825012207
1.89242630385	348.221069336
1.89532879819	348.422271729
1.89823129252	349.026580811
1.90113378685	349.026580811
1.90403628118	349.228240967
1.90693877551	349.430023193
1.90984126984	350.03604126
1.91274376417	350.03604126
1.9156462585	349.83392334
1.91854875283	349.83392334
1.92145124717	349.631896973
1.9243537415	349.83392334
1.92725623583	349.83392334
1.93015873016	350.238311768
1.93306122449	350.238311768
1.93596371882	350.440673828
1.93886621315	350.238311768
1.94176870748	350.238311768
1.94467120181	350.238311768
1.94757369615	350.03604126
1.95047619048	350.238311768
1.95337868481	350.440673828
1.95628117914	350.845733643
1.95918367347	351.048461914
1.9620861678	351.048461914
1.96498866213	351.251281738
1.96789115646	351.048461914
1.97079365079	350.845733643
1.97369614512	350.440673828
1.97659863946	350.845733643
1.97950113379	351.45425415
1.98240362812	352.063781738
1.98530612245	352.470733643
1.98820861678	352.470733643
1.99111111111	352.470733643
1.99401360544	352.063781738
1.99691609977	351.657318115
1.9998185941	351.45425415
2.00272108844	351.657318115
2.00562358277	352.063781738
2.0085260771	352.470733643
2.01142857143	352.470733643
2.01433106576	352.267211914
2.01723356009	351.86050415
2.02013605442	351.048461914
2.02303854875	350.440673828
2.02594104308	349.83392334
2.02884353741	349.83392334
2.03174603175	349.83392334
2.03464852608	350.238311768
2.03755102041	350.440673828
2.04045351474	350.238311768
2.04335600907	350.03604126
2.0462585034	349.631896973
2.04916099773	348.825012207
2.05206349206	348.623596191
2.05496598639	348.623596191
2.05786848073	349.026580811
2.06077097506	349.631896973
2.06367346939	350.238311768
2.06657596372	350.643157959
2.06947845805	350.845733643
2.07238095238	350.845733643
2.07528344671	350.440673828
2.07818594104	350.238311768
2.08108843537	349.83392334
2.08399092971	349.83392334
2.08689342404	349.83392334
2.08979591837	350.03604126
2.0926984127	350.238311768
2.09560090703	350.238311768
2.09850340136	350.238311768
2.10140589569	350.238311768
2.10430839002	350.238311768
2.10721088435	350.03604126
2.11011337868	350.03604126
2.11301587302	350.03604126
2.11591836735	350.03604126
2.11882086168	350.03604126
2.12172335601	349.83392334
2.12462585034	349.631896973
2.12752834467	349.631896973
2.130430839	349.430023193
2.13333333333	349.430023193
2.13623582766	349.430023193
2.139138322	349.430023193
2.14204081633	349.430023193
2.14494331066	349.430023193
2.14784580499	349.631896973
2.15074829932	349.83392334
2.15365079365	350.03604126
2.15655328798	350.238311768
2.15945578231	350.238311768
2.16235827664	350.440673828
2.16526077098	350.643157959
2.16816326531	350.643157959
2.17106575964	350.643157959
2.17396825397	350.440673828
2.1768707483	350.238311768
2.17977324263	350.238311768
2.18267573696	350.03604126
2.18557823129	350.03604126
2.18848072562	349.83392334
2.19138321995	349.83392334
2.19428571429	350.03604126
2.19718820862	350.03604126
2.20009070295	350.238311768
2.20299319728	350.238311768
2.20589569161	350.238311768
2.20879818594	350.238311768
2.21170068027	350.238311768
2.2146031746	350.238311768
2.21750566893	350.238311768
2.22040816327	350.238311768
2.2233106576	350.238311768
2.22621315193	350.238311768
2.22911564626	350.238311768
2.23201814059	350.238311768
2.23492063492	350.238311768
2.23782312925	350.238311768
2.24072562358	350.03604126
2.24362811791	350.03604126
2.24653061224	349.83392334
2.24943310658	349.83392334
2.25233560091	349.83392334
2.25523809524	349.83392334
2.25814058957	349.83392334
2.2610430839	349.83392334
2.26394557823	350.03604126
2.26684807256	349.83392334
2.26975056689	349.83392334
2.27265306122	349.83392334
2.27555555556	349.631896973
2.27845804989	349.83392334
2.28136054422	349.83392334
2.28426303855	349.83392334
2.28716553288	349.631896973
2.29006802721	349.631896973
2.29297052154	349.83392334
2.29587301587	350.03604126
2.2987755102	349.83392334
2.30167800454	349.83392334
2.30458049887	349.83392334
2.3074829932	349.83392334
2.31038548753	349.83392334
2.31328798186	349.83392334
2.31619047619	350.03604126
2.31909297052	350.03604126
2.32199546485	350.238311768
2.32489795918	350.03604126
2.32780045351	350.03604126
2.33070294785	349.83392334
2.33360544218	349.83392334
2.33650793651	349.83392334
2.33941043084	349.83392334
2.34231292517	349.83392334
2.3452154195	350.03604126
2.34811791383	350.03604126
2.35102040816	350.238311768
2.35392290249	350.238311768
2.35682539683	350.238311768
2.35972789116	350.238311768
2.36263038549	350.238311768
2.36553287982	350.238311768
2.36843537415	350.238311768
2.37133786848	350.238311768
2.37424036281	350.440673828
2.37714285714	350.643157959
2.38004535147	350.440673828
2.3829478458	350.440673828
2.38585034014	350.238311768
2.38875283447	350.03604126
2.3916553288	350.03604126
2.39455782313	350.03604126
2.39746031746	350.238311768
2.40036281179	350.238311768
2.40326530612	350.440673828
2.40616780045	350.440673828
2.40907029478	350.238311768
2.41197278912	350.440673828
2.41487528345	349.631896973
2.41777777778	348.422271729
2.42068027211	347.016326904
2.42358276644	346.215484619
2.42648526077	346.015533447
2.4293877551	346.615661621
2.43229024943	348.825012207
2.43519274376	353.69442749
2.4380952381	366.802520752
2.44099773243	374.50982666
2.44390022676	378.861419678
2.44680272109	381.496612549
2.44970521542	384.816375732
2.45260770975	387.940887451
2.45551020408	390.639221191
2.45841269841	392.448547363
2.46131519274	394.494049072
2.46421768707	395.178253174
2.46712018141	395.635040283
2.47002267574	395.635040283
2.47292517007	395.178253174
2.4758276644	394.266235352
2.47873015873	392.675292969
2.48163265306	391.769073486
2.48453514739	390.639221191
2.48743764172	389.962890625
2.49034013605	389.962890625
2.49324263039	390.639221191
2.49614512472	391.090789795
2.49904761905	391.769073486
2.50195011338	392.448547363
2.50485260771	393.35635376
2.50775510204	394.038574219
2.51065759637	394.950042725
2.5135600907	395.863616943
2.51646258503	396.779327393
2.51936507937	397.697143555
2.5222675737	397.926940918
2.52517006803	397.467498779
2.52807256236	397.467498779
2.53097505669	396.550201416
2.53387755102	395.406585693
2.53678004535	394.721984863
2.53968253968	394.266235352
2.54258503401	394.266235352
2.54548752834	394.266235352
2.54839002268	394.266235352
2.55129251701	394.266235352
2.55419501134	394.038574219
2.55709750567	393.35635376
2.56	392.902191162
2.56290249433	392.675292969
2.56580498866	392.902191162
2.56870748299	393.35635376
2.57160997732	394.038574219
2.57451247166	394.494049072
2.57741496599	394.494049072
2.58031746032	394.494049072
2.58321995465	394.038574219
2.58612244898	393.811035156
2.58902494331	393.811035156
2.59192743764	394.266235352
2.59482993197	394.721984863
2.5977324263	395.178253174
2.60063492063	395.406585693
2.60353741497	395.406585693
2.6064399093	395.406585693
2.60934240363	395.406585693
2.61224489796	395.406585693
2.61514739229	395.406585693
2.61804988662	395.406585693
2.62095238095	395.178253174
2.62385487528	394.950042725
2.62675736961	394.494049072
2.62965986395	394.038574219
2.63256235828	393.811035156
2.63546485261	393.129211426
2.63836734694	392.675292969
2.64126984127	392.221923828
2.6441723356	392.221923828
2.64707482993	392.221923828
2.64997732426	392.448547363
2.65287981859	392.675292969
2.65578231293	393.129211426
2.65868480726	393.35635376
2.66158730159	393.35635376
2.66448979592	393.583618164
2.66739229025	393.583618164
2.67029478458	393.583618164
2.67319727891	393.583618164
2.67609977324	393.583618164
2.67900226757	393.35635376
2.6819047619	393.129211426
2.68480725624	392.902191162
2.68770975057	392.675292969
2.6906122449	392.675292969
2.69351473923	392.902191162
2.69641723356	392.902191162
2.69931972789	393.129211426
2.70222222222	393.129211426
2.70512471655	393.129211426
2.70802721088	393.129211426
2.71092970522	393.129211426
2.71383219955	393.129211426
2.71673469388	393.129211426
2.71963718821	392.902191162
2.72253968254	393.129211426
2.72544217687	393.35635376
2.7283446712	393.35635376
2.73124716553	393.583618164
2.73414965986	393.811035156
2.7370521542	393.811035156
2.73995464853	393.811035156
2.74285714286	394.494049072
2.74575963719	395.863616943
2.74866213152	396.779327393
2.75156462585	396.550201416
2.75446712018	395.635040283
2.75736961451	394.266235352
2.76027210884	391.090789795
2.76317460317	349.631896973
2.76607709751	351.657318115
2.76897959184	352.674407959
2.77188208617	352.470733643
2.7747845805	351.657318115
2.77768707483	351.048461914
2.78058956916	350.440673828
2.78349206349	350.238311768
2.78639455782	350.238311768
2.78929705215	350.03604126
2.79219954649	349.631896973
2.79510204082	349.026580811
2.79800453515	349.026580811
2.80090702948	349.026580811
2.80380952381	348.825012207
2.80671201814	348.825012207
2.80961451247	349.228240967
2.8125170068	350.03604126
2.81541950113	350.440673828
2.81832199546	350.03604126
2.8212244898	349.83392334
2.82412698413	349.631896973
2.82702947846	349.430023193
2.82993197279	349.631896973
2.83283446712	349.228240967
2.83573696145	349.631896973
2.83863945578	349.83392334
2.84154195011	350.238311768
2.84444444444	350.643157959
2.84734693878	350.643157959
2.85024943311	350.643157959
2.85315192744	350.643157959
2.85605442177	350.440673828
2.8589569161	350.643157959
2.86185941043	350.440673828
2.86476190476	350.845733643
2.86766439909	351.048461914
2.87056689342	351.251281738
2.87346938776	351.45425415
2.87637188209	351.45425415
2.87927437642	351.251281738
2.88217687075	351.251281738
2.88507936508	351.45425415
2.88798185941	351.657318115
2.89088435374	352.063781738
2.89378684807	352.470733643
2.8966893424	352.267211914
2.89959183673	352.063781738
2.90249433107	351.657318115
2.9053968254	351.45425415
2.90829931973	351.45425415
2.91120181406	351.657318115
2.91410430839	351.86050415
2.91700680272	352.063781738
2.91990929705	351.657318115
2.92281179138	351.048461914
2.92571428571	350.643157959
2.92861678005	350.440673828
2.93151927438	350.238311768
2.93442176871	350.238311768
2.93732426304	350.238311768
2.94022675737	350.238311768
2.9431292517	349.83392334
2.94603174603	349.430023193
2.94893424036	349.430023193
2.95183673469	349.228240967
2.95473922902	349.228240967
2.95764172336	349.631896973
2.96054421769	350.03604126
2.96344671202	350.238311768
2.96634920635	350.238311768
2.96925170068	350.238311768
2.97215419501	350.03604126
2.97505668934	350.03604126
2.97795918367	350.03604126
2.980861678	350.03604126
2.98376417234	350.238311768
2.98666666667	350.440673828
2.989569161	350.643157959
2.99247165533	350.643157959
2.99537414966	350.440673828
2.99827664399	350.238311768
3.00117913832	350.238311768
3.00408163265	350.03604126
3.00698412698	349.83392334
3.00988662132	349.83392334
3.01278911565	349.83392334
3.01569160998	349.83392334
3.01859410431	349.83392334
3.02149659864	349.631896973
3.02439909297	349.631896973
3.0273015873	349.430023193
3.03020408163	349.430023193
3.03310657596	349.430023193
3.03600907029	349.430023193
3.03891156463	349.430023193
3.04181405896	349.430023193
3.04471655329	349.430023193
3.04761904762	349.631896973
3.05052154195	349.631896973
3.05342403628	349.83392334
3.05632653061	350.03604126
3.05922902494	350.238311768
3.06213151927	350.440673828
3.06503401361	350.440673828
3.06793650794	350.643157959
3.07083900227	350.440673828
3.0737414966	350.440673828
3.07664399093	350.238311768
3.07954648526	350.440673828
3.08244897959	350.238311768
3.08535147392	350.238311768
3.08825396825	350.238311768
3.09115646259	350.03604126
3.09405895692	350.03604126
3.09696145125	350.03604126
3.09986394558	350.03604126
3.10276643991	350.03604126
3.10566893424	350.238311768
3.10857142857	350.238311768
3.1114739229	350.440673828
3.11437641723	350.440673828
3.11727891156	350.440673828
3.1201814059	350.440673828
3.12308390023	350.440673828
3.12598639456	350.440673828
3.12888888889	350.440673828
3.13179138322	350.440673828
3.13469387755	350.238311768
3.13759637188	350.03604126
3.14049886621	350.03604126
3.14340136054	349.83392334
3.14630385488	349.83392334
3.14920634921	349.83392334
3.15210884354	349.83392334
3.15501133787	349.83392334
3.1579138322	350.03604126
3.16081632653	350.03604126
3.16371882086	349.83392334
3.16662131519	349.83392334
3.16952380952	349.83392334
3.17242630385	349.83392334
3.17532879819	349.83392334
3.17823129252	349.83392334
3.18113378685	349.631896973
3.18403628118	349.631896973
3.18693877551	349.83392334
3.18984126984	350.03604126
3.19274376417	350.238311768
3.1956462585	350.845733643
3.19854875283	352.267211914
3.20145124717	354.512573242
3.2043537415	358.21774292
3.20725623583	366.167449951
3.21015873016	376.027160645
3.21306122449	380.176727295
3.21596371882	383.263580322
3.21886621315	385.038726807
3.22176870748	387.269226074
3.22467120181	389.287719727
3.22757369615	391.090789795
3.23047619048	392.448547363
3.23337868481	394.266235352
3.23628117914	394.950042725
3.23918367347	395.635040283
3.2420861678	395.863616943
3.24498866213	395.178253174
3.24789115646	394.266235352
3.25079365079	391.769073486
3.25369614512	391.090789795
3.25659863946	389.512664795
3.25950113379	389.287719727
3.26240362812	389.737701416
3.26530612245	390.413665771
3.26820861678	391.316741943
3.27111111111	391.995422363
3.27401360544	392.902191162
3.27691609977	393.583618164
3.2798185941	394.494049072
3.28272108844	395.178253174
3.28562358277	395.863616943
3.2885260771	396.550201416
3.29142857143	397.237976074
3.29433106576	397.467498779
3.29723356009	397.697143555
3.30013605442	397.237976074
3.30303854875	396.550201416
3.30594104308	396.092346191
3.30884353741	395.406585693
3.31174603175	394.721984863
3.31464852608	394.266235352
3.31755102041	393.583618164
3.32045351474	393.129211426
3.32335600907	392.902191162
3.3262585034	392.902191162
3.32916099773	393.583618164
3.33206349206	394.038574219
3.33496598639	394.494049072
3.33786848073	394.494049072
3.34077097506	394.266235352
3.34367346939	393.811035156
3.34657596372	393.129211426
3.34947845805	392.221923828
3.35238095238	390.864929199
3.35528344671	389.512664795
3.35818594104	387.269226074
3.36108843537	385.261199951
3.36399092971	394.266235352
3.36689342404	393.811035156
3.36979591837	352.878173828
3.3726984127	351.251281738
3.37560090703	350.643157959
3.37850340136	350.845733643
3.38140589569	350.845733643
3.38430839002	350.643157959
3.38721088435	350.643157959
3.39011337868	350.440673828
3.39301587302	350.238311768
3.39591836735	350.03604126
3.39882086168	349.631896973
3.40172335601	349.430023193
3.40462585034	349.228240967
3.40752834467	349.026580811
3.410430839	348.825012207
3.41333333333	348.825012207
3.41623582766	349.228240967
3.419138322	350.440673828
3.42204081633	351.657318115
3.42494331066	351.657318115
3.42784580499	350.845733643
3.43074829932	349.83392334
3.43365079365	349.026580811
3.43655328798	348.623596191
3.43945578231	348.422271729
3.44235827664	349.430023193
3.44526077098	350.643157959
3.44816326531	351.657318115
3.45106575964	351.86050415
3.45396825397	351.048461914
3.4568707483	350.03604126
3.45977324263	349.631896973
3.46267573696	349.631896973
3.46557823129	350.238311768
3.46848072562	351.251281738
3.47138321995	352.267211914
3.47428571429	352.470733643
3.47718820862	351.657318115
3.48009070295	351.048461914
3.48299319728	350.643157959
3.48589569161	350.845733643
3.48879818594	351.45425415
3.49170068027	352.878173828
3.4946031746	355.127441406
3.49750566893	354.717407227
3.50040816327	353.082061768
3.5033106576	351.86050415
3.50621315193	351.251281738
3.50911564626	351.048461914
3.51201814059	351.251281738
3.51492063492	352.063781738
3.51782312925	352.878173828
3.52072562358	353.082061768
3.52362811791	352.470733643
3.52653061224	351.45425415
3.52943310658	350.643157959
3.53233560091	350.03604126
3.53523809524	349.83392334
3.53814058957	349.83392334
3.5410430839	350.03604126
3.54394557823	350.238311768
3.54684807256	350.03604126
3.54975056689	349.631896973
3.55265306122	349.228240967
3.55555555556	349.026580811
3.55845804989	349.228240967
3.56136054422	349.430023193
3.56426303855	349.83392334
3.56716553288	350.440673828
3.57006802721	350.643157959
3.57297052154	350.643157959
3.57587301587	350.440673828
3.5787755102	350.238311768
3.58167800454	350.03604126
3.58458049887	349.83392334
3.5874829932	350.03604126
3.59038548753	350.238311768
3.59328798186	350.643157959
3.59619047619	350.845733643
3.59909297052	350.845733643
3.60199546485	350.440673828
3.60489795918	350.238311768
3.60780045351	349.83392334
3.61070294785	349.631896973
3.61360544218	349.83392334
3.61650793651	349.83392334
3.61941043084	350.238311768
3.62231292517	350.238311768
3.6252154195	350.03604126
3.62811791383	349.83392334
3.63102040816	349.631896973
3.63392290249	349.430023193
3.63682539683	349.430023193
3.63972789116	349.631896973
3.64263038549	349.631896973
3.64553287982	349.631896973
3.64843537415	349.430023193
3.65133786848	349.228240967
3.65424036281	349.631896973
3.65714285714	351.45425415
3.66004535147	353.490203857
3.6629478458	354.512573242
3.66585034014	354.512573242
3.66875283447	309.692596436
3.6716553288	310.229705811
3.67455782313	312.20715332
3.67746031746	314.923950195
3.68036281179	315.470153809
3.68326530612	315.287994385
3.68616780045	314.56036377
3.68907029478	313.472045898
3.69197278912	312.026855469
3.69487528345	310.76776123
3.69777777778	310.229705811
3.70068027211	310.229705811
3.70358276644	310.588317871
3.70648526077	311.486633301
3.7093877551	312.568023682
3.71229024943	313.472045898
3.71519274376	313.834411621
3.7180952381	313.472045898
3.72099773243	313.110137939
3.72390022676	312.929321289
3.72680272109	312.748626709
3.72970521542	313.110137939
3.73260770975	313.472045898
3.73551020408	314.378723145
3.73841269841	314.923950195
3.74131519274	315.105926514
3.74421768707	314.56036377
3.74712018141	314.01574707
3.75002267574	313.291046143
3.75292517007	312.568023682
3.7558276644	312.026855469
3.75873015873	311.846679688
3.76163265306	311.846679688
3.76453514739	312.387542725
3.76743764172	312.929321289
3.77034013605	313.834411621
3.77324263039	314.742095947
3.77614512472	315.652435303
3.77904761905	315.83480835
3.78195011338	315.83480835
3.78485260771	315.105926514
3.78775510204	314.378723145
3.79065759637	313.472045898
3.7935600907	312.748626709
3.79646258503	312.026855469
3.79936507937	311.666595459
3.8022675737	311.666595459
3.80517006803	311.666595459
3.80807256236	311.846679688
3.81097505669	312.026855469
3.81387755102	312.20715332
3.81678004535	312.387542725
3.81968253968	312.387542725
3.82258503401	312.20715332
3.82548752834	312.026855469
3.82839002268	311.666595459
3.83129251701	311.306762695
3.83419501134	311.126983643
3.83709750567	311.126983643
3.84	311.306762695
3.84290249433	311.846679688
3.84580498866	312.387542725
3.84870748299	312.929321289
3.85160997732	313.291046143
3.85451247166	313.472045898
3.85741496599	313.110137939
3.86031746032	312.929321289
3.86321995465	312.568023682
3.86612244898	312.20715332
3.86902494331	312.026855469
3.87192743764	312.387542725
3.87482993197	312.748626709
3.8777324263	313.472045898
3.88063492063	313.653167725
3.88353741497	313.472045898
3.8864399093	312.929321289
3.88934240363	312.568023682
3.89224489796	312.387542725
3.89514739229	312.387542725
3.89804988662	312.387542725
3.90095238095	312.568023682
3.90385487528	312.929321289
3.90675736961	313.110137939
3.90965986395	312.929321289
3.91256235828	312.748626709
3.91546485261	312.568023682
3.91836734694	312.387542725
3.92126984127	312.387542725
3.9241723356	312.748626709
3.92707482993	314.01574707
3.92997732426	315.652435303
3.93287981859	316.748291016
3.93578231293	316.748291016
3.93868480726	315.470153809
3.94158730159	312.026855469
3.94448979592	299.316162109
3.94739229025	295.878234863
3.95029478458	296.562652588
3.95319727891	297.936218262
3.95609977324	299.489105225
3.95900226757	300.528869629
3.9619047619	300.876251221
3.96480725624	300.876251221
3.96770975057	300.528869629
3.9706122449	299.143310547
3.97351473923	297.592224121
3.97641723356	295.707366943
3.97931972789	294.514129639
3.98222222222	293.834442139
3.98512471655	293.495178223
3.98802721088	293.495178223
3.99092970522	293.834442139
3.99383219955	294.344055176
3.99673469388	294.684295654
3.99963718821	294.684295654
4.00253968254	294.854553223
4.00544217687	295.707366943
4.0083446712	295.878234863
4.01124716553	295.707366943
4.01414965986	295.707366943
4.0170521542	295.536621094
4.01995464853	295.707366943
4.02285714286	295.707366943
4.02575963719	295.536621094
4.02866213152	295.195404053
4.03156462585	295.024932861
4.03446712018	294.684295654
4.03736961451	294.514129639
4.04027210884	294.344055176
4.04317460317	294.174102783
4.04607709751	294.344055176
4.04897959184	294.684295654
4.05188208617	295.195404053
4.0547845805	295.707366943
4.05768707483	295.878234863
4.06058956916	296.049194336
4.06349206349	296.049194336
4.06639455782	295.878234863
4.06929705215	295.536621094
4.07219954649	295.195404053
4.07510204082	294.854553223
4.07800453515	294.514129639
4.08090702948	294.344055176
4.08380952381	294.174102783
4.08671201814	294.174102783
4.08961451247	294.004211426
4.0925170068	294.004211426
4.09541950113	294.344055176
4.09832199546	294.514129639
4.1012244898	295.195404053
4.10412698413	295.707366943
4.10702947846	296.220245361
4.10993197279	296.562652588
4.11283446712	296.733978271
4.11573696145	296.733978271
4.11863945578	296.391387939
4.12154195011	296.049194336
4.12444444444	295.707366943
4.12734693878	295.365936279
4.13024943311	294.854553223
4.13315192744	294.684295654
4.13605442177	294.514129639
4.1389569161	294.344055176
4.14185941043	294.174102783
4.14476190476	294.344055176
4.14766439909	294.344055176
4.15056689342	294.514129639
4.15346938776	294.854553223
4.15637188209	295.024932861
4.15927437642	295.365936279
4.16217687075	295.365936279
4.16507936508	295.365936279
4.16798185941	295.365936279
4.17088435374	295.365936279
4.17378684807	295.195404053
4.1766893424	295.024932861
4.17959183673	295.024932861
4.18249433107	295.024932861
4.1853968254	294.854553223
4.18829931973	294.854553223
4.19120181406	294.684295654
4.19410430839	294.684295654
4.19700680272	294.514129639
4.19990929705	294.344055176
4.20281179138	294.514129639
4.20571428571	294.684295654
4.20861678005	294.684295654
4.21151927438	295.024932861
4.21442176871	295.195404053
4.21732426304	295.365936279
4.22022675737	295.365936279
4.2231292517	295.707366943
4.22603174603	295.536621094
4.22893424036	295.707366943
4.23183673469	295.878234863
4.23473922902	296.049194336
4.23764172336	296.049194336
4.24054421769	295.878234863
4.24344671202	295.878234863
4.24634920635	295.707366943
4.24925170068	295.536621094
4.25215419501	295.365936279
4.25505668934	295.195404053
4.25795918367	295.024932861
4.260861678	295.024932861
4.26376417234	295.195404053
4.26666666667	295.195404053
4.269569161	295.365936279
4.27247165533	295.365936279
4.27537414966	295.365936279
4.27827664399	295.365936279
4.28117913832	295.365936279
4.28408163265	295.365936279
4.28698412698	295.195404053
4.28988662132	295.024932861
4.29278911565	295.024932861
4.29569160998	295.024932861
4.29859410431	295.024932861
4.30149659864	294.854553223
4.30439909297	294.854553223
4.3073015873	294.684295654
4.31020408163	294.684295654
4.31310657596	294.514129639
4.31600907029	294.684295654
4.31891156463	294.684295654
4.32181405896	294.854553223
4.32471655329	294.854553223
4.32761904762	295.024932861
4.33052154195	295.024932861
4.33342403628	295.024932861
4.33632653061	295.024932861
4.33922902494	295.024932861
4.34213151927	295.024932861
4.34503401361	294.854553223
4.34793650794	294.684295654
4.35083900227	294.684295654
4.3537414966	294.514129639
4.35664399093	294.684295654
4.35954648526	294.684295654
4.36244897959	294.854553223
4.36535147392	295.024932861
4.36825396825	295.195404053
4.37115646259	295.536621094
4.37405895692	295.536621094
4.37696145125	295.707366943
4.37986394558	295.707366943
4.38276643991	295.536621094
4.38566893424	295.365936279
4.38857142857	295.195404053
4.3914739229	295.024932861
4.39437641723	294.854553223
4.39727891156	294.684295654
4.4001814059	294.514129639
4.40308390023	294.174102783
4.40598639456	294.174102783
4.40888888889	294.344055176
4.41179138322	294.684295654
4.41469387755	295.024932861
4.41759637188	295.365936279
4.42049886621	295.707366943
4.42340136054	296.220245361
4.42630385488	296.562652588
4.42920634921	296.733978271
4.43210884354	297.07699585
4.43501133787	297.07699585
4.4379138322	297.07699585
4.44081632653	297.07699585
4.44371882086	296.733978271
4.44662131519	296.562652588
4.44952380952	296.391387939
4.45242630385	296.049194336
4.45532879819	295.707366943
4.45823129252	295.365936279
4.46113378685	295.024932861
4.46403628118	295.365936279
4.46693877551	295.195404053
4.46984126984	295.365936279
4.47274376417	295.707366943
4.4756462585	295.707366943
4.47854875283	296.049194336
4.48145124717	296.391387939
4.4843537415	296.562652588
4.48725623583	296.733978271
4.49015873016	296.905426025
4.49306122449	296.905426025
4.49596371882	297.07699585
4.49886621315	297.07699585
4.50176870748	297.07699585
4.50467120181	297.07699585
4.50757369615	296.733978271
4.51047619048	296.562652588
4.51337868481	296.562652588
4.51628117914	296.391387939
4.51918367347	296.220245361
4.5220861678	296.391387939
4.52498866213	296.220245361
4.52789115646	294.344055176
4.53079365079	294.684295654
4.53369614512	295.195404053
4.53659863946	294.004211426
4.53950113379	293.495178223
4.54240362812	294.344055176
4.54530612245	287.123260498
4.54820861678	292.648773193
4.55111111111	294.514129639
4.55401360544	296.220245361
4.55691609977	297.592224121
4.5598185941	298.452941895
4.56272108844	298.970581055
4.56562358277	299.143310547
4.5685260771	298.797943115
4.57142857143	297.936218262
4.57433106576	296.905426025
4.57723356009	295.536621094
4.58013605442	294.854553223
4.58303854875	294.174102783
4.58594104308	294.004211426
4.58884353741	294.004211426
4.59174603175	294.174102783
4.59464852608	294.174102783
4.59755102041	294.344055176
4.60045351474	294.514129639
4.60335600907	294.514129639
4.6062585034	294.684295654
4.60916099773	294.684295654
4.61206349206	294.854553223
4.61496598639	294.854553223
4.61786848073	295.024932861
4.62077097506	295.024932861
4.62367346939	295.195404053
4.62657596372	295.195404053
4.62947845805	295.195404053
4.63238095238	295.195404053
4.63528344671	295.195404053
4.63818594104	295.195404053
4.64108843537	295.024932861
4.64399092971	294.854553223
4.64689342404	294.684295654
4.64979591837	294.514129639
4.6526984127	294.514129639
4.65560090703	294.514129639
4.65850340136	294.344055176
4.66140589569	294.514129639
4.66430839002	294.514129639
4.66721088435	294.684295654
4.67011337868	294.684295654
4.67301587302	294.684295654
4.67591836735	294.854553223
4.67882086168	295.024932861
4.68172335601	295.024932861
4.68462585034	295.195404053
4.68752834467	295.024932861
4.690430839	295.024932861
4.69333333333	295.024932861
4.69623582766	295.024932861
4.699138322	295.024932861
4.70204081633	295.024932861
4.70494331066	295.195404053
4.70784580499	295.365936279
4.71074829932	295.536621094
4.71365079365	295.536621094
4.71655328798	295.365936279
4.71945578231	295.365936279
4.72235827664	295.195404053
4.72526077098	295.195404053
4.72816326531	295.024932861
4.73106575964	295.024932861
4.73396825397	294.854553223
4.7368707483	295.024932861
4.73977324263	295.024932861
4.74267573696	294.854553223
4.74557823129	294.854553223
4.74848072562	294.854553223
4.75138321995	294.854553223
4.75428571429	294.854553223
4.75718820862	294.854553223
4.76009070295	294.854553223
4.76299319728	295.024932861
4.76589569161	295.024932861
4.76879818594	295.024932861
4.77170068027	295.024932861
4.7746031746	294.854553223
4.77750566893	294.854553223
4.78040816327	294.854553223
4.7833106576	294.854553223
4.78621315193	294.854553223
4.78911564626	294.854553223
4.79201814059	294.684295654
4.79492063492	294.684295654
4.79782312925	294.684295654
4.80072562358	294.684295654
4.80362811791	294.854553223
4.80653061224	295.024932861
4.80943310658	295.024932861
4.81233560091	295.195404053
4.81523809524	295.195404053
4.81814058957	295.365936279
4.8210430839	295.536621094
4.82394557823	295.536621094
4.82684807256	295.536621094
4.82975056689	295.536621094
4.83265306122	295.536621094
4.83555555556	295.707366943
4.83845804989	295.707366943
4.84136054422	295.707366943
4.84426303855	295.707366943
4.84716553288	295.536621094
4.85006802721	295.536621094
4.85297052154	295.365936279
4.85587301587	295.195404053
4.8587755102	295.195404053
4.86167800454	295.195404053
4.86458049887	295.024932861
4.8674829932	295.195404053
4.87038548753	295.195404053
4.87328798186	295.195404053
4.87619047619	295.195404053
4.87909297052	295.024932861
4.88199546485	295.195404053
4.88489795918	295.024932861
4.88780045351	295.024932861
4.89070294785	295.024932861
4.89360544218	295.024932861
4.89650793651	295.024932861
4.89941043084	295.024932861
4.90231292517	295.024932861
4.9052154195	295.024932861
4.90811791383	294.854553223
4.91102040816	294.854553223
4.91392290249	294.854553223
4.91682539683	294.684295654
4.91972789116	294.684295654
4.92263038549	294.684295654
4.92553287982	294.684295654
4.92843537415	294.854553223
4.93133786848	294.854553223
4.93424036281	294.854553223
4.93714285714	295.024932861
4.94004535147	295.195404053
4.9429478458	295.195404053
4.94585034014	295.195404053
4.94875283447	295.024932861
4.9516553288	294.854553223
4.95455782313	294.854553223
4.95746031746	294.854553223
4.96036281179	294.854553223
4.96326530612	294.854553223
4.96616780045	294.854553223
4.96907029478	294.854553223
4.97197278912	294.854553223
4.97487528345	294.854553223
4.97777777778	294.854553223
4.98068027211	294.854553223
4.98358276644	294.854553223
4.98648526077	294.854553223
4.9893877551	294.854553223
4.99229024943	294.854553223
4.99519274376	294.854553223
4.9980952381	294.854553223
5.00099773243	294.854553223
5.00390022676	294.854553223
5.00680272109	294.854553223
5.00970521542	294.684295654
5.01260770975	294.684295654
5.01551020408	294.684295654
5.01841269841	294.854553223
5.02131519274	294.854553223
5.02421768707	294.854553223
5.02712018141	294.684295654
5.03002267574	294.684295654
5.03292517007	294.684295654
5.0358276644	294.684295654
5.03873015873	294.684295654
5.04163265306	294.684295654
5.04453514739	294.684295654
5.04743764172	294.684295654
5.05034013605	294.684295654
5.05324263039	294.514129639
5.05614512472	294.514129639
5.05904761905	294.514129639
5.06195011338	294.684295654
5.06485260771	294.684295654
5.06775510204	294.854553223
5.07065759637	294.854553223
5.0735600907	294.854553223
5.07646258503	294.684295654
5.07936507937	294.514129639
5.0822675737	294.514129639
5.08517006803	294.514129639
5.08807256236	294.344055176
5.09097505669	294.174102783
5.09387755102	294.174102783
5.09678004535	294.174102783
5.09968253968	294.344055176
5.10258503401	294.344055176
5.10548752834	294.344055176
5.10839002268	294.344055176
5.11129251701	294.344055176
5.11419501134	294.344055176
5.11709750567	294.344055176
5.12	294.344055176
5.12290249433	294.344055176
5.12580498866	294.344055176
5.12870748299	294.344055176
5.13160997732	294.174102783
5.13451247166	294.174102783
5.13741496599	294.174102783
5.14031746032	294.004211426
5.14321995465	294.004211426
5.14612244898	293.834442139
5.14902494331	293.664764404
5.15192743764	293.664764404
5.15482993197	293.664764404
5.1577324263	293.834442139
5.16063492063	293.834442139
5.16353741497	293.834442139
5.1664399093	294.004211426
5.16934240363	294.004211426
5.17224489796	294.174102783
5.17514739229	294.174102783
5.17804988662	294.344055176
5.18095238095	294.174102783
5.18385487528	294.344055176
5.18675736961	294.174102783
5.18965986395	294.174102783
5.19256235828	294.344055176
5.19546485261	294.344055176
5.19836734694	294.514129639
5.20126984127	294.514129639
5.2041723356	294.344055176
5.20707482993	294.514129639
5.20997732426	294.514129639
5.21287981859	294.514129639
5.21578231293	294.514129639
5.21868480726	294.514129639
5.22158730159	294.514129639
5.22448979592	294.684295654
5.22739229025	294.684295654
5.23029478458	294.684295654
5.23319727891	294.684295654
5.23609977324	294.684295654
5.23900226757	294.514129639
5.2419047619	294.514129639
5.24480725624	294.514129639
5.24770975057	294.514129639
5.2506122449	294.514129639
5.25351473923	294.514129639
5.25641723356	294.684295654
5.25931972789	294.854553223
5.26222222222	295.024932861
5.26512471655	295.195404053
5.26802721088	295.365936279
5.27092970522	295.536621094
5.27383219955	295.707366943
5.27673469388	295.707366943
5.27963718821	295.707366943
5.28253968254	295.707366943
5.28544217687	295.536621094
5.2883446712	295.536621094
5.29124716553	295.195404053
5.29414965986	295.024932861
5.2970521542	295.024932861
5.29995464853	294.854553223
5.30285714286	294.684295654
5.30575963719	294.684295654
5.30866213152	294.684295654
5.31156462585	294.684295654
5.31446712018	294.854553223
5.31736961451	295.024932861
5.32027210884	295.365936279
5.32317460317	295.536621094
5.32607709751	295.878234863
5.32897959184	296.049194336
5.33188208617	296.220245361
5.3347845805	296.220245361
5.33768707483	296.220245361
5.34058956916	296.220245361
5.34349206349	296.220245361
5.34639455782	295.878234863
5.34929705215	295.707366943
5.35219954649	295.365936279
5.35510204082	295.195404053
5.35800453515	295.195404053
5.36090702948	295.536621094
5.36380952381	295.707366943
5.36671201814	296.220245361
5.36961451247	296.905426025
5.3725170068	297.07699585
5.37541950113	297.420379639
5.37832199546	297.592224121
5.3812244898	297.592224121
5.38412698413	297.420379639
5.38702947846	297.592224121
5.38993197279	297.764160156
5.39283446712	297.592224121
5.39573696145	0.0
5.39863945578	0.0
5.40154195011	0.0
5.40444444444	0.0
5.40734693878	0.0
5.41024943311	0.0
5.41315192744	0.0
5.41605442177	0.0
5.4189569161	0.0
5.42185941043	0.0
5.42476190476	0.0
5.42766439909	0.0
5.43056689342	0.0
5.43346938776	0.0
5.43637188209	0.0
5.43927437642	0.0
5.44217687075	0.0
5.44507936508	0.0
5.44798185941	0.0
5.45088435374	0.0
5.45378684807	0.0
5.4566893424	0.0
5.45959183673	0.0
5.46249433107	0.0
5.4653968254	0.0
5.46829931973	0.0
5.47120181406	0.0
5.47410430839	0.0
5.47700680272	0.0
5.47990929705	0.0
5.48281179138	0.0
5.48571428571	0.0
5.48861678005	0.0
5.49151927438	0.0
5.49442176871	0.0
5.49732426304	0.0
5.50022675737	0.0
5.5031292517	0.0
5.50603174603	0.0
5.50893424036	0.0
5.51183673469	0.0
5.51473922902	0.0
5.51764172336	0.0
5.52054421769	0.0
5.52344671202	0.0
5.52634920635	0.0
5.52925170068	0.0
5.53215419501	0.0
5.53505668934	0.0
5.53795918367	0.0
5.540861678	0.0
5.54376417234	0.0
5.54666666667	0.0
5.549569161	0.0
5.55247165533	0.0
5.55537414966	0.0
5.55827664399	0.0
5.56117913832	0.0
5.56408163265	0.0
5.56698412698	0.0
5.56988662132	0.0
5.57278911565	0.0
5.57569160998	0.0
5.57859410431	0.0
5.58149659864	0.0
5.58439909297	0.0
5.5873015873	0.0
5.59020408163	0.0
5.59310657596	0.0
5.59600907029	0.0
5.59891156463	0.0
5.60181405896	0.0
5.60471655329	0.0
5.60761904762	0.0
5.61052154195	0.0
5.61342403628	0.0
5.61632653061	0.0
5.61922902494	0.0
5.62213151927	0.0
5.62503401361	0.0
5.62793650794	0.0
5.63083900227	0.0
5.6337414966	0.0
5.63664399093	0.0
5.63954648526	0.0
5.64244897959	0.0
5.64535147392	0.0
5.64825396825	0.0
5.65115646259	0.0
5.65405895692	0.0
5.65696145125	0.0
5.65986394558	0.0
5.66276643991	0.0
5.66566893424	0.0
5.66857142857	0.0
5.6714739229	0.0
5.67437641723	0.0
5.67727891156	0.0
5.6801814059	0.0
5.68308390023	0.0
5.68598639456	0.0
5.68888888889	0.0
5.69179138322	0.0
5.69469387755	0.0
5.69759637188	0.0
5.70049886621	0.0
5.70340136054	0.0
5.70630385488	0.0
5.70920634921	0.0
5.71210884354	0.0
5.71501133787	0.0
5.7179138322	0.0
5.72081632653	0.0
5.72371882086	0.0
5.72662131519	0.0
5.72952380952	0.0
5.73242630385	0.0
5.73532879819	0.0
5.73823129252	0.0
5.74113378685	0.0
5.74403628118	0.0
5.74693877551	0.0
5.74984126984	0.0
5.75274376417	0.0
5.7556462585	0.0
5.75854875283	0.0
5.76145124717	0.0
5.7643537415	0.0
5.76725623583	0.0
5.77015873016	0.0
5.77306122449	0.0
5.77596371882	0.0
5.77886621315	0.0
5.78176870748	0.0
5.78467120181	0.0
5.78757369615	0.0
5.79047619048	0.0
5.79337868481	0.0
5.79628117914	0.0
5.79918367347	0.0
5.8020861678	0.0
5.80498866213	0.0
5.80789115646	0.0
5.81079365079	0.0
5.81369614512	0.0
5.81659863946	0.0
5.81950113379	0.0
5.82240362812	0.0
5.82530612245	0.0
5.82820861678	0.0
5.83111111111	0.0
