0.0	0.0
0.00290249433107	0.0
0.00580498866213	0.0
0.0087074829932	0.0
0.0116099773243	0.0
0.0145124716553	0.0
0.0174149659864	0.0
0.0203174603175	0.0
0.0232199546485	0.0
0.0261224489796	0.0
0.0290249433107	0.0
0.0319274376417	0.0
0.0348299319728	0.0
0.0377324263039	0.0
0.0406349206349	0.0
0.043537414966	0.0
0.0464399092971	0.0
0.0493424036281	0.0
0.0522448979592	0.0
0.0551473922902	0.0
0.0580498866213	0.0
0.0609523809524	0.0
0.0638548752834	0.0
0.0667573696145	0.0
0.0696598639456	0.0
0.0725623582766	0.0
0.0754648526077	0.0
0.0783673469388	0.0
0.0812698412698	0.0
0.0841723356009	0.0
0.087074829932	0.0
0.089977324263	0.0
0.0928798185941	0.0
0.0957823129252	0.0
0.0986848072562	0.0
0.101587301587	0.0
0.104489795918	0.0
0.107392290249	0.0
0.11029478458	0.0
0.113197278912	0.0
0.116099773243	0.0
0.119002267574	0.0
0.121904761905	0.0
0.124807256236	0.0
0.127709750567	0.0
0.130612244898	0.0
0.133514739229	0.0
0.13641723356	0.0
0.139319727891	0.0
0.142222222222	0.0
0.145124716553	0.0
0.148027210884	0.0
0.150929705215	0.0
0.153832199546	0.0
0.156734693878	0.0
0.159637188209	0.0
0.16253968254	0.0
0.165442176871	0.0
0.168344671202	0.0
0.171247165533	0.0
0.174149659864	0.0
0.177052154195	0.0
0.179954648526	0.0
0.182857142857	0.0
0.185759637188	0.0
0.188662131519	0.0
0.19156462585	0.0
0.194467120181	0.0
0.197369614512	0.0
0.200272108844	0.0
0.203174603175	0.0
0.206077097506	0.0
0.208979591837	0.0
0.211882086168	0.0
0.214784580499	0.0
0.21768707483	0.0
0.220589569161	0.0
0.223492063492	0.0
0.226394557823	0.0
0.229297052154	0.0
0.232199546485	0.0
0.235102040816	0.0
0.238004535147	0.0
0.240907029478	0.0
0.24380952381	0.0
0.246712018141	0.0
0.249614512472	0.0
0.252517006803	0.0
0.255419501134	0.0
0.258321995465	0.0
0.261224489796	0.0
0.264126984127	0.0
0.267029478458	0.0
0.269931972789	0.0
0.27283446712	0.0
0.275736961451	0.0
0.278639455782	0.0
0.281541950113	0.0
0.284444444444	0.0
0.287346938776	0.0
0.290249433107	0.0
0.293151927438	0.0
0.296054421769	0.0
0.2989569161	0.0
0.301859410431	0.0
0.304761904762	0.0
0.307664399093	0.0
0.310566893424	0.0
0.313469387755	0.0
0.316371882086	0.0
0.319274376417	0.0
0.322176870748	0.0
0.325079365079	0.0
0.32798185941	0.0
0.330884353741	0.0
0.333786848073	0.0
0.336689342404	0.0
0.339591836735	0.0
0.342494331066	0.0
0.345396825397	0.0
0.348299319728	0.0
0.351201814059	0.0
0.35410430839	0.0
0.357006802721	0.0
0.359909297052	0.0
0.362811791383	0.0
0.365714285714	0.0
0.368616780045	0.0
0.371519274376	0.0
0.374421768707	0.0
0.377324263039	0.0
0.38022675737	0.0
0.383129251701	0.0
0.386031746032	0.0
0.388934240363	0.0
0.391836734694	0.0
0.394739229025	0.0
0.397641723356	0.0
0.400544217687	0.0
0.403446712018	0.0
0.406349206349	0.0
0.40925170068	0.0
0.412154195011	0.0
0.415056689342	0.0
0.417959183673	0.0
0.420861678005	0.0
0.423764172336	0.0
0.426666666667	0.0
0.429569160998	0.0
0.432471655329	0.0
0.43537414966	0.0
0.438276643991	0.0
0.441179138322	0.0
0.444081632653	0.0
0.446984126984	0.0
0.449886621315	0.0
0.452789115646	0.0
0.455691609977	0.0
0.458594104308	0.0
0.461496598639	0.0
0.464399092971	0.0
0.467301587302	0.0
0.470204081633	0.0
0.473106575964	0.0
0.476009070295	0.0
0.478911564626	0.0
0.481814058957	0.0
0.484716553288	0.0
0.487619047619	0.0
0.49052154195	0.0
0.493424036281	0.0
0.496326530612	0.0
0.499229024943	0.0
0.502131519274	0.0
0.505034013605	0.0
0.507936507937	0.0
0.510839002268	0.0
0.513741496599	0.0
0.51664399093	0.0
0.519546485261	0.0
0.522448979592	0.0
0.525351473923	0.0
0.528253968254	0.0
0.531156462585	0.0
0.534058956916	0.0
0.536961451247	0.0
0.539863945578	0.0
0.542766439909	0.0
0.54566893424	0.0
0.548571428571	0.0
0.551473922902	0.0
0.554376417234	0.0
0.557278911565	0.0
0.560181405896	0.0
0.563083900227	0.0
0.565986394558	0.0
0.568888888889	0.0
0.57179138322	0.0
0.574693877551	0.0
0.577596371882	0.0
0.580498866213	0.0
0.583401360544	0.0
0.586303854875	0.0
0.589206349206	0.0
0.592108843537	0.0
0.595011337868	0.0
0.5979138322	0.0
0.600816326531	0.0
0.603718820862	0.0
0.606621315193	0.0
0.609523809524	0.0
0.612426303855	0.0
0.615328798186	0.0
0.618231292517	0.0
0.621133786848	0.0
0.624036281179	0.0
0.62693877551	0.0
0.629841269841	0.0
0.632743764172	0.0
0.635646258503	0.0
0.638548752834	0.0
0.641451247166	0.0
0.644353741497	0.0
0.647256235828	0.0
0.650158730159	0.0
0.65306122449	0.0
0.655963718821	0.0
0.658866213152	0.0
0.661768707483	0.0
0.664671201814	0.0
0.667573696145	0.0
0.670476190476	0.0
0.673378684807	0.0
0.676281179138	0.0
0.679183673469	0.0
0.6820861678	0.0
0.684988662132	0.0
0.687891156463	0.0
0.690793650794	145.062057495
0.693696145125	144.810897827
0.696598639456	144.643707275
0.699501133787	144.643707275
0.702403628118	144.727279663
0.705306122449	145.733932495
0.70820861678	147.172027588
0.711111111111	147.597702026
0.714013605442	147.939117432
0.716916099773	148.19569397
0.719818594104	148.110122681
0.722721088435	147.68296814
0.725623582766	147.939117432
0.728526077098	148.538497925
0.731428571429	149.05418396
0.73433106576	149.312698364
0.737233560091	149.485290527
0.740136054422	149.831069946
0.743038548753	149.917648315
0.745941043084	149.571655273
0.748843537415	149.312698364
0.751746031746	148.968109131
0.754648526077	148.882080078
0.757551020408	148.968109131
0.760453514739	149.226470947
0.76335600907	149.658081055
0.766258503401	150.264434814
0.769160997732	150.525039673
0.772063492063	150.612014771
0.774965986395	150.43812561
0.777868480726	150.43812561
0.780770975057	150.699035645
0.783673469388	151.134902954
0.786575963719	151.48449707
0.78947845805	151.834915161
0.792380952381	152.186126709
0.795283446712	152.27406311
0.798185941043	151.397018433
0.801088435374	157.826217651
0.803990929705	160.121856689
0.806893424036	161.235580444
0.809795918367	161.888839722
0.812698412698	162.263320923
0.815600907029	161.142486572
0.818503401361	155.653381348
0.821405895692	155.114852905
0.824308390023	154.399719238
0.827210884354	153.421798706
0.830113378685	0.0
0.833015873016	0.0
0.835918367347	0.0
0.838820861678	0.0
0.841723356009	0.0
0.84462585034	0.0
0.847528344671	0.0
0.850430839002	0.0
0.853333333333	0.0
0.856235827664	0.0
0.859138321995	0.0
0.862040816327	0.0
0.864943310658	174.91696167
0.867845804989	176.235366821
0.87074829932	176.643035889
0.873650793651	176.847213745
0.876553287982	176.949401855
0.879455782313	175.930252075
0.882358276644	176.745101929
0.885260770975	177.974456787
0.888163265306	178.386138916
0.891065759637	178.798782349
0.893968253968	178.386138916
0.896870748299	178.902084351
0.89977324263	179.315917969
0.902675736961	178.798782349
0.905578231293	178.592330933
0.908480725624	178.386138916
0.911383219955	178.077285767
0.914285714286	177.974456787
0.917188208617	177.256286621
0.920090702948	177.153930664
0.922993197279	177.358703613
0.92589569161	177.563720703
0.928798185941	177.563720703
0.931700680272	177.461181641
0.934603174603	177.666320801
0.937505668934	177.768966675
0.940408163265	177.871688843
0.943310657596	177.768966675
0.946213151927	177.666320801
0.949115646259	177.358703613
0.95201814059	177.256286621
0.954920634921	177.153930664
0.957823129252	177.051635742
0.960725623583	177.051635742
0.963628117914	176.949401855
0.966530612245	176.745101929
0.969433106576	176.439086914
0.972335600907	176.235366821
0.975238095238	175.930252075
0.978140589569	175.727127075
0.9810430839	175.321578979
0.983945578231	175.524230957
0.986848072562	175.119155884
0.989750566893	175.01802063
0.992653061224	175.119155884
0.995555555556	175.524230957
0.998458049887	175.727127075
1.00136054422	175.828659058
1.00426303855	175.930252075
1.00716553288	175.930252075
1.01006802721	175.930252075
1.01297052154	176.031890869
1.01587301587	176.031890869
1.0187755102	176.133605957
1.02167800454	176.235366821
1.02458049887	176.439086914
1.0274829932	176.643035889
1.03038548753	177.051635742
1.03328798186	177.256286621
1.03619047619	177.358703613
1.03909297052	177.461181641
1.04199546485	177.563720703
1.04489795918	177.666320801
1.04780045351	177.768966675
1.05070294785	177.871688843
1.05360544218	178.180175781
1.05650793651	178.386138916
1.05941043084	178.695526123
1.06231292517	178.902084351
1.0652154195	179.10887146
1.06811791383	179.315917969
1.07102040816	179.83454895
1.07392290249	179.523193359
1.07682539683	179.83454895
1.07972789116	179.83454895
1.08263038549	179.730697632
1.08553287982	180.042419434
1.08843537415	179.730697632
1.09133786848	179.315917969
1.09424036281	179.10887146
1.09714285714	178.798782349
1.10004535147	178.695526123
1.1029478458	178.592330933
1.10585034014	178.489212036
1.10875283447	178.489212036
1.1116553288	178.489212036
1.11455782313	178.592330933
1.11746031746	178.798782349
1.12036281179	179.005447388
1.12326530612	179.315917969
1.12616780045	179.523193359
1.12907029478	179.938446045
1.13197278912	180.250534058
1.13487528345	180.146438599
1.13777777778	180.458892822
1.14068027211	180.563156128
1.14358276644	180.563156128
1.14648526077	180.771865845
1.1493877551	180.980819702
1.15229024943	181.085388184
1.15519274376	181.399459839
1.1580952381	181.714080811
1.16099773243	182.02923584
1.16390022676	182.450302124
1.16680272109	182.977996826
1.16970521542	183.295349121
1.17260770975	183.401260376
1.17551020408	183.719345093
1.17841269841	184.037979126
1.18131519274	184.250717163
1.18421768707	184.463684082
1.18712018141	184.6769104
1.19002267574	185.746734619
1.19292517007	185.96144104
1.1958276644	187.146774292
1.19873015873	187.905014038
1.20163265306	187.471359253
1.20453514739	187.25491333
1.20743764172	186.93069458
1.21034013605	186.499298096
1.21324263039	185.96144104
1.21614512472	185.639480591
1.21904761905	184.997207642
1.22195011338	184.783615112
1.22485260771	184.463684082
1.22775510204	184.250717163
1.23065759637	183.93170166
1.2335600907	183.295349121
1.23646258503	183.189498901
1.23936507937	183.295349121
1.2422675737	183.401260376
1.24517006803	183.719345093
1.24807256236	184.037979126
1.25097505669	184.144317627
1.25387755102	184.144317627
1.25678004535	184.037979126
1.25968253968	183.93170166
1.26258503401	183.613250732
1.26548752834	183.719345093
1.26839002268	183.93170166
1.27129251701	184.463684082
1.27419501134	185.639480591
1.27709750567	186.391601562
1.28	187.363098145
1.28290249433	189.32131958
1.28580498866	186.391601562
1.28870748299	184.997207642
1.29160997732	184.250717163
1.29451247166	183.507217407
1.29741496599	183.083724976
1.30031746032	182.450302124
1.30321995465	181.819076538
1.30612244898	180.354675293
1.30902494331	179.83454895
1.31192743764	179.523193359
1.31482993197	179.212371826
1.3177324263	179.938446045
1.32063492063	180.771865845
1.32353741497	181.294708252
1.3264399093	181.819076538
1.32934240363	182.450302124
1.33224489796	179.626907349
1.33514739229	182.344940186
1.33804988662	183.401260376
1.34095238095	183.083724976
1.34385487528	182.344940186
1.34675736961	181.714080811
1.34965986395	156.917205811
1.35256235828	160.029388428
1.35546485261	160.306930542
1.35836734694	160.39956665
1.36126984127	160.492233276
1.3641723356	160.492233276
1.36707482993	160.584976196
1.36997732426	160.492233276
1.37287981859	160.39956665
1.37578231293	160.214370728
1.37868480726	160.029388428
1.38158730159	159.844619751
1.38448979592	159.844619751
1.38739229025	159.844619751
1.39029478458	160.029388428
1.39319727891	160.306930542
1.39609977324	160.956420898
1.39900226757	161.608551025
1.4019047619	161.982376099
1.40480725624	162.357070923
1.40770975057	162.450881958
1.4106122449	162.450881958
1.41351473923	162.263320923
1.41641723356	161.982376099
1.41931972789	161.608551025
1.42222222222	161.32875061
1.42512471655	161.32875061
1.42802721088	161.515228271
1.43092970522	161.888839722
1.43383219955	162.450881958
1.43673469388	163.203292847
1.43963718821	163.769897461
1.44253968254	164.338470459
1.44544217687	165.290466309
1.4483446712	166.344039917
1.45124716553	159.844619751
1.45414965986	155.114852905
1.4570521542	153.244659424
1.45995464853	153.156173706
1.46285714286	152.9793396
1.46575963719	153.510452271
1.46866213152	151.834915161
1.47156462585	149.571655273
1.47446712018	146.747589111
1.47736961451	146.071044922
1.48027210884	146.324386597
1.48317460317	146.155441284
1.48607709751	145.397613525
1.48897959184	146.155441284
1.49188208617	147.512466431
1.4947845805	148.024597168
1.49768707483	146.832382202
1.50058956916	144.060043335
1.50349206349	142.899765015
1.50639455782	142.323135376
1.50929705215	141.912689209
1.51219954649	141.912689209
1.51510204082	142.158813477
1.51800453515	142.569976807
1.52090702948	143.064941406
1.52380952381	143.561630249
1.52671201814	143.72756958
1.52961451247	143.644577026
1.5325170068	143.561630249
1.53541950113	143.478729248
1.53832199546	143.478729248
1.5412244898	143.561630249
1.54412698413	143.893707275
1.54702947846	144.393264771
1.54993197279	144.894561768
1.55283446712	145.313644409
1.55573696145	145.565673828
1.55863945578	145.565673828
1.56154195011	145.481613159
1.56444444444	145.145874023
1.56734693878	144.894561768
1.57024943311	144.643707275
1.57315192744	144.2265625
1.57605442177	144.476699829
1.5789569161	144.643707275
1.58185941043	144.810897827
1.58476190476	144.978286743
1.58766439909	145.062057495
1.59056689342	144.978286743
1.59346938776	144.810897827
1.59637188209	144.560180664
1.59927437642	144.393264771
1.60217687075	144.309890747
1.60507936508	144.309890747
1.60798185941	144.560180664
1.61088435374	145.062057495
1.61378684807	145.145874023
1.6166893424	145.062057495
1.61959183673	144.894561768
1.62249433107	144.810897827
1.6253968254	144.727279663
1.62829931973	144.560180664
1.63120181406	144.560180664
1.63410430839	144.476699829
1.63700680272	144.393264771
1.63990929705	144.309890747
1.64281179138	144.143280029
1.64571428571	144.143280029
1.64861678005	144.060043335
1.65151927438	144.143280029
1.65442176871	144.060043335
1.65732426304	144.060043335
1.66022675737	143.976852417
1.6631292517	143.893707275
1.66603174603	143.893707275
1.66893424036	143.893707275
1.67183673469	143.893707275
1.67473922902	143.893707275
1.67764172336	144.060043335
1.68054421769	144.309890747
1.68344671202	144.476699829
1.68634920635	144.476699829
1.68925170068	144.309890747
1.69215419501	144.2265625
1.69505668934	144.393264771
1.69795918367	144.643707275
1.700861678	144.894561768
1.70376417234	145.145874023
1.70666666667	145.062057495
1.709569161	144.810897827
1.71247165533	144.727279663
1.71537414966	144.727279663
1.71827664399	144.476699829
1.72117913832	144.2265625
1.72408163265	144.143280029
1.72698412698	144.309890747
1.72988662132	144.393264771
1.73278911565	144.309890747
1.73569160998	144.2265625
1.73859410431	144.143280029
1.74149659864	143.976852417
1.74439909297	143.810623169
1.7473015873	143.644577026
1.75020408163	143.478729248
1.75310657596	143.313064575
1.75600907029	143.230316162
1.75891156463	143.147598267
1.76181405896	143.147598267
1.76471655329	143.147598267
1.76761904762	143.313064575
1.77052154195	143.561630249
1.77342403628	143.976852417
1.77632653061	145.062057495
1.77922902494	146.239883423
1.78213151927	147.087051392
1.78503401361	147.257064819
1.78793650794	147.172027588
1.79083900227	147.002105713
1.7937414966	145.733932495
1.79664399093	144.309890747
1.79954648526	142.899765015
1.80244897959	142.076721191
1.80535147392	141.666976929
1.80825396825	141.258422852
1.81115646259	141.095321655
1.81405895692	140.932418823
1.81696145125	140.769699097
1.81986394558	140.525985718
1.82276643991	139.95892334
1.82566893424	139.313674927
1.82857142857	138.591308594
1.8314739229	137.634002686
1.83437641723	136.683288574
1.83727891156	135.504135132
1.8401814059	134.568130493
1.84308390023	134.025131226
1.84598639456	133.947738647
1.84888888889	134.335144043
1.85179138322	135.113342285
1.85469387755	136.053131104
1.85759637188	136.999465942
1.86049886621	137.475082397
1.86340136054	137.872711182
1.86630385488	138.271469116
1.86920634921	138.431304932
1.87210884354	138.431304932
1.87501133787	138.511291504
1.8779138322	138.511291504
1.88081632653	138.351364136
1.88371882086	138.032073975
1.88662131519	137.713516235
1.88952380952	137.316360474
1.89242630385	136.920349121
1.89532879819	136.367843628
1.89823129252	135.739151001
1.90113378685	135.26953125
1.90403628118	134.957351685
1.90693877551	134.801528931
1.90984126984	134.723693848
1.91274376417	134.87940979
1.9156462585	134.957351685
1.91854875283	135.035324097
1.92145124717	135.19140625
1.9243537415	135.26953125
1.92725623583	135.26953125
1.93015873016	135.26953125
1.93306122449	135.347686768
1.93596371882	135.425888062
1.93886621315	135.347686768
1.94176870748	135.035324097
1.94467120181	134.645889282
1.94757369615	134.180053711
1.95047619048	133.63861084
1.95337868481	133.330200195
1.95628117914	133.176254272
1.95918367347	133.176254272
1.9620861678	133.330200195
1.96498866213	133.407226562
1.96789115646	133.793075562
1.97079365079	134.180053711
1.97369614512	134.10256958
1.97659863946	134.180053711
1.97950113379	134.180053711
1.98240362812	134.180053711
1.98530612245	134.180053711
1.98820861678	134.257583618
1.99111111111	134.257583618
1.99401360544	134.412765503
1.99691609977	134.412765503
1.9998185941	134.490432739
2.00272108844	134.490432739
2.00562358277	134.412765503
2.0085260771	134.490432739
2.01142857143	134.490432739
2.01433106576	134.490432739
2.01723356009	134.490432739
2.02013605442	134.412765503
2.02303854875	134.335144043
2.02594104308	134.257583618
2.02884353741	134.180053711
2.03174603175	134.10256958
2.03464852608	134.10256958
2.03755102041	134.025131226
2.04045351474	134.025131226
2.04335600907	134.025131226
2.0462585034	134.10256958
2.04916099773	134.180053711
2.05206349206	134.180053711
2.05496598639	134.180053711
2.05786848073	134.10256958
2.06077097506	133.870391846
2.06367346939	133.561431885
2.06657596372	133.099349976
2.06947845805	132.945678711
2.07238095238	132.792175293
2.07528344671	132.409210205
2.07818594104	132.179962158
2.08108843537	132.027359009
2.08399092971	131.79876709
2.08689342404	131.95111084
2.08979591837	132.103637695
2.0926984127	132.179962158
2.09560090703	132.409210205
2.09850340136	132.63885498
2.10140589569	132.868911743
2.10430839002	133.176254272
2.10721088435	133.484313965
2.11011337868	133.715820312
2.11301587302	133.870391846
2.11591836735	134.025131226
2.11882086168	134.180053711
2.12172335601	134.723693848
2.12462585034	135.113342285
2.12752834467	135.035324097
2.130430839	134.801528931
2.13333333333	134.801528931
2.13623582766	134.645889282
2.139138322	134.568130493
2.14204081633	134.645889282
2.14494331066	134.490432739
2.14784580499	134.257583618
2.15074829932	134.180053711
2.15365079365	134.10256958
2.15655328798	134.257583618
2.15945578231	134.335144043
2.16235827664	134.490432739
2.16526077098	134.568130493
2.16816326531	134.645889282
2.17106575964	134.335144043
2.17396825397	133.099349976
2.1768707483	132.945678711
2.17977324263	132.715499878
2.18267573696	132.485717773
2.18557823129	133.099349976
2.18848072562	133.715820312
2.19138321995	133.715820312
2.19428571429	133.715820312
2.19718820862	133.63861084
2.20009070295	133.561431885
2.20299319728	133.407226562
2.20589569161	133.253204346
2.20879818594	133.176254272
2.21170068027	133.253204346
2.2146031746	133.407226562
2.21750566893	133.561431885
2.22040816327	133.63861084
2.2233106576	133.870391846
2.22621315193	134.10256958
2.22911564626	133.63861084
2.23201814059	132.868911743
2.23492063492	131.874923706
2.23782312925	130.963989258
2.24072562358	130.586303711
2.24362811791	130.737243652
2.24653061224	130.963989258
2.24943310658	131.418670654
2.25233560091	131.418670654
2.25523809524	130.661743164
2.25814058957	131.342773438
2.2610430839	133.793075562
2.26394557823	134.257583618
2.26684807256	135.425888062
2.26975056689	136.841278076
2.27265306122	136.762268066
2.27555555556	135.974563599
2.27845804989	135.660766602
2.28136054422	136.367843628
2.28426303855	136.999465942
2.28716553288	137.554519653
2.29006802721	137.952362061
2.29297052154	138.75151062
2.29587301587	139.152816772
2.2987755102	139.072463989
2.30167800454	138.992156982
2.30458049887	138.75151062
2.3074829932	138.591308594
2.31038548753	138.111831665
2.31328798186	137.475082397
2.31619047619	136.841278076
2.31909297052	136.525482178
2.32199546485	136.289093018
2.32489795918	136.289093018
2.32780045351	136.131744385
2.33070294785	136.053131104
2.33360544218	135.974563599
2.33650793651	135.974563599
2.33941043084	136.053131104
2.34231292517	136.131744385
2.3452154195	136.210403442
2.34811791383	136.131744385
2.35102040816	136.289093018
2.35392290249	136.604354858
2.35682539683	136.683288574
2.35972789116	136.999465942
2.36263038549	137.395706177
2.36553287982	137.634002686
2.36843537415	137.713516235
2.37133786848	137.157821655
2.37424036281	136.210403442
2.37714285714	136.053131104
2.38004535147	135.739151001
2.3829478458	135.26953125
2.38585034014	134.645889282
2.38875283447	134.645889282
2.3916553288	134.412765503
2.39455782313	134.335144043
2.39746031746	134.025131226
2.40036281179	133.63861084
2.40326530612	133.407226562
2.40616780045	133.715820312
2.40907029478	133.947738647
2.41197278912	134.257583618
2.41487528345	134.412765503
2.41777777778	134.723693848
2.42068027211	135.035324097
2.42358276644	135.347686768
2.42648526077	135.582427979
2.4293877551	136.131744385
2.43229024943	136.525482178
2.43519274376	136.999465942
2.4380952381	137.475082397
2.44099773243	137.952362061
2.44390022676	138.351364136
2.44680272109	138.671386719
2.44970521542	138.431304932
2.45260770975	138.511291504
2.45551020408	138.271469116
2.45841269841	137.952362061
2.46131519274	137.79309082
2.46421768707	137.554519653
2.46712018141	137.316360474
2.47002267574	137.237060547
2.47292517007	137.237060547
2.4758276644	137.316360474
2.47873015873	137.634002686
2.48163265306	137.952362061
2.48453514739	138.511291504
2.48743764172	138.992156982
2.49034013605	139.152816772
2.49324263039	139.072463989
2.49614512472	138.75151062
2.49904761905	138.271469116
2.50195011338	137.79309082
2.50485260771	137.078613281
2.50775510204	136.367843628
2.51065759637	136.446640015
2.5135600907	136.289093018
2.51646258503	136.053131104
2.51936507937	135.660766602
2.5222675737	135.26953125
2.52517006803	135.504135132
2.52807256236	135.739151001
2.53097505669	135.896057129
2.53387755102	135.896057129
2.53678004535	135.817581177
2.53968253968	135.974563599
2.54258503401	136.289093018
2.54548752834	136.604354858
2.54839002268	136.920349121
2.55129251701	137.237060547
2.55419501134	137.634002686
2.55709750567	138.032073975
2.56	138.351364136
2.56290249433	138.911895752
2.56580498866	139.474700928
2.56870748299	139.394165039
2.57160997732	139.394165039
2.57451247166	138.831680298
2.57741496599	137.872711182
2.58031746032	136.841278076
2.58321995465	136.210403442
2.58612244898	136.131744385
2.58902494331	137.713516235
2.59192743764	138.511291504
2.59482993197	139.394165039
2.5977324263	141.748840332
2.60063492063	144.894561768
2.60353741497	148.624313354
2.6064399093	151.047622681
2.60934240363	154.221466064
2.61224489796	154.488937378
2.61514739229	155.383880615
2.61804988662	155.833297729
2.62095238095	156.013427734
2.62385487528	155.833297729
2.62675736961	155.204483032
2.62965986395	154.756881714
2.63256235828	156.013427734
2.63546485261	157.735076904
2.63836734694	158.191299438
2.64126984127	158.191299438
2.6441723356	158.191299438
2.64707482993	158.099945068
2.64997732426	157.643997192
2.65287981859	155.833297729
2.65578231293	155.383880615
2.65868480726	155.383880615
2.66158730159	155.47366333
2.66448979592	156.013427734
2.66739229025	156.193771362
2.67029478458	155.563491821
2.67319727891	154.488937378
2.67609977324	153.421798706
2.67900226757	152.538162231
2.6819047619	152.098251343
2.68480725624	152.010421753
2.68770975057	152.27406311
2.6906122449	152.626296997
2.69351473923	152.89100647
2.69641723356	153.421798706
2.69931972789	154.310562134
2.70222222222	154.578201294
2.70512471655	154.756881714
2.70802721088	154.935760498
2.71092970522	155.114852905
2.71383219955	154.846298218
2.71673469388	154.399719238
2.71963718821	154.221466064
2.72253968254	154.132400513
2.72544217687	154.043395996
2.7283446712	154.221466064
2.73124716553	154.399719238
2.73414965986	154.578201294
2.7370521542	154.667510986
2.73995464853	154.756881714
2.74285714286	154.667510986
2.74575963719	154.667510986
2.74866213152	154.667510986
2.75156462585	154.667510986
2.75446712018	154.756881714
2.75736961451	154.756881714
2.76027210884	155.025283813
2.76317460317	154.935760498
2.76607709751	154.399719238
2.76897959184	154.132400513
2.77188208617	153.776687622
2.7747845805	153.244659424
2.77768707483	152.714477539
2.78058956916	151.922637939
2.78349206349	151.047622681
2.78639455782	150.004272461
2.78929705215	149.312698364
2.79219954649	148.882080078
2.79510204082	148.624313354
2.79800453515	148.710189819
2.80090702948	148.968109131
2.80380952381	149.312698364
2.80671201814	149.917648315
2.80961451247	150.960403442
2.8125170068	151.659606934
2.81541950113	152.098251343
2.81832199546	152.714477539
2.8212244898	152.802719116
2.82412698413	152.714477539
2.82702947846	152.450073242
2.82993197279	152.186126709
2.83283446712	151.30960083
2.83573696145	151.134902954
2.83863945578	150.960403442
2.84154195011	151.572021484
2.84444444444	151.834915161
2.84734693878	152.186126709
2.85024943311	152.802719116
2.85315192744	152.362045288
2.85605442177	152.9793396
2.8589569161	153.156173706
2.86185941043	153.510452271
2.86476190476	153.599151611
2.86766439909	153.687896729
2.87056689342	154.667510986
2.87346938776	154.667510986
2.87637188209	154.488937378
2.87927437642	151.48449707
2.88217687075	150.960403442
2.88507936508	150.786102295
2.88798185941	151.047622681
2.89088435374	152.010421753
2.89378684807	151.747238159
2.8966893424	151.572021484
2.89959183673	151.48449707
2.90249433107	151.572021484
2.9053968254	151.397018433
2.90829931973	151.48449707
2.91120181406	151.222229004
2.91410430839	150.960403442
2.91700680272	150.612014771
2.91990929705	150.177658081
2.92281179138	149.831069946
2.92571428571	149.571655273
2.92861678005	149.485290527
2.93151927438	149.485290527
2.93442176871	149.571655273
2.93732426304	149.571655273
2.94022675737	149.831069946
2.9431292517	150.004272461
2.94603174603	150.43812561
2.94893424036	150.960403442
2.95183673469	151.572021484
2.95473922902	152.010421753
2.95764172336	152.186126709
2.96054421769	152.9793396
2.96344671202	153.156173706
2.96634920635	152.89100647
2.96925170068	153.156173706
2.97215419501	153.687896729
2.97505668934	150.525039673
2.97795918367	167.888519287
2.980861678	171.020614624
2.98376417234	172.808029175
2.98666666667	173.809082031
2.989569161	173.909515381
2.99247165533	173.809082031
2.99537414966	173.10774231
2.99827664399	171.812713623
3.00117913832	170.527389526
3.00408163265	174.715011597
3.00698412698	175.01802063
3.00988662132	175.220336914
3.01278911565	175.321578979
3.01569160998	175.828659058
3.01859410431	176.235366821
3.02149659864	176.745101929
3.02439909297	177.974456787
3.0273015873	180.563156128
3.03020408163	181.1900177
3.03310657596	182.450302124
3.03600907029	182.766738892
3.03891156463	182.766738892
3.04181405896	179.005447388
3.04471655329	179.315917969
3.04761904762	179.212371826
3.05052154195	178.902084351
3.05342403628	178.489212036
3.05632653061	178.592330933
3.05922902494	180.771865845
3.06213151927	181.294708252
3.06503401361	181.609146118
3.06793650794	181.819076538
3.07083900227	181.924118042
3.0737414966	181.714080811
3.07664399093	181.399459839
3.07954648526	181.399459839
3.08244897959	181.1900177
3.08535147392	180.876312256
3.08825396825	179.419525146
3.09115646259	178.695526123
3.09405895692	178.798782349
3.09696145125	178.798782349
3.09986394558	178.592330933
3.10276643991	178.386138916
3.10566893424	178.386138916
3.10857142857	178.902084351
3.1114739229	178.489212036
3.11437641723	178.695526123
3.11727891156	178.695526123
3.1201814059	178.695526123
3.12308390023	179.10887146
3.12598639456	178.592330933
3.12888888889	178.592330933
3.13179138322	175.01802063
3.13469387755	173.508163452
3.13759637188	174.211135864
3.14049886621	174.311798096
3.14340136054	174.110534668
3.14630385488	173.608413696
3.14920634921	173.407974243
3.15210884354	173.10774231
3.15501133787	173.407974243
3.1579138322	174.815948486
3.16081632653	175.422866821
3.16371882086	175.524230957
3.16662131519	175.524230957
3.16952380952	175.321578979
3.17242630385	175.119155884
3.17532879819	174.815948486
3.17823129252	174.412506104
3.18113378685	173.809082031
3.18403628118	173.508163452
3.18693877551	173.207748413
3.18984126984	172.808029175
3.19274376417	172.011322021
3.1956462585	171.416213989
3.19854875283	171.51524353
3.20145124717	171.911987305
3.2043537415	172.210144043
3.20725623583	172.309646606
3.21015873016	172.210144043
3.21306122449	172.011322021
3.21596371882	171.51524353
3.21886621315	171.020614624
3.22176870748	170.724502563
3.22467120181	170.625930786
3.22757369615	170.527389526
3.23047619048	170.527389526
3.23337868481	170.823150635
3.23628117914	171.218292236
3.23918367347	171.713500977
3.2420861678	172.210144043
3.24498866213	172.409210205
3.24789115646	172.608505249
3.25079365079	172.409210205
3.25369614512	172.409210205
3.25659863946	172.210144043
3.25950113379	172.011322021
3.26240362812	171.416213989
3.26530612245	170.724502563
3.26820861678	170.035598755
3.27111111111	169.839279175
3.27401360544	169.643188477
3.27691609977	169.937408447
3.2798185941	170.330505371
3.28272108844	171.020614624
3.28562358277	171.911987305
3.2885260771	172.907867432
3.29142857143	173.909515381
3.29433106576	174.614120483
3.29723356009	174.513290405
3.30013605442	172.508834839
3.30303854875	172.409210205
3.30594104308	172.309646606
3.30884353741	172.210144043
3.31174603175	172.011322021
3.31464852608	172.011322021
3.31755102041	172.210144043
3.32045351474	172.708236694
3.32335600907	175.727127075
3.3262585034	175.321578979
3.32916099773	174.614120483
3.33206349206	173.909515381
3.33496598639	173.307830811
3.33786848073	172.608505249
3.34077097506	171.713500977
3.34367346939	170.823150635
3.34657596372	170.133850098
3.34947845805	170.428924561
3.35238095238	171.218292236
3.35528344671	172.508834839
3.35818594104	173.809082031
3.36108843537	174.715011597
3.36399092971	174.91696167
3.36689342404	174.815948486
3.36979591837	173.909515381
3.3726984127	172.708236694
3.37560090703	171.416213989
3.37850340136	170.330505371
3.38140589569	170.035598755
3.38430839002	170.330505371
3.38721088435	171.119430542
3.39011337868	172.110702515
3.39301587302	172.708236694
3.39591836735	173.007766724
3.39882086168	173.007766724
3.40172335601	172.708236694
3.40462585034	172.011322021
3.40752834467	171.020614624
3.410430839	170.428924561
3.41333333333	170.232147217
3.41623582766	170.428924561
3.419138322	170.823150635
3.42204081633	171.317214966
3.42494331066	171.713500977
3.42784580499	171.713500977
3.43074829932	171.218292236
3.43365079365	170.724502563
3.43655328798	171.020614624
3.43945578231	171.812713623
3.44235827664	173.007766724
3.44526077098	174.311798096
3.44816326531	175.727127075
3.45106575964	176.439086914
3.45396825397	176.847213745
3.4568707483	176.643035889
3.45977324263	176.745101929
3.46267573696	176.439086914
3.46557823129	176.133605957
3.46848072562	175.625640869
3.47138321995	174.715011597
3.47428571429	172.608505249
3.47718820862	169.056274414
3.48009070295	171.020614624
3.48299319728	171.119430542
3.48589569161	171.218292236
3.48879818594	171.020614624
3.49170068027	171.218292236
3.4946031746	172.011322021
3.49750566893	174.715011597
3.50040816327	173.809082031
3.5033106576	173.007766724
3.50621315193	173.608413696
3.50911564626	174.412506104
3.51201814059	174.513290405
3.51492063492	174.211135864
3.51782312925	175.321578979
3.52072562358	175.625640869
3.52362811791	174.110534668
3.52653061224	173.909515381
3.52943310658	176.643035889
3.53233560091	174.412506104
3.53523809524	173.10774231
3.53814058957	172.608505249
3.5410430839	172.309646606
3.54394557823	170.921859741
3.54684807256	169.643188477
3.54975056689	168.958648682
3.55265306122	168.471374512
3.55555555556	168.666122437
3.55845804989	169.056274414
3.56136054422	168.471374512
3.56426303855	167.791564941
3.56716553288	167.888519287
3.57006802721	169.44732666
3.57297052154	173.007766724
3.57587301587	174.311798096
3.5787755102	177.666320801
3.58167800454	177.871688843
3.58458049887	176.949401855
3.5874829932	177.666320801
3.59038548753	175.930252075
3.59328798186	174.009994507
3.59619047619	172.508834839
3.59909297052	171.812713623
3.60199546485	171.218292236
3.60489795918	0.0
3.60780045351	0.0
3.61070294785	0.0
3.61360544218	0.0
3.61650793651	0.0
3.61941043084	0.0
3.62231292517	0.0
3.6252154195	0.0
3.62811791383	0.0
3.63102040816	0.0
3.63392290249	0.0
3.63682539683	0.0
3.63972789116	0.0
3.64263038549	0.0
3.64553287982	0.0
3.64843537415	0.0
3.65133786848	0.0
3.65424036281	0.0
3.65714285714	0.0
3.66004535147	0.0
3.6629478458	0.0
3.66585034014	0.0
3.66875283447	0.0
3.6716553288	0.0
3.67455782313	173.508163452
3.67746031746	178.386138916
3.68036281179	180.563156128
3.68326530612	182.344940186
3.68616780045	183.295349121
3.68907029478	184.783615112
3.69197278912	187.905014038
3.69487528345	188.993530273
3.69777777778	188.448486328
3.70068027211	186.714874268
3.70358276644	184.890380859
3.70648526077	183.825500488
3.7093877551	182.977996826
3.71229024943	180.980819702
3.71519274376	182.134414673
3.7180952381	182.134414673
3.72099773243	182.344940186
3.72390022676	182.344940186
3.72680272109	182.661193848
3.72970521542	182.766738892
3.73260770975	183.295349121
3.73551020408	183.93170166
3.73841269841	184.570266724
3.74131519274	184.997207642
3.74421768707	185.639480591
3.74712018141	186.176391602
3.75002267574	186.714874268
3.75292517007	187.363098145
3.7558276644	187.905014038
3.75873015873	187.905014038
3.76163265306	188.013580322
3.76453514739	188.557373047
3.76743764172	189.540161133
3.77034013605	190.30809021
3.77324263039	190.638153076
3.77614512472	190.968780518
3.77904761905	191.189529419
3.78195011338	191.410522461
3.78485260771	191.521118164
3.78775510204	191.410522461
3.79065759637	191.07913208
3.7935600907	190.528060913
3.79646258503	189.759246826
3.79936507937	189.102737427
3.8022675737	188.448486328
3.80517006803	188.122207642
3.80807256236	188.013580322
3.81097505669	188.122207642
3.81387755102	188.448486328
3.81678004535	188.77532959
3.81968253968	189.102737427
3.82258503401	189.430709839
3.82548752834	189.649673462
3.82839002268	189.759246826
3.83129251701	189.868881226
3.83419501134	189.978591919
3.83709750567	189.868881226
3.84	189.868881226
3.84290249433	189.759246826
3.84580498866	189.759246826
3.84870748299	189.868881226
3.85160997732	190.088363647
3.85451247166	190.418045044
3.85741496599	190.638153076
3.86031746032	191.07913208
3.86321995465	191.300003052
3.86612244898	191.300003052
3.86902494331	191.189529419
3.87192743764	190.968780518
3.87482993197	190.638153076
3.8777324263	190.30809021
3.88063492063	189.978591919
3.88353741497	189.978591919
3.8864399093	190.088363647
3.88934240363	190.418045044
3.89224489796	190.748306274
3.89514739229	191.189529419
3.89804988662	191.631790161
3.90095238095	192.075057983
3.90385487528	192.297073364
3.90675736961	192.519363403
3.90965986395	192.519363403
3.91256235828	192.408187866
3.91546485261	192.186035156
3.91836734694	192.075057983
3.92126984127	191.964141846
3.9241723356	191.853286743
3.92707482993	191.742507935
3.92997732426	191.742507935
3.93287981859	191.853286743
3.93578231293	191.964141846
3.93868480726	192.186035156
3.94158730159	192.408187866
3.94448979592	192.741897583
3.94739229025	192.964691162
3.95029478458	193.299362183
3.95319727891	193.522796631
3.95609977324	193.522796631
3.95900226757	193.299362183
3.9619047619	193.299362183
3.96480725624	193.187744141
3.96770975057	193.076187134
3.9706122449	193.187744141
3.97351473923	192.964691162
3.97641723356	192.741897583
3.97931972789	192.408187866
3.98222222222	192.186035156
3.98512471655	192.186035156
3.98802721088	192.075057983
3.99092970522	192.186035156
3.99383219955	192.186035156
3.99673469388	192.408187866
3.99963718821	192.519363403
4.00253968254	192.630599976
4.00544217687	192.630599976
4.0083446712	192.630599976
4.01124716553	192.519363403
4.01414965986	192.408187866
4.0170521542	192.186035156
4.01995464853	192.075057983
4.02285714286	192.075057983
4.02575963719	192.075057983
4.02866213152	192.075057983
4.03156462585	192.075057983
4.03446712018	191.964141846
4.03736961451	191.631790161
4.04027210884	191.410522461
4.04317460317	191.631790161
4.04607709751	191.631790161
4.04897959184	191.964141846
4.05188208617	192.519363403
4.0547845805	192.630599976
4.05768707483	192.964691162
4.06058956916	192.741897583
4.06349206349	192.186035156
4.06639455782	191.631790161
4.06929705215	191.189529419
4.07219954649	191.189529419
4.07510204082	191.521118164
4.07800453515	191.964141846
4.08090702948	192.408187866
4.08380952381	192.630599976
4.08671201814	192.853256226
4.08961451247	192.964691162
4.0925170068	193.076187134
4.09541950113	192.964691162
4.09832199546	192.853256226
4.1012244898	192.519363403
4.10412698413	192.186035156
4.10702947846	191.964141846
4.10993197279	191.631790161
4.11283446712	190.418045044
4.11573696145	189.430709839
4.11863945578	188.557373047
4.12154195011	187.579681396
4.12444444444	181.714080811
4.12734693878	179.938446045
4.13024943311	176.949401855
4.13315192744	173.508163452
4.13605442177	176.235366821
4.1389569161	175.930252075
4.14185941043	176.643035889
4.14476190476	176.847213745
4.14766439909	174.815948486
4.15056689342	176.235366821
4.15346938776	179.419525146
4.15637188209	181.714080811
4.15927437642	182.766738892
4.16217687075	183.401260376
4.16507936508	184.037979126
4.16798185941	184.890380859
4.17088435374	186.068893433
4.17378684807	190.638153076
4.1766893424	191.742507935
4.17959183673	191.742507935
4.18249433107	191.742507935
4.1853968254	191.742507935
4.18829931973	191.521118164
4.19120181406	191.964141846
4.19410430839	192.964691162
4.19700680272	194.306869507
4.19990929705	196.337646484
4.20281179138	198.160614014
4.20571428571	199.884994507
4.20861678005	200.347366333
4.21151927438	198.848571777
4.21442176871	196.564605713
4.21732426304	192.408187866
4.22022675737	188.339660645
4.2231292517	182.02923584
4.22603174603	180.876312256
4.22893424036	180.458892822
4.23183673469	180.667480469
4.23473922902	179.938446045
4.23764172336	179.10887146
4.24054421769	178.592330933
4.24344671202	177.666320801
4.24634920635	175.625640869
4.24925170068	172.210144043
4.25215419501	169.153945923
4.25505668934	166.536315918
4.25795918367	166.440155029
4.260861678	167.404327393
4.26376417234	169.643188477
4.26666666667	172.808029175
4.269569161	175.01802063
4.27247165533	176.337203979
4.27537414966	177.153930664
4.27827664399	177.871688843
4.28117913832	178.283126831
4.28408163265	178.592330933
4.28698412698	178.695526123
4.28988662132	178.695526123
4.29278911565	178.180175781
4.29569160998	177.461181641
4.29859410431	176.235366821
4.30149659864	175.524230957
4.30439909297	174.815948486
4.3073015873	174.412506104
4.31020408163	174.815948486
4.31310657596	174.614120483
4.31600907029	174.91696167
4.31891156463	175.01802063
4.32181405896	175.119155884
4.32471655329	175.119155884
4.32761904762	174.614120483
4.33052154195	174.211135864
4.33342403628	173.809082031
4.33632653061	173.708724976
4.33922902494	173.809082031
4.34213151927	174.110534668
4.34503401361	174.110534668
4.34793650794	174.009994507
4.35083900227	174.009994507
4.3537414966	174.110534668
4.35664399093	173.608413696
4.35954648526	172.508834839
4.36244897959	169.349472046
4.36535147392	165.099624634
4.36825396825	162.920730591
4.37115646259	163.297592163
4.37405895692	164.62348938
4.37696145125	167.597839355
4.37986394558	172.409210205
4.38276643991	178.180175781
4.38566893424	183.825500488
4.38857142857	186.391601562
4.3914739229	188.448486328
4.39437641723	190.528060913
4.39727891156	192.408187866
4.4001814059	194.419128418
4.40308390023	195.77142334
4.40598639456	196.67817688
4.40888888889	197.019287109
4.41179138322	197.133117676
4.41469387755	197.019287109
4.41759637188	196.564605713
4.42049886621	196.224273682
4.42340136054	196.110961914
4.42630385488	196.337646484
4.42920634921	196.67817688
4.43210884354	197.133117676
4.43501133787	197.589126587
4.4379138322	197.817520142
4.44081632653	197.703292847
4.44371882086	197.247024536
4.44662131519	196.451095581
4.44952380952	195.545394897
4.45242630385	194.643859863
4.45532879819	194.306869507
4.45823129252	194.643859863
4.46113378685	195.545394897
4.46403628118	196.67817688
4.46693877551	197.475021362
4.46984126984	197.931808472
4.47274376417	198.046173096
4.4756462585	197.817520142
4.47854875283	197.133117676
4.48145124717	196.224273682
4.4843537415	195.094100952
4.48725623583	194.306869507
4.49015873016	194.082519531
4.49306122449	194.194656372
4.49596371882	194.756332397
4.49886621315	195.4324646
4.50176870748	195.997711182
4.50467120181	196.564605713
4.50757369615	197.247024536
4.51047619048	197.133117676
4.51337868481	196.791809082
4.51628117914	195.997711182
4.51918367347	195.094100952
4.5220861678	194.868850708
4.52498866213	194.981445312
4.52789115646	195.206832886
4.53079365079	195.77142334
4.53369614512	196.451095581
4.53659863946	196.791809082
4.53950113379	197.247024536
4.54240362812	197.475021362
4.54530612245	197.589126587
4.54820861678	197.475021362
4.55111111111	197.247024536
4.55401360544	197.247024536
4.55691609977	197.019287109
4.5598185941	197.019287109
4.56272108844	197.019287109
4.56562358277	197.133117676
4.5685260771	197.360992432
4.57142857143	197.475021362
4.57433106576	197.589126587
4.57723356009	197.703292847
4.58013605442	197.589126587
4.58303854875	197.589126587
4.58594104308	197.589126587
4.58884353741	197.589126587
4.59174603175	197.703292847
4.59464852608	197.817520142
4.59755102041	197.817520142
4.60045351474	198.046173096
4.60335600907	198.160614014
4.6062585034	197.931808472
4.60916099773	197.703292847
4.61206349206	197.019287109
4.61496598639	196.224273682
4.61786848073	195.4324646
4.62077097506	194.981445312
4.62367346939	194.981445312
4.62657596372	194.981445312
4.62947845805	195.4324646
4.63238095238	195.77142334
4.63528344671	196.224273682
4.63818594104	196.451095581
4.64108843537	196.67817688
4.64399092971	197.247024536
4.64689342404	197.589126587
4.64979591837	198.160614014
4.6526984127	199.078414917
4.65560090703	199.884994507
4.65850340136	199.884994507
4.66140589569	199.769577026
4.66430839002	199.078414917
4.66721088435	198.046173096
4.67011337868	196.905517578
4.67301587302	195.319610596
4.67591836735	194.531463623
4.67882086168	195.094100952
4.68172335601	197.475021362
4.68462585034	199.769577026
4.68752834467	203.026794434
4.690430839	206.098907471
4.69333333333	204.438964844
4.69623582766	201.275314331
4.699138322	197.019287109
4.70204081633	192.741897583
4.70494331066	190.528060913
4.70784580499	189.759246826
4.71074829932	189.649673462
4.71365079365	190.088363647
4.71655328798	192.075057983
4.71945578231	195.77142334
4.72235827664	200.116043091
4.72526077098	202.675292969
4.72816326531	203.849380493
4.73106575964	203.378921509
4.73396825397	200.463119507
4.7368707483	195.658370972
4.73977324263	189.978591919
4.74267573696	187.579681396
4.74557823129	186.391601562
4.74848072562	186.283966064
4.75138321995	186.607055664
4.75428571429	172.508834839
4.75718820862	172.409210205
4.76009070295	172.210144043
4.76299319728	171.119430542
4.76589569161	170.428924561
4.76879818594	170.428924561
4.77170068027	170.527389526
4.7746031746	171.51524353
4.77750566893	171.317214966
4.78040816327	171.119430542
4.7833106576	171.020614624
4.78621315193	170.823150635
4.78911564626	170.527389526
4.79201814059	170.527389526
4.79492063492	170.428924561
4.79782312925	173.007766724
4.80072562358	172.708236694
4.80362811791	171.317214966
4.80653061224	170.035598755
4.80943310658	169.251678467
4.81233560091	168.958648682
4.81523809524	169.153945923
4.81814058957	169.839279175
4.8210430839	170.921859741
4.82394557823	171.911987305
4.82684807256	172.608505249
4.82975056689	172.907867432
4.83265306122	172.608505249
4.83555555556	172.210144043
4.83845804989	171.614349365
4.84136054422	171.119430542
4.84426303855	170.724502563
4.84716553288	170.428924561
4.85006802721	169.937408447
4.85297052154	169.44732666
4.85587301587	168.861083984
4.8587755102	168.568725586
4.86167800454	170.724502563
4.86458049887	170.921859741
4.8674829932	170.823150635
4.87038548753	171.218292236
4.87328798186	169.839279175
4.87619047619	171.614349365
4.87909297052	174.110534668
4.88199546485	174.412506104
4.88489795918	172.907867432
4.88780045351	172.808029175
4.89070294785	172.508834839
4.89360544218	172.210144043
4.89650793651	171.911987305
4.89941043084	171.713500977
4.90231292517	171.812713623
4.9052154195	172.011322021
4.90811791383	172.309646606
4.91102040816	172.309646606
4.91392290249	177.461181641
4.91682539683	174.513290405
4.91972789116	172.309646606
4.92263038549	170.428924561
4.92553287982	168.471374512
4.92843537415	167.597839355
4.93133786848	167.791564941
4.93424036281	168.374099731
4.93714285714	169.251678467
4.94004535147	170.035598755
4.9429478458	170.428924561
4.94585034014	170.428924561
4.94875283447	170.232147217
4.9516553288	169.839279175
4.95455782313	169.44732666
4.95746031746	168.958648682
4.96036281179	168.276870728
4.96326530612	167.597839355
4.96616780045	167.017990112
4.96907029478	166.632537842
4.97197278912	166.536315918
4.97487528345	166.632537842
4.97777777778	166.921539307
4.98068027211	167.307662964
4.98358276644	167.888519287
4.98648526077	168.861083984
4.9893877551	169.839279175
4.99229024943	170.921859741
4.99519274376	171.614349365
4.9980952381	172.011322021
5.00099773243	172.508834839
5.00390022676	172.011322021
5.00680272109	170.823150635
5.00970521542	169.349472046
5.01260770975	168.082580566
5.01551020408	167.404327393
5.01841269841	167.501052856
5.02131519274	167.694671631
5.02421768707	167.888519287
5.02712018141	167.985519409
5.03002267574	167.694671631
5.03292517007	167.017990112
5.0358276644	165.577148438
5.03873015873	163.959197998
5.04163265306	160.677749634
5.04453514739	159.475723267
5.04743764172	159.475723267
5.05034013605	160.492233276
5.05324263039	161.421966553
5.05614512472	163.109054565
5.05904761905	167.694671631
5.06195011338	171.020614624
5.06485260771	170.921859741
5.06775510204	169.839279175
5.07065759637	169.44732666
5.0735600907	168.471374512
5.07646258503	162.638656616
5.07936507937	166.344039917
5.0822675737	165.864318848
5.08517006803	164.813781738
5.08807256236	166.825149536
5.09097505669	169.349472046
5.09387755102	169.153945923
5.09678004535	167.694671631
5.09968253968	168.471374512
5.10258503401	169.44732666
5.10548752834	170.035598755
5.10839002268	169.937408447
5.11129251701	168.958648682
5.11419501134	168.763565063
5.11709750567	168.861083984
5.12	168.861083984
5.12290249433	168.666122437
5.12580498866	168.471374512
5.12870748299	168.471374512
5.13160997732	169.44732666
5.13451247166	169.643188477
5.13741496599	169.44732666
5.14031746032	169.44732666
5.14321995465	169.839279175
5.14612244898	169.937408447
5.14902494331	170.035598755
5.15192743764	170.133850098
5.15482993197	170.330505371
5.1577324263	170.330505371
5.16063492063	168.1796875
5.16353741497	169.839279175
5.1664399093	169.741210938
5.16934240363	176.031890869
5.17224489796	172.708236694
5.17514739229	169.643188477
5.17804988662	166.440155029
5.18095238095	162.732620239
5.18385487528	138.591308594
5.18675736961	139.072463989
5.18965986395	139.233230591
5.19256235828	138.75151062
5.19546485261	137.79309082
5.19836734694	137.078613281
5.20126984127	136.446640015
5.2041723356	136.131744385
5.20707482993	136.683288574
5.20997732426	135.582427979
5.21287981859	135.425888062
5.21578231293	136.841278076
5.21868480726	136.999465942
5.22158730159	137.316360474
5.22448979592	138.111831665
5.22739229025	137.475082397
5.23029478458	137.316360474
5.23319727891	136.999465942
5.23609977324	137.157821655
5.23900226757	138.111831665
5.2419047619	136.920349121
5.24480725624	136.683288574
5.24770975057	137.952362061
5.2506122449	137.237060547
5.25351473923	134.257583618
5.25641723356	134.025131226
5.25931972789	135.582427979
5.26222222222	141.748840332
5.26512471655	142.076721191
5.26802721088	141.748840332
5.27092970522	137.078613281
5.27383219955	134.490432739
5.27673469388	132.715499878
5.27963718821	131.874923706
5.28253968254	130.134506226
5.28544217687	132.63885498
5.2883446712	133.63861084
5.29124716553	134.10256958
5.29414965986	134.257583618
5.2970521542	131.79876709
5.29995464853	0.0
5.30285714286	0.0
5.30575963719	0.0
5.30866213152	0.0
5.31156462585	0.0
5.31446712018	0.0
5.31736961451	0.0
5.32027210884	0.0
5.32317460317	0.0
5.32607709751	0.0
5.32897959184	0.0
5.33188208617	0.0
