0.0	0.0
0.00290249433107	0.0
0.00580498866213	0.0
0.0087074829932	0.0
0.0116099773243	0.0
0.0145124716553	0.0
0.0174149659864	0.0
0.0203174603175	0.0
0.0232199546485	0.0
0.0261224489796	0.0
0.0290249433107	0.0
0.0319274376417	0.0
0.0348299319728	0.0
0.0377324263039	0.0
0.0406349206349	0.0
0.043537414966	0.0
0.0464399092971	0.0
0.0493424036281	0.0
0.0522448979592	0.0
0.0551473922902	0.0
0.0580498866213	0.0
0.0609523809524	339.090454102
0.0638548752834	343.030487061
0.0667573696145	345.416473389
0.0696598639456	347.016326904
0.0725623582766	347.819030762
0.0754648526077	348.221069336
0.0783673469388	348.422271729
0.0812698412698	348.422271729
0.0841723356009	348.221069336
0.087074829932	348.019989014
0.089977324263	348.221069336
0.0928798185941	348.221069336
0.0957823129252	348.221069336
0.0986848072562	348.019989014
0.101587301587	348.019989014
0.104489795918	348.019989014
0.107392290249	348.019989014
0.11029478458	348.019989014
0.113197278912	348.019989014
0.116099773243	347.819030762
0.119002267574	347.819030762
0.121904761905	348.019989014
0.124807256236	348.221069336
0.127709750567	348.221069336
0.130612244898	348.221069336
0.133514739229	348.221069336
0.13641723356	347.819030762
0.139319727891	347.618164062
0.142222222222	347.417449951
0.145124716553	347.417449951
0.148027210884	347.417449951
0.150929705215	347.819030762
0.153832199546	348.221069336
0.156734693878	348.825012207
0.159637188209	349.026580811
0.16253968254	349.026580811
0.165442176871	348.623596191
0.168344671202	348.422271729
0.171247165533	348.221069336
0.174149659864	348.422271729
0.177052154195	349.026580811
0.179954648526	349.631896973
0.182857142857	350.03604126
0.185759637188	350.643157959
0.188662131519	351.048461914
0.19156462585	351.048461914
0.194467120181	350.643157959
0.197369614512	350.440673828
0.200272108844	350.03604126
0.203174603175	349.83392334
0.206077097506	349.631896973
0.208979591837	349.631896973
0.211882086168	349.631896973
0.214784580499	349.430023193
0.21768707483	349.228240967
0.220589569161	349.026580811
0.223492063492	348.825012207
0.226394557823	348.825012207
0.229297052154	348.825012207
0.232199546485	349.228240967
0.235102040816	349.430023193
0.238004535147	349.631896973
0.240907029478	349.631896973
0.24380952381	349.631896973
0.246712018141	349.83392334
0.249614512472	349.83392334
0.252517006803	349.83392334
0.255419501134	350.03604126
0.258321995465	350.238311768
0.261224489796	350.238311768
0.264126984127	350.238311768
0.267029478458	349.83392334
0.269931972789	349.631896973
0.27283446712	349.430023193
0.275736961451	349.026580811
0.278639455782	348.825012207
0.281541950113	348.623596191
0.284444444444	348.623596191
0.287346938776	348.825012207
0.290249433107	349.026580811
0.293151927438	349.026580811
0.296054421769	349.228240967
0.2989569161	349.228240967
0.301859410431	349.228240967
0.304761904762	349.026580811
0.307664399093	349.026580811
0.310566893424	348.825012207
0.313469387755	348.623596191
0.316371882086	348.623596191
0.319274376417	348.623596191
0.322176870748	348.825012207
0.325079365079	348.825012207
0.32798185941	348.825012207
0.330884353741	348.825012207
0.333786848073	348.825012207
0.336689342404	348.825012207
0.339591836735	349.026580811
0.342494331066	349.026580811
0.345396825397	349.026580811
0.348299319728	349.228240967
0.351201814059	349.026580811
0.35410430839	348.825012207
0.357006802721	348.623596191
0.359909297052	348.623596191
0.362811791383	348.623596191
0.365714285714	348.623596191
0.368616780045	349.026580811
0.371519274376	349.228240967
0.374421768707	349.430023193
0.377324263039	349.631896973
0.38022675737	349.430023193
0.383129251701	349.026580811
0.386031746032	348.825012207
0.388934240363	348.422271729
0.391836734694	348.221069336
0.394739229025	348.221069336
0.397641723356	348.422271729
0.400544217687	348.623596191
0.403446712018	348.623596191
0.406349206349	348.825012207
0.40925170068	348.623596191
0.412154195011	348.623596191
0.415056689342	348.623596191
0.417959183673	348.623596191
0.420861678005	348.623596191
0.423764172336	348.825012207
0.426666666667	348.825012207
0.429569160998	348.825012207
0.432471655329	348.825012207
0.43537414966	349.026580811
0.438276643991	348.825012207
0.441179138322	348.825012207
0.444081632653	348.825012207
0.446984126984	348.825012207
0.449886621315	348.825012207
0.452789115646	349.026580811
0.455691609977	349.026580811
0.458594104308	349.228240967
0.461496598639	349.430023193
0.464399092971	349.430023193
0.467301587302	349.430023193
0.470204081633	349.228240967
0.473106575964	349.228240967
0.476009070295	349.026580811
0.478911564626	348.623596191
0.481814058957	348.019989014
0.484716553288	347.819030762
0.487619047619	349.026580811
0.49052154195	351.048461914
0.493424036281	352.470733643
0.496326530612	352.674407959
0.499229024943	352.267211914
0.502131519274	351.048461914
0.505034013605	349.228240967
0.507936507937	347.016326904
0.510839002268	310.050567627
0.513741496599	309.335021973
0.51664399093	308.977874756
0.519546485261	308.799438477
0.522448979592	309.156402588
0.525351473923	310.050567627
0.528253968254	311.666595459
0.531156462585	312.748626709
0.534058956916	311.846679688
0.536961451247	310.229705811
0.539863945578	308.977874756
0.542766439909	308.086791992
0.54566893424	307.731079102
0.548571428571	307.908905029
0.551473922902	308.977874756
0.554376417234	309.871520996
0.557278911565	309.871520996
0.560181405896	308.977874756
0.563083900227	308.086791992
0.565986394558	308.086791992
0.568888888889	308.621124268
0.57179138322	310.050567627
0.574693877551	312.026855469
0.577596371882	314.742095947
0.580498866213	316.199890137
0.583401360544	314.742095947
0.586303854875	312.026855469
0.589206349206	309.871520996
0.592108843537	308.977874756
0.595011337868	309.156402588
0.5979138322	310.408966064
0.600816326531	312.568023682
0.603718820862	316.382598877
0.606621315193	320.428741455
0.609523809524	321.726959229
0.612426303855	317.847961426
0.615328798186	313.110137939
0.618231292517	310.229705811
0.621133786848	308.442932129
0.624036281179	307.198303223
0.62693877551	305.958679199
0.629841269841	305.605438232
0.632743764172	309.692596436
0.635646258503	330.771942139
0.638548752834	330.580932617
0.641451247166	318.399230957
0.644353741497	315.83480835
0.647256235828	314.378723145
0.650158730159	312.568023682
0.65306122449	306.843597412
0.655963718821	300.702484131
0.658866213152	300.876251221
0.661768707483	301.050079346
0.664671201814	300.702484131
0.667573696145	298.797943115
0.670476190476	297.592224121
0.673378684807	296.562652588
0.676281179138	296.049194336
0.679183673469	296.220245361
0.6820861678	297.936218262
0.684988662132	291.804779053
0.687891156463	293.664764404
0.690793650794	294.174102783
0.693696145125	293.156341553
0.696598639456	291.299560547
0.699501133787	292.987030029
0.702403628118	296.391387939
0.705306122449	296.905426025
0.70820861678	296.905426025
0.711111111111	296.733978271
0.714013605442	296.391387939
0.716916099773	296.220245361
0.719818594104	293.156341553
0.722721088435	291.46786499
0.725623582766	291.131347656
0.728526077098	291.299560547
0.731428571429	291.131347656
0.73433106576	291.131347656
0.737233560091	292.479766846
0.740136054422	294.004211426
0.743038548753	295.024932861
0.745941043084	295.536621094
0.748843537415	295.536621094
0.751746031746	295.365936279
0.754648526077	295.195404053
0.757551020408	295.024932861
0.760453514739	294.854553223
0.76335600907	294.004211426
0.766258503401	293.325714111
0.769160997732	293.325714111
0.772063492063	293.495178223
0.774965986395	294.344055176
0.777868480726	294.514129639
0.780770975057	294.514129639
0.783673469388	294.174102783
0.786575963719	293.664764404
0.78947845805	293.156341553
0.792380952381	293.156341553
0.795283446712	293.834442139
0.798185941043	294.344055176
0.801088435374	293.664764404
0.803990929705	292.479766846
0.806893424036	291.973388672
0.809795918367	291.973388672
0.812698412698	292.142089844
0.815600907029	293.156341553
0.818503401361	293.664764404
0.821405895692	293.664764404
0.824308390023	293.664764404
0.827210884354	293.664764404
0.830113378685	293.495178223
0.833015873016	292.479766846
0.835918367347	292.142089844
0.838820861678	292.817840576
0.841723356009	292.987030029
0.84462585034	293.156341553
0.847528344671	293.156341553
0.850430839002	293.156341553
0.853333333333	292.987030029
0.856235827664	292.987030029
0.859138321995	293.664764404
0.862040816327	292.987030029
0.864943310658	292.987030029
0.867845804989	292.987030029
0.87074829932	293.156341553
0.873650793651	293.325714111
0.876553287982	293.325714111
0.879455782313	293.495178223
0.882358276644	293.156341553
0.885260770975	293.156341553
0.888163265306	293.325714111
0.891065759637	293.495178223
0.893968253968	275.109039307
0.896870748299	275.427032471
0.89977324263	275.745422363
0.902675736961	276.064147949
0.905578231293	276.542938232
0.908480725624	277.182617188
0.911383219955	279.433227539
0.914285714286	281.539398193
0.917188208617	283.497680664
0.920090702948	285.3046875
0.922993197279	286.791748047
0.92589569161	287.621246338
0.928798185941	287.787414551
0.931700680272	286.62612915
0.934603174603	282.680084229
0.937505668934	277.984313965
0.940408163265	276.064147949
0.943310657596	275.268005371
0.946213151927	275.586181641
0.949115646259	277.50302124
0.95201814059	280.72744751
0.954920634921	283.825378418
0.957823129252	286.129882812
0.960725623583	287.289154053
0.963628117914	287.621246338
0.966530612245	287.45513916
0.969433106576	288.953399658
0.972335600907	286.62612915
0.975238095238	283.006835938
0.978140589569	280.565338135
0.9810430839	278.788330078
0.983945578231	278.788330078
0.986848072562	279.433227539
0.989750566893	279.91784668
0.992653061224	280.40335083
0.995555555556	280.565338135
0.998458049887	280.40335083
1.00136054422	279.433227539
1.00426303855	278.949401855
1.00716553288	278.466461182
1.01006802721	277.984313965
1.01297052154	277.823791504
1.01587301587	277.984313965
1.0187755102	278.144927979
1.02167800454	278.305633545
1.02458049887	277.984313965
1.0274829932	277.342773438
1.03038548753	276.702728271
1.03328798186	275.904724121
1.03619047619	275.427032471
1.03909297052	275.586181641
1.04199546485	275.745422363
1.04489795918	276.542938232
1.04780045351	278.466461182
1.05070294785	279.433227539
1.05360544218	278.305633545
1.05650793651	278.305633545
1.05941043084	278.144927979
1.06231292517	277.823791504
1.0652154195	277.663360596
1.06811791383	279.271850586
1.07102040816	280.079589844
1.07392290249	279.433227539
1.07682539683	278.305633545
1.07972789116	276.064147949
1.08263038549	276.702728271
1.08553287982	277.342773438
1.08843537415	277.342773438
1.09133786848	276.383239746
1.09424036281	276.22366333
1.09714285714	277.984313965
1.10004535147	278.466461182
1.1029478458	278.788330078
1.10585034014	278.627349854
1.10875283447	278.627349854
1.1116553288	278.627349854
1.11455782313	278.466461182
1.11746031746	278.466461182
1.12036281179	277.984313965
1.12326530612	277.182617188
1.12616780045	276.383239746
1.12907029478	276.064147949
1.13197278912	276.383239746
1.13487528345	276.702728271
1.13777777778	277.022583008
1.14068027211	277.823791504
1.14358276644	278.949401855
1.14648526077	279.433227539
1.1493877551	279.756225586
1.15229024943	279.756225586
1.15519274376	279.756225586
1.1580952381	279.594665527
1.16099773243	279.271850586
1.16390022676	279.271850586
1.16680272109	279.271850586
1.16970521542	279.271850586
1.17260770975	279.271850586
1.17551020408	278.949401855
1.17841269841	277.984313965
1.18131519274	277.022583008
1.18421768707	276.064147949
1.18712018141	275.427032471
1.19002267574	275.268005371
1.19292517007	275.904724121
1.1958276644	277.022583008
1.19873015873	278.949401855
1.20163265306	281.702087402
1.20453514739	283.989349365
1.20743764172	285.634490967
1.21034013605	286.957458496
1.21324263039	288.619781494
1.21614512472	290.291748047
1.21904761905	291.636291504
1.22195011338	293.156341553
1.22485260771	293.495178223
1.22775510204	293.495178223
1.23065759637	292.142089844
1.2335600907	291.46786499
1.23646258503	289.789123535
1.23936507937	291.636291504
1.2422675737	291.636291504
1.24517006803	292.142089844
1.24807256236	292.310882568
1.25097505669	293.325714111
1.25387755102	293.834442139
1.25678004535	294.854553223
1.25968253968	295.195404053
1.26258503401	294.854553223
1.26548752834	293.834442139
1.26839002268	292.987030029
1.27129251701	292.479766846
1.27419501134	291.804779053
1.27709750567	291.299560547
1.28	290.795227051
1.28290249433	290.627288818
1.28580498866	290.291748047
1.28870748299	290.459472656
1.29160997732	290.795227051
1.29451247166	291.131347656
1.29741496599	291.46786499
1.30031746032	291.636291504
1.30321995465	291.804779053
1.30612244898	291.804779053
1.30902494331	291.636291504
1.31192743764	291.636291504
1.31482993197	291.299560547
1.3177324263	291.299560547
1.32063492063	291.804779053
1.32353741497	292.479766846
1.3264399093	293.325714111
1.32934240363	293.325714111
1.33224489796	293.325714111
1.33514739229	293.495178223
1.33804988662	293.156341553
1.34095238095	293.156341553
1.34385487528	293.156341553
1.34675736961	292.987030029
1.34965986395	293.495178223
1.35256235828	293.325714111
1.35546485261	293.325714111
1.35836734694	293.325714111
1.36126984127	293.325714111
1.3641723356	293.325714111
1.36707482993	292.310882568
1.36997732426	292.479766846
1.37287981859	292.987030029
1.37578231293	293.495178223
1.37868480726	293.664764404
1.38158730159	293.495178223
1.38448979592	293.495178223
1.38739229025	293.325714111
1.39029478458	293.325714111
1.39319727891	293.156341553
1.39609977324	293.156341553
1.39900226757	292.987030029
1.4019047619	292.648773193
1.40480725624	292.479766846
1.40770975057	294.174102783
1.4106122449	293.834442139
1.41351473923	293.325714111
1.41641723356	292.987030029
1.41931972789	292.648773193
1.42222222222	292.817840576
1.42512471655	293.325714111
1.42802721088	293.664764404
1.43092970522	294.004211426
1.43383219955	294.174102783
1.43673469388	294.344055176
1.43963718821	294.514129639
1.44253968254	294.344055176
1.44544217687	293.664764404
1.4483446712	292.817840576
1.45124716553	292.310882568
1.45414965986	291.973388672
1.4570521542	291.973388672
1.45995464853	292.479766846
1.46285714286	292.817840576
1.46575963719	292.987030029
1.46866213152	293.156341553
1.47156462585	293.834442139
1.47446712018	293.834442139
1.47736961451	293.834442139
1.48027210884	291.804779053
1.48317460317	293.495178223
1.48607709751	297.592224121
1.48897959184	300.702484131
1.49188208617	300.528869629
1.4947845805	301.050079346
1.49768707483	301.746459961
1.50058956916	301.57220459
1.50349206349	302.269805908
1.50639455782	303.144042969
1.50929705215	304.900146484
1.51219954649	307.731079102
1.51510204082	310.588317871
1.51800453515	311.666595459
1.52090702948	312.20715332
1.52380952381	312.387542725
1.52671201814	312.387542725
1.52961451247	311.846679688
1.5325170068	311.126983643
1.53541950113	310.408966064
1.53832199546	310.229705811
1.5412244898	310.050567627
1.54412698413	310.050567627
1.54702947846	310.229705811
1.54993197279	310.408966064
1.55283446712	310.588317871
1.55573696145	310.94732666
1.55863945578	310.588317871
1.56154195011	310.229705811
1.56444444444	310.050567627
1.56734693878	309.692596436
1.57024943311	309.692596436
1.57315192744	309.692596436
1.57605442177	309.513763428
1.5789569161	309.692596436
1.58185941043	309.871520996
1.58476190476	309.335021973
1.58766439909	309.692596436
1.59056689342	309.871520996
1.59346938776	310.408966064
1.59637188209	311.486633301
1.59927437642	312.568023682
1.60217687075	313.472045898
1.60507936508	314.01574707
1.60798185941	314.197174072
1.61088435374	313.834411621
1.61378684807	313.291046143
1.6166893424	312.20715332
1.61959183673	311.306762695
1.62249433107	310.588317871
1.6253968254	310.408966064
1.62829931973	310.229705811
1.63120181406	310.229705811
1.63410430839	310.408966064
1.63700680272	310.588317871
1.63990929705	310.76776123
1.64281179138	311.306762695
1.64571428571	311.846679688
1.64861678005	312.568023682
1.65151927438	313.291046143
1.65442176871	313.834411621
1.65732426304	314.197174072
1.66022675737	314.197174072
1.6631292517	313.653167725
1.66603174603	312.929321289
1.66893424036	312.20715332
1.67183673469	311.306762695
1.67473922902	310.76776123
1.67764172336	310.050567627
1.68054421769	309.692596436
1.68344671202	309.335021973
1.68634920635	309.156402588
1.68925170068	309.335021973
1.69215419501	309.692596436
1.69505668934	310.229705811
1.69795918367	310.76776123
1.700861678	311.306762695
1.70376417234	311.666595459
1.70666666667	312.20715332
1.709569161	312.748626709
1.71247165533	312.748626709
1.71537414966	312.929321289
1.71827664399	312.929321289
1.72117913832	312.748626709
1.72408163265	312.20715332
1.72698412698	311.846679688
1.72988662132	311.306762695
1.73278911565	310.76776123
1.73569160998	310.408966064
1.73859410431	310.408966064
1.74149659864	310.229705811
1.74439909297	310.229705811
1.7473015873	310.229705811
1.75020408163	310.050567627
1.75310657596	310.229705811
1.75600907029	310.408966064
1.75891156463	310.588317871
1.76181405896	310.76776123
1.76471655329	310.76776123
1.76761904762	310.588317871
1.77052154195	310.408966064
1.77342403628	310.229705811
1.77632653061	310.588317871
1.77922902494	311.306762695
1.78213151927	312.748626709
1.78503401361	314.742095947
1.78793650794	317.297668457
1.79083900227	324.714141846
1.7937414966	344.420288086
1.79664399093	348.422271729
1.79954648526	350.238311768
1.80244897959	351.048461914
1.80535147392	351.048461914
1.80825396825	350.03604126
1.81115646259	348.221069336
1.81405895692	347.016326904
1.81696145125	346.815948486
1.81986394558	347.216827393
1.82276643991	347.618164062
1.82566893424	348.221069336
1.82857142857	348.623596191
1.8314739229	348.825012207
1.83437641723	348.221069336
1.83727891156	347.618164062
1.8401814059	347.016326904
1.84308390023	347.016326904
1.84598639456	347.618164062
1.84888888889	348.422271729
1.85179138322	349.026580811
1.85469387755	349.430023193
1.85759637188	349.228240967
1.86049886621	348.825012207
1.86340136054	347.819030762
1.86630385488	347.216827393
1.86920634921	346.615661621
1.87210884354	346.815948486
1.87501133787	347.016326904
1.8779138322	348.019989014
1.88081632653	348.825012207
1.88371882086	349.228240967
1.88662131519	349.430023193
1.88952380952	349.228240967
1.89242630385	348.825012207
1.89532879819	348.825012207
1.89823129252	348.825012207
1.90113378685	349.228240967
1.90403628118	349.631896973
1.90693877551	350.238311768
1.90984126984	350.845733643
1.91274376417	351.048461914
1.9156462585	351.048461914
1.91854875283	350.845733643
1.92145124717	350.440673828
1.9243537415	350.238311768
1.92725623583	350.03604126
1.93015873016	349.83392334
1.93306122449	349.631896973
1.93596371882	349.430023193
1.93886621315	349.228240967
1.94176870748	349.026580811
1.94467120181	349.026580811
1.94757369615	349.228240967
1.95047619048	349.228240967
1.95337868481	349.228240967
1.95628117914	349.430023193
1.95918367347	349.026580811
1.9620861678	349.026580811
1.96498866213	349.026580811
1.96789115646	349.026580811
1.97079365079	349.430023193
1.97369614512	350.03604126
1.97659863946	350.440673828
1.97950113379	350.643157959
1.98240362812	350.440673828
1.98530612245	350.238311768
1.98820861678	349.83392334
1.99111111111	349.228240967
1.99401360544	349.026580811
1.99691609977	349.228240967
1.9998185941	349.228240967
2.00272108844	349.430023193
2.00562358277	349.430023193
2.0085260771	349.228240967
2.01142857143	348.623596191
2.01433106576	348.221069336
2.01723356009	348.019989014
2.02013605442	348.221069336
2.02303854875	348.623596191
2.02594104308	349.228240967
2.02884353741	349.430023193
2.03174603175	349.631896973
2.03464852608	349.430023193
2.03755102041	348.825012207
2.04045351474	348.422271729
2.04335600907	348.221069336
2.0462585034	348.221069336
2.04916099773	348.623596191
2.05206349206	349.026580811
2.05496598639	349.228240967
2.05786848073	349.430023193
2.06077097506	349.228240967
2.06367346939	349.026580811
2.06657596372	348.623596191
2.06947845805	348.422271729
2.07238095238	348.422271729
2.07528344671	348.623596191
2.07818594104	349.026580811
2.08108843537	349.026580811
2.08399092971	349.228240967
2.08689342404	349.228240967
2.08979591837	349.026580811
2.0926984127	348.825012207
2.09560090703	348.623596191
2.09850340136	348.422271729
2.10140589569	348.623596191
2.10430839002	349.026580811
2.10721088435	349.228240967
2.11011337868	349.228240967
2.11301587302	349.228240967
2.11591836735	349.026580811
2.11882086168	348.422271729
2.12172335601	348.019989014
2.12462585034	347.819030762
2.12752834467	347.819030762
2.130430839	348.221069336
2.13333333333	348.623596191
2.13623582766	349.026580811
2.139138322	349.228240967
2.14204081633	349.228240967
2.14494331066	348.825012207
2.14784580499	348.422271729
2.15074829932	348.221069336
2.15365079365	348.019989014
2.15655328798	348.422271729
2.15945578231	348.825012207
2.16235827664	349.228240967
2.16526077098	349.631896973
2.16816326531	349.430023193
2.17106575964	349.026580811
2.17396825397	348.825012207
2.1768707483	348.422271729
2.17977324263	348.422271729
2.18267573696	348.623596191
2.18557823129	349.228240967
2.18848072562	349.631896973
2.19138321995	349.83392334
2.19428571429	350.03604126
2.19718820862	350.03604126
2.20009070295	349.83392334
2.20299319728	349.631896973
2.20589569161	349.228240967
2.20879818594	349.026580811
2.21170068027	349.026580811
2.2146031746	349.228240967
2.21750566893	349.430023193
2.22040816327	349.631896973
2.2233106576	349.631896973
2.22621315193	349.430023193
2.22911564626	349.228240967
2.23201814059	349.228240967
2.23492063492	349.228240967
2.23782312925	349.228240967
2.24072562358	349.228240967
2.24362811791	349.228240967
2.24653061224	349.430023193
2.24943310658	349.430023193
2.25233560091	349.631896973
2.25523809524	349.631896973
2.25814058957	349.430023193
2.2610430839	349.026580811
2.26394557823	349.026580811
2.26684807256	348.825012207
2.26975056689	348.623596191
2.27265306122	348.623596191
2.27555555556	348.623596191
2.27845804989	348.825012207
2.28136054422	349.026580811
2.28426303855	349.026580811
2.28716553288	349.026580811
2.29006802721	349.026580811
2.29297052154	349.026580811
2.29587301587	348.825012207
2.2987755102	348.825012207
2.30167800454	348.825012207
2.30458049887	348.825012207
2.3074829932	348.825012207
2.31038548753	348.825012207
2.31328798186	348.825012207
2.31619047619	349.026580811
2.31909297052	349.026580811
2.32199546485	349.026580811
2.32489795918	348.825012207
2.32780045351	348.825012207
2.33070294785	348.825012207
2.33360544218	348.825012207
2.33650793651	348.825012207
2.33941043084	348.623596191
2.34231292517	348.623596191
2.3452154195	348.422271729
2.34811791383	348.221069336
2.35102040816	348.019989014
2.35392290249	348.019989014
2.35682539683	348.221069336
2.35972789116	348.825012207
2.36263038549	349.430023193
2.36553287982	349.026580811
2.36843537415	347.016326904
2.37133786848	395.635040283
2.37424036281	396.550201416
2.37714285714	397.008575439
2.38004535147	397.697143555
2.3829478458	398.386901855
2.38585034014	399.077850342
2.38875283447	399.539154053
2.3916553288	399.769989014
2.39455782313	399.769989014
2.39746031746	399.539154053
2.40036281179	398.61706543
2.40326530612	397.697143555
2.40616780045	396.321228027
2.40907029478	394.721984863
2.41197278912	393.583618164
2.41487528345	393.129211426
2.41777777778	393.583618164
2.42068027211	394.038574219
2.42358276644	394.266235352
2.42648526077	394.494049072
2.4293877551	394.038574219
2.43229024943	393.35635376
2.43519274376	392.448547363
2.4380952381	391.769073486
2.44099773243	391.090789795
2.44390022676	390.864929199
2.44680272109	390.639221191
2.44970521542	390.413665771
2.45260770975	389.962890625
2.45551020408	389.737701416
2.45841269841	389.737701416
2.46131519274	389.737701416
2.46421768707	390.413665771
2.46712018141	390.864929199
2.47002267574	391.316741943
2.47292517007	391.316741943
2.4758276644	390.864929199
2.47873015873	390.188201904
2.48163265306	389.287719727
2.48453514739	388.165039062
2.48743764172	387.492980957
2.49034013605	387.716888428
2.49324263039	387.716888428
2.49614512472	387.716888428
2.49904761905	387.269226074
2.50195011338	386.598724365
2.50485260771	385.038726807
2.50775510204	381.937561035
2.51065759637	379.080322266
2.5135600907	379.518493652
2.51646258503	382.379058838
2.51936507937	386.152374268
2.5222675737	389.287719727
2.52517006803	391.54284668
2.52807256236	392.675292969
2.53097505669	393.129211426
2.53387755102	393.129211426
2.53678004535	392.448547363
2.53968253968	391.769073486
2.54258503401	391.090789795
2.54548752834	391.090789795
2.54839002268	391.316741943
2.55129251701	391.769073486
2.55419501134	391.995422363
2.55709750567	392.221923828
2.56	392.448547363
2.56290249433	392.448547363
2.56580498866	392.448547363
2.56870748299	392.448547363
2.57160997732	392.675292969
2.57451247166	392.675292969
2.57741496599	392.448547363
2.58031746032	392.221923828
2.58321995465	391.54284668
2.58612244898	391.090789795
2.58902494331	390.864929199
2.59192743764	391.090789795
2.59482993197	391.54284668
2.5977324263	392.221923828
2.60063492063	392.902191162
2.60353741497	393.129211426
2.6064399093	393.583618164
2.60934240363	393.811035156
2.61224489796	394.038574219
2.61514739229	394.038574219
2.61804988662	394.494049072
2.62095238095	394.721984863
2.62385487528	394.721984863
2.62675736961	394.950042725
2.62965986395	395.178253174
2.63256235828	395.635040283
2.63546485261	395.635040283
2.63836734694	395.406585693
2.64126984127	395.178253174
2.6441723356	394.721984863
2.64707482993	394.266235352
2.64997732426	393.583618164
2.65287981859	392.902191162
2.65578231293	392.221923828
2.65868480726	391.316741943
2.66158730159	390.188201904
2.66448979592	344.420288086
2.66739229025	346.415496826
2.67029478458	349.228240967
2.67319727891	350.643157959
2.67609977324	350.440673828
2.67900226757	349.430023193
2.6819047619	348.221069336
2.68480725624	347.417449951
2.68770975057	347.216827393
2.6906122449	347.819030762
2.69351473923	348.623596191
2.69641723356	349.228240967
2.69931972789	349.430023193
2.70222222222	348.623596191
2.70512471655	348.019989014
2.70802721088	347.016326904
2.71092970522	346.815948486
2.71383219955	346.615661621
2.71673469388	347.016326904
2.71963718821	347.417449951
2.72253968254	348.019989014
2.72544217687	348.422271729
2.7283446712	348.422271729
2.73124716553	348.221069336
2.73414965986	347.819030762
2.7370521542	347.618164062
2.73995464853	347.618164062
2.74285714286	347.819030762
2.74575963719	348.019989014
2.74866213152	348.019989014
2.75156462585	348.019989014
2.75446712018	348.019989014
2.75736961451	348.221069336
2.76027210884	348.623596191
2.76317460317	348.825012207
2.76607709751	349.228240967
2.76897959184	349.026580811
2.77188208617	348.825012207
2.7747845805	348.825012207
2.77768707483	348.825012207
2.78058956916	349.026580811
2.78349206349	349.430023193
2.78639455782	350.03604126
2.78929705215	350.643157959
2.79219954649	351.048461914
2.79510204082	351.251281738
2.79800453515	351.048461914
2.80090702948	350.643157959
2.80380952381	350.440673828
2.80671201814	350.03604126
2.80961451247	349.83392334
2.8125170068	349.631896973
2.81541950113	349.430023193
2.81832199546	349.228240967
2.8212244898	349.228240967
2.82412698413	349.228240967
2.82702947846	349.228240967
2.82993197279	349.026580811
2.83283446712	349.026580811
2.83573696145	348.825012207
2.83863945578	348.825012207
2.84154195011	349.026580811
2.84444444444	349.228240967
2.84734693878	349.83392334
2.85024943311	350.440673828
2.85315192744	350.845733643
2.85605442177	351.048461914
2.8589569161	350.845733643
2.86185941043	350.440673828
2.86476190476	350.03604126
2.86766439909	349.83392334
2.87056689342	349.631896973
2.87346938776	349.631896973
2.87637188209	349.631896973
2.87927437642	349.228240967
2.88217687075	349.026580811
2.88507936508	348.623596191
2.88798185941	348.422271729
2.89088435374	348.221069336
2.89378684807	348.623596191
2.8966893424	349.026580811
2.89959183673	349.430023193
2.90249433107	349.631896973
2.9053968254	349.430023193
2.90829931973	349.228240967
2.91120181406	348.825012207
2.91410430839	348.422271729
2.91700680272	348.422271729
2.91990929705	348.623596191
2.92281179138	349.026580811
2.92571428571	349.228240967
2.92861678005	349.430023193
2.93151927438	349.228240967
2.93442176871	348.825012207
2.93732426304	348.422271729
2.94022675737	348.422271729
2.9431292517	348.623596191
2.94603174603	348.825012207
2.94893424036	349.228240967
2.95183673469	349.430023193
2.95473922902	349.430023193
2.95764172336	349.026580811
2.96054421769	348.623596191
2.96344671202	348.422271729
2.96634920635	348.422271729
2.96925170068	348.623596191
2.97215419501	349.026580811
2.97505668934	349.430023193
2.97795918367	349.83392334
2.980861678	349.83392334
2.98376417234	349.430023193
2.98666666667	349.026580811
2.989569161	348.623596191
2.99247165533	348.422271729
2.99537414966	348.422271729
2.99827664399	348.422271729
3.00117913832	348.623596191
3.00408163265	348.623596191
3.00698412698	348.623596191
3.00988662132	348.623596191
3.01278911565	348.623596191
3.01569160998	348.623596191
3.01859410431	348.623596191
3.02149659864	348.623596191
3.02439909297	348.623596191
3.0273015873	348.623596191
3.03020408163	348.623596191
3.03310657596	348.623596191
3.03600907029	348.623596191
3.03891156463	348.825012207
3.04181405896	349.026580811
3.04471655329	349.026580811
3.04761904762	349.026580811
3.05052154195	349.026580811
3.05342403628	349.026580811
3.05632653061	349.026580811
3.05922902494	349.228240967
3.06213151927	349.430023193
3.06503401361	349.83392334
3.06793650794	350.440673828
3.07083900227	350.643157959
3.0737414966	350.643157959
3.07664399093	350.845733643
3.07954648526	350.845733643
3.08244897959	351.251281738
3.08535147392	352.267211914
3.08825396825	353.898803711
3.09115646259	355.53793335
3.09405895692	357.391052246
3.09696145125	357.804168701
3.09986394558	355.743377686
3.10276643991	352.470733643
3.10566893424	399.308441162
3.10857142857	400.232086182
3.1114739229	399.769989014
3.11437641723	399.769989014
3.11727891156	398.61706543
3.1201814059	396.779327393
3.12308390023	395.635040283
3.12598639456	394.950042725
3.12888888889	394.721984863
3.13179138322	394.494049072
3.13469387755	394.038574219
3.13759637188	393.583618164
3.14049886621	393.129211426
3.14340136054	393.129211426
3.14630385488	393.35635376
3.14920634921	393.583618164
3.15210884354	393.129211426
3.15501133787	392.675292969
3.1579138322	391.54284668
3.16081632653	390.188201904
3.16371882086	389.062927246
3.16662131519	389.062927246
3.16952380952	389.962890625
3.17242630385	390.639221191
3.17532879819	391.316741943
3.17823129252	391.54284668
3.18113378685	391.316741943
3.18403628118	390.639221191
3.18693877551	389.962890625
3.18984126984	390.188201904
3.19274376417	391.54284668
3.1956462585	392.675292969
3.19854875283	393.35635376
3.20145124717	392.675292969
3.2043537415	390.188201904
3.20725623583	386.152374268
3.21015873016	378.205474854
3.21306122449	368.075958252
3.21596371882	367.86340332
3.21886621315	369.780761719
3.22176870748	372.783203125
3.22467120181	377.332641602
3.22757369615	383.263580322
3.23047619048	389.962890625
3.23337868481	394.038574219
3.23628117914	396.092346191
3.23918367347	396.321228027
3.2420861678	395.178253174
3.24498866213	392.902191162
3.24789115646	389.512664795
3.25079365079	386.152374268
3.25369614512	384.816375732
3.25659863946	387.269226074
3.25950113379	349.026580811
3.26240362812	347.016326904
3.26530612245	346.415496826
3.26820861678	346.615661621
3.27111111111	348.019989014
3.27401360544	350.845733643
3.27691609977	353.490203857
3.2798185941	350.440673828
3.28272108844	348.221069336
3.28562358277	347.417449951
3.2885260771	347.016326904
3.29142857143	347.216827393
3.29433106576	348.019989014
3.29723356009	349.228240967
3.30013605442	349.83392334
3.30303854875	349.026580811
3.30594104308	348.019989014
3.30884353741	347.216827393
3.31174603175	346.815948486
3.31464852608	347.216827393
3.31755102041	348.221069336
3.32045351474	349.228240967
3.32335600907	349.631896973
3.3262585034	349.228240967
3.32916099773	348.623596191
3.33206349206	348.019989014
3.33496598639	347.819030762
3.33786848073	348.221069336
3.34077097506	348.825012207
3.34367346939	349.430023193
3.34657596372	349.83392334
3.34947845805	350.238311768
3.35238095238	350.643157959
3.35528344671	350.643157959
3.35818594104	350.440673828
3.36108843537	350.238311768
3.36399092971	350.03604126
3.36689342404	349.631896973
3.36979591837	349.228240967
3.3726984127	348.825012207
3.37560090703	348.623596191
3.37850340136	348.623596191
3.38140589569	349.026580811
3.38430839002	349.430023193
3.38721088435	349.83392334
3.39011337868	349.83392334
3.39301587302	349.430023193
3.39591836735	349.026580811
3.39882086168	348.623596191
3.40172335601	348.422271729
3.40462585034	348.825012207
3.40752834467	349.83392334
3.410430839	351.048461914
3.41333333333	352.674407959
3.41623582766	353.69442749
3.419138322	353.286071777
3.42204081633	351.048461914
3.42494331066	349.430023193
3.42784580499	348.623596191
3.43074829932	348.623596191
3.43365079365	348.825012207
3.43655328798	350.03604126
3.43945578231	352.063781738
3.44235827664	353.082061768
3.44526077098	351.048461914
3.44816326531	349.430023193
3.45106575964	348.422271729
3.45396825397	348.019989014
3.4568707483	348.221069336
3.45977324263	348.623596191
3.46267573696	349.631896973
3.46557823129	350.440673828
3.46848072562	350.03604126
3.47138321995	349.228240967
3.47428571429	348.623596191
3.47718820862	348.221069336
3.48009070295	348.019989014
3.48299319728	348.422271729
3.48589569161	349.430023193
3.48879818594	350.03604126
3.49170068027	350.238311768
3.4946031746	350.845733643
3.49750566893	351.45425415
3.50040816327	352.267211914
3.5033106576	353.082061768
3.50621315193	353.082061768
3.50911564626	352.674407959
3.51201814059	351.657318115
3.51492063492	350.845733643
3.51782312925	350.845733643
3.52072562358	310.94732666
3.52362811791	309.513763428
3.52653061224	308.621124268
3.52943310658	308.086791992
3.53233560091	308.442932129
3.53523809524	309.335021973
3.53814058957	311.126983643
3.5410430839	311.846679688
3.54394557823	310.94732666
3.54684807256	309.513763428
3.54975056689	308.264801025
3.55265306122	307.553375244
3.55555555556	307.731079102
3.55845804989	308.264801025
3.56136054422	309.335021973
3.56426303855	309.871520996
3.56716553288	309.513763428
3.57006802721	308.799438477
3.57297052154	308.264801025
3.57587301587	308.264801025
3.5787755102	309.156402588
3.58167800454	310.76776123
3.58458049887	313.110137939
3.5874829932	316.748291016
3.59038548753	318.215362549
3.59328798186	315.105926514
3.59619047619	311.306762695
3.59909297052	309.335021973
3.60199546485	308.799438477
3.60489795918	309.335021973
3.60780045351	310.76776123
3.61070294785	313.472045898
3.61360544218	318.583190918
3.61650793651	322.098846436
3.61941043084	318.399230957
3.62231292517	314.56036377
3.6252154195	312.20715332
3.62811791383	310.94732666
3.63102040816	310.588317871
3.63392290249	310.94732666
3.63682539683	312.026855469
3.63972789116	313.472045898
3.64263038549	314.01574707
3.64553287982	313.291046143
3.64843537415	312.026855469
3.65133786848	310.94732666
3.65424036281	310.408966064
3.65714285714	310.229705811
3.66004535147	310.76776123
3.6629478458	311.486633301
3.66585034014	312.568023682
3.66875283447	313.110137939
3.6716553288	313.110137939
3.67455782313	312.20715332
3.67746031746	311.306762695
3.68036281179	310.588317871
3.68326530612	310.408966064
3.68616780045	310.408966064
3.68907029478	310.94732666
3.69197278912	311.846679688
3.69487528345	312.568023682
3.69777777778	312.929321289
3.70068027211	312.748626709
3.70358276644	312.387542725
3.70648526077	311.846679688
3.7093877551	311.486633301
3.71229024943	311.666595459
3.71519274376	311.846679688
3.7180952381	312.387542725
3.72099773243	312.748626709
3.72390022676	312.929321289
3.72680272109	312.568023682
3.72970521542	312.026855469
3.73260770975	311.306762695
3.73551020408	310.76776123
3.73841269841	310.408966064
3.74131519274	310.588317871
3.74421768707	310.76776123
3.74712018141	311.306762695
3.75002267574	311.306762695
3.75292517007	311.306762695
3.7558276644	311.126983643
3.75873015873	310.94732666
3.76163265306	310.76776123
3.76453514739	310.94732666
3.76743764172	311.126983643
3.77034013605	311.666595459
3.77324263039	311.846679688
3.77614512472	311.486633301
3.77904761905	310.229705811
3.78195011338	308.621124268
3.78485260771	307.020904541
3.78775510204	305.605438232
3.79065759637	304.548126221
3.7935600907	303.144042969
3.79646258503	301.398071289
3.79936507937	297.936218262
3.8022675737	289.956573486
3.80517006803	286.62612915
3.80807256236	286.129882812
3.81097505669	286.62612915
3.81387755102	287.787414551
3.81678004535	290.291748047
3.81968253968	298.280609131
3.82258503401	298.452941895
3.82548752834	298.280609131
3.82839002268	297.764160156
3.83129251701	297.07699585
3.83419501134	296.562652588
3.83709750567	296.220245361
3.84	296.220245361
3.84290249433	296.733978271
3.84580498866	297.936218262
3.84870748299	294.514129639
3.85160997732	293.156341553
3.85451247166	294.344055176
3.85741496599	294.174102783
3.86031746032	293.664764404
3.86321995465	293.325714111
3.86612244898	295.707366943
3.86902494331	296.391387939
3.87192743764	295.707366943
3.87482993197	295.195404053
3.8777324263	294.854553223
3.88063492063	294.344055176
3.88353741497	293.664764404
3.8864399093	292.987030029
3.88934240363	292.310882568
3.89224489796	291.636291504
3.89514739229	291.46786499
3.89804988662	291.636291504
3.90095238095	292.142089844
3.90385487528	292.648773193
3.90675736961	293.325714111
3.90965986395	293.495178223
3.91256235828	293.495178223
3.91546485261	293.495178223
3.91836734694	293.325714111
3.92126984127	292.987030029
3.9241723356	292.479766846
3.92707482993	292.817840576
3.92997732426	293.495178223
3.93287981859	293.664764404
3.93578231293	293.664764404
3.93868480726	293.834442139
3.94158730159	293.834442139
3.94448979592	293.495178223
3.94739229025	293.325714111
3.95029478458	293.156341553
3.95319727891	293.664764404
3.95609977324	293.664764404
3.95900226757	293.834442139
3.9619047619	294.004211426
3.96480725624	294.174102783
3.96770975057	294.344055176
3.9706122449	293.834442139
3.97351473923	293.834442139
3.97641723356	294.174102783
3.97931972789	294.344055176
3.98222222222	294.514129639
3.98512471655	294.344055176
3.98802721088	294.344055176
3.99092970522	294.174102783
3.99383219955	294.004211426
3.99673469388	293.834442139
3.99963718821	293.495178223
4.00253968254	292.987030029
4.00544217687	293.156341553
4.0083446712	293.156341553
4.01124716553	293.325714111
4.01414965986	293.325714111
4.0170521542	293.156341553
4.01995464853	293.325714111
4.02285714286	294.004211426
4.02575963719	294.174102783
4.02866213152	294.004211426
4.03156462585	294.004211426
4.03446712018	293.834442139
4.03736961451	293.495178223
4.04027210884	292.987030029
4.04317460317	292.817840576
4.04607709751	292.648773193
4.04897959184	292.310882568
4.05188208617	292.142089844
4.0547845805	291.973388672
4.05768707483	292.479766846
4.06058956916	293.495178223
4.06349206349	294.344055176
4.06639455782	294.684295654
4.06929705215	295.024932861
4.07219954649	295.195404053
4.07510204082	295.365936279
4.07800453515	295.195404053
4.08090702948	295.024932861
4.08380952381	294.854553223
4.08671201814	294.684295654
4.08961451247	294.174102783
4.0925170068	293.495178223
4.09541950113	292.817840576
4.09832199546	292.987030029
4.1012244898	292.817840576
4.10412698413	292.479766846
4.10702947846	293.156341553
4.10993197279	293.156341553
4.11283446712	294.684295654
4.11573696145	295.707366943
4.11863945578	296.049194336
4.12154195011	296.220245361
4.12444444444	296.220245361
4.12734693878	296.049194336
4.13024943311	295.878234863
4.13315192744	295.707366943
4.13605442177	295.195404053
4.1389569161	294.684295654
4.14185941043	294.004211426
4.14476190476	293.664764404
4.14766439909	293.156341553
4.15056689342	292.817840576
4.15346938776	292.648773193
4.15637188209	292.479766846
4.15927437642	292.479766846
4.16217687075	292.479766846
4.16507936508	292.648773193
4.16798185941	292.987030029
4.17088435374	293.495178223
4.17378684807	294.004211426
4.1766893424	294.684295654
4.17959183673	295.195404053
4.18249433107	295.536621094
4.1853968254	295.707366943
4.18829931973	295.536621094
4.19120181406	295.195404053
4.19410430839	294.514129639
4.19700680272	293.834442139
4.19990929705	292.987030029
4.20281179138	292.479766846
4.20571428571	291.973388672
4.20861678005	291.973388672
4.21151927438	292.142089844
4.21442176871	292.479766846
4.21732426304	292.817840576
4.22022675737	293.325714111
4.2231292517	293.664764404
4.22603174603	294.004211426
4.22893424036	294.344055176
4.23183673469	294.344055176
4.23473922902	294.344055176
4.23764172336	294.174102783
4.24054421769	293.834442139
4.24344671202	293.495178223
4.24634920635	293.156341553
4.24925170068	292.817840576
4.25215419501	292.648773193
4.25505668934	292.479766846
4.25795918367	292.648773193
4.260861678	292.648773193
4.26376417234	292.817840576
4.26666666667	292.817840576
4.269569161	292.648773193
4.27247165533	292.310882568
4.27537414966	291.973388672
4.27827664399	291.636291504
4.28117913832	291.636291504
4.28408163265	291.636291504
4.28698412698	291.973388672
4.28988662132	292.310882568
4.29278911565	292.817840576
4.29569160998	293.325714111
4.29859410431	294.004211426
4.30149659864	294.514129639
4.30439909297	294.854553223
4.3073015873	295.365936279
4.31020408163	295.878234863
4.31310657596	296.562652588
4.31600907029	297.07699585
4.31891156463	297.248626709
4.32181405896	297.592224121
4.32471655329	297.764160156
4.32761904762	297.764160156
4.33052154195	297.592224121
4.33342403628	297.592224121
4.33632653061	297.248626709
4.33922902494	297.07699585
4.34213151927	296.733978271
4.34503401361	296.391387939
4.34793650794	296.049194336
4.35083900227	295.707366943
4.3537414966	295.195404053
4.35664399093	294.514129639
4.35954648526	293.834442139
4.36244897959	293.664764404
4.36535147392	293.325714111
4.36825396825	293.495178223
4.37115646259	293.664764404
4.37405895692	294.004211426
4.37696145125	294.174102783
4.37986394558	294.174102783
4.38276643991	293.834442139
4.38566893424	293.156341553
4.38857142857	292.310882568
4.3914739229	292.142089844
4.39437641723	293.834442139
4.39727891156	295.195404053
4.4001814059	296.733978271
4.40308390023	297.936218262
4.40598639456	298.280609131
4.40888888889	297.420379639
4.41179138322	296.049194336
4.41469387755	294.684295654
4.41759637188	293.834442139
4.42049886621	293.325714111
4.42340136054	293.325714111
4.42630385488	293.664764404
4.42920634921	294.004211426
4.43210884354	294.514129639
4.43501133787	294.684295654
4.4379138322	294.684295654
4.44081632653	294.174102783
4.44371882086	293.325714111
4.44662131519	292.479766846
4.44952380952	291.804779053
4.45242630385	291.299560547
4.45532879819	290.963226318
4.45823129252	290.963226318
4.46113378685	290.963226318
4.46403628118	290.963226318
4.46693877551	290.963226318
4.46984126984	290.795227051
4.47274376417	290.459472656
4.4756462585	290.291748047
4.47854875283	290.12411499
4.48145124717	290.12411499
4.4843537415	290.459472656
4.48725623583	290.627288818
4.49015873016	290.963226318
4.49306122449	290.963226318
4.49596371882	291.299560547
4.49886621315	291.46786499
4.50176870748	291.973388672
4.50467120181	292.648773193
4.50757369615	293.325714111
4.51047619048	293.834442139
4.51337868481	294.344055176
4.51628117914	294.684295654
4.51918367347	294.684295654
4.5220861678	294.684295654
4.52498866213	294.514129639
4.52789115646	294.174102783
4.53079365079	294.174102783
4.53369614512	294.344055176
4.53659863946	294.514129639
4.53950113379	294.514129639
4.54240362812	294.344055176
4.54530612245	294.344055176
4.54820861678	294.344055176
4.55111111111	294.344055176
4.55401360544	292.817840576
4.55691609977	291.973388672
4.5598185941	291.973388672
4.56272108844	292.310882568
4.56562358277	293.495178223
4.5685260771	294.004211426
4.57142857143	294.174102783
4.57433106576	294.344055176
4.57723356009	294.344055176
4.58013605442	294.174102783
4.58303854875	293.325714111
4.58594104308	292.479766846
4.58884353741	292.310882568
4.59174603175	292.479766846
4.59464852608	293.156341553
4.59755102041	294.174102783
4.60045351474	294.004211426
4.60335600907	293.834442139
4.6062585034	293.834442139
4.60916099773	294.004211426
4.61206349206	294.004211426
4.61496598639	293.325714111
4.61786848073	293.156341553
4.62077097506	293.156341553
4.62367346939	293.156341553
4.62657596372	293.156341553
4.62947845805	293.156341553
4.63238095238	293.156341553
4.63528344671	293.156341553
4.63818594104	293.156341553
4.64108843537	292.648773193
4.64399092971	292.817840576
4.64689342404	293.495178223
4.64979591837	293.664764404
4.6526984127	293.834442139
4.65560090703	293.834442139
4.65850340136	293.495178223
4.66140589569	292.987030029
4.66430839002	292.479766846
4.66721088435	292.310882568
4.67011337868	292.310882568
4.67301587302	292.310882568
4.67591836735	292.479766846
4.67882086168	292.817840576
4.68172335601	293.156341553
4.68462585034	293.495178223
4.68752834467	293.664764404
4.690430839	293.664764404
4.69333333333	293.834442139
4.69623582766	293.664764404
4.699138322	293.664764404
4.70204081633	293.495178223
4.70494331066	293.325714111
4.70784580499	292.987030029
4.71074829932	292.817840576
4.71365079365	292.648773193
4.71655328798	292.648773193
4.71945578231	292.648773193
4.72235827664	292.648773193
4.72526077098	292.817840576
4.72816326531	293.156341553
4.73106575964	293.325714111
4.73396825397	293.664764404
4.7368707483	293.664764404
4.73977324263	293.664764404
4.74267573696	293.834442139
4.74557823129	293.664764404
4.74848072562	293.495178223
4.75138321995	293.495178223
4.75428571429	293.495178223
4.75718820862	293.495178223
4.76009070295	293.664764404
4.76299319728	293.834442139
4.76589569161	294.174102783
4.76879818594	294.344055176
4.77170068027	294.344055176
4.7746031746	294.174102783
4.77750566893	294.174102783
4.78040816327	293.664764404
4.7833106576	293.495178223
4.78621315193	293.156341553
4.78911564626	293.156341553
4.79201814059	293.156341553
4.79492063492	293.495178223
4.79782312925	293.664764404
4.80072562358	293.834442139
4.80362811791	293.834442139
4.80653061224	293.664764404
4.80943310658	293.325714111
4.81233560091	293.156341553
4.81523809524	292.987030029
4.81814058957	292.817840576
4.8210430839	292.987030029
4.82394557823	293.156341553
4.82684807256	293.495178223
4.82975056689	293.664764404
4.83265306122	293.834442139
4.83555555556	294.004211426
4.83845804989	294.004211426
4.84136054422	294.004211426
4.84426303855	293.834442139
4.84716553288	293.664764404
4.85006802721	293.495178223
4.85297052154	293.325714111
4.85587301587	293.156341553
4.8587755102	293.156341553
4.86167800454	293.156341553
4.86458049887	293.156341553
4.8674829932	293.156341553
4.87038548753	293.325714111
4.87328798186	293.325714111
4.87619047619	293.495178223
4.87909297052	293.664764404
4.88199546485	293.664764404
4.88489795918	293.664764404
4.88780045351	293.664764404
4.89070294785	293.664764404
4.89360544218	293.664764404
4.89650793651	293.664764404
4.89941043084	293.664764404
4.90231292517	293.664764404
4.9052154195	293.664764404
4.90811791383	293.664764404
4.91102040816	293.664764404
4.91392290249	293.495178223
4.91682539683	293.495178223
4.91972789116	293.495178223
4.92263038549	293.495178223
4.92553287982	293.664764404
4.92843537415	293.834442139
4.93133786848	293.664764404
4.93424036281	293.834442139
4.93714285714	293.664764404
4.94004535147	293.664764404
4.9429478458	293.664764404
4.94585034014	293.664764404
4.94875283447	293.495178223
4.9516553288	293.495178223
4.95455782313	293.325714111
4.95746031746	293.325714111
4.96036281179	293.495178223
4.96326530612	293.495178223
4.96616780045	293.495178223
4.96907029478	293.664764404
4.97197278912	293.664764404
4.97487528345	293.664764404
4.97777777778	293.664764404
4.98068027211	293.664764404
4.98358276644	293.834442139
4.98648526077	294.004211426
4.9893877551	294.004211426
4.99229024943	294.174102783
4.99519274376	294.174102783
4.9980952381	294.174102783
5.00099773243	294.174102783
5.00390022676	294.004211426
5.00680272109	293.834442139
5.00970521542	293.664764404
5.01260770975	293.495178223
5.01551020408	293.325714111
5.01841269841	293.325714111
5.02131519274	293.325714111
5.02421768707	293.495178223
5.02712018141	293.495178223
5.03002267574	293.664764404
5.03292517007	293.664764404
5.0358276644	293.834442139
5.03873015873	293.834442139
5.04163265306	294.004211426
5.04453514739	294.004211426
5.04743764172	293.834442139
5.05034013605	293.834442139
5.05324263039	293.664764404
5.05614512472	293.664764404
5.05904761905	293.495178223
5.06195011338	293.495178223
5.06485260771	293.325714111
5.06775510204	293.325714111
5.07065759637	293.325714111
5.0735600907	293.325714111
5.07646258503	293.495178223
5.07936507937	293.495178223
5.0822675737	293.495178223
5.08517006803	293.325714111
5.08807256236	293.156341553
5.09097505669	292.987030029
5.09387755102	292.817840576
5.09678004535	292.479766846
5.09968253968	292.479766846
5.10258503401	292.479766846
5.10548752834	292.479766846
5.10839002268	292.479766846
5.11129251701	292.479766846
5.11419501134	0.0
5.11709750567	0.0
5.12	0.0
5.12290249433	0.0
5.12580498866	0.0
5.12870748299	0.0
5.13160997732	0.0
5.13451247166	0.0
5.13741496599	0.0
5.14031746032	0.0
5.14321995465	0.0
5.14612244898	0.0
5.14902494331	0.0
5.15192743764	0.0
5.15482993197	0.0
5.1577324263	0.0
5.16063492063	0.0
5.16353741497	0.0
5.1664399093	0.0
5.16934240363	0.0
5.17224489796	0.0
5.17514739229	0.0
5.17804988662	0.0
5.18095238095	0.0
5.18385487528	0.0
5.18675736961	0.0
5.18965986395	0.0
5.19256235828	0.0
5.19546485261	0.0
5.19836734694	0.0
5.20126984127	0.0
5.2041723356	0.0
5.20707482993	0.0
5.20997732426	0.0
5.21287981859	0.0
5.21578231293	0.0
5.21868480726	0.0
5.22158730159	0.0
5.22448979592	0.0
5.22739229025	0.0
5.23029478458	0.0
5.23319727891	0.0
5.23609977324	0.0
5.23900226757	0.0
5.2419047619	0.0
5.24480725624	0.0
5.24770975057	0.0
5.2506122449	0.0
5.25351473923	0.0
5.25641723356	0.0
5.25931972789	0.0
5.26222222222	0.0
5.26512471655	0.0
5.26802721088	0.0
5.27092970522	0.0
5.27383219955	0.0
5.27673469388	0.0
5.27963718821	0.0
5.28253968254	0.0
5.28544217687	0.0
5.2883446712	0.0
5.29124716553	0.0
5.29414965986	0.0
5.2970521542	0.0
5.29995464853	0.0
5.30285714286	0.0
5.30575963719	0.0
5.30866213152	0.0
5.31156462585	0.0
5.31446712018	0.0
5.31736961451	0.0
5.32027210884	0.0
5.32317460317	0.0
5.32607709751	0.0
5.32897959184	0.0
5.33188208617	0.0
5.3347845805	0.0
5.33768707483	0.0
5.34058956916	0.0
5.34349206349	0.0
5.34639455782	0.0
5.34929705215	0.0
5.35219954649	0.0
5.35510204082	0.0
5.35800453515	0.0
5.36090702948	0.0
5.36380952381	0.0
5.36671201814	0.0
5.36961451247	0.0
5.3725170068	0.0
5.37541950113	0.0
5.37832199546	0.0
5.3812244898	0.0
5.38412698413	0.0
5.38702947846	0.0
5.38993197279	0.0
5.39283446712	0.0
5.39573696145	0.0
5.39863945578	0.0
5.40154195011	0.0
5.40444444444	0.0
5.40734693878	0.0
5.41024943311	0.0
5.41315192744	0.0
5.41605442177	0.0
5.4189569161	0.0
5.42185941043	0.0
5.42476190476	0.0
5.42766439909	0.0
5.43056689342	0.0
5.43346938776	0.0
5.43637188209	0.0
5.43927437642	0.0
5.44217687075	0.0
5.44507936508	0.0
5.44798185941	0.0
5.45088435374	0.0
5.45378684807	0.0
5.4566893424	0.0
5.45959183673	0.0
5.46249433107	0.0
5.4653968254	0.0
5.46829931973	0.0
5.47120181406	0.0
5.47410430839	0.0
5.47700680272	0.0
5.47990929705	0.0
5.48281179138	0.0
5.48571428571	0.0
5.48861678005	0.0
5.49151927438	0.0
5.49442176871	0.0
5.49732426304	0.0
5.50022675737	0.0
5.5031292517	0.0
5.50603174603	0.0
5.50893424036	0.0
5.51183673469	0.0
5.51473922902	0.0
5.51764172336	0.0
5.52054421769	0.0
5.52344671202	0.0
5.52634920635	0.0
5.52925170068	0.0
5.53215419501	0.0
5.53505668934	0.0
5.53795918367	0.0
5.540861678	0.0
5.54376417234	0.0
5.54666666667	0.0
5.549569161	0.0
5.55247165533	0.0
5.55537414966	0.0
5.55827664399	0.0
5.56117913832	0.0
5.56408163265	0.0
5.56698412698	0.0
5.56988662132	0.0
5.57278911565	0.0
5.57569160998	0.0
5.57859410431	0.0
5.58149659864	0.0
5.58439909297	0.0
5.5873015873	0.0
5.59020408163	0.0
5.59310657596	0.0
5.59600907029	0.0
5.59891156463	0.0
5.60181405896	0.0
5.60471655329	0.0
5.60761904762	0.0
5.61052154195	0.0
