0.0	0.0
0.00290249433107	0.0
0.00580498866213	0.0
0.0087074829932	0.0
0.0116099773243	0.0
0.0145124716553	0.0
0.0174149659864	0.0
0.0203174603175	260.871063232
0.0232199546485	260.118713379
0.0261224489796	259.968505859
0.0290249433107	260.419372559
0.0319274376417	260.871063232
0.0348299319728	261.021789551
0.0377324263039	261.323486328
0.0406349206349	264.971435547
0.043537414966	265.891357422
0.0464399092971	264.81842041
0.0493424036281	262.837341309
0.0522448979592	261.172607422
0.0551473922902	260.118713379
0.0580498866213	259.668365479
0.0609523809524	259.5184021
0.0638548752834	259.668365479
0.0667573696145	259.818389893
0.0696598639456	260.118713379
0.0725623582766	260.269012451
0.0754648526077	260.269012451
0.0783673469388	260.118713379
0.0812698412698	259.818389893
0.0841723356009	259.5184021
0.087074829932	259.069091797
0.089977324263	258.919494629
0.0928798185941	258.620544434
0.0957823129252	258.620544434
0.0986848072562	258.769958496
0.101587301587	258.919494629
0.104489795918	259.218780518
0.107392290249	259.668365479
0.11029478458	259.968505859
0.113197278912	260.269012451
0.116099773243	260.569854736
0.119002267574	260.569854736
0.121904761905	260.569854736
0.124807256236	260.419372559
0.127709750567	259.968505859
0.130612244898	259.368530273
0.133514739229	259.218780518
0.13641723356	259.069091797
0.139319727891	259.069091797
0.142222222222	259.069091797
0.145124716553	259.218780518
0.148027210884	259.5184021
0.150929705215	259.668365479
0.153832199546	259.818389893
0.156734693878	259.668365479
0.159637188209	259.668365479
0.16253968254	259.668365479
0.165442176871	259.668365479
0.168344671202	259.668365479
0.171247165533	259.668365479
0.174149659864	259.668365479
0.177052154195	259.668365479
0.179954648526	259.668365479
0.182857142857	259.5184021
0.185759637188	259.5184021
0.188662131519	259.5184021
0.19156462585	259.368530273
0.194467120181	259.5184021
0.197369614512	259.5184021
0.200272108844	259.668365479
0.203174603175	259.818389893
0.206077097506	259.968505859
0.208979591837	260.118713379
0.211882086168	260.269012451
0.214784580499	260.269012451
0.21768707483	260.419372559
0.220589569161	260.419372559
0.223492063492	260.419372559
0.226394557823	260.419372559
0.229297052154	260.419372559
0.232199546485	260.419372559
0.235102040816	260.419372559
0.238004535147	260.419372559
0.240907029478	260.569854736
0.24380952381	260.720397949
0.246712018141	260.720397949
0.249614512472	260.720397949
0.252517006803	260.720397949
0.255419501134	260.720397949
0.258321995465	260.720397949
0.261224489796	260.720397949
0.264126984127	260.720397949
0.267029478458	260.720397949
0.269931972789	260.720397949
0.27283446712	260.720397949
0.275736961451	260.569854736
0.278639455782	260.419372559
0.281541950113	260.269012451
0.284444444444	260.118713379
0.287346938776	260.118713379
0.290249433107	260.118713379
0.293151927438	260.118713379
0.296054421769	260.118713379
0.2989569161	260.118713379
0.301859410431	260.269012451
0.304761904762	260.419372559
0.307664399093	260.419372559
0.310566893424	260.569854736
0.313469387755	260.569854736
0.316371882086	260.720397949
0.319274376417	260.871063232
0.322176870748	260.871063232
0.325079365079	260.871063232
0.32798185941	261.021789551
0.330884353741	261.021789551
0.333786848073	260.871063232
0.336689342404	260.871063232
0.339591836735	260.871063232
0.342494331066	260.871063232
0.345396825397	260.720397949
0.348299319728	260.720397949
0.351201814059	260.720397949
0.35410430839	260.720397949
0.357006802721	260.871063232
0.359909297052	260.871063232
0.362811791383	260.871063232
0.365714285714	260.871063232
0.368616780045	260.871063232
0.371519274376	260.871063232
0.374421768707	260.871063232
0.377324263039	260.871063232
0.38022675737	260.871063232
0.383129251701	260.871063232
0.386031746032	260.871063232
0.388934240363	260.871063232
0.391836734694	260.871063232
0.394739229025	260.871063232
0.397641723356	260.871063232
0.400544217687	260.871063232
0.403446712018	260.871063232
0.406349206349	260.871063232
0.40925170068	260.871063232
0.412154195011	260.871063232
0.415056689342	260.871063232
0.417959183673	260.720397949
0.420861678005	260.720397949
0.423764172336	260.720397949
0.426666666667	260.871063232
0.429569160998	261.474487305
0.432471655329	262.079315186
0.43537414966	261.927978516
0.438276643991	262.685546875
0.441179138322	263.293182373
0.444081632653	262.533874512
0.446984126984	258.17276001
0.449886621315	294.004211426
0.452789115646	295.536621094
0.455691609977	295.878234863
0.458594104308	295.365936279
0.461496598639	294.174102783
0.464399092971	291.46786499
0.467301587302	288.453125
0.470204081633	287.621246338
0.473106575964	288.286560059
0.476009070295	289.789123535
0.478911564626	291.804779053
0.481814058957	293.495178223
0.484716553288	294.684295654
0.487619047619	295.024932861
0.49052154195	294.684295654
0.493424036281	294.004211426
0.496326530612	292.987030029
0.499229024943	291.636291504
0.502131519274	290.795227051
0.505034013605	290.627288818
0.507936507937	291.46786499
0.510839002268	292.310882568
0.513741496599	292.987030029
0.51664399093	293.156341553
0.519546485261	293.325714111
0.522448979592	292.817840576
0.525351473923	292.142089844
0.528253968254	291.46786499
0.531156462585	290.963226318
0.534058956916	290.795227051
0.536961451247	291.46786499
0.539863945578	292.310882568
0.542766439909	292.987030029
0.54566893424	293.495178223
0.548571428571	293.664764404
0.551473922902	293.325714111
0.554376417234	292.817840576
0.557278911565	292.142089844
0.560181405896	291.46786499
0.563083900227	291.131347656
0.565986394558	291.299560547
0.568888888889	291.804779053
0.57179138322	292.817840576
0.574693877551	293.495178223
0.577596371882	294.004211426
0.580498866213	293.834442139
0.583401360544	293.664764404
0.586303854875	292.987030029
0.589206349206	292.310882568
0.592108843537	291.46786499
0.595011337868	291.131347656
0.5979138322	291.299560547
0.600816326531	291.804779053
0.603718820862	292.310882568
0.606621315193	292.817840576
0.609523809524	292.987030029
0.612426303855	292.987030029
0.615328798186	292.648773193
0.618231292517	292.142089844
0.621133786848	291.804779053
0.624036281179	291.636291504
0.62693877551	291.804779053
0.629841269841	291.973388672
0.632743764172	292.648773193
0.635646258503	292.987030029
0.638548752834	293.325714111
0.641451247166	293.325714111
0.644353741497	293.156341553
0.647256235828	292.817840576
0.650158730159	292.479766846
0.65306122449	292.310882568
0.655963718821	292.310882568
0.658866213152	292.479766846
0.661768707483	292.987030029
0.664671201814	293.156341553
0.667573696145	293.325714111
0.670476190476	293.156341553
0.673378684807	292.987030029
0.676281179138	292.648773193
0.679183673469	292.479766846
0.6820861678	292.310882568
0.684988662132	292.310882568
0.687891156463	292.479766846
0.690793650794	292.648773193
0.693696145125	292.817840576
0.696598639456	292.987030029
0.699501133787	292.987030029
0.702403628118	292.817840576
0.705306122449	292.648773193
0.70820861678	292.479766846
0.711111111111	292.310882568
0.714013605442	292.310882568
0.716916099773	292.479766846
0.719818594104	292.648773193
0.722721088435	292.987030029
0.725623582766	293.156341553
0.728526077098	293.156341553
0.731428571429	293.156341553
0.73433106576	292.987030029
0.737233560091	292.648773193
0.740136054422	292.479766846
0.743038548753	292.479766846
0.745941043084	292.479766846
0.748843537415	292.648773193
0.751746031746	292.817840576
0.754648526077	292.817840576
0.757551020408	292.987030029
0.760453514739	292.987030029
0.76335600907	292.817840576
0.766258503401	292.648773193
0.769160997732	292.648773193
0.772063492063	292.479766846
0.774965986395	292.479766846
0.777868480726	292.648773193
0.780770975057	292.648773193
0.783673469388	292.817840576
0.786575963719	292.817840576
0.78947845805	292.817840576
0.792380952381	292.817840576
0.795283446712	292.817840576
0.798185941043	292.648773193
0.801088435374	292.648773193
0.803990929705	292.648773193
0.806893424036	292.648773193
0.809795918367	292.817840576
0.812698412698	292.817840576
0.815600907029	292.817840576
0.818503401361	292.987030029
0.821405895692	292.987030029
0.824308390023	292.987030029
0.827210884354	293.156341553
0.830113378685	293.156341553
0.833015873016	293.325714111
0.835918367347	293.325714111
0.838820861678	293.156341553
0.841723356009	292.987030029
0.84462585034	292.648773193
0.847528344671	292.648773193
0.850430839002	292.648773193
0.853333333333	292.817840576
0.856235827664	293.495178223
0.859138321995	294.854553223
0.862040816327	297.07699585
0.864943310658	328.676940918
0.867845804989	324.151947021
0.87074829932	327.729034424
0.873650793651	329.24697876
0.876553287982	329.818023682
0.879455782313	329.818023682
0.882358276644	329.437225342
0.885260770975	328.297454834
0.888163265306	326.783874512
0.891065759637	325.465240479
0.893968253968	325.465240479
0.896870748299	325.465240479
0.89977324263	325.653289795
0.902675736961	326.406585693
0.905578231293	326.972686768
0.908480725624	327.539794922
0.911383219955	327.918395996
0.914285714286	327.918395996
0.917188208617	327.729034424
0.920090702948	327.350646973
0.922993197279	327.161621094
0.92589569161	327.539794922
0.928798185941	327.918395996
0.931700680272	328.487121582
0.934603174603	328.866821289
0.937505668934	328.866821289
0.940408163265	328.676940918
0.943310657596	328.297454834
0.946213151927	327.729034424
0.949115646259	326.972686768
0.95201814059	326.595184326
0.954920634921	326.972686768
0.957823129252	327.350646973
0.960725623583	327.918395996
0.963628117914	328.297454834
0.966530612245	328.487121582
0.969433106576	328.487121582
0.972335600907	328.107879639
0.975238095238	327.729034424
0.978140589569	327.539794922
0.9810430839	327.350646973
0.983945578231	327.539794922
0.986848072562	327.729034424
0.989750566893	328.107879639
0.992653061224	328.297454834
0.995555555556	328.487121582
0.998458049887	328.487121582
1.00136054422	328.487121582
1.00426303855	328.487121582
1.00716553288	328.297454834
1.01006802721	328.297454834
1.01297052154	328.107879639
1.01587301587	328.107879639
1.0187755102	328.107879639
1.02167800454	328.297454834
1.02458049887	328.297454834
1.0274829932	328.297454834
1.03038548753	328.297454834
1.03328798186	328.297454834
1.03619047619	328.107879639
1.03909297052	327.918395996
1.04199546485	327.729034424
1.04489795918	327.729034424
1.04780045351	327.918395996
1.05070294785	328.297454834
1.05360544218	328.487121582
1.05650793651	328.676940918
1.05941043084	328.866821289
1.06231292517	328.866821289
1.0652154195	328.487121582
1.06811791383	328.107879639
1.07102040816	327.918395996
1.07392290249	327.729034424
1.07682539683	327.729034424
1.07972789116	327.729034424
1.08263038549	327.729034424
1.08553287982	327.729034424
1.08843537415	327.918395996
1.09133786848	327.729034424
1.09424036281	327.539794922
1.09714285714	327.350646973
1.10004535147	327.161621094
1.1029478458	327.350646973
1.10585034014	327.539794922
1.10875283447	327.918395996
1.1116553288	328.107879639
1.11455782313	328.107879639
1.11746031746	327.918395996
1.12036281179	327.729034424
1.12326530612	327.350646973
1.12616780045	326.972686768
1.12907029478	326.783874512
1.13197278912	326.783874512
1.13487528345	326.972686768
1.13777777778	327.161621094
1.14068027211	327.539794922
1.14358276644	327.729034424
1.14648526077	327.729034424
1.1493877551	327.539794922
1.15229024943	327.350646973
1.15519274376	327.161621094
1.1580952381	326.972686768
1.16099773243	327.161621094
1.16390022676	327.161621094
1.16680272109	327.539794922
1.16970521542	327.729034424
1.17260770975	327.918395996
1.17551020408	327.729034424
1.17841269841	327.729034424
1.18131519274	327.350646973
1.18421768707	326.972686768
1.18712018141	326.783874512
1.19002267574	326.783874512
1.19292517007	326.972686768
1.1958276644	327.161621094
1.19873015873	327.350646973
1.20163265306	327.350646973
1.20453514739	327.539794922
1.20743764172	327.350646973
1.21034013605	327.161621094
1.21324263039	326.972686768
1.21614512472	326.972686768
1.21904761905	326.972686768
1.22195011338	327.161621094
1.22485260771	327.539794922
1.22775510204	327.729034424
1.23065759637	327.918395996
1.2335600907	327.918395996
1.23646258503	327.918395996
1.23936507937	327.729034424
1.2422675737	327.350646973
1.24517006803	327.350646973
1.24807256236	327.350646973
1.25097505669	327.539794922
1.25387755102	327.539794922
1.25678004535	327.161621094
1.25968253968	326.406585693
1.26258503401	325.277313232
1.26548752834	323.590698242
1.26839002268	320.058776855
1.27129251701	310.588317871
1.27419501134	296.733978271
1.27709750567	293.834442139
1.28	291.973388672
1.28290249433	290.963226318
1.28580498866	290.12411499
1.28870748299	289.956573486
1.29160997732	290.291748047
1.29451247166	291.131347656
1.29741496599	292.142089844
1.30031746032	292.817840576
1.30321995465	293.325714111
1.30612244898	293.325714111
1.30902494331	293.156341553
1.31192743764	292.817840576
1.31482993197	292.648773193
1.3177324263	292.648773193
1.32063492063	292.817840576
1.32353741497	292.987030029
1.3264399093	293.156341553
1.32934240363	292.987030029
1.33224489796	292.648773193
1.33514739229	292.142089844
1.33804988662	291.636291504
1.34095238095	291.299560547
1.34385487528	291.299560547
1.34675736961	291.46786499
1.34965986395	291.804779053
1.35256235828	292.142089844
1.35546485261	292.479766846
1.35836734694	292.648773193
1.36126984127	292.648773193
1.3641723356	292.648773193
1.36707482993	292.479766846
1.36997732426	292.310882568
1.37287981859	292.310882568
1.37578231293	292.142089844
1.37868480726	292.142089844
1.38158730159	292.310882568
1.38448979592	292.310882568
1.38739229025	292.310882568
1.39029478458	292.479766846
1.39319727891	292.479766846
1.39609977324	292.648773193
1.39900226757	292.817840576
1.4019047619	292.987030029
1.40480725624	292.987030029
1.40770975057	292.817840576
1.4106122449	292.817840576
1.41351473923	292.648773193
1.41641723356	292.648773193
1.41931972789	292.479766846
1.42222222222	292.479766846
1.42512471655	292.479766846
1.42802721088	292.479766846
1.43092970522	292.479766846
1.43383219955	292.479766846
1.43673469388	292.142089844
1.43963718821	292.142089844
1.44253968254	292.142089844
1.44544217687	292.142089844
1.4483446712	292.142089844
1.45124716553	292.479766846
1.45414965986	292.648773193
1.4570521542	292.817840576
1.45995464853	292.817840576
1.46285714286	292.817840576
1.46575963719	292.817840576
1.46866213152	292.648773193
1.47156462585	292.648773193
1.47446712018	292.648773193
1.47736961451	292.648773193
1.48027210884	292.817840576
1.48317460317	292.987030029
1.48607709751	293.156341553
1.48897959184	293.156341553
1.49188208617	292.987030029
1.4947845805	292.817840576
1.49768707483	292.648773193
1.50058956916	292.648773193
1.50349206349	292.648773193
1.50639455782	292.648773193
1.50929705215	292.817840576
1.51219954649	292.817840576
1.51510204082	292.817840576
1.51800453515	292.648773193
1.52090702948	292.648773193
1.52380952381	292.479766846
1.52671201814	292.479766846
1.52961451247	292.479766846
1.5325170068	292.648773193
1.53541950113	292.817840576
1.53832199546	292.817840576
1.5412244898	292.817840576
1.54412698413	292.817840576
1.54702947846	292.817840576
1.54993197279	292.817840576
1.55283446712	292.648773193
1.55573696145	292.648773193
1.55863945578	292.648773193
1.56154195011	292.817840576
1.56444444444	292.817840576
1.56734693878	292.817840576
1.57024943311	292.817840576
1.57315192744	292.817840576
1.57605442177	292.817840576
1.5789569161	292.817840576
1.58185941043	292.648773193
1.58476190476	292.648773193
1.58766439909	292.648773193
1.59056689342	292.648773193
1.59346938776	292.648773193
1.59637188209	292.817840576
1.59927437642	292.648773193
1.60217687075	292.648773193
1.60507936508	292.648773193
1.60798185941	292.648773193
1.61088435374	292.648773193
1.61378684807	292.648773193
1.6166893424	292.648773193
1.61959183673	292.648773193
1.62249433107	292.648773193
1.6253968254	292.648773193
1.62829931973	292.817840576
1.63120181406	292.817840576
1.63410430839	292.817840576
1.63700680272	292.817840576
1.63990929705	292.817840576
1.64281179138	292.817840576
1.64571428571	292.817840576
1.64861678005	292.817840576
1.65151927438	292.648773193
1.65442176871	292.648773193
1.65732426304	292.648773193
1.66022675737	292.648773193
1.6631292517	292.479766846
1.66603174603	292.648773193
1.66893424036	292.648773193
1.67183673469	292.648773193
1.67473922902	292.648773193
1.67764172336	292.648773193
1.68054421769	292.987030029
1.68344671202	293.325714111
1.68634920635	293.834442139
1.68925170068	294.344055176
1.69215419501	295.024932861
1.69505668934	295.536621094
1.69795918367	295.878234863
1.700861678	295.878234863
1.70376417234	295.707366943
1.70666666667	295.195404053
1.709569161	294.174102783
1.71247165533	292.479766846
1.71537414966	289.789123535
1.71827664399	285.139953613
1.72117913832	279.594665527
1.72408163265	273.998931885
1.72698412698	268.980865479
1.72988662132	266.04498291
1.73278911565	263.293182373
1.73569160998	261.021789551
1.73859410431	259.668365479
1.74149659864	258.919494629
1.74439909297	258.769958496
1.7473015873	259.069091797
1.75020408163	259.5184021
1.75310657596	259.818389893
1.75600907029	260.269012451
1.75891156463	260.419372559
1.76181405896	260.269012451
1.76471655329	259.668365479
1.76761904762	258.919494629
1.77052154195	258.17276001
1.77342403628	257.725769043
1.77632653061	257.725769043
1.77922902494	258.023681641
1.78213151927	258.769958496
1.78503401361	259.968505859
1.78793650794	261.021789551
1.79083900227	261.927978516
1.7937414966	262.079315186
1.79664399093	261.776733398
1.79954648526	261.172607422
1.80244897959	260.118713379
1.80535147392	259.368530273
1.80825396825	258.769958496
1.81115646259	258.620544434
1.81405895692	258.919494629
1.81696145125	259.368530273
1.81986394558	259.818389893
1.82276643991	260.118713379
1.82566893424	260.419372559
1.82857142857	260.118713379
1.8314739229	259.968505859
1.83437641723	259.668365479
1.83727891156	259.5184021
1.8401814059	259.5184021
1.84308390023	259.668365479
1.84598639456	259.818389893
1.84888888889	259.818389893
1.85179138322	259.818389893
1.85469387755	259.818389893
1.85759637188	259.5184021
1.86049886621	259.5184021
1.86340136054	259.368530273
1.86630385488	259.368530273
1.86920634921	259.368530273
1.87210884354	259.5184021
1.87501133787	259.818389893
1.8779138322	259.968505859
1.88081632653	259.968505859
1.88371882086	260.269012451
1.88662131519	260.269012451
1.88952380952	260.269012451
1.89242630385	260.419372559
1.89532879819	260.269012451
1.89823129252	260.269012451
1.90113378685	260.419372559
1.90403628118	260.419372559
1.90693877551	260.419372559
1.90984126984	260.419372559
1.91274376417	260.419372559
1.9156462585	260.419372559
1.91854875283	260.419372559
1.92145124717	260.569854736
1.9243537415	260.569854736
1.92725623583	260.720397949
1.93015873016	260.720397949
1.93306122449	260.871063232
1.93596371882	261.021789551
1.93886621315	261.021789551
1.94176870748	260.871063232
1.94467120181	260.720397949
1.94757369615	260.569854736
1.95047619048	260.269012451
1.95337868481	260.269012451
1.95628117914	260.118713379
1.95918367347	260.118713379
1.9620861678	260.118713379
1.96498866213	260.269012451
1.96789115646	260.269012451
1.97079365079	260.269012451
1.97369614512	260.269012451
1.97659863946	260.269012451
1.97950113379	260.269012451
1.98240362812	260.118713379
1.98530612245	260.269012451
1.98820861678	260.419372559
1.99111111111	260.569854736
1.99401360544	260.871063232
1.99691609977	261.021789551
1.9998185941	261.172607422
2.00272108844	261.172607422
2.00562358277	261.021789551
2.0085260771	260.871063232
2.01142857143	260.720397949
2.01433106576	260.569854736
2.01723356009	260.569854736
2.02013605442	260.569854736
2.02303854875	260.720397949
2.02594104308	260.871063232
2.02884353741	261.021789551
2.03174603175	261.021789551
2.03464852608	261.021789551
2.03755102041	261.021789551
2.04045351474	260.871063232
2.04335600907	260.720397949
2.0462585034	260.569854736
2.04916099773	260.569854736
2.05206349206	260.720397949
2.05496598639	260.871063232
2.05786848073	261.021789551
2.06077097506	261.021789551
2.06367346939	261.021789551
2.06657596372	261.021789551
2.06947845805	260.871063232
2.07238095238	260.871063232
2.07528344671	260.720397949
2.07818594104	260.569854736
2.08108843537	260.569854736
2.08399092971	260.569854736
2.08689342404	260.720397949
2.08979591837	260.871063232
2.0926984127	261.021789551
2.09560090703	261.021789551
2.09850340136	261.021789551
2.10140589569	260.871063232
2.10430839002	260.720397949
2.10721088435	260.569854736
2.11011337868	260.569854736
2.11301587302	260.419372559
2.11591836735	260.569854736
2.11882086168	260.569854736
2.12172335601	260.720397949
2.12462585034	260.871063232
2.12752834467	260.871063232
2.130430839	260.871063232
2.13333333333	260.720397949
2.13623582766	260.720397949
2.139138322	260.720397949
2.14204081633	260.569854736
2.14494331066	260.569854736
2.14784580499	260.569854736
2.15074829932	260.720397949
2.15365079365	260.871063232
2.15655328798	260.871063232
2.15945578231	260.871063232
2.16235827664	260.720397949
2.16526077098	260.720397949
2.16816326531	260.569854736
2.17106575964	260.569854736
2.17396825397	260.419372559
2.1768707483	260.419372559
2.17977324263	260.419372559
2.18267573696	260.569854736
2.18557823129	260.569854736
2.18848072562	260.720397949
2.19138321995	260.720397949
2.19428571429	260.720397949
2.19718820862	260.569854736
2.20009070295	260.569854736
2.20299319728	260.569854736
2.20589569161	260.569854736
2.20879818594	260.569854736
2.21170068027	260.720397949
2.2146031746	260.720397949
2.21750566893	260.720397949
2.22040816327	260.720397949
2.2233106576	260.720397949
2.22621315193	260.720397949
2.22911564626	260.569854736
2.23201814059	260.569854736
2.23492063492	260.569854736
2.23782312925	260.569854736
2.24072562358	260.569854736
2.24362811791	260.569854736
2.24653061224	260.569854736
2.24943310658	260.569854736
2.25233560091	260.569854736
2.25523809524	260.569854736
2.25814058957	260.720397949
2.2610430839	260.569854736
2.26394557823	260.569854736
2.26684807256	260.569854736
2.26975056689	260.569854736
2.27265306122	260.720397949
2.27555555556	260.720397949
2.27845804989	260.871063232
2.28136054422	260.871063232
2.28426303855	260.871063232
2.28716553288	260.871063232
2.29006802721	260.720397949
2.29297052154	260.720397949
2.29587301587	260.720397949
2.2987755102	260.569854736
2.30167800454	260.569854736
2.30458049887	260.720397949
2.3074829932	260.720397949
2.31038548753	260.720397949
2.31328798186	260.871063232
2.31619047619	260.871063232
2.31909297052	260.871063232
2.32199546485	260.871063232
2.32489795918	260.871063232
2.32780045351	260.720397949
2.33070294785	260.720397949
2.33360544218	260.720397949
2.33650793651	260.720397949
2.33941043084	260.720397949
2.34231292517	260.720397949
2.3452154195	260.871063232
2.34811791383	260.871063232
2.35102040816	260.871063232
2.35392290249	260.871063232
2.35682539683	260.720397949
2.35972789116	260.720397949
2.36263038549	260.720397949
2.36553287982	260.720397949
2.36843537415	260.720397949
2.37133786848	260.720397949
2.37424036281	260.720397949
2.37714285714	260.871063232
2.38004535147	260.720397949
2.3829478458	260.720397949
2.38585034014	260.569854736
2.38875283447	260.569854736
2.3916553288	260.569854736
2.39455782313	260.569854736
2.39746031746	260.569854736
2.40036281179	260.720397949
2.40326530612	260.720397949
2.40616780045	260.720397949
2.40907029478	260.720397949
2.41197278912	260.871063232
2.41487528345	260.871063232
2.41777777778	260.871063232
2.42068027211	260.720397949
2.42358276644	260.720397949
2.42648526077	260.720397949
2.4293877551	260.720397949
2.43229024943	0.0
2.43519274376	0.0
2.4380952381	0.0
2.44099773243	0.0
2.44390022676	0.0
2.44680272109	0.0
2.44970521542	0.0
2.45260770975	0.0
2.45551020408	0.0
2.45841269841	0.0
2.46131519274	0.0
2.46421768707	0.0
2.46712018141	0.0
2.47002267574	0.0
2.47292517007	0.0
2.4758276644	0.0
2.47873015873	0.0
2.48163265306	0.0
2.48453514739	0.0
2.48743764172	0.0
2.49034013605	0.0
2.49324263039	0.0
2.49614512472	0.0
2.49904761905	0.0
2.50195011338	0.0
2.50485260771	0.0
2.50775510204	0.0
2.51065759637	0.0
2.5135600907	0.0
2.51646258503	0.0
2.51936507937	0.0
2.5222675737	0.0
2.52517006803	0.0
2.52807256236	0.0
2.53097505669	0.0
2.53387755102	0.0
2.53678004535	395.635040283
2.53968253968	395.178253174
2.54258503401	394.721984863
2.54548752834	394.494049072
2.54839002268	394.266235352
2.55129251701	393.583618164
2.55419501134	393.35635376
2.55709750567	393.129211426
2.56	393.129211426
2.56290249433	393.129211426
2.56580498866	392.675292969
2.56870748299	392.448547363
2.57160997732	392.221923828
2.57451247166	391.995422363
2.57741496599	391.769073486
2.58031746032	391.769073486
2.58321995465	391.769073486
2.58612244898	391.54284668
2.58902494331	391.54284668
2.59192743764	391.316741943
2.59482993197	391.316741943
2.5977324263	390.864929199
2.60063492063	390.639221191
2.60353741497	390.639221191
2.6064399093	390.639221191
2.60934240363	390.413665771
2.61224489796	390.639221191
2.61514739229	390.864929199
2.61804988662	391.316741943
2.62095238095	391.769073486
2.62385487528	392.221923828
2.62675736961	392.221923828
2.62965986395	392.448547363
2.63256235828	392.448547363
2.63546485261	392.448547363
2.63836734694	391.995422363
2.64126984127	391.769073486
2.6441723356	391.316741943
2.64707482993	391.090789795
2.64997732426	391.090789795
2.65287981859	391.316741943
2.65578231293	391.54284668
2.65868480726	391.995422363
2.66158730159	392.448547363
2.66448979592	392.448547363
2.66739229025	392.675292969
2.67029478458	392.675292969
2.67319727891	392.448547363
2.67609977324	392.221923828
2.67900226757	391.769073486
2.6819047619	391.54284668
2.68480725624	391.090789795
2.68770975057	390.639221191
2.6906122449	390.639221191
2.69351473923	390.413665771
2.69641723356	390.413665771
2.69931972789	390.413665771
2.70222222222	390.639221191
2.70512471655	390.639221191
2.70802721088	390.864929199
2.71092970522	391.090789795
2.71383219955	391.316741943
2.71673469388	391.316741943
2.71963718821	391.316741943
2.72253968254	391.316741943
2.72544217687	391.316741943
2.7283446712	391.316741943
2.73124716553	391.316741943
2.73414965986	391.090789795
2.7370521542	391.090789795
2.73995464853	391.090789795
2.74285714286	391.090789795
2.74575963719	391.090789795
2.74866213152	391.316741943
2.75156462585	391.54284668
2.75446712018	391.54284668
2.75736961451	391.54284668
2.76027210884	391.54284668
2.76317460317	391.54284668
2.76607709751	391.54284668
2.76897959184	391.316741943
2.77188208617	391.090789795
2.7747845805	391.090789795
2.77768707483	390.864929199
2.78058956916	390.864929199
2.78349206349	390.864929199
2.78639455782	390.864929199
2.78929705215	391.090789795
2.79219954649	391.316741943
2.79510204082	391.316741943
2.79800453515	391.54284668
2.80090702948	391.54284668
2.80380952381	391.769073486
2.80671201814	391.769073486
2.80961451247	391.54284668
2.8125170068	391.54284668
2.81541950113	391.316741943
2.81832199546	391.316741943
2.8212244898	391.090789795
2.82412698413	391.090789795
2.82702947846	391.316741943
2.82993197279	391.316741943
2.83283446712	391.54284668
2.83573696145	391.54284668
2.83863945578	391.54284668
2.84154195011	391.769073486
2.84444444444	391.54284668
2.84734693878	391.54284668
2.85024943311	391.54284668
2.85315192744	391.316741943
2.85605442177	391.090789795
2.8589569161	391.090789795
2.86185941043	391.090789795
2.86476190476	391.316741943
2.86766439909	391.316741943
2.87056689342	391.54284668
2.87346938776	391.54284668
2.87637188209	391.769073486
2.87927437642	391.769073486
2.88217687075	391.54284668
2.88507936508	391.316741943
2.88798185941	391.316741943
2.89088435374	391.090789795
2.89378684807	390.864929199
2.8966893424	390.864929199
2.89959183673	390.864929199
2.90249433107	390.864929199
2.9053968254	391.090789795
2.90829931973	391.090789795
2.91120181406	391.316741943
2.91410430839	391.316741943
2.91700680272	391.316741943
2.91990929705	391.54284668
2.92281179138	391.54284668
2.92571428571	391.54284668
2.92861678005	391.54284668
2.93151927438	391.316741943
2.93442176871	391.316741943
2.93732426304	391.316741943
2.94022675737	391.090789795
2.9431292517	391.090789795
2.94603174603	391.090789795
2.94893424036	391.090789795
2.95183673469	391.090789795
2.95473922902	391.090789795
2.95764172336	391.090789795
2.96054421769	391.090789795
2.96344671202	390.864929199
2.96634920635	390.864929199
2.96925170068	390.864929199
2.97215419501	390.864929199
2.97505668934	390.864929199
2.97795918367	390.864929199
2.980861678	390.864929199
2.98376417234	390.864929199
2.98666666667	390.864929199
2.989569161	390.864929199
2.99247165533	390.864929199
2.99537414966	390.864929199
2.99827664399	390.864929199
3.00117913832	390.864929199
3.00408163265	390.864929199
3.00698412698	391.090789795
3.00988662132	391.090789795
3.01278911565	391.090789795
3.01569160998	391.316741943
3.01859410431	391.316741943
3.02149659864	391.316741943
3.02439909297	391.316741943
3.0273015873	391.090789795
3.03020408163	391.090789795
3.03310657596	391.090789795
3.03600907029	391.090789795
3.03891156463	391.090789795
3.04181405896	391.090789795
3.04471655329	390.864929199
3.04761904762	390.864929199
3.05052154195	390.864929199
3.05342403628	391.090789795
3.05632653061	391.090789795
3.05922902494	391.090789795
3.06213151927	391.090789795
3.06503401361	391.090789795
3.06793650794	391.090789795
3.07083900227	391.090789795
3.0737414966	391.090789795
3.07664399093	391.090789795
3.07954648526	391.090789795
3.08244897959	391.090789795
3.08535147392	391.090789795
3.08825396825	391.090789795
3.09115646259	391.090789795
3.09405895692	391.090789795
3.09696145125	391.090789795
3.09986394558	390.864929199
3.10276643991	390.864929199
3.10566893424	390.864929199
3.10857142857	390.864929199
3.1114739229	390.864929199
3.11437641723	390.864929199
3.11727891156	391.090789795
3.1201814059	391.090789795
3.12308390023	391.090789795
3.12598639456	391.090789795
3.12888888889	391.090789795
3.13179138322	391.090789795
3.13469387755	391.090789795
3.13759637188	391.090789795
3.14049886621	391.090789795
3.14340136054	391.090789795
3.14630385488	390.864929199
3.14920634921	391.090789795
3.15210884354	390.864929199
3.15501133787	390.864929199
3.1579138322	390.864929199
3.16081632653	390.864929199
3.16371882086	390.864929199
3.16662131519	391.090789795
3.16952380952	391.090789795
3.17242630385	391.090789795
3.17532879819	390.864929199
3.17823129252	390.864929199
3.18113378685	390.864929199
3.18403628118	390.864929199
3.18693877551	390.864929199
3.18984126984	390.864929199
3.19274376417	390.864929199
3.1956462585	390.864929199
3.19854875283	390.864929199
3.20145124717	390.864929199
3.2043537415	390.864929199
3.20725623583	390.864929199
3.21015873016	390.864929199
3.21306122449	390.864929199
3.21596371882	390.864929199
3.21886621315	390.864929199
3.22176870748	390.864929199
3.22467120181	390.864929199
3.22757369615	390.864929199
3.23047619048	390.864929199
3.23337868481	390.864929199
3.23628117914	390.864929199
3.23918367347	390.864929199
3.2420861678	390.864929199
3.24498866213	390.639221191
3.24789115646	390.639221191
3.25079365079	390.639221191
3.25369614512	390.639221191
3.25659863946	390.639221191
3.25950113379	390.639221191
3.26240362812	390.864929199
3.26530612245	390.864929199
3.26820861678	390.864929199
3.27111111111	390.864929199
3.27401360544	390.864929199
3.27691609977	390.864929199
3.2798185941	390.639221191
3.28272108844	390.639221191
3.28562358277	390.639221191
3.2885260771	390.639221191
3.29142857143	390.639221191
3.29433106576	390.639221191
3.29723356009	390.639221191
3.30013605442	390.864929199
3.30303854875	0.0
3.30594104308	0.0
3.30884353741	0.0
3.31174603175	0.0
3.31464852608	0.0
3.31755102041	0.0
3.32045351474	0.0
3.32335600907	0.0
3.3262585034	0.0
3.32916099773	0.0
3.33206349206	0.0
3.33496598639	0.0
3.33786848073	0.0
3.34077097506	0.0
3.34367346939	0.0
3.34657596372	0.0
3.34947845805	0.0
3.35238095238	338.112548828
3.35528344671	339.286376953
3.35818594104	340.857849121
3.36108843537	342.436584473
3.36399092971	343.22869873
3.36689342404	343.823974609
3.36979591837	344.221405029
3.3726984127	344.420288086
3.37560090703	345.217010498
3.37850340136	345.815734863
3.38140589569	346.415496826
3.38430839002	346.615661621
3.38721088435	346.815948486
3.39011337868	347.016326904
3.39301587302	346.815948486
3.39591836735	346.615661621
3.39882086168	346.215484619
3.40172335601	346.215484619
3.40462585034	346.015533447
3.40752834467	346.215484619
3.410430839	346.415496826
3.41333333333	347.016326904
3.41623582766	347.417449951
3.419138322	347.618164062
3.42204081633	347.819030762
3.42494331066	347.819030762
3.42784580499	347.417449951
3.43074829932	347.216827393
3.43365079365	346.615661621
3.43655328798	346.215484619
3.43945578231	346.015533447
3.44235827664	346.015533447
3.44526077098	346.215484619
3.44816326531	346.415496826
3.45106575964	346.815948486
3.45396825397	347.216827393
3.4568707483	347.618164062
3.45977324263	347.819030762
3.46267573696	348.019989014
3.46557823129	348.221069336
3.46848072562	348.019989014
3.47138321995	347.819030762
3.47428571429	347.618164062
3.47718820862	347.216827393
3.48009070295	347.216827393
3.48299319728	347.016326904
3.48589569161	347.016326904
3.48879818594	347.016326904
3.49170068027	347.216827393
3.4946031746	347.417449951
3.49750566893	347.618164062
3.50040816327	347.618164062
3.5033106576	347.819030762
3.50621315193	347.819030762
3.50911564626	347.618164062
3.51201814059	347.417449951
3.51492063492	347.016326904
3.51782312925	347.016326904
3.52072562358	346.615661621
3.52362811791	346.615661621
3.52653061224	346.615661621
3.52943310658	346.815948486
3.53233560091	347.016326904
3.53523809524	347.016326904
3.53814058957	347.016326904
3.5410430839	347.016326904
3.54394557823	347.016326904
3.54684807256	347.016326904
3.54975056689	347.216827393
3.55265306122	347.417449951
3.55555555556	347.618164062
3.55845804989	347.618164062
3.56136054422	347.618164062
3.56426303855	347.417449951
3.56716553288	347.216827393
3.57006802721	347.016326904
3.57297052154	347.016326904
3.57587301587	347.016326904
3.5787755102	347.016326904
3.58167800454	346.815948486
3.58458049887	346.815948486
3.5874829932	347.016326904
3.59038548753	347.016326904
3.59328798186	347.216827393
3.59619047619	347.216827393
3.59909297052	347.417449951
3.60199546485	347.417449951
3.60489795918	347.417449951
3.60780045351	347.216827393
3.61070294785	347.216827393
3.61360544218	347.216827393
3.61650793651	347.016326904
3.61941043084	347.016326904
3.62231292517	347.016326904
3.6252154195	347.016326904
3.62811791383	347.016326904
3.63102040816	347.016326904
3.63392290249	347.016326904
3.63682539683	347.216827393
3.63972789116	347.216827393
3.64263038549	347.417449951
3.64553287982	347.417449951
3.64843537415	347.417449951
3.65133786848	347.417449951
3.65424036281	347.417449951
3.65714285714	347.216827393
3.66004535147	347.216827393
3.6629478458	347.216827393
3.66585034014	347.216827393
3.66875283447	347.216827393
3.6716553288	347.216827393
3.67455782313	347.016326904
3.67746031746	347.016326904
3.68036281179	347.016326904
3.68326530612	347.016326904
3.68616780045	347.016326904
3.68907029478	347.016326904
3.69197278912	347.216827393
3.69487528345	347.216827393
3.69777777778	347.216827393
3.70068027211	347.216827393
3.70358276644	347.216827393
3.70648526077	347.216827393
3.7093877551	347.216827393
3.71229024943	347.216827393
3.71519274376	347.216827393
3.7180952381	347.216827393
3.72099773243	347.016326904
3.72390022676	347.016326904
3.72680272109	347.016326904
3.72970521542	346.815948486
3.73260770975	346.815948486
3.73551020408	346.815948486
3.73841269841	347.016326904
3.74131519274	346.815948486
3.74421768707	346.615661621
3.74712018141	346.015533447
3.75002267574	345.416473389
3.75292517007	344.022644043
3.7558276644	341.843719482
3.75873015873	338.307891846
3.76163265306	335.002105713
3.76453514739	332.880310059
3.76743764172	331.154296875
3.77034013605	329.627563477
3.77324263039	327.918395996
3.77614512472	326.972686768
3.77904761905	326.595184326
3.78195011338	326.783874512
3.78485260771	326.972686768
3.78775510204	326.783874512
3.79065759637	326.972686768
3.7935600907	327.350646973
3.79646258503	327.539794922
3.79936507937	327.350646973
3.8022675737	327.350646973
3.80517006803	327.350646973
3.80807256236	327.539794922
3.81097505669	327.350646973
3.81387755102	327.161621094
3.81678004535	326.972686768
3.81968253968	326.595184326
3.82258503401	326.595184326
3.82548752834	326.783874512
3.82839002268	327.161621094
3.83129251701	327.729034424
3.83419501134	328.297454834
3.83709750567	329.056854248
3.84	329.24697876
3.84290249433	329.056854248
3.84580498866	328.676940918
3.84870748299	328.107879639
3.85160997732	327.729034424
3.85451247166	327.539794922
3.85741496599	327.539794922
3.86031746032	327.729034424
3.86321995465	327.539794922
3.86612244898	327.539794922
3.86902494331	327.350646973
3.87192743764	327.350646973
3.87482993197	327.350646973
3.8777324263	327.729034424
3.88063492063	328.107879639
3.88353741497	328.487121582
3.8864399093	328.866821289
3.88934240363	329.056854248
3.89224489796	328.866821289
3.89514739229	328.676940918
3.89804988662	328.297454834
3.90095238095	328.107879639
3.90385487528	327.918395996
3.90675736961	327.918395996
3.90965986395	327.729034424
3.91256235828	327.729034424
3.91546485261	327.729034424
3.91836734694	328.107879639
3.92126984127	328.107879639
3.9241723356	328.487121582
3.92707482993	328.487121582
3.92997732426	328.487121582
3.93287981859	328.487121582
3.93578231293	328.676940918
3.93868480726	328.487121582
3.94158730159	328.487121582
3.94448979592	328.297454834
3.94739229025	328.297454834
3.95029478458	328.107879639
3.95319727891	328.107879639
3.95609977324	327.729034424
3.95900226757	327.729034424
3.9619047619	327.729034424
3.96480725624	327.539794922
3.96770975057	327.729034424
3.9706122449	327.918395996
3.97351473923	327.918395996
3.97641723356	328.107879639
3.97931972789	328.107879639
3.98222222222	327.918395996
3.98512471655	327.918395996
3.98802721088	328.107879639
3.99092970522	327.918395996
3.99383219955	327.918395996
3.99673469388	327.918395996
3.99963718821	327.918395996
4.00253968254	327.918395996
4.00544217687	327.918395996
4.0083446712	327.729034424
4.01124716553	327.729034424
4.01414965986	327.350646973
4.0170521542	327.350646973
4.01995464853	327.161621094
4.02285714286	327.161621094
4.02575963719	327.161621094
4.02866213152	327.161621094
4.03156462585	327.350646973
4.03446712018	327.539794922
4.03736961451	327.539794922
4.04027210884	327.539794922
4.04317460317	327.539794922
4.04607709751	327.539794922
4.04897959184	327.350646973
4.05188208617	327.350646973
4.0547845805	327.350646973
4.05768707483	327.350646973
4.06058956916	327.350646973
4.06349206349	327.161621094
4.06639455782	327.161621094
4.06929705215	326.972686768
4.07219954649	327.161621094
4.07510204082	327.161621094
4.07800453515	327.161621094
4.08090702948	327.350646973
4.08380952381	327.350646973
4.08671201814	327.350646973
4.08961451247	327.350646973
4.0925170068	327.350646973
4.09541950113	327.350646973
4.09832199546	327.161621094
4.1012244898	327.161621094
4.10412698413	327.161621094
4.10702947846	327.161621094
4.10993197279	326.972686768
4.11283446712	326.783874512
4.11573696145	326.972686768
4.11863945578	326.783874512
4.12154195011	326.972686768
4.12444444444	327.350646973
4.12734693878	327.539794922
4.13024943311	327.539794922
4.13315192744	327.161621094
4.13605442177	326.406585693
4.1389569161	325.277313232
4.14185941043	323.030456543
4.14476190476	318.767272949
4.14766439909	296.905426025
4.15056689342	295.878234863
4.15346938776	293.325714111
4.15637188209	291.804779053
4.15927437642	290.459472656
4.16217687075	289.789123535
4.16507936508	289.789123535
4.16798185941	290.291748047
4.17088435374	291.131347656
4.17378684807	292.142089844
4.1766893424	292.987030029
4.17959183673	293.325714111
4.18249433107	293.495178223
4.1853968254	293.325714111
4.18829931973	293.156341553
4.19120181406	292.987030029
4.19410430839	292.987030029
4.19700680272	293.156341553
4.19990929705	293.156341553
4.20281179138	293.156341553
4.20571428571	292.817840576
4.20861678005	292.310882568
4.21151927438	291.804779053
4.21442176871	291.46786499
4.21732426304	291.131347656
4.22022675737	291.131347656
4.2231292517	291.46786499
4.22603174603	291.973388672
4.22893424036	292.142089844
4.23183673469	292.479766846
4.23473922902	292.648773193
4.23764172336	292.479766846
4.24054421769	292.479766846
4.24344671202	292.310882568
4.24634920635	292.310882568
4.24925170068	292.142089844
4.25215419501	292.142089844
4.25505668934	292.142089844
4.25795918367	292.310882568
4.260861678	292.310882568
4.26376417234	292.310882568
4.26666666667	292.479766846
4.269569161	292.648773193
4.27247165533	292.648773193
4.27537414966	292.817840576
4.27827664399	292.987030029
4.28117913832	292.987030029
4.28408163265	292.987030029
4.28698412698	292.817840576
4.28988662132	292.817840576
4.29278911565	292.648773193
4.29569160998	292.648773193
4.29859410431	292.648773193
4.30149659864	292.648773193
4.30439909297	292.479766846
4.3073015873	292.310882568
4.31020408163	292.310882568
4.31310657596	292.142089844
4.31600907029	292.142089844
4.31891156463	292.142089844
4.32181405896	292.142089844
4.32471655329	292.310882568
4.32761904762	292.479766846
4.33052154195	292.648773193
4.33342403628	292.648773193
4.33632653061	292.648773193
4.33922902494	292.648773193
4.34213151927	292.648773193
4.34503401361	292.648773193
4.34793650794	292.648773193
4.35083900227	292.648773193
4.3537414966	292.817840576
4.35664399093	292.987030029
4.35954648526	292.987030029
4.36244897959	292.987030029
4.36535147392	292.987030029
4.36825396825	292.817840576
4.37115646259	292.648773193
4.37405895692	292.648773193
4.37696145125	292.648773193
4.37986394558	292.817840576
4.38276643991	292.817840576
4.38566893424	292.817840576
4.38857142857	292.817840576
4.3914739229	292.817840576
4.39437641723	292.648773193
4.39727891156	292.479766846
4.4001814059	292.479766846
4.40308390023	292.479766846
4.40598639456	292.479766846
4.40888888889	292.648773193
4.41179138322	292.648773193
4.41469387755	292.817840576
4.41759637188	292.817840576
4.42049886621	292.817840576
4.42340136054	292.648773193
4.42630385488	292.648773193
4.42920634921	292.648773193
4.43210884354	292.648773193
4.43501133787	292.817840576
4.4379138322	292.817840576
4.44081632653	292.817840576
4.44371882086	292.817840576
4.44662131519	292.817840576
4.44952380952	292.817840576
4.45242630385	292.648773193
4.45532879819	292.648773193
4.45823129252	292.648773193
4.46113378685	292.648773193
4.46403628118	292.648773193
4.46693877551	292.648773193
4.46984126984	292.648773193
4.47274376417	292.648773193
4.4756462585	292.648773193
4.47854875283	292.648773193
4.48145124717	292.648773193
4.4843537415	292.648773193
4.48725623583	292.648773193
4.49015873016	292.648773193
4.49306122449	292.648773193
4.49596371882	292.648773193
4.49886621315	292.648773193
4.50176870748	292.648773193
4.50467120181	292.648773193
4.50757369615	292.648773193
4.51047619048	292.648773193
4.51337868481	292.648773193
4.51628117914	292.817840576
4.51918367347	292.817840576
4.5220861678	292.817840576
4.52498866213	292.817840576
4.52789115646	292.648773193
4.53079365079	292.648773193
4.53369614512	292.648773193
4.53659863946	292.479766846
4.53950113379	292.310882568
4.54240362812	292.310882568
4.54530612245	292.479766846
4.54820861678	292.987030029
4.55111111111	293.495178223
4.55401360544	294.174102783
4.55691609977	294.684295654
4.5598185941	294.344055176
4.56272108844	293.325714111
4.56562358277	292.817840576
4.5685260771	343.22869873
4.57142857143	344.81842041
4.57433106576	345.61605835
4.57723356009	346.615661621
4.58013605442	347.417449951
4.58303854875	347.417449951
4.58594104308	347.216827393
4.58884353741	347.216827393
4.59174603175	347.417449951
4.59464852608	347.618164062
4.59755102041	347.618164062
4.60045351474	347.216827393
4.60335600907	346.615661621
4.6062585034	346.215484619
4.60916099773	346.015533447
4.61206349206	346.215484619
4.61496598639	346.215484619
4.61786848073	346.615661621
4.62077097506	347.016326904
4.62367346939	347.417449951
4.62657596372	347.819030762
4.62947845805	347.819030762
4.63238095238	347.819030762
4.63528344671	347.618164062
4.63818594104	347.016326904
4.64108843537	346.615661621
4.64399092971	346.215484619
4.64689342404	346.015533447
4.64979591837	346.015533447
4.6526984127	346.215484619
4.65560090703	346.615661621
4.65850340136	346.815948486
4.66140589569	347.417449951
4.66430839002	347.819030762
4.66721088435	348.221069336
4.67011337868	348.221069336
4.67301587302	348.221069336
4.67591836735	347.819030762
4.67882086168	347.618164062
4.68172335601	347.417449951
4.68462585034	347.216827393
4.68752834467	347.016326904
4.690430839	346.815948486
4.69333333333	346.815948486
4.69623582766	347.016326904
4.699138322	347.016326904
4.70204081633	347.417449951
4.70494331066	347.618164062
4.70784580499	347.618164062
4.71074829932	347.618164062
4.71365079365	347.618164062
4.71655328798	347.417449951
4.71945578231	347.216827393
4.72235827664	347.016326904
4.72526077098	346.815948486
4.72816326531	346.615661621
4.73106575964	346.615661621
4.73396825397	346.615661621
4.7368707483	346.815948486
4.73977324263	347.016326904
4.74267573696	347.016326904
4.74557823129	347.016326904
4.74848072562	347.016326904
4.75138321995	347.216827393
4.75428571429	347.216827393
4.75718820862	347.417449951
4.76009070295	347.618164062
4.76299319728	347.618164062
4.76589569161	347.618164062
4.76879818594	347.417449951
4.77170068027	347.216827393
4.7746031746	347.216827393
4.77750566893	347.016326904
4.78040816327	346.815948486
4.7833106576	346.815948486
4.78621315193	346.815948486
4.78911564626	346.815948486
4.79201814059	346.815948486
4.79492063492	347.016326904
4.79782312925	347.016326904
4.80072562358	347.216827393
4.80362811791	347.216827393
4.80653061224	347.417449951
4.80943310658	347.417449951
4.81233560091	347.417449951
4.81523809524	347.417449951
4.81814058957	347.417449951
4.8210430839	347.216827393
4.82394557823	347.216827393
4.82684807256	347.016326904
4.82975056689	346.815948486
4.83265306122	346.815948486
4.83555555556	346.815948486
4.83845804989	347.016326904
4.84136054422	347.016326904
4.84426303855	347.216827393
4.84716553288	347.216827393
4.85006802721	347.417449951
4.85297052154	347.417449951
4.85587301587	347.417449951
4.8587755102	347.417449951
4.86167800454	347.417449951
4.86458049887	347.417449951
4.8674829932	347.417449951
4.87038548753	347.216827393
4.87328798186	347.216827393
4.87619047619	347.216827393
4.87909297052	347.016326904
4.88199546485	347.016326904
4.88489795918	347.016326904
4.88780045351	346.815948486
4.89070294785	346.815948486
4.89360544218	346.815948486
4.89650793651	346.815948486
4.89941043084	346.815948486
4.90231292517	347.016326904
4.9052154195	347.016326904
4.90811791383	347.216827393
4.91102040816	347.216827393
4.91392290249	347.216827393
4.91682539683	347.216827393
4.91972789116	347.216827393
4.92263038549	347.216827393
4.92553287982	347.216827393
4.92843537415	347.216827393
4.93133786848	347.016326904
4.93424036281	346.815948486
4.93714285714	346.815948486
4.94004535147	346.815948486
4.9429478458	346.815948486
4.94585034014	346.815948486
4.94875283447	347.016326904
4.9516553288	347.216827393
4.95455782313	347.216827393
4.95746031746	347.216827393
4.96036281179	347.216827393
4.96326530612	347.216827393
4.96616780045	347.216827393
4.96907029478	347.216827393
4.97197278912	347.016326904
4.97487528345	346.615661621
4.97777777778	346.815948486
4.98068027211	347.417449951
4.98358276644	348.221069336
4.98648526077	323.403839111
4.9893877551	328.676940918
4.99229024943	329.24697876
4.99519274376	329.24697876
4.9980952381	328.297454834
5.00099773243	329.24697876
5.00390022676	332.49597168
5.00680272109	332.112091064
5.00970521542	331.920288086
5.01260770975	331.537078857
5.01551020408	330.963043213
5.01841269841	330.199249268
5.02131519274	329.24697876
5.02421768707	327.350646973
5.02712018141	325.841461182
5.03002267574	325.465240479
5.03292517007	325.277313232
5.0358276644	325.277313232
5.03873015873	325.653289795
5.04163265306	326.595184326
5.04453514739	328.107879639
5.04743764172	328.866821289
5.05034013605	329.24697876
5.05324263039	329.437225342
5.05614512472	329.24697876
5.05904761905	329.24697876
5.06195011338	329.24697876
5.06485260771	329.056854248
5.06775510204	328.676940918
5.07065759637	327.918395996
5.0735600907	327.350646973
5.07646258503	326.783874512
5.07936507937	326.406585693
5.0822675737	326.595184326
5.08517006803	326.972686768
5.08807256236	327.350646973
5.09097505669	327.918395996
5.09387755102	328.297454834
5.09678004535	328.487121582
5.09968253968	328.676940918
5.10258503401	328.487121582
5.10548752834	328.487121582
5.10839002268	328.676940918
5.11129251701	328.487121582
5.11419501134	328.676940918
5.11709750567	328.487121582
5.12	328.107879639
5.12290249433	327.729034424
5.12580498866	327.729034424
5.12870748299	327.729034424
5.13160997732	327.918395996
5.13451247166	327.918395996
5.13741496599	328.297454834
5.14031746032	328.487121582
5.14321995465	328.676940918
5.14612244898	328.866821289
5.14902494331	328.866821289
5.15192743764	328.866821289
5.15482993197	328.676940918
5.1577324263	328.487121582
5.16063492063	328.297454834
5.16353741497	327.918395996
5.1664399093	327.729034424
5.16934240363	327.539794922
5.17224489796	327.539794922
5.17514739229	327.539794922
5.17804988662	327.729034424
5.18095238095	328.107879639
5.18385487528	328.297454834
5.18675736961	328.487121582
5.18965986395	328.676940918
5.19256235828	328.676940918
5.19546485261	328.676940918
5.19836734694	328.487121582
5.20126984127	328.487121582
5.2041723356	328.107879639
5.20707482993	328.107879639
5.20997732426	327.729034424
5.21287981859	327.539794922
5.21578231293	327.350646973
5.21868480726	327.161621094
5.22158730159	327.161621094
5.22448979592	327.161621094
5.22739229025	327.161621094
5.23029478458	327.350646973
5.23319727891	327.539794922
5.23609977324	327.729034424
5.23900226757	327.729034424
5.2419047619	327.729034424
5.24480725624	327.729034424
5.24770975057	327.729034424
5.2506122449	327.539794922
5.25351473923	327.539794922
5.25641723356	327.539794922
5.25931972789	327.539794922
5.26222222222	327.539794922
5.26512471655	327.350646973
5.26802721088	327.350646973
5.27092970522	327.161621094
5.27383219955	327.161621094
5.27673469388	326.972686768
5.27963718821	326.972686768
5.28253968254	326.972686768
5.28544217687	326.972686768
5.2883446712	327.161621094
5.29124716553	327.350646973
5.29414965986	327.539794922
5.2970521542	327.539794922
5.29995464853	327.539794922
5.30285714286	327.729034424
5.30575963719	327.729034424
5.30866213152	327.729034424
5.31156462585	327.539794922
5.31446712018	327.539794922
5.31736961451	327.350646973
5.32027210884	327.350646973
5.32317460317	327.161621094
5.32607709751	326.972686768
5.32897959184	326.972686768
5.33188208617	326.972686768
5.3347845805	326.972686768
5.33768707483	327.161621094
5.34058956916	327.161621094
5.34349206349	327.161621094
5.34639455782	327.539794922
5.34929705215	327.539794922
5.35219954649	327.539794922
5.35510204082	327.729034424
5.35800453515	327.918395996
5.36090702948	327.918395996
5.36380952381	327.918395996
5.36671201814	327.918395996
5.36961451247	327.729034424
5.3725170068	327.539794922
5.37541950113	327.350646973
5.37832199546	327.350646973
5.3812244898	327.161621094
5.38412698413	327.350646973
5.38702947846	327.350646973
5.38993197279	327.539794922
5.39283446712	327.539794922
5.39573696145	327.539794922
5.39863945578	327.350646973
5.40154195011	327.350646973
5.40444444444	327.350646973
5.40734693878	327.539794922
5.41024943311	327.539794922
5.41315192744	327.539794922
5.41605442177	327.539794922
5.4189569161	327.350646973
5.42185941043	327.350646973
5.42476190476	327.161621094
5.42766439909	327.161621094
5.43056689342	327.161621094
5.43346938776	327.161621094
5.43637188209	327.350646973
5.43927437642	327.350646973
5.44217687075	327.539794922
5.44507936508	327.539794922
5.44798185941	327.539794922
5.45088435374	327.539794922
5.45378684807	327.729034424
5.4566893424	327.729034424
5.45959183673	327.729034424
5.46249433107	327.729034424
5.4653968254	327.539794922
5.46829931973	327.539794922
5.47120181406	327.539794922
5.47410430839	327.729034424
5.47700680272	327.539794922
5.47990929705	327.539794922
5.48281179138	327.350646973
5.48571428571	327.350646973
5.48861678005	327.161621094
5.49151927438	327.350646973
5.49442176871	327.350646973
5.49732426304	327.539794922
5.50022675737	327.539794922
5.5031292517	327.539794922
5.50603174603	327.539794922
5.50893424036	327.539794922
5.51183673469	327.539794922
5.51473922902	327.539794922
5.51764172336	327.539794922
5.52054421769	327.350646973
5.52344671202	327.350646973
5.52634920635	327.350646973
5.52925170068	327.350646973
5.53215419501	327.350646973
5.53505668934	327.350646973
5.53795918367	327.350646973
5.540861678	327.350646973
5.54376417234	327.350646973
5.54666666667	327.350646973
5.549569161	327.350646973
5.55247165533	327.350646973
5.55537414966	327.350646973
5.55827664399	327.161621094
5.56117913832	327.161621094
5.56408163265	327.161621094
5.56698412698	327.161621094
5.56988662132	327.161621094
5.57278911565	326.972686768
5.57569160998	327.161621094
5.57859410431	327.161621094
5.58149659864	327.161621094
5.58439909297	326.972686768
5.5873015873	326.972686768
5.59020408163	326.972686768
5.59310657596	326.972686768
5.59600907029	327.161621094
5.59891156463	327.350646973
5.60181405896	327.350646973
5.60471655329	327.350646973
5.60761904762	327.539794922
5.61052154195	327.539794922
5.61342403628	327.539794922
5.61632653061	327.350646973
5.61922902494	327.350646973
5.62213151927	327.350646973
5.62503401361	327.350646973
5.62793650794	327.350646973
5.63083900227	327.350646973
5.6337414966	327.350646973
5.63664399093	327.350646973
5.63954648526	327.350646973
5.64244897959	327.350646973
5.64535147392	327.350646973
5.64825396825	327.539794922
5.65115646259	327.539794922
5.65405895692	327.539794922
5.65696145125	327.350646973
5.65986394558	327.350646973
5.66276643991	327.350646973
5.66566893424	327.161621094
5.66857142857	327.350646973
5.6714739229	327.350646973
5.67437641723	327.350646973
5.67727891156	327.350646973
5.6801814059	327.350646973
5.68308390023	327.539794922
5.68598639456	327.539794922
5.68888888889	327.539794922
5.69179138322	327.539794922
5.69469387755	327.539794922
5.69759637188	327.539794922
5.70049886621	327.539794922
5.70340136054	327.350646973
5.70630385488	327.539794922
5.70920634921	327.350646973
5.71210884354	327.350646973
5.71501133787	327.350646973
5.7179138322	327.350646973
5.72081632653	327.350646973
5.72371882086	327.350646973
5.72662131519	327.350646973
5.72952380952	327.350646973
5.73242630385	327.539794922
5.73532879819	327.539794922
5.73823129252	327.539794922
5.74113378685	327.539794922
5.74403628118	327.539794922
5.74693877551	327.539794922
5.74984126984	327.350646973
5.75274376417	327.350646973
5.7556462585	327.350646973
5.75854875283	327.350646973
5.76145124717	327.350646973
5.7643537415	327.350646973
5.76725623583	327.350646973
5.77015873016	327.350646973
5.77306122449	327.350646973
5.77596371882	327.350646973
5.77886621315	327.350646973
5.78176870748	327.350646973
5.78467120181	327.350646973
5.78757369615	327.350646973
5.79047619048	327.350646973
5.79337868481	327.539794922
5.79628117914	327.539794922
5.79918367347	327.539794922
5.8020861678	327.539794922
5.80498866213	327.539794922
5.80789115646	327.539794922
5.81079365079	327.539794922
5.81369614512	327.350646973
5.81659863946	327.350646973
5.81950113379	327.539794922
5.82240362812	327.539794922
5.82530612245	327.539794922
5.82820861678	327.539794922
5.83111111111	327.729034424
5.83401360544	327.729034424
5.83691609977	327.539794922
5.8398185941	327.539794922
5.84272108844	327.539794922
5.84562358277	327.539794922
5.8485260771	327.539794922
5.85142857143	327.539794922
5.85433106576	327.539794922
5.85723356009	327.539794922
5.86013605442	327.539794922
5.86303854875	327.539794922
5.86594104308	327.539794922
5.86884353741	327.539794922
5.87174603175	327.539794922
5.87464852608	327.539794922
5.87755102041	327.539794922
5.88045351474	327.539794922
5.88335600907	327.539794922
5.8862585034	327.539794922
5.88916099773	327.539794922
5.89206349206	327.539794922
5.89496598639	327.539794922
5.89786848073	327.539794922
5.90077097506	327.729034424
5.90367346939	327.729034424
5.90657596372	327.729034424
5.90947845805	327.729034424
5.91238095238	327.729034424
5.91528344671	327.729034424
5.91818594104	327.539794922
5.92108843537	327.539794922
5.92399092971	327.539794922
5.92689342404	327.539794922
5.92979591837	327.539794922
5.9326984127	327.539794922
5.93560090703	327.539794922
5.93850340136	327.539794922
5.94140589569	327.539794922
5.94430839002	327.539794922
5.94721088435	327.539794922
5.95011337868	327.539794922
5.95301587302	327.539794922
5.95591836735	327.539794922
5.95882086168	327.539794922
5.96172335601	327.539794922
5.96462585034	327.539794922
5.96752834467	327.539794922
5.970430839	327.539794922
5.97333333333	327.539794922
5.97623582766	327.539794922
5.979138322	327.350646973
5.98204081633	327.350646973
5.98494331066	327.350646973
5.98784580499	327.350646973
5.99074829932	327.350646973
5.99365079365	327.350646973
5.99655328798	327.350646973
5.99945578231	327.539794922
6.00235827664	327.539794922
6.00526077098	327.539794922
6.00816326531	327.539794922
6.01106575964	327.539794922
6.01396825397	327.539794922
6.0168707483	327.350646973
6.01977324263	327.350646973
6.02267573696	327.350646973
6.02557823129	327.539794922
6.02848072562	327.539794922
6.03138321995	327.539794922
6.03428571429	327.729034424
6.03718820862	327.729034424
6.04009070295	327.539794922
6.04299319728	327.539794922
6.04589569161	327.539794922
6.04879818594	327.539794922
6.05170068027	327.539794922
6.0546031746	327.539794922
6.05750566893	327.539794922
6.06040816327	327.539794922
6.0633106576	327.539794922
6.06621315193	327.539794922
6.06911564626	327.539794922
6.07201814059	327.539794922
6.07492063492	327.539794922
6.07782312925	327.539794922
6.08072562358	327.539794922
6.08362811791	327.539794922
6.08653061224	327.539794922
6.08943310658	327.539794922
6.09233560091	327.539794922
6.09523809524	327.729034424
6.09814058957	327.918395996
6.1010430839	328.297454834
6.10394557823	328.676940918
6.10684807256	329.24697876
6.10975056689	329.437225342
6.11265306122	329.437225342
6.11555555556	329.437225342
6.11845804989	329.24697876
6.12136054422	328.676940918
6.12426303855	328.107879639
6.12716553288	327.350646973
6.13006802721	327.161621094
6.13297052154	326.972686768
6.13587301587	327.161621094
6.1387755102	327.539794922
6.14167800454	328.297454834
6.14458049887	328.866821289
6.1474829932	329.24697876
6.15038548753	329.818023682
6.15328798186	330.199249268
6.15619047619	330.390045166
6.15909297052	330.580932617
6.16199546485	330.580932617
6.16489795918	330.390045166
6.16780045351	0.0
6.17070294785	0.0
6.17360544218	0.0
6.17650793651	0.0
6.17941043084	0.0
6.18231292517	0.0
6.1852154195	0.0
6.18811791383	0.0
6.19102040816	0.0
6.19392290249	0.0
6.19682539683	0.0
6.19972789116	0.0
6.20263038549	0.0
6.20553287982	0.0
6.20843537415	0.0
6.21133786848	0.0
6.21424036281	0.0
6.21714285714	0.0
6.22004535147	0.0
6.2229478458	0.0
6.22585034014	0.0
6.22875283447	0.0
6.2316553288	0.0
6.23455782313	0.0
6.23746031746	0.0
6.24036281179	0.0
6.24326530612	0.0
6.24616780045	0.0
6.24907029478	0.0
6.25197278912	0.0
6.25487528345	0.0
6.25777777778	0.0
6.26068027211	0.0
6.26358276644	0.0
6.26648526077	0.0
6.2693877551	0.0
6.27229024943	0.0
6.27519274376	0.0
6.2780952381	0.0
6.28099773243	0.0
6.28390022676	0.0
6.28680272109	0.0
6.28970521542	0.0
6.29260770975	0.0
6.29551020408	0.0
6.29841269841	0.0
6.30131519274	0.0
6.30421768707	0.0
6.30712018141	0.0
6.31002267574	0.0
6.31292517007	0.0
6.3158276644	0.0
6.31873015873	0.0
6.32163265306	0.0
6.32453514739	0.0
6.32743764172	0.0
6.33034013605	0.0
6.33324263039	0.0
6.33614512472	0.0
6.33904761905	0.0
6.34195011338	0.0
6.34485260771	0.0
6.34775510204	0.0
6.35065759637	0.0
6.3535600907	0.0
6.35646258503	0.0
6.35936507937	0.0
6.3622675737	0.0
