0.0	0.0
0.00290249433107	0.0
0.00580498866213	0.0
0.0087074829932	0.0
0.0116099773243	0.0
0.0145124716553	0.0
0.0174149659864	0.0
0.0203174603175	0.0
0.0232199546485	0.0
0.0261224489796	0.0
0.0290249433107	0.0
0.0319274376417	0.0
0.0348299319728	0.0
0.0377324263039	0.0
0.0406349206349	0.0
0.043537414966	0.0
0.0464399092971	0.0
0.0493424036281	0.0
0.0522448979592	0.0
0.0551473922902	0.0
0.0580498866213	0.0
0.0609523809524	0.0
0.0638548752834	0.0
0.0667573696145	0.0
0.0696598639456	0.0
0.0725623582766	0.0
0.0754648526077	0.0
0.0783673469388	0.0
0.0812698412698	0.0
0.0841723356009	0.0
0.087074829932	0.0
0.089977324263	0.0
0.0928798185941	0.0
0.0957823129252	0.0
0.0986848072562	0.0
0.101587301587	368.927368164
0.104489795918	363.638153076
0.107392290249	363.218292236
0.11029478458	362.589416504
0.113197278912	362.3800354
0.116099773243	362.170776367
0.119002267574	360.501068115
0.121904761905	359.87689209
0.124807256236	361.334960938
0.127709750567	360.501068115
0.130612244898	359.6690979
0.133514739229	358.631835938
0.13641723356	354.307861328
0.139319727891	348.825012207
0.142222222222	346.415496826
0.145124716553	345.416473389
0.148027210884	345.61605835
0.150929705215	346.215484619
0.153832199546	347.216827393
0.156734693878	349.026580811
0.159637188209	350.03604126
0.16253968254	350.238311768
0.165442176871	350.238311768
0.168344671202	350.03604126
0.171247165533	350.03604126
0.174149659864	349.83392334
0.177052154195	349.631896973
0.179954648526	349.430023193
0.182857142857	349.430023193
0.185759637188	349.228240967
0.188662131519	349.430023193
0.19156462585	349.83392334
0.194467120181	350.643157959
0.197369614512	351.657318115
0.200272108844	352.470733643
0.203174603175	352.674407959
0.206077097506	352.470733643
0.208979591837	352.063781738
0.211882086168	350.845733643
0.214784580499	349.631896973
0.21768707483	348.623596191
0.220589569161	347.819030762
0.223492063492	347.417449951
0.226394557823	347.417449951
0.229297052154	347.819030762
0.232199546485	348.221069336
0.235102040816	349.026580811
0.238004535147	349.631896973
0.240907029478	350.440673828
0.24380952381	351.048461914
0.246712018141	351.657318115
0.249614512472	352.063781738
0.252517006803	351.86050415
0.255419501134	351.657318115
0.258321995465	351.048461914
0.261224489796	350.643157959
0.264126984127	350.238311768
0.267029478458	350.03604126
0.269931972789	349.83392334
0.27283446712	349.83392334
0.275736961451	349.83392334
0.278639455782	349.631896973
0.281541950113	349.228240967
0.284444444444	348.825012207
0.287346938776	348.623596191
0.290249433107	348.221069336
0.293151927438	348.221069336
0.296054421769	348.422271729
0.2989569161	348.623596191
0.301859410431	349.026580811
0.304761904762	349.228240967
0.307664399093	349.228240967
0.310566893424	349.026580811
0.313469387755	348.825012207
0.316371882086	348.623596191
0.319274376417	348.221069336
0.322176870748	348.221069336
0.325079365079	348.422271729
0.32798185941	348.623596191
0.330884353741	349.026580811
0.333786848073	349.228240967
0.336689342404	349.430023193
0.339591836735	349.631896973
0.342494331066	349.631896973
0.345396825397	349.83392334
0.348299319728	349.83392334
0.351201814059	350.03604126
0.35410430839	350.03604126
0.357006802721	350.03604126
0.359909297052	350.03604126
0.362811791383	350.238311768
0.365714285714	350.238311768
0.368616780045	350.03604126
0.371519274376	350.03604126
0.374421768707	350.238311768
0.377324263039	350.440673828
0.38022675737	350.440673828
0.383129251701	350.440673828
0.386031746032	350.238311768
0.388934240363	350.03604126
0.391836734694	349.83392334
0.394739229025	349.430023193
0.397641723356	349.026580811
0.400544217687	348.825012207
0.403446712018	348.623596191
0.406349206349	348.221069336
0.40925170068	348.019989014
0.412154195011	348.019989014
0.415056689342	348.019989014
0.417959183673	348.221069336
0.420861678005	348.221069336
0.423764172336	348.221069336
0.426666666667	348.422271729
0.429569160998	348.623596191
0.432471655329	348.825012207
0.43537414966	349.026580811
0.438276643991	349.228240967
0.441179138322	349.631896973
0.444081632653	349.83392334
0.446984126984	350.238311768
0.449886621315	350.238311768
0.452789115646	350.440673828
0.455691609977	350.238311768
0.458594104308	350.238311768
0.461496598639	350.03604126
0.464399092971	349.83392334
0.467301587302	349.631896973
0.470204081633	349.430023193
0.473106575964	349.228240967
0.476009070295	349.228240967
0.478911564626	349.228240967
0.481814058957	349.228240967
0.484716553288	349.228240967
0.487619047619	349.430023193
0.49052154195	349.430023193
0.493424036281	349.631896973
0.496326530612	349.631896973
0.499229024943	349.631896973
0.502131519274	349.631896973
0.505034013605	349.631896973
0.507936507937	349.631896973
0.510839002268	349.631896973
0.513741496599	349.631896973
0.51664399093	349.631896973
0.519546485261	349.631896973
0.522448979592	349.430023193
0.525351473923	349.228240967
0.528253968254	349.228240967
0.531156462585	349.228240967
0.534058956916	349.631896973
0.536961451247	349.83392334
0.539863945578	350.440673828
0.542766439909	350.643157959
0.54566893424	350.845733643
0.548571428571	350.845733643
0.551473922902	350.03604126
0.554376417234	349.026580811
0.557278911565	348.019989014
0.560181405896	347.618164062
0.563083900227	347.819030762
0.565986394558	348.825012207
0.568888888889	308.799438477
0.57179138322	308.086791992
0.574693877551	308.799438477
0.577596371882	309.692596436
0.580498866213	312.20715332
0.583401360544	311.846679688
0.586303854875	311.846679688
0.589206349206	312.026855469
0.592108843537	313.472045898
0.595011337868	311.486633301
0.5979138322	310.588317871
0.600816326531	310.408966064
0.603718820862	310.588317871
0.606621315193	311.306762695
0.609523809524	312.387542725
0.612426303855	312.929321289
0.615328798186	312.026855469
0.618231292517	310.76776123
0.621133786848	309.871520996
0.624036281179	309.513763428
0.62693877551	309.513763428
0.629841269841	310.050567627
0.632743764172	311.126983643
0.635646258503	312.026855469
0.638548752834	312.568023682
0.641451247166	312.20715332
0.644353741497	311.666595459
0.647256235828	311.126983643
0.650158730159	310.94732666
0.65306122449	311.306762695
0.655963718821	312.026855469
0.658866213152	312.748626709
0.661768707483	312.748626709
0.664671201814	312.20715332
0.667573696145	311.126983643
0.670476190476	310.050567627
0.673378684807	309.156402588
0.676281179138	308.621124268
0.679183673469	308.621124268
0.6820861678	309.156402588
0.684988662132	309.692596436
0.687891156463	309.871520996
0.690793650794	309.692596436
0.693696145125	309.156402588
0.696598639456	308.799438477
0.699501133787	308.977874756
0.702403628118	309.513763428
0.705306122449	310.76776123
0.70820861678	312.20715332
0.711111111111	313.472045898
0.714013605442	314.197174072
0.716916099773	314.378723145
0.719818594104	313.834411621
0.722721088435	314.378723145
0.725623582766	312.20715332
0.728526077098	310.94732666
0.731428571429	309.513763428
0.73433106576	308.264801025
0.737233560091	306.666412354
0.740136054422	303.494476318
0.743038548753	302.61920166
0.745941043084	301.920806885
0.748843537415	302.968994141
0.751746031746	303.494476318
0.754648526077	307.020904541
0.757551020408	311.306762695
0.760453514739	314.01574707
0.76335600907	316.931304932
0.766258503401	318.583190918
0.769160997732	318.767272949
0.772063492063	317.664428711
0.774965986395	315.83480835
0.777868480726	312.929321289
0.780770975057	309.513763428
0.783673469388	306.135467529
0.786575963719	304.196502686
0.78947845805	302.095245361
0.792380952381	300.008544922
0.795283446712	298.797943115
0.798185941043	297.936218262
0.801088435374	297.592224121
0.803990929705	297.07699585
0.806893424036	296.391387939
0.809795918367	295.024932861
0.812698412698	292.479766846
0.815600907029	290.291748047
0.818503401361	288.953399658
0.821405895692	288.286560059
0.824308390023	288.453125
0.827210884354	289.287414551
0.830113378685	291.131347656
0.833015873016	293.325714111
0.835918367347	294.684295654
0.838820861678	295.024932861
0.841723356009	295.365936279
0.84462585034	295.365936279
0.847528344671	295.707366943
0.850430839002	295.707366943
0.853333333333	295.536621094
0.856235827664	295.365936279
0.859138321995	295.024932861
0.862040816327	294.514129639
0.864943310658	293.495178223
0.867845804989	292.648773193
0.87074829932	291.636291504
0.873650793651	291.131347656
0.876553287982	290.795227051
0.879455782313	290.963226318
0.882358276644	291.46786499
0.885260770975	292.310882568
0.888163265306	293.156341553
0.891065759637	294.004211426
0.893968253968	294.514129639
0.896870748299	295.024932861
0.89977324263	295.195404053
0.902675736961	295.536621094
0.905578231293	295.365936279
0.908480725624	295.195404053
0.911383219955	294.514129639
0.914285714286	294.004211426
0.917188208617	293.156341553
0.920090702948	292.479766846
0.922993197279	291.804779053
0.92589569161	291.299560547
0.928798185941	291.131347656
0.931700680272	291.299560547
0.934603174603	291.804779053
0.937505668934	292.310882568
0.940408163265	293.156341553
0.943310657596	293.664764404
0.946213151927	294.174102783
0.949115646259	294.514129639
0.95201814059	294.684295654
0.954920634921	294.684295654
0.957823129252	294.684295654
0.960725623583	294.344055176
0.963628117914	294.004211426
0.966530612245	293.664764404
0.969433106576	293.495178223
0.972335600907	293.156341553
0.975238095238	292.987030029
0.978140589569	293.156341553
0.9810430839	293.325714111
0.983945578231	294.004211426
0.986848072562	294.684295654
0.989750566893	295.365936279
0.992653061224	295.707366943
0.995555555556	295.707366943
0.998458049887	295.024932861
1.00136054422	293.495178223
1.00426303855	291.636291504
1.00716553288	289.454559326
1.01006802721	288.12008667
1.01297052154	286.295196533
1.01587301587	285.799530029
1.0187755102	285.3046875
1.02167800454	284.975280762
1.02458049887	284.81072998
1.0274829932	284.975280762
1.03038548753	287.289154053
1.03328798186	287.45513916
1.03619047619	291.299560547
1.03909297052	288.12008667
1.04199546485	282.680084229
1.04489795918	282.516845703
1.04780045351	282.516845703
1.05070294785	279.756225586
1.05360544218	278.627349854
1.05650793651	278.627349854
1.05941043084	278.627349854
1.06231292517	278.305633545
1.0652154195	277.984313965
1.06811791383	277.823791504
1.07102040816	277.663360596
1.07392290249	278.788330078
1.07682539683	281.539398193
1.07972789116	281.864837646
1.08263038549	281.702087402
1.08553287982	281.051971436
1.08843537415	280.565338135
1.09133786848	280.079589844
1.09424036281	279.756225586
1.09714285714	279.594665527
1.10004535147	279.433227539
1.1029478458	279.271850586
1.10585034014	279.271850586
1.10875283447	279.110595703
1.1116553288	278.949401855
1.11455782313	277.022583008
1.11746031746	276.702728271
1.12036281179	276.862609863
1.12326530612	276.862609863
1.12616780045	276.542938232
1.12907029478	277.342773438
1.13197278912	277.823791504
1.13487528345	279.110595703
1.13777777778	279.594665527
1.14068027211	280.079589844
1.14358276644	280.40335083
1.14648526077	280.40335083
1.1493877551	280.241424561
1.15229024943	279.756225586
1.15519274376	279.271850586
1.1580952381	278.788330078
1.16099773243	278.305633545
1.16390022676	278.144927979
1.16680272109	277.984313965
1.16970521542	277.823791504
1.17260770975	277.823791504
1.17551020408	277.984313965
1.17841269841	277.984313965
1.18131519274	277.984313965
1.18421768707	277.50302124
1.18712018141	277.182617188
1.19002267574	277.50302124
1.19292517007	277.663360596
1.1958276644	277.663360596
1.19873015873	277.663360596
1.20163265306	277.50302124
1.20453514739	277.342773438
1.20743764172	277.342773438
1.21034013605	277.342773438
1.21324263039	277.342773438
1.21614512472	277.50302124
1.21904761905	277.663360596
1.22195011338	277.663360596
1.22485260771	277.823791504
1.22775510204	277.984313965
1.23065759637	277.823791504
1.2335600907	277.823791504
1.23646258503	277.823791504
1.23936507937	277.823791504
1.2422675737	278.144927979
1.24517006803	277.984313965
1.24807256236	278.144927979
1.25097505669	277.984313965
1.25387755102	277.984313965
1.25678004535	277.984313965
1.25968253968	277.823791504
1.26258503401	277.984313965
1.26548752834	278.144927979
1.26839002268	278.144927979
1.27129251701	278.305633545
1.27419501134	278.305633545
1.27709750567	278.466461182
1.28	278.788330078
1.28290249433	279.110595703
1.28580498866	279.594665527
1.28870748299	279.756225586
1.29160997732	281.214355469
1.29451247166	281.864837646
1.29741496599	282.843414307
1.30031746032	283.825378418
1.30321995465	285.139953613
1.30612244898	285.139953613
1.30902494331	286.62612915
1.31192743764	288.12008667
1.31482993197	289.120361328
1.3177324263	289.956573486
1.32063492063	290.627288818
1.32353741497	291.131347656
1.3264399093	291.46786499
1.32934240363	292.310882568
1.33224489796	292.987030029
1.33514739229	293.834442139
1.33804988662	294.004211426
1.34095238095	294.344055176
1.34385487528	294.344055176
1.34675736961	293.834442139
1.34965986395	292.987030029
1.35256235828	291.636291504
1.35546485261	290.627288818
1.35836734694	289.789123535
1.36126984127	289.454559326
1.3641723356	289.287414551
1.36707482993	289.287414551
1.36997732426	289.621795654
1.37287981859	289.621795654
1.37578231293	289.956573486
1.37868480726	290.627288818
1.38158730159	291.131347656
1.38448979592	291.973388672
1.38739229025	292.817840576
1.39029478458	293.664764404
1.39319727891	294.174102783
1.39609977324	294.514129639
1.39900226757	294.514129639
1.4019047619	294.344055176
1.40480725624	294.004211426
1.40770975057	293.664764404
1.4106122449	293.495178223
1.41351473923	293.156341553
1.41641723356	292.817840576
1.41931972789	292.648773193
1.42222222222	292.310882568
1.42512471655	292.142089844
1.42802721088	291.973388672
1.43092970522	291.804779053
1.43383219955	291.804779053
1.43673469388	291.804779053
1.43963718821	291.804779053
1.44253968254	292.142089844
1.44544217687	292.310882568
1.4483446712	292.479766846
1.45124716553	292.648773193
1.45414965986	292.817840576
1.4570521542	293.156341553
1.45995464853	293.156341553
1.46285714286	293.325714111
1.46575963719	293.325714111
1.46866213152	293.325714111
1.47156462585	293.156341553
1.47446712018	292.987030029
1.47736961451	292.987030029
1.48027210884	292.817840576
1.48317460317	292.648773193
1.48607709751	292.648773193
1.48897959184	292.648773193
1.49188208617	292.817840576
1.4947845805	292.817840576
1.49768707483	292.987030029
1.50058956916	293.156341553
1.50349206349	293.156341553
1.50639455782	293.325714111
1.50929705215	293.325714111
1.51219954649	293.495178223
1.51510204082	293.495178223
1.51800453515	293.495178223
1.52090702948	293.664764404
1.52380952381	293.664764404
1.52671201814	293.834442139
1.52961451247	293.834442139
1.5325170068	293.664764404
1.53541950113	293.664764404
1.53832199546	293.495178223
1.5412244898	293.325714111
1.54412698413	293.495178223
1.54702947846	293.325714111
1.54993197279	293.495178223
1.55283446712	293.495178223
1.55573696145	293.495178223
1.55863945578	293.834442139
1.56154195011	294.004211426
1.56444444444	294.174102783
1.56734693878	294.344055176
1.57024943311	294.514129639
1.57315192744	294.684295654
1.57605442177	294.514129639
1.5789569161	294.174102783
1.58185941043	293.664764404
1.58476190476	292.987030029
1.58766439909	292.817840576
1.59056689342	292.310882568
1.59346938776	292.142089844
1.59637188209	291.804779053
1.59927437642	291.804779053
1.60217687075	291.973388672
1.60507936508	292.310882568
1.60798185941	292.479766846
1.61088435374	292.987030029
1.61378684807	293.495178223
1.6166893424	294.174102783
1.61959183673	295.707366943
1.62249433107	296.562652588
1.6253968254	297.592224121
1.62829931973	297.936218262
1.63120181406	298.452941895
1.63410430839	298.10836792
1.63700680272	295.707366943
1.63990929705	293.495178223
1.64281179138	289.120361328
1.64571428571	288.286560059
1.64861678005	287.787414551
1.65151927438	288.12008667
1.65442176871	290.627288818
1.65732426304	294.514129639
1.66022675737	301.920806885
1.6631292517	302.61920166
1.66603174603	302.794036865
1.66893424036	302.968994141
1.67183673469	303.319213867
1.67473922902	303.845275879
1.67764172336	304.548126221
1.68054421769	305.958679199
1.68344671202	307.198303223
1.68634920635	308.621124268
1.68925170068	310.229705811
1.69215419501	312.20715332
1.69505668934	314.01574707
1.69795918367	315.652435303
1.700861678	316.931304932
1.70376417234	317.480987549
1.70666666667	317.297668457
1.709569161	316.199890137
1.71247165533	314.378723145
1.71537414966	311.846679688
1.71827664399	309.156402588
1.72117913832	307.020904541
1.72408163265	305.605438232
1.72698412698	305.076324463
1.72988662132	304.724090576
1.73278911565	305.252593994
1.73569160998	306.312347412
1.73859410431	307.553375244
1.74149659864	308.977874756
1.74439909297	310.408966064
1.7473015873	311.486633301
1.75020408163	312.568023682
1.75310657596	313.110137939
1.75600907029	313.653167725
1.75891156463	313.834411621
1.76181405896	313.653167725
1.76471655329	313.472045898
1.76761904762	312.929321289
1.77052154195	312.026855469
1.77342403628	310.94732666
1.77632653061	309.871520996
1.77922902494	308.977874756
1.78213151927	308.442932129
1.78503401361	308.621124268
1.78793650794	309.156402588
1.79083900227	309.871520996
1.7937414966	310.94732666
1.79664399093	311.666595459
1.79954648526	312.20715332
1.80244897959	312.20715332
1.80535147392	312.026855469
1.80825396825	311.486633301
1.81115646259	310.94732666
1.81405895692	310.588317871
1.81696145125	310.408966064
1.81986394558	310.588317871
1.82276643991	310.76776123
1.82566893424	310.94732666
1.82857142857	311.126983643
1.8314739229	310.94732666
1.83437641723	310.76776123
1.83727891156	310.408966064
1.8401814059	310.050567627
1.84308390023	310.229705811
1.84598639456	310.408966064
1.84888888889	310.588317871
1.85179138322	310.94732666
1.85469387755	311.306762695
1.85759637188	311.126983643
1.86049886621	311.126983643
1.86340136054	310.76776123
1.86630385488	310.588317871
1.86920634921	310.588317871
1.87210884354	310.588317871
1.87501133787	310.76776123
1.8779138322	310.94732666
1.88081632653	311.486633301
1.88371882086	311.846679688
1.88662131519	312.387542725
1.88952380952	312.387542725
1.89242630385	312.387542725
1.89532879819	311.846679688
1.89823129252	311.486633301
1.90113378685	311.126983643
1.90403628118	311.126983643
1.90693877551	311.126983643
1.90984126984	311.126983643
1.91274376417	310.76776123
1.9156462585	310.76776123
1.91854875283	310.94732666
1.92145124717	310.94732666
1.9243537415	311.126983643
1.92725623583	311.486633301
1.93015873016	312.387542725
1.93306122449	313.653167725
1.93596371882	314.01574707
1.93886621315	312.929321289
1.94176870748	311.486633301
1.94467120181	310.229705811
1.94757369615	310.408966064
1.95047619048	310.76776123
1.95337868481	312.387542725
1.95628117914	314.56036377
1.95918367347	317.664428711
1.9620861678	322.098846436
1.96498866213	345.017669678
1.96789115646	349.631896973
1.97079365079	351.251281738
1.97369614512	351.86050415
1.97659863946	351.86050415
1.97950113379	351.251281738
1.98240362812	349.83392334
1.98530612245	348.019989014
1.98820861678	348.019989014
1.99111111111	350.643157959
1.99401360544	352.878173828
1.99691609977	353.69442749
1.9998185941	353.898803711
2.00272108844	353.286071777
2.00562358277	351.45425415
2.0085260771	348.422271729
2.01142857143	345.61605835
2.01433106576	345.815734863
2.01723356009	346.815948486
2.02013605442	347.819030762
2.02303854875	348.623596191
2.02594104308	349.026580811
2.02884353741	349.026580811
2.03174603175	349.026580811
2.03464852608	349.228240967
2.03755102041	350.03604126
2.04045351474	351.45425415
2.04335600907	352.674407959
2.0462585034	353.082061768
2.04916099773	352.878173828
2.05206349206	352.063781738
2.05496598639	350.643157959
2.05786848073	349.026580811
2.06077097506	347.819030762
2.06367346939	347.819030762
2.06657596372	348.623596191
2.06947845805	349.631896973
2.07238095238	350.238311768
2.07528344671	350.238311768
2.07818594104	350.03604126
2.08108843537	349.026580811
2.08399092971	348.221069336
2.08689342404	347.417449951
2.08979591837	347.216827393
2.0926984127	347.618164062
2.09560090703	348.623596191
2.09850340136	349.228240967
2.10140589569	349.83392334
2.10430839002	349.83392334
2.10721088435	349.228240967
2.11011337868	348.221069336
2.11301587302	347.216827393
2.11591836735	346.615661621
2.11882086168	347.016326904
2.12172335601	347.618164062
2.12462585034	348.623596191
2.12752834467	349.430023193
2.130430839	350.03604126
2.13333333333	350.238311768
2.13623582766	350.238311768
2.139138322	350.03604126
2.14204081633	349.83392334
2.14494331066	349.430023193
2.14784580499	349.228240967
2.15074829932	349.631896973
2.15365079365	349.631896973
2.15655328798	349.83392334
2.15945578231	350.03604126
2.16235827664	350.03604126
2.16526077098	350.03604126
2.16816326531	350.03604126
2.17106575964	350.238311768
2.17396825397	350.238311768
2.1768707483	350.643157959
2.17977324263	350.845733643
2.18267573696	350.845733643
2.18557823129	350.845733643
2.18848072562	350.440673828
2.19138321995	349.83392334
2.19428571429	349.026580811
2.19718820862	348.422271729
2.20009070295	347.819030762
2.20299319728	347.618164062
2.20589569161	347.819030762
2.20879818594	348.019989014
2.21170068027	348.422271729
2.2146031746	348.623596191
2.21750566893	348.825012207
2.22040816327	348.825012207
2.2233106576	348.623596191
2.22621315193	348.422271729
2.22911564626	348.422271729
2.23201814059	348.623596191
2.23492063492	349.026580811
2.23782312925	349.631896973
2.24072562358	350.440673828
2.24362811791	350.643157959
2.24653061224	350.643157959
2.24943310658	350.643157959
2.25233560091	350.238311768
2.25523809524	349.83392334
2.25814058957	349.430023193
2.2610430839	349.228240967
2.26394557823	349.228240967
2.26684807256	349.228240967
2.26975056689	349.228240967
2.27265306122	349.228240967
2.27555555556	349.026580811
2.27845804989	348.825012207
2.28136054422	348.623596191
2.28426303855	348.623596191
2.28716553288	349.026580811
2.29006802721	349.228240967
2.29297052154	349.631896973
2.29587301587	349.83392334
2.2987755102	350.03604126
2.30167800454	350.03604126
2.30458049887	349.83392334
2.3074829932	349.83392334
2.31038548753	349.631896973
2.31328798186	349.631896973
2.31619047619	349.83392334
2.31909297052	350.03604126
2.32199546485	350.238311768
2.32489795918	350.440673828
2.32780045351	350.440673828
2.33070294785	350.238311768
2.33360544218	350.03604126
2.33650793651	349.83392334
2.33941043084	349.83392334
2.34231292517	349.83392334
2.3452154195	349.83392334
2.34811791383	349.83392334
2.35102040816	349.83392334
2.35392290249	349.83392334
2.35682539683	349.430023193
2.35972789116	349.228240967
2.36263038549	349.026580811
2.36553287982	349.026580811
2.36843537415	349.228240967
2.37133786848	349.430023193
2.37424036281	349.631896973
2.37714285714	349.83392334
2.38004535147	350.03604126
2.3829478458	349.83392334
2.38585034014	349.631896973
2.38875283447	349.631896973
2.3916553288	349.631896973
2.39455782313	349.430023193
2.39746031746	349.430023193
2.40036281179	349.430023193
2.40326530612	349.228240967
2.40616780045	349.026580811
2.40907029478	348.825012207
2.41197278912	348.825012207
2.41487528345	348.825012207
2.41777777778	348.825012207
2.42068027211	349.026580811
2.42358276644	349.430023193
2.42648526077	349.631896973
2.4293877551	349.631896973
2.43229024943	349.83392334
2.43519274376	349.631896973
2.4380952381	349.430023193
2.44099773243	349.430023193
2.44390022676	349.228240967
2.44680272109	349.228240967
2.44970521542	349.228240967
2.45260770975	349.228240967
2.45551020408	349.430023193
2.45841269841	349.228240967
2.46131519274	349.228240967
2.46421768707	349.228240967
2.46712018141	349.228240967
2.47002267574	349.430023193
2.47292517007	349.83392334
2.4758276644	349.83392334
2.47873015873	348.623596191
2.48163265306	347.618164062
2.48453514739	346.615661621
2.48743764172	346.415496826
2.49034013605	347.016326904
2.49324263039	348.825012207
2.49614512472	353.286071777
2.49904761905	367.226501465
2.50195011338	369.140533447
2.50485260771	368.714324951
2.50775510204	366.802520752
2.51065759637	365.111450195
2.5135600907	363.638153076
2.51646258503	0.0
2.51936507937	0.0
2.5222675737	0.0
2.52517006803	0.0
2.52807256236	0.0
2.53097505669	0.0
2.53387755102	0.0
2.53678004535	0.0
2.53968253968	0.0
2.54258503401	0.0
2.54548752834	0.0
2.54839002268	0.0
2.55129251701	0.0
2.55419501134	0.0
2.55709750567	0.0
2.56	0.0
2.56290249433	0.0
2.56580498866	0.0
2.56870748299	0.0
2.57160997732	0.0
2.57451247166	0.0
2.57741496599	0.0
2.58031746032	0.0
2.58321995465	0.0
2.58612244898	0.0
2.58902494331	0.0
2.59192743764	0.0
2.59482993197	0.0
2.5977324263	0.0
2.60063492063	0.0
2.60353741497	0.0
2.6064399093	0.0
2.60934240363	0.0
2.61224489796	0.0
2.61514739229	0.0
2.61804988662	0.0
2.62095238095	0.0
2.62385487528	0.0
2.62675736961	0.0
2.62965986395	0.0
2.63256235828	0.0
2.63546485261	0.0
2.63836734694	0.0
2.64126984127	0.0
2.6441723356	0.0
2.64707482993	0.0
2.64997732426	0.0
2.65287981859	0.0
2.65578231293	0.0
2.65868480726	0.0
2.66158730159	0.0
2.66448979592	0.0
2.66739229025	0.0
2.67029478458	0.0
2.67319727891	0.0
2.67609977324	0.0
2.67900226757	0.0
2.6819047619	0.0
2.68480725624	0.0
2.68770975057	0.0
2.6906122449	0.0
2.69351473923	0.0
2.69641723356	0.0
2.69931972789	0.0
2.70222222222	0.0
2.70512471655	0.0
2.70802721088	0.0
2.71092970522	0.0
2.71383219955	0.0
2.71673469388	0.0
2.71963718821	0.0
2.72253968254	0.0
2.72544217687	0.0
2.7283446712	0.0
2.73124716553	0.0
2.73414965986	0.0
2.7370521542	0.0
2.73995464853	0.0
2.74285714286	0.0
2.74575963719	0.0
2.74866213152	0.0
2.75156462585	0.0
2.75446712018	0.0
2.75736961451	0.0
2.76027210884	0.0
2.76317460317	0.0
2.76607709751	0.0
2.76897959184	0.0
2.77188208617	0.0
2.7747845805	0.0
2.77768707483	0.0
2.78058956916	0.0
2.78349206349	0.0
2.78639455782	0.0
2.78929705215	0.0
2.79219954649	0.0
2.79510204082	0.0
2.79800453515	0.0
2.80090702948	0.0
2.80380952381	0.0
2.80671201814	0.0
2.80961451247	0.0
2.8125170068	0.0
2.81541950113	0.0
2.81832199546	0.0
2.8212244898	0.0
2.82412698413	0.0
2.82702947846	0.0
2.82993197279	0.0
2.83283446712	0.0
2.83573696145	0.0
2.83863945578	0.0
2.84154195011	0.0
2.84444444444	0.0
2.84734693878	0.0
2.85024943311	349.026580811
2.85315192744	345.815734863
2.85605442177	345.217010498
2.8589569161	345.61605835
2.86185941043	346.615661621
2.86476190476	349.026580811
2.86766439909	351.048461914
2.87056689342	351.45425415
2.87346938776	351.251281738
2.87637188209	350.845733643
2.87927437642	350.643157959
2.88217687075	350.643157959
2.88507936508	350.440673828
2.88798185941	350.238311768
2.89088435374	349.83392334
2.89378684807	349.228240967
2.8966893424	348.825012207
2.89959183673	348.825012207
2.90249433107	349.430023193
2.9053968254	350.845733643
2.90829931973	352.674407959
2.91120181406	353.898803711
2.91410430839	353.898803711
2.91700680272	353.082061768
2.91990929705	351.45425415
2.92281179138	350.238311768
2.92571428571	349.228240967
2.92861678005	348.623596191
2.93151927438	348.221069336
2.93442176871	348.221069336
2.93732426304	348.422271729
2.94022675737	348.422271729
2.9431292517	348.623596191
2.94603174603	348.825012207
2.94893424036	349.430023193
2.95183673469	350.440673828
2.95473922902	351.657318115
2.95764172336	352.470733643
2.96054421769	352.674407959
2.96344671202	352.063781738
2.96634920635	351.048461914
2.96925170068	350.440673828
2.97215419501	349.83392334
2.97505668934	349.631896973
2.97795918367	349.631896973
2.980861678	349.83392334
2.98376417234	350.03604126
2.98666666667	350.03604126
2.989569161	349.83392334
2.99247165533	349.430023193
2.99537414966	349.026580811
2.99827664399	348.623596191
3.00117913832	348.422271729
3.00408163265	348.221069336
3.00698412698	348.221069336
3.00988662132	348.623596191
3.01278911565	348.825012207
3.01569160998	349.228240967
3.01859410431	349.430023193
3.02149659864	349.631896973
3.02439909297	349.026580811
3.0273015873	348.221069336
3.03020408163	347.618164062
3.03310657596	347.417449951
3.03600907029	347.618164062
3.03891156463	348.221069336
3.04181405896	349.026580811
3.04471655329	349.631896973
3.04761904762	350.03604126
3.05052154195	350.03604126
3.05342403628	349.83392334
3.05632653061	349.631896973
3.05922902494	349.631896973
3.06213151927	349.631896973
3.06503401361	349.631896973
3.06793650794	349.83392334
3.07083900227	350.03604126
3.0737414966	350.03604126
3.07664399093	349.83392334
3.07954648526	349.83392334
3.08244897959	349.83392334
3.08535147392	350.03604126
3.08825396825	350.440673828
3.09115646259	350.643157959
3.09405895692	350.845733643
3.09696145125	350.643157959
3.09986394558	350.440673828
3.10276643991	350.03604126
3.10566893424	349.631896973
3.10857142857	349.228240967
3.1114739229	349.026580811
3.11437641723	348.623596191
3.11727891156	348.623596191
3.1201814059	348.422271729
3.12308390023	348.422271729
3.12598639456	348.422271729
3.12888888889	348.422271729
3.13179138322	348.623596191
3.13469387755	348.623596191
3.13759637188	348.623596191
3.14049886621	348.623596191
3.14340136054	348.825012207
3.14630385488	348.825012207
3.14920634921	349.228240967
3.15210884354	349.430023193
3.15501133787	349.83392334
3.1579138322	350.03604126
3.16081632653	350.238311768
3.16371882086	350.238311768
3.16662131519	350.03604126
3.16952380952	350.03604126
3.17242630385	349.83392334
3.17532879819	349.430023193
3.17823129252	349.430023193
3.18113378685	349.228240967
3.18403628118	349.228240967
3.18693877551	349.228240967
3.18984126984	349.228240967
3.19274376417	349.026580811
3.1956462585	349.026580811
3.19854875283	349.026580811
3.20145124717	349.026580811
3.2043537415	349.430023193
3.20725623583	349.430023193
3.21015873016	349.83392334
3.21306122449	349.83392334
3.21596371882	349.83392334
3.21886621315	349.83392334
3.22176870748	349.83392334
3.22467120181	349.83392334
3.22757369615	349.83392334
3.23047619048	349.83392334
3.23337868481	349.631896973
3.23628117914	349.228240967
3.23918367347	349.026580811
3.2420861678	349.026580811
3.24498866213	349.228240967
3.24789115646	350.03604126
3.25079365079	351.45425415
3.25369614512	353.286071777
3.25659863946	355.53793335
3.25950113379	357.804168701
3.26240362812	359.253814697
3.26530612245	354.103271484
3.26820861678	349.228240967
3.27111111111	347.016326904
3.27401360544	346.215484619
3.27691609977	346.215484619
3.2798185941	347.417449951
3.28272108844	350.643157959
3.28562358277	354.307861328
3.2885260771	356.154571533
3.29142857143	357.804168701
3.29433106576	360.292877197
3.29723356009	363.638153076
3.30013605442	368.075958252
3.30303854875	0.0
3.30594104308	0.0
3.30884353741	0.0
3.31174603175	0.0
3.31464852608	0.0
3.31755102041	0.0
3.32045351474	0.0
3.32335600907	0.0
3.3262585034	0.0
3.32916099773	0.0
3.33206349206	0.0
3.33496598639	0.0
3.33786848073	0.0
3.34077097506	0.0
3.34367346939	0.0
3.34657596372	0.0
3.34947845805	0.0
3.35238095238	0.0
3.35528344671	0.0
3.35818594104	0.0
3.36108843537	0.0
3.36399092971	0.0
3.36689342404	0.0
3.36979591837	0.0
3.3726984127	0.0
3.37560090703	0.0
3.37850340136	0.0
3.38140589569	0.0
3.38430839002	0.0
3.38721088435	0.0
3.39011337868	0.0
3.39301587302	0.0
3.39591836735	0.0
3.39882086168	0.0
3.40172335601	0.0
3.40462585034	0.0
3.40752834467	0.0
3.410430839	0.0
3.41333333333	0.0
3.41623582766	0.0
3.419138322	0.0
3.42204081633	0.0
3.42494331066	0.0
3.42784580499	0.0
3.43074829932	0.0
3.43365079365	0.0
3.43655328798	0.0
3.43945578231	0.0
3.44235827664	0.0
3.44526077098	0.0
3.44816326531	0.0
3.45106575964	0.0
3.45396825397	0.0
3.4568707483	0.0
3.45977324263	0.0
3.46267573696	0.0
3.46557823129	0.0
3.46848072562	0.0
3.47138321995	0.0
3.47428571429	0.0
3.47718820862	0.0
3.48009070295	0.0
3.48299319728	0.0
3.48589569161	0.0
3.48879818594	0.0
3.49170068027	0.0
3.4946031746	360.292877197
3.49750566893	356.566253662
3.50040816327	353.898803711
3.5033106576	352.063781738
3.50621315193	350.643157959
3.50911564626	349.631896973
3.51201814059	348.825012207
3.51492063492	348.221069336
3.51782312925	348.221069336
3.52072562358	348.422271729
3.52362811791	348.422271729
3.52653061224	348.623596191
3.52943310658	349.228240967
3.53233560091	350.03604126
3.53523809524	351.45425415
3.53814058957	352.674407959
3.5410430839	352.878173828
3.54394557823	352.063781738
3.54684807256	350.643157959
3.54975056689	349.430023193
3.55265306122	349.026580811
3.55555555556	349.026580811
3.55845804989	349.430023193
3.56136054422	350.03604126
3.56426303855	350.643157959
3.56716553288	350.238311768
3.57006802721	349.228240967
3.57297052154	348.623596191
3.57587301587	348.019989014
3.5787755102	348.221069336
3.58167800454	348.422271729
3.58458049887	349.026580811
3.5874829932	349.430023193
3.59038548753	349.026580811
3.59328798186	348.422271729
3.59619047619	348.019989014
3.59909297052	348.221069336
3.60199546485	348.422271729
3.60489795918	349.430023193
3.60780045351	350.643157959
3.61070294785	350.643157959
3.61360544218	349.430023193
3.61650793651	348.422271729
3.61941043084	348.019989014
3.62231292517	348.019989014
3.6252154195	348.422271729
3.62811791383	349.430023193
3.63102040816	350.440673828
3.63392290249	350.643157959
3.63682539683	350.03604126
3.63972789116	349.430023193
3.64263038549	349.430023193
3.64553287982	349.430023193
3.64843537415	349.631896973
3.65133786848	350.03604126
3.65424036281	350.03604126
3.65714285714	349.631896973
3.66004535147	349.228240967
3.6629478458	348.825012207
3.66585034014	348.825012207
3.66875283447	349.430023193
3.6716553288	350.238311768
3.67455782313	351.251281738
3.67746031746	351.45425415
3.68036281179	350.643157959
3.68326530612	349.83392334
3.68616780045	349.026580811
3.68907029478	348.623596191
3.69197278912	348.623596191
3.69487528345	349.228240967
3.69777777778	350.238311768
3.70068027211	350.845733643
3.70358276644	351.048461914
3.70648526077	350.845733643
3.7093877551	350.643157959
3.71229024943	349.83392334
3.71519274376	348.825012207
3.7180952381	347.016326904
3.72099773243	345.416473389
3.72390022676	344.619293213
3.72680272109	312.387542725
3.72970521542	312.20715332
3.73260770975	312.568023682
3.73551020408	310.229705811
3.73841269841	309.513763428
3.74131519274	309.692596436
3.74421768707	310.408966064
3.74712018141	312.20715332
3.75002267574	314.742095947
3.75292517007	315.105926514
3.7558276644	314.01574707
3.75873015873	312.20715332
3.76163265306	310.76776123
3.76453514739	310.408966064
3.76743764172	310.588317871
3.77034013605	311.306762695
3.77324263039	312.026855469
3.77614512472	312.568023682
3.77904761905	312.20715332
3.78195011338	311.666595459
3.78485260771	310.76776123
3.78775510204	309.871520996
3.79065759637	309.692596436
3.7935600907	309.513763428
3.79646258503	309.871520996
3.79936507937	310.408966064
3.8022675737	310.94732666
3.80517006803	311.486633301
3.80807256236	311.666595459
3.81097505669	311.846679688
3.81387755102	311.846679688
3.81678004535	312.026855469
3.81968253968	312.026855469
3.82258503401	312.387542725
3.82548752834	312.387542725
3.82839002268	312.20715332
3.83129251701	311.666595459
3.83419501134	310.94732666
3.83709750567	310.229705811
3.84	309.692596436
3.84290249433	309.335021973
3.84580498866	309.335021973
3.84870748299	309.335021973
3.85160997732	309.692596436
3.85451247166	309.871520996
3.85741496599	310.229705811
3.86031746032	310.408966064
3.86321995465	310.76776123
3.86612244898	311.126983643
3.86902494331	311.306762695
3.87192743764	311.846679688
3.87482993197	312.026855469
3.8777324263	311.846679688
3.88063492063	311.666595459
3.88353741497	311.486633301
3.8864399093	310.94732666
3.88934240363	310.588317871
3.89224489796	310.408966064
3.89514739229	310.588317871
3.89804988662	310.76776123
3.90095238095	311.126983643
3.90385487528	311.306762695
3.90675736961	311.486633301
3.90965986395	311.486633301
3.91256235828	311.306762695
3.91546485261	311.126983643
3.91836734694	311.126983643
3.92126984127	311.126983643
3.9241723356	310.94732666
3.92707482993	310.94732666
3.92997732426	310.94732666
3.93287981859	310.94732666
3.93578231293	310.94732666
3.93868480726	310.94732666
3.94158730159	310.94732666
3.94448979592	310.94732666
3.94739229025	310.94732666
3.95029478458	311.126983643
3.95319727891	311.306762695
3.95609977324	311.306762695
3.95900226757	311.306762695
3.9619047619	311.126983643
3.96480725624	310.94732666
3.96770975057	310.588317871
3.9706122449	310.588317871
3.97351473923	310.588317871
3.97641723356	310.588317871
3.97931972789	310.588317871
3.98222222222	310.76776123
3.98512471655	310.94732666
3.98802721088	310.94732666
3.99092970522	310.588317871
3.99383219955	310.050567627
3.99673469388	309.692596436
3.99963718821	309.335021973
4.00253968254	309.335021973
4.00544217687	309.692596436
4.0083446712	310.76776123
4.01124716553	311.846679688
4.01414965986	313.110137939
4.0170521542	314.197174072
4.01995464853	315.105926514
4.02285714286	315.287994385
4.02575963719	315.652435303
4.02866213152	314.378723145
4.03156462585	312.387542725
4.03446712018	310.588317871
4.03736961451	308.264801025
4.04027210884	305.782012939
4.04317460317	302.269805908
4.04607709751	301.224029541
4.04897959184	300.876251221
4.05188208617	300.876251221
4.0547845805	301.398071289
4.05768707483	302.269805908
4.06058956916	306.666412354
4.06349206349	311.666595459
4.06639455782	292.817840576
4.06929705215	291.804779053
4.07219954649	293.834442139
4.07510204082	294.174102783
4.07800453515	292.987030029
4.08090702948	294.174102783
4.08380952381	305.076324463
4.08671201814	301.920806885
4.08961451247	299.835296631
4.0925170068	298.625396729
4.09541950113	297.936218262
4.09832199546	297.248626709
4.1012244898	296.905426025
4.10412698413	296.391387939
4.10702947846	295.878234863
4.10993197279	295.024932861
4.11283446712	294.004211426
4.11573696145	292.817840576
4.11863945578	291.804779053
4.12154195011	290.963226318
4.12444444444	290.459472656
4.12734693878	290.459472656
4.13024943311	290.963226318
4.13315192744	291.46786499
4.13605442177	292.310882568
4.1389569161	292.987030029
4.14185941043	293.664764404
4.14476190476	294.004211426
4.14766439909	294.174102783
4.15056689342	294.344055176
4.15346938776	294.344055176
4.15637188209	294.344055176
4.15927437642	294.174102783
4.16217687075	294.004211426
4.16507936508	293.664764404
4.16798185941	293.156341553
4.17088435374	292.817840576
4.17378684807	292.310882568
4.1766893424	291.973388672
4.17959183673	291.804779053
4.18249433107	291.636291504
4.1853968254	291.973388672
4.18829931973	292.310882568
4.19120181406	292.648773193
4.19410430839	293.156341553
4.19700680272	293.664764404
4.19990929705	294.004211426
4.20281179138	294.174102783
4.20571428571	294.344055176
4.20861678005	294.174102783
4.21151927438	294.174102783
4.21442176871	294.004211426
4.21732426304	293.664764404
4.22022675737	293.325714111
4.2231292517	293.156341553
4.22603174603	292.817840576
4.22893424036	292.648773193
4.23183673469	292.479766846
4.23473922902	292.479766846
4.23764172336	292.648773193
4.24054421769	292.817840576
4.24344671202	293.156341553
4.24634920635	293.495178223
4.24925170068	293.834442139
4.25215419501	294.174102783
4.25505668934	294.344055176
4.25795918367	294.344055176
4.260861678	294.174102783
4.26376417234	294.004211426
4.26666666667	293.834442139
4.269569161	293.664764404
4.27247165533	293.664764404
4.27537414966	293.664764404
4.27827664399	293.664764404
4.28117913832	293.664764404
4.28408163265	293.664764404
4.28698412698	293.495178223
4.28988662132	293.495178223
4.29278911565	293.495178223
4.29569160998	293.495178223
4.29859410431	293.495178223
4.30149659864	293.664764404
4.30439909297	293.664764404
4.3073015873	293.834442139
4.31020408163	293.834442139
4.31310657596	293.664764404
4.31600907029	293.664764404
4.31891156463	293.495178223
4.32181405896	293.325714111
4.32471655329	293.325714111
4.32761904762	293.156341553
4.33052154195	292.987030029
4.33342403628	292.987030029
4.33632653061	292.987030029
4.33922902494	292.987030029
4.34213151927	293.325714111
4.34503401361	293.495178223
4.34793650794	294.004211426
4.35083900227	294.344055176
4.3537414966	294.514129639
4.35664399093	294.684295654
4.35954648526	294.684295654
4.36244897959	294.514129639
4.36535147392	294.174102783
4.36825396825	294.004211426
4.37115646259	293.664764404
4.37405895692	293.495178223
4.37696145125	293.325714111
4.37986394558	293.325714111
4.38276643991	293.495178223
4.38566893424	293.664764404
4.38857142857	293.495178223
4.3914739229	293.664764404
4.39437641723	293.834442139
4.39727891156	294.004211426
4.4001814059	294.004211426
4.40308390023	294.004211426
4.40598639456	294.174102783
4.40888888889	294.344055176
4.41179138322	294.514129639
4.41469387755	294.514129639
4.41759637188	294.344055176
4.42049886621	294.344055176
4.42340136054	294.004211426
4.42630385488	293.664764404
4.42920634921	293.495178223
4.43210884354	293.156341553
4.43501133787	293.156341553
4.4379138322	293.156341553
4.44081632653	293.156341553
4.44371882086	293.325714111
4.44662131519	293.495178223
4.44952380952	293.834442139
4.45242630385	294.004211426
4.45532879819	294.174102783
4.45823129252	294.344055176
4.46113378685	294.344055176
4.46403628118	294.514129639
4.46693877551	294.514129639
4.46984126984	294.344055176
4.47274376417	294.344055176
4.4756462585	294.174102783
4.47854875283	294.004211426
4.48145124717	293.834442139
4.4843537415	293.495178223
4.48725623583	293.325714111
4.49015873016	293.156341553
4.49306122449	293.156341553
4.49596371882	293.325714111
4.49886621315	293.495178223
4.50176870748	293.664764404
4.50467120181	293.834442139
4.50757369615	294.004211426
4.51047619048	294.004211426
4.51337868481	294.004211426
4.51628117914	294.004211426
4.51918367347	294.004211426
4.5220861678	294.004211426
4.52498866213	294.174102783
4.52789115646	294.174102783
4.53079365079	294.004211426
4.53369614512	294.004211426
4.53659863946	293.834442139
4.53950113379	293.495178223
4.54240362812	293.325714111
4.54530612245	293.156341553
4.54820861678	292.987030029
4.55111111111	292.817840576
4.55401360544	292.817840576
4.55691609977	292.817840576
4.5598185941	292.987030029
4.56272108844	293.156341553
4.56562358277	293.495178223
4.5685260771	293.664764404
4.57142857143	294.004211426
4.57433106576	294.004211426
4.57723356009	294.174102783
4.58013605442	293.834442139
4.58303854875	293.664764404
4.58594104308	293.156341553
4.58884353741	293.156341553
4.59174603175	292.817840576
4.59464852608	292.648773193
4.59755102041	292.817840576
4.60045351474	292.987030029
4.60335600907	293.325714111
4.6062585034	293.834442139
4.60916099773	294.174102783
4.61206349206	294.514129639
4.61496598639	294.684295654
4.61786848073	294.684295654
4.62077097506	294.854553223
4.62367346939	294.514129639
4.62657596372	294.344055176
4.62947845805	294.174102783
4.63238095238	294.514129639
4.63528344671	294.854553223
4.63818594104	295.536621094
4.64108843537	295.878234863
4.64399092971	296.220245361
4.64689342404	296.905426025
4.64979591837	296.391387939
4.6526984127	295.536621094
4.65560090703	293.834442139
4.65850340136	291.973388672
4.66140589569	290.459472656
4.66430839002	288.453125
4.66721088435	289.287414551
4.67011337868	289.621795654
4.67301587302	290.291748047
4.67591836735	290.795227051
4.67882086168	291.131347656
4.68172335601	291.636291504
4.68462585034	291.804779053
4.68752834467	291.973388672
4.690430839	291.804779053
4.69333333333	291.636291504
4.69623582766	291.636291504
4.699138322	291.46786499
4.70204081633	291.636291504
4.70494331066	291.804779053
4.70784580499	291.804779053
4.71074829932	291.973388672
4.71365079365	292.310882568
4.71655328798	292.310882568
4.71945578231	292.142089844
4.72235827664	292.142089844
4.72526077098	292.142089844
4.72816326531	292.142089844
4.73106575964	292.310882568
4.73396825397	292.310882568
4.7368707483	292.479766846
4.73977324263	292.310882568
4.74267573696	292.142089844
4.74557823129	292.142089844
4.74848072562	292.310882568
4.75138321995	292.479766846
4.75428571429	292.987030029
4.75718820862	293.325714111
4.76009070295	293.664764404
4.76299319728	294.004211426
4.76589569161	294.004211426
4.76879818594	293.834442139
4.77170068027	293.325714111
4.7746031746	292.987030029
4.77750566893	292.817840576
4.78040816327	292.479766846
4.7833106576	292.479766846
4.78621315193	292.310882568
4.78911564626	292.310882568
4.79201814059	292.479766846
4.79492063492	292.479766846
4.79782312925	292.648773193
4.80072562358	292.648773193
4.80362811791	292.817840576
4.80653061224	292.987030029
4.80943310658	292.987030029
4.81233560091	293.156341553
4.81523809524	293.156341553
4.81814058957	293.156341553
4.8210430839	293.156341553
4.82394557823	293.156341553
4.82684807256	292.987030029
4.82975056689	292.987030029
4.83265306122	292.987030029
4.83555555556	292.987030029
4.83845804989	292.817840576
4.84136054422	292.987030029
4.84426303855	292.817840576
4.84716553288	292.817840576
4.85006802721	292.987030029
4.85297052154	292.987030029
4.85587301587	292.987030029
4.8587755102	293.156341553
4.86167800454	293.325714111
4.86458049887	293.495178223
4.8674829932	293.664764404
4.87038548753	293.664764404
4.87328798186	293.664764404
4.87619047619	293.495178223
4.87909297052	293.495178223
4.88199546485	293.495178223
4.88489795918	293.325714111
4.88780045351	293.325714111
4.89070294785	293.325714111
4.89360544218	293.325714111
4.89650793651	293.325714111
4.89941043084	293.325714111
4.90231292517	293.495178223
4.9052154195	293.495178223
4.90811791383	293.664764404
4.91102040816	293.664764404
4.91392290249	293.664764404
4.91682539683	293.664764404
4.91972789116	293.834442139
4.92263038549	294.004211426
4.92553287982	294.004211426
4.92843537415	294.004211426
4.93133786848	294.174102783
4.93424036281	294.004211426
4.93714285714	293.834442139
4.94004535147	293.664764404
4.9429478458	293.664764404
4.94585034014	293.325714111
4.94875283447	293.325714111
4.9516553288	293.325714111
4.95455782313	293.156341553
4.95746031746	293.156341553
4.96036281179	293.156341553
4.96326530612	293.156341553
4.96616780045	293.325714111
4.96907029478	293.495178223
4.97197278912	293.495178223
4.97487528345	293.495178223
4.97777777778	293.664764404
4.98068027211	293.664764404
4.98358276644	293.495178223
4.98648526077	293.495178223
4.9893877551	293.495178223
4.99229024943	293.325714111
4.99519274376	293.325714111
4.9980952381	293.495178223
5.00099773243	293.664764404
5.00390022676	293.834442139
5.00680272109	294.004211426
5.00970521542	294.004211426
5.01260770975	294.004211426
5.01551020408	293.834442139
5.01841269841	293.834442139
5.02131519274	293.834442139
5.02421768707	294.004211426
5.02712018141	294.004211426
5.03002267574	294.004211426
5.03292517007	294.004211426
5.0358276644	294.004211426
5.03873015873	293.834442139
5.04163265306	293.834442139
5.04453514739	293.834442139
5.04743764172	293.834442139
5.05034013605	293.834442139
5.05324263039	293.834442139
5.05614512472	293.834442139
5.05904761905	293.664764404
5.06195011338	293.664764404
5.06485260771	293.664764404
5.06775510204	293.834442139
5.07065759637	293.834442139
5.0735600907	293.834442139
5.07646258503	293.834442139
5.07936507937	294.004211426
5.0822675737	293.834442139
5.08517006803	293.834442139
5.08807256236	293.834442139
5.09097505669	293.834442139
5.09387755102	293.664764404
5.09678004535	293.834442139
5.09968253968	293.834442139
5.10258503401	293.834442139
5.10548752834	293.834442139
5.10839002268	293.834442139
5.11129251701	293.834442139
5.11419501134	293.834442139
5.11709750567	294.004211426
5.12	294.004211426
5.12290249433	294.004211426
5.12580498866	294.004211426
5.12870748299	294.004211426
5.13160997732	294.004211426
5.13451247166	293.834442139
5.13741496599	293.664764404
5.14031746032	293.664764404
5.14321995465	293.664764404
5.14612244898	293.664764404
5.14902494331	293.664764404
5.15192743764	293.834442139
5.15482993197	294.004211426
5.1577324263	294.004211426
5.16063492063	294.004211426
5.16353741497	294.004211426
5.1664399093	293.834442139
5.16934240363	293.834442139
5.17224489796	293.664764404
5.17514739229	293.664764404
5.17804988662	293.834442139
5.18095238095	293.834442139
5.18385487528	294.004211426
5.18675736961	294.004211426
5.18965986395	293.834442139
5.19256235828	293.834442139
5.19546485261	293.495178223
5.19836734694	293.495178223
5.20126984127	293.325714111
5.2041723356	293.325714111
5.20707482993	293.495178223
5.20997732426	293.495178223
5.21287981859	293.664764404
5.21578231293	294.004211426
5.21868480726	294.004211426
5.22158730159	294.004211426
5.22448979592	294.174102783
5.22739229025	294.004211426
5.23029478458	294.004211426
5.23319727891	294.004211426
5.23609977324	293.834442139
5.23900226757	293.664764404
5.2419047619	293.664764404
5.24480725624	293.495178223
5.24770975057	293.495178223
5.2506122449	293.325714111
5.25351473923	293.495178223
5.25641723356	293.495178223
5.25931972789	293.495178223
5.26222222222	293.664764404
5.26512471655	293.834442139
5.26802721088	294.004211426
5.27092970522	294.004211426
5.27383219955	294.004211426
5.27673469388	294.004211426
5.27963718821	293.834442139
5.28253968254	293.834442139
5.28544217687	293.834442139
5.2883446712	293.834442139
5.29124716553	293.834442139
5.29414965986	293.834442139
5.2970521542	293.834442139
5.29995464853	293.834442139
5.30285714286	293.664764404
5.30575963719	293.495178223
5.30866213152	293.495178223
5.31156462585	293.495178223
5.31446712018	293.495178223
5.31736961451	293.495178223
5.32027210884	293.495178223
5.32317460317	293.664764404
5.32607709751	293.834442139
5.32897959184	294.004211426
5.33188208617	294.004211426
5.3347845805	294.004211426
5.33768707483	294.174102783
5.34058956916	294.174102783
5.34349206349	294.174102783
5.34639455782	294.174102783
5.34929705215	294.004211426
5.35219954649	294.004211426
5.35510204082	293.834442139
5.35800453515	293.834442139
5.36090702948	293.664764404
5.36380952381	293.495178223
5.36671201814	293.495178223
5.36961451247	293.495178223
5.3725170068	293.495178223
5.37541950113	293.495178223
5.37832199546	293.495178223
5.3812244898	293.495178223
5.38412698413	293.325714111
5.38702947846	293.325714111
5.38993197279	293.325714111
5.39283446712	293.325714111
5.39573696145	293.664764404
5.39863945578	294.004211426
5.40154195011	294.004211426
5.40444444444	293.834442139
5.40734693878	293.834442139
5.41024943311	293.834442139
5.41315192744	293.834442139
5.41605442177	293.834442139
5.4189569161	293.834442139
5.42185941043	293.834442139
5.42476190476	293.834442139
5.42766439909	293.834442139
5.43056689342	294.004211426
5.43346938776	294.004211426
5.43637188209	293.834442139
5.43927437642	293.664764404
5.44217687075	293.495178223
5.44507936508	293.325714111
5.44798185941	293.156341553
5.45088435374	293.156341553
5.45378684807	293.156341553
5.4566893424	293.156341553
5.45959183673	293.156341553
5.46249433107	293.325714111
5.4653968254	293.495178223
5.46829931973	293.664764404
5.47120181406	293.664764404
5.47410430839	293.834442139
5.47700680272	293.834442139
5.47990929705	293.834442139
5.48281179138	293.664764404
5.48571428571	293.664764404
5.48861678005	293.664764404
5.49151927438	293.834442139
5.49442176871	293.834442139
5.49732426304	293.834442139
5.50022675737	293.834442139
5.5031292517	293.664764404
5.50603174603	293.664764404
5.50893424036	293.495178223
5.51183673469	293.495178223
5.51473922902	293.325714111
5.51764172336	293.325714111
5.52054421769	293.495178223
5.52344671202	293.495178223
5.52634920635	293.495178223
5.52925170068	293.664764404
5.53215419501	293.664764404
5.53505668934	293.834442139
5.53795918367	293.834442139
5.540861678	293.834442139
5.54376417234	293.834442139
5.54666666667	293.664764404
5.549569161	293.664764404
5.55247165533	293.664764404
5.55537414966	293.664764404
5.55827664399	293.664764404
5.56117913832	293.664764404
5.56408163265	293.664764404
5.56698412698	293.664764404
5.56988662132	293.664764404
5.57278911565	293.664764404
5.57569160998	293.664764404
5.57859410431	293.325714111
5.58149659864	293.325714111
5.58439909297	293.156341553
5.5873015873	292.987030029
5.59020408163	292.817840576
5.59310657596	292.817840576
5.59600907029	292.817840576
5.59891156463	292.987030029
5.60181405896	292.987030029
5.60471655329	292.987030029
5.60761904762	292.987030029
5.61052154195	292.817840576
5.61342403628	292.648773193
5.61632653061	292.648773193
5.61922902494	292.479766846
5.62213151927	292.648773193
5.62503401361	292.648773193
5.62793650794	292.817840576
5.63083900227	292.648773193
5.6337414966	292.648773193
5.63664399093	292.648773193
5.63954648526	292.648773193
5.64244897959	292.817840576
5.64535147392	293.156341553
5.64825396825	293.495178223
5.65115646259	294.174102783
5.65405895692	294.514129639
5.65696145125	294.854553223
5.65986394558	294.854553223
5.66276643991	294.684295654
5.66566893424	294.684295654
5.66857142857	294.684295654
5.6714739229	294.684295654
5.67437641723	294.854553223
5.67727891156	294.854553223
5.6801814059	294.854553223
5.68308390023	295.024932861
5.68598639456	295.024932861
5.68888888889	295.195404053
5.69179138322	295.195404053
5.69469387755	295.195404053
5.69759637188	295.024932861
5.70049886621	294.684295654
5.70340136054	294.174102783
5.70630385488	293.664764404
5.70920634921	292.987030029
5.71210884354	292.479766846
5.71501133787	292.479766846
5.7179138322	292.817840576
5.72081632653	293.325714111
5.72371882086	293.834442139
5.72662131519	294.344055176
5.72952380952	294.514129639
5.73242630385	294.514129639
5.73532879819	294.514129639
5.73823129252	294.514129639
5.74113378685	294.684295654
5.74403628118	295.195404053
5.74693877551	295.536621094
5.74984126984	295.878234863
5.75274376417	0.0
5.7556462585	0.0
5.75854875283	0.0
5.76145124717	0.0
5.7643537415	0.0
5.76725623583	0.0
5.77015873016	0.0
5.77306122449	0.0
5.77596371882	0.0
5.77886621315	0.0
5.78176870748	0.0
5.78467120181	0.0
5.78757369615	0.0
5.79047619048	0.0
5.79337868481	0.0
5.79628117914	0.0
5.79918367347	0.0
5.8020861678	0.0
5.80498866213	0.0
5.80789115646	0.0
5.81079365079	0.0
5.81369614512	0.0
5.81659863946	0.0
5.81950113379	0.0
5.82240362812	0.0
5.82530612245	0.0
5.82820861678	0.0
5.83111111111	0.0
5.83401360544	0.0
5.83691609977	0.0
5.8398185941	0.0
5.84272108844	0.0
5.84562358277	0.0
5.8485260771	0.0
5.85142857143	0.0
5.85433106576	0.0
5.85723356009	0.0
5.86013605442	0.0
5.86303854875	0.0
5.86594104308	0.0
5.86884353741	0.0
5.87174603175	0.0
5.87464852608	0.0
5.87755102041	0.0
5.88045351474	0.0
5.88335600907	0.0
5.8862585034	0.0
5.88916099773	0.0
5.89206349206	0.0
5.89496598639	0.0
5.89786848073	0.0
5.90077097506	0.0
5.90367346939	0.0
5.90657596372	0.0
5.90947845805	0.0
5.91238095238	0.0
5.91528344671	0.0
5.91818594104	0.0
5.92108843537	0.0
5.92399092971	0.0
5.92689342404	0.0
5.92979591837	0.0
5.9326984127	0.0
5.93560090703	0.0
5.93850340136	0.0
5.94140589569	0.0
5.94430839002	0.0
5.94721088435	0.0
5.95011337868	0.0
5.95301587302	0.0
5.95591836735	0.0
5.95882086168	0.0
5.96172335601	0.0
5.96462585034	0.0
5.96752834467	0.0
5.970430839	0.0
5.97333333333	0.0
5.97623582766	0.0
5.979138322	0.0
5.98204081633	0.0
5.98494331066	0.0
5.98784580499	0.0
5.99074829932	0.0
5.99365079365	0.0
5.99655328798	0.0
5.99945578231	0.0
6.00235827664	0.0
6.00526077098	0.0
6.00816326531	0.0
6.01106575964	0.0
6.01396825397	0.0
6.0168707483	0.0
6.01977324263	0.0
6.02267573696	0.0
6.02557823129	0.0
6.02848072562	0.0
6.03138321995	0.0
6.03428571429	0.0
6.03718820862	0.0
6.04009070295	0.0
6.04299319728	0.0
6.04589569161	0.0
6.04879818594	0.0
6.05170068027	0.0
6.0546031746	0.0
6.05750566893	0.0
6.06040816327	0.0
6.0633106576	0.0
6.06621315193	0.0
6.06911564626	0.0
6.07201814059	0.0
6.07492063492	0.0
6.07782312925	0.0
6.08072562358	0.0
6.08362811791	0.0
6.08653061224	0.0
6.08943310658	0.0
6.09233560091	0.0
6.09523809524	0.0
6.09814058957	0.0
6.1010430839	0.0
6.10394557823	0.0
6.10684807256	0.0
6.10975056689	0.0
6.11265306122	0.0
6.11555555556	0.0
6.11845804989	0.0
6.12136054422	0.0
6.12426303855	0.0
6.12716553288	0.0
6.13006802721	0.0
6.13297052154	0.0
6.13587301587	0.0
6.1387755102	0.0
6.14167800454	0.0
6.14458049887	0.0
6.1474829932	0.0
6.15038548753	0.0
6.15328798186	0.0
6.15619047619	0.0
6.15909297052	0.0
6.16199546485	0.0
6.16489795918	0.0
6.16780045351	0.0
6.17070294785	0.0
6.17360544218	0.0
6.17650793651	0.0
6.17941043084	0.0
6.18231292517	0.0
6.1852154195	0.0
6.18811791383	0.0
6.19102040816	0.0
6.19392290249	0.0
6.19682539683	0.0
6.19972789116	0.0
6.20263038549	0.0
6.20553287982	0.0
6.20843537415	0.0
6.21133786848	0.0
6.21424036281	0.0
6.21714285714	0.0
6.22004535147	0.0
6.2229478458	0.0
6.22585034014	0.0
6.22875283447	0.0
6.2316553288	0.0
6.23455782313	0.0
6.23746031746	0.0
6.24036281179	0.0
6.24326530612	0.0
6.24616780045	0.0
6.24907029478	0.0
6.25197278912	0.0
6.25487528345	0.0
6.25777777778	0.0
6.26068027211	0.0
6.26358276644	0.0
6.26648526077	0.0
