0.0	0.0
0.00290249433107	0.0
0.00580498866213	0.0
0.0087074829932	0.0
0.0116099773243	0.0
0.0145124716553	0.0
0.0174149659864	0.0
0.0203174603175	0.0
0.0232199546485	0.0
0.0261224489796	0.0
0.0290249433107	0.0
0.0319274376417	0.0
0.0348299319728	0.0
0.0377324263039	0.0
0.0406349206349	0.0
0.043537414966	0.0
0.0464399092971	0.0
0.0493424036281	0.0
0.0522448979592	0.0
0.0551473922902	287.45513916
0.0580498866213	288.453125
0.0609523809524	289.120361328
0.0638548752834	289.789123535
0.0667573696145	290.291748047
0.0696598639456	290.627288818
0.0725623582766	290.963226318
0.0754648526077	291.131347656
0.0783673469388	290.963226318
0.0812698412698	290.963226318
0.0841723356009	291.131347656
0.087074829932	291.46786499
0.089977324263	291.973388672
0.0928798185941	292.479766846
0.0957823129252	292.987030029
0.0986848072562	293.325714111
0.101587301587	293.495178223
0.104489795918	293.495178223
0.107392290249	293.325714111
0.11029478458	293.325714111
0.113197278912	293.156341553
0.116099773243	293.156341553
0.119002267574	293.156341553
0.121904761905	293.325714111
0.124807256236	293.156341553
0.127709750567	293.156341553
0.130612244898	292.817840576
0.133514739229	292.648773193
0.13641723356	292.479766846
0.139319727891	292.479766846
0.142222222222	292.479766846
0.145124716553	292.648773193
0.148027210884	292.987030029
0.150929705215	293.156341553
0.153832199546	293.325714111
0.156734693878	293.325714111
0.159637188209	293.156341553
0.16253968254	292.987030029
0.165442176871	292.817840576
0.168344671202	292.817840576
0.171247165533	292.817840576
0.174149659864	292.987030029
0.177052154195	293.156341553
0.179954648526	293.495178223
0.182857142857	293.495178223
0.185759637188	293.664764404
0.188662131519	293.495178223
0.19156462585	293.156341553
0.194467120181	292.987030029
0.197369614512	292.648773193
0.200272108844	292.479766846
0.203174603175	292.817840576
0.206077097506	292.987030029
0.208979591837	292.987030029
0.211882086168	293.156341553
0.214784580499	292.987030029
0.21768707483	292.817840576
0.220589569161	292.648773193
0.223492063492	292.310882568
0.226394557823	292.142089844
0.229297052154	292.310882568
0.232199546485	292.310882568
0.235102040816	292.479766846
0.238004535147	292.648773193
0.240907029478	292.817840576
0.24380952381	292.987030029
0.246712018141	292.987030029
0.249614512472	292.817840576
0.252517006803	292.817840576
0.255419501134	292.817840576
0.258321995465	292.817840576
0.261224489796	292.987030029
0.264126984127	293.156341553
0.267029478458	293.156341553
0.269931972789	293.325714111
0.27283446712	293.325714111
0.275736961451	293.325714111
0.278639455782	293.325714111
0.281541950113	293.156341553
0.284444444444	293.156341553
0.287346938776	293.156341553
0.290249433107	293.156341553
0.293151927438	292.987030029
0.296054421769	292.987030029
0.2989569161	292.987030029
0.301859410431	292.987030029
0.304761904762	292.817840576
0.307664399093	292.817840576
0.310566893424	292.817840576
0.313469387755	292.817840576
0.316371882086	292.817840576
0.319274376417	292.817840576
0.322176870748	292.817840576
0.325079365079	292.817840576
0.32798185941	292.817840576
0.330884353741	292.817840576
0.333786848073	292.817840576
0.336689342404	292.817840576
0.339591836735	292.817840576
0.342494331066	292.817840576
0.345396825397	292.817840576
0.348299319728	292.817840576
0.351201814059	292.817840576
0.35410430839	292.817840576
0.357006802721	292.817840576
0.359909297052	292.817840576
0.362811791383	292.817840576
0.365714285714	292.648773193
0.368616780045	292.817840576
0.371519274376	292.987030029
0.374421768707	292.987030029
0.377324263039	292.987030029
0.38022675737	293.156341553
0.383129251701	293.156341553
0.386031746032	292.987030029
0.388934240363	292.987030029
0.391836734694	292.987030029
0.394739229025	292.987030029
0.397641723356	292.987030029
0.400544217687	292.987030029
0.403446712018	292.987030029
0.406349206349	292.987030029
0.40925170068	292.817840576
0.412154195011	292.817840576
0.415056689342	292.648773193
0.417959183673	292.648773193
0.420861678005	292.648773193
0.423764172336	292.648773193
0.426666666667	292.648773193
0.429569160998	292.648773193
0.432471655329	292.817840576
0.43537414966	292.817840576
0.438276643991	292.987030029
0.441179138322	292.817840576
0.444081632653	292.817840576
0.446984126984	292.817840576
0.449886621315	292.817840576
0.452789115646	292.817840576
0.455691609977	292.817840576
0.458594104308	292.817840576
0.461496598639	292.817840576
0.464399092971	292.817840576
0.467301587302	292.817840576
0.470204081633	292.817840576
0.473106575964	292.817840576
0.476009070295	292.648773193
0.478911564626	292.648773193
0.481814058957	292.648773193
0.484716553288	292.648773193
0.487619047619	292.817840576
0.49052154195	292.817840576
0.493424036281	292.817840576
0.496326530612	292.817840576
0.499229024943	292.817840576
0.502131519274	292.648773193
0.505034013605	292.648773193
0.507936507937	292.648773193
0.510839002268	292.648773193
0.513741496599	292.648773193
0.51664399093	292.648773193
0.519546485261	292.648773193
0.522448979592	292.648773193
0.525351473923	292.648773193
0.528253968254	292.648773193
0.531156462585	292.648773193
0.534058956916	292.817840576
0.536961451247	292.817840576
0.539863945578	292.817840576
0.542766439909	292.987030029
0.54566893424	292.987030029
0.548571428571	292.817840576
0.551473922902	292.817840576
0.554376417234	292.817840576
0.557278911565	292.817840576
0.560181405896	292.817840576
0.563083900227	292.648773193
0.565986394558	292.648773193
0.568888888889	292.648773193
0.57179138322	292.648773193
0.574693877551	292.648773193
0.577596371882	292.648773193
0.580498866213	292.817840576
0.583401360544	292.817840576
0.586303854875	292.817840576
0.589206349206	292.817840576
0.592108843537	292.817840576
0.595011337868	292.817840576
0.5979138322	292.817840576
0.600816326531	292.817840576
0.603718820862	292.817840576
0.606621315193	292.648773193
0.609523809524	292.817840576
0.612426303855	292.817840576
0.615328798186	292.817840576
0.618231292517	292.817840576
0.621133786848	292.817840576
0.624036281179	292.987030029
0.62693877551	292.987030029
0.629841269841	293.156341553
0.632743764172	293.156341553
0.635646258503	293.156341553
0.638548752834	293.156341553
0.641451247166	293.156341553
0.644353741497	293.156341553
0.647256235828	292.987030029
0.650158730159	292.987030029
0.65306122449	292.987030029
0.655963718821	293.156341553
0.658866213152	292.987030029
0.661768707483	292.648773193
0.664671201814	292.479766846
0.667573696145	292.479766846
0.670476190476	292.479766846
0.673378684807	292.648773193
0.676281179138	293.325714111
0.679183673469	393.583618164
0.6820861678	392.221923828
0.684988662132	391.090789795
0.687891156463	390.413665771
0.690793650794	389.737701416
0.693696145125	389.512664795
0.696598639456	389.737701416
0.699501133787	391.090789795
0.702403628118	392.675292969
0.705306122449	394.038574219
0.70820861678	395.178253174
0.711111111111	395.406585693
0.714013605442	395.406585693
0.716916099773	395.406585693
0.719818594104	394.721984863
0.722721088435	394.038574219
0.725623582766	393.35635376
0.728526077098	392.902191162
0.731428571429	392.448547363
0.73433106576	391.769073486
0.737233560091	391.54284668
0.740136054422	391.090789795
0.743038548753	390.639221191
0.745941043084	390.413665771
0.748843537415	390.413665771
0.751746031746	390.639221191
0.754648526077	390.864929199
0.757551020408	391.090789795
0.760453514739	391.090789795
0.76335600907	391.316741943
0.766258503401	391.54284668
0.769160997732	391.54284668
0.772063492063	391.54284668
0.774965986395	391.54284668
0.777868480726	391.316741943
0.780770975057	391.316741943
0.783673469388	391.090789795
0.786575963719	391.090789795
0.78947845805	391.090789795
0.792380952381	391.090789795
0.795283446712	391.316741943
0.798185941043	391.316741943
0.801088435374	391.54284668
0.803990929705	391.54284668
0.806893424036	391.54284668
0.809795918367	391.54284668
0.812698412698	391.54284668
0.815600907029	391.54284668
0.818503401361	391.54284668
0.821405895692	391.54284668
0.824308390023	391.54284668
0.827210884354	391.316741943
0.830113378685	391.090789795
0.833015873016	390.864929199
0.835918367347	390.864929199
0.838820861678	390.639221191
0.841723356009	390.413665771
0.84462585034	390.188201904
0.847528344671	389.962890625
0.850430839002	390.188201904
0.853333333333	390.188201904
0.856235827664	390.413665771
0.859138321995	390.639221191
0.862040816327	390.864929199
0.864943310658	391.090789795
0.867845804989	391.316741943
0.87074829932	391.316741943
0.873650793651	391.316741943
0.876553287982	391.316741943
0.879455782313	391.090789795
0.882358276644	391.090789795
0.885260770975	390.864929199
0.888163265306	390.864929199
0.891065759637	390.864929199
0.893968253968	390.864929199
0.896870748299	390.864929199
0.89977324263	391.090789795
0.902675736961	391.090789795
0.905578231293	391.316741943
0.908480725624	391.316741943
0.911383219955	391.316741943
0.914285714286	391.316741943
0.917188208617	391.316741943
0.920090702948	391.316741943
0.922993197279	391.316741943
0.92589569161	391.316741943
0.928798185941	391.090789795
0.931700680272	391.090789795
0.934603174603	390.864929199
0.937505668934	390.864929199
0.940408163265	390.864929199
0.943310657596	390.864929199
0.946213151927	390.864929199
0.949115646259	390.864929199
0.95201814059	391.090789795
0.954920634921	391.090789795
0.957823129252	391.090789795
0.960725623583	391.090789795
0.963628117914	390.864929199
0.966530612245	390.864929199
0.969433106576	391.090789795
0.972335600907	390.864929199
0.975238095238	390.864929199
0.978140589569	390.864929199
0.9810430839	390.864929199
0.983945578231	390.864929199
0.986848072562	390.864929199
0.989750566893	390.639221191
0.992653061224	390.639221191
0.995555555556	390.639221191
0.998458049887	390.864929199
1.00136054422	390.864929199
1.00426303855	391.090789795
1.00716553288	391.090789795
1.01006802721	391.316741943
1.01297052154	391.54284668
1.01587301587	391.54284668
1.0187755102	391.54284668
1.02167800454	391.54284668
1.02458049887	391.316741943
1.0274829932	391.316741943
1.03038548753	391.090789795
1.03328798186	391.090789795
1.03619047619	391.090789795
1.03909297052	391.090789795
1.04199546485	391.090789795
1.04489795918	391.090789795
1.04780045351	391.090789795
1.05070294785	391.090789795
1.05360544218	391.090789795
1.05650793651	391.090789795
1.05941043084	391.090789795
1.06231292517	391.090789795
1.0652154195	391.316741943
1.06811791383	391.316741943
1.07102040816	391.316741943
1.07392290249	391.316741943
1.07682539683	391.316741943
1.07972789116	391.316741943
1.08263038549	391.316741943
1.08553287982	391.316741943
1.08843537415	391.316741943
1.09133786848	391.316741943
1.09424036281	391.54284668
1.09714285714	391.54284668
1.10004535147	391.54284668
1.1029478458	391.54284668
1.10585034014	391.54284668
1.10875283447	391.54284668
1.1116553288	391.316741943
1.11455782313	391.316741943
1.11746031746	391.316741943
1.12036281179	391.316741943
1.12326530612	391.090789795
1.12616780045	391.090789795
1.12907029478	391.090789795
1.13197278912	391.090789795
1.13487528345	391.090789795
1.13777777778	391.090789795
1.14068027211	391.316741943
1.14358276644	391.316741943
1.14648526077	391.090789795
1.1493877551	391.316741943
1.15229024943	391.316741943
1.15519274376	391.316741943
1.1580952381	391.316741943
1.16099773243	391.316741943
1.16390022676	391.090789795
1.16680272109	391.090789795
1.16970521542	391.090789795
1.17260770975	391.090789795
1.17551020408	391.316741943
1.17841269841	391.316741943
1.18131519274	391.316741943
1.18421768707	391.316741943
1.18712018141	391.316741943
1.19002267574	391.316741943
1.19292517007	391.316741943
1.1958276644	391.54284668
1.19873015873	391.54284668
1.20163265306	391.316741943
1.20453514739	391.316741943
1.20743764172	391.316741943
1.21034013605	391.090789795
1.21324263039	391.090789795
1.21614512472	391.090789795
1.21904761905	391.090789795
1.22195011338	391.090789795
1.22485260771	391.090789795
1.22775510204	391.090789795
1.23065759637	391.090789795
1.2335600907	391.316741943
1.23646258503	391.090789795
1.23936507937	391.316741943
1.2422675737	391.316741943
1.24517006803	391.316741943
1.24807256236	391.090789795
1.25097505669	391.090789795
1.25387755102	391.090789795
1.25678004535	391.090789795
1.25968253968	391.316741943
1.26258503401	391.769073486
1.26548752834	392.675292969
1.26839002268	393.583618164
1.27129251701	394.266235352
1.27419501134	395.178253174
1.27709750567	395.178253174
1.28	395.178253174
1.28290249433	366.590698242
1.28580498866	366.590698242
1.28870748299	366.590698242
1.29160997732	367.438690186
1.29451247166	368.075958252
1.29741496599	357.184661865
1.30031746032	360.709350586
1.30321995465	364.05847168
1.30612244898	364.900604248
1.30902494331	365.533477783
1.31192743764	365.955993652
1.31482993197	366.590698242
1.3177324263	367.651000977
1.32063492063	368.714324951
1.32353741497	370.422119141
1.3264399093	372.137786865
1.32934240363	373.429748535
1.33224489796	374.077423096
1.33514739229	373.86138916
1.33804988662	373.645507812
1.34095238095	372.783203125
1.34385487528	371.708129883
1.34675736961	370.636138916
1.34965986395	369.994415283
1.35256235828	369.567230225
1.35546485261	369.140533447
1.35836734694	369.353820801
1.36126984127	369.567230225
1.3641723356	369.780761719
1.36707482993	369.780761719
1.36997732426	369.567230225
1.37287981859	369.353820801
1.37578231293	368.501434326
1.37868480726	367.86340332
1.38158730159	367.014434814
1.38448979592	366.590698242
1.38739229025	366.167449951
1.39029478458	366.167449951
1.39319727891	366.167449951
1.39609977324	366.378997803
1.39900226757	366.802520752
1.4019047619	367.014434814
1.40480725624	367.014434814
1.40770975057	367.226501465
1.4106122449	367.226501465
1.41351473923	367.226501465
1.41641723356	367.226501465
1.41931972789	367.226501465
1.42222222222	367.226501465
1.42512471655	367.438690186
1.42802721088	367.651000977
1.43092970522	368.288635254
1.43383219955	368.714324951
1.43673469388	368.927368164
1.43963718821	369.140533447
1.44253968254	369.140533447
1.44544217687	369.140533447
1.4483446712	369.140533447
1.45124716553	369.140533447
1.45414965986	369.140533447
1.4570521542	369.353820801
1.45995464853	369.353820801
1.46285714286	369.780761719
1.46575963719	370.208190918
1.46866213152	370.850280762
1.47156462585	371.493469238
1.47446712018	371.708129883
1.47736961451	371.92288208
1.48027210884	371.92288208
1.48317460317	371.708129883
1.48607709751	371.708129883
1.48897959184	371.278961182
1.49188208617	370.850280762
1.4947845805	370.208190918
1.49768707483	369.994415283
1.50058956916	369.780761719
1.50349206349	369.780761719
1.50639455782	369.780761719
1.50929705215	369.780761719
1.51219954649	369.780761719
1.51510204082	369.994415283
1.51800453515	370.422119141
1.52090702948	370.636138916
1.52380952381	370.850280762
1.52671201814	370.850280762
1.52961451247	370.850280762
1.5325170068	370.636138916
1.53541950113	370.208190918
1.53832199546	369.780761719
1.5412244898	369.567230225
1.54412698413	369.140533447
1.54702947846	368.927368164
1.54993197279	368.501434326
1.55283446712	368.288635254
1.55573696145	367.651000977
1.55863945578	367.438690186
1.56154195011	367.014434814
1.56444444444	366.802520752
1.56734693878	366.590698242
1.57024943311	366.590698242
1.57315192744	366.590698242
1.57605442177	366.802520752
1.5789569161	367.014434814
1.58185941043	367.226501465
1.58476190476	367.438690186
1.58766439909	367.651000977
1.59056689342	367.651000977
1.59346938776	367.651000977
1.59637188209	367.438690186
1.59927437642	367.86340332
1.60217687075	370.208190918
1.60507936508	305.076324463
1.60798185941	304.548126221
1.61088435374	304.196502686
1.61378684807	303.669830322
1.6166893424	303.144042969
1.61959183673	302.794036865
1.62249433107	303.144042969
1.6253968254	304.196502686
1.62829931973	304.900146484
1.63120181406	305.958679199
1.63410430839	306.843597412
1.63700680272	307.731079102
1.63990929705	308.264801025
1.64281179138	308.264801025
1.64571428571	308.086791992
1.64861678005	308.264801025
1.65151927438	308.799438477
1.65442176871	309.871520996
1.65732426304	311.126983643
1.66022675737	312.026855469
1.6631292517	312.568023682
1.66603174603	312.748626709
1.66893424036	311.486633301
1.67183673469	309.871520996
1.67473922902	308.442932129
1.67764172336	307.908905029
1.68054421769	307.375793457
1.68344671202	307.375793457
1.68634920635	307.908905029
1.68925170068	308.621124268
1.69215419501	309.156402588
1.69505668934	309.692596436
1.69795918367	309.871520996
1.700861678	309.692596436
1.70376417234	309.513763428
1.70666666667	308.977874756
1.709569161	308.442932129
1.71247165533	307.375793457
1.71537414966	306.489318848
1.71827664399	305.428955078
1.72117913832	305.076324463
1.72408163265	305.252593994
1.72698412698	305.782012939
1.72988662132	306.135467529
1.73278911565	306.843597412
1.73569160998	307.198303223
1.73859410431	307.908905029
1.74149659864	307.908905029
1.74439909297	307.908905029
1.7473015873	307.731079102
1.75020408163	307.553375244
1.75310657596	307.908905029
1.75600907029	308.264801025
1.75891156463	308.977874756
1.76181405896	309.513763428
1.76471655329	310.050567627
1.76761904762	310.408966064
1.77052154195	310.76776123
1.77342403628	310.94732666
1.77632653061	310.76776123
1.77922902494	310.408966064
1.78213151927	310.050567627
1.78503401361	309.692596436
1.78793650794	309.513763428
1.79083900227	309.156402588
1.7937414966	309.156402588
1.79664399093	308.799438477
1.79954648526	308.977874756
1.80244897959	309.156402588
1.80535147392	309.335021973
1.80825396825	309.513763428
1.81115646259	309.692596436
1.81405895692	309.513763428
1.81696145125	309.335021973
1.81986394558	309.156402588
1.82276643991	308.977874756
1.82566893424	308.799438477
1.82857142857	308.621124268
1.8314739229	308.799438477
1.83437641723	308.977874756
1.83727891156	309.156402588
1.8401814059	309.156402588
1.84308390023	309.335021973
1.84598639456	309.335021973
1.84888888889	309.335021973
1.85179138322	309.335021973
1.85469387755	309.335021973
1.85759637188	309.335021973
1.86049886621	309.513763428
1.86340136054	309.513763428
1.86630385488	309.513763428
1.86920634921	309.335021973
1.87210884354	309.335021973
1.87501133787	309.335021973
1.8779138322	309.335021973
1.88081632653	309.871520996
1.88371882086	310.229705811
1.88662131519	310.588317871
1.88952380952	310.588317871
1.89242630385	310.050567627
1.89532879819	308.799438477
1.89823129252	306.843597412
1.90113378685	304.372253418
1.90403628118	301.920806885
1.90693877551	299.489105225
1.90984126984	297.420379639
1.91274376417	295.536621094
1.9156462585	294.004211426
1.91854875283	292.987030029
1.92145124717	292.310882568
1.9243537415	292.142089844
1.92725623583	292.142089844
1.93015873016	292.310882568
1.93306122449	292.310882568
1.93596371882	292.310882568
1.93886621315	291.973388672
1.94176870748	291.804779053
1.94467120181	291.636291504
1.94757369615	291.973388672
1.95047619048	292.310882568
1.95337868481	292.987030029
1.95628117914	293.495178223
1.95918367347	294.174102783
1.9620861678	294.514129639
1.96498866213	294.514129639
1.96789115646	294.514129639
1.97079365079	294.344055176
1.97369614512	294.004211426
1.97659863946	293.834442139
1.97950113379	293.664764404
1.98240362812	293.325714111
1.98530612245	292.987030029
1.98820861678	292.648773193
1.99111111111	292.310882568
1.99401360544	291.973388672
1.99691609977	291.46786499
1.9998185941	291.299560547
2.00272108844	291.131347656
2.00562358277	291.299560547
2.0085260771	291.804779053
2.01142857143	292.479766846
2.01433106576	293.156341553
2.01723356009	293.834442139
2.02013605442	294.344055176
2.02303854875	294.514129639
2.02594104308	294.684295654
2.02884353741	294.514129639
2.03174603175	294.174102783
2.03464852608	293.834442139
2.03755102041	293.664764404
2.04045351474	293.325714111
2.04335600907	293.156341553
2.0462585034	292.648773193
2.04916099773	292.310882568
2.05206349206	291.973388672
2.05496598639	291.804779053
2.05786848073	291.636291504
2.06077097506	291.46786499
2.06367346939	291.804779053
2.06657596372	292.142089844
2.06947845805	292.479766846
2.07238095238	292.817840576
2.07528344671	293.156341553
2.07818594104	293.156341553
2.08108843537	293.156341553
2.08399092971	292.987030029
2.08689342404	292.817840576
2.08979591837	292.817840576
2.0926984127	292.987030029
2.09560090703	293.156341553
2.09850340136	293.325714111
2.10140589569	293.325714111
2.10430839002	293.325714111
2.10721088435	293.495178223
2.11011337868	293.325714111
2.11301587302	293.325714111
2.11591836735	293.156341553
2.11882086168	292.987030029
2.12172335601	292.987030029
2.12462585034	292.817840576
2.12752834467	292.817840576
2.130430839	292.648773193
2.13333333333	292.648773193
2.13623582766	292.648773193
2.139138322	292.648773193
2.14204081633	292.648773193
2.14494331066	292.648773193
2.14784580499	292.648773193
2.15074829932	292.987030029
2.15365079365	292.987030029
2.15655328798	292.987030029
2.15945578231	292.987030029
2.16235827664	293.156341553
2.16526077098	292.987030029
2.16816326531	292.987030029
2.17106575964	292.817840576
2.17396825397	292.817840576
2.1768707483	292.817840576
2.17977324263	292.817840576
2.18267573696	292.987030029
2.18557823129	293.325714111
2.18848072562	293.664764404
2.19138321995	294.344055176
2.19428571429	295.024932861
2.19718820862	295.878234863
2.20009070295	296.733978271
2.20299319728	296.905426025
2.20589569161	296.905426025
2.20879818594	297.248626709
2.21170068027	295.365936279
2.2146031746	292.987030029
2.21750566893	291.299560547
2.22040816327	289.789123535
2.2233106576	289.120361328
2.22621315193	289.454559326
2.22911564626	290.12411499
2.23201814059	290.795227051
2.23492063492	291.804779053
2.23782312925	292.817840576
2.24072562358	293.834442139
2.24362811791	294.684295654
2.24653061224	295.024932861
2.24943310658	295.365936279
2.25233560091	296.220245361
2.25523809524	296.905426025
2.25814058957	297.764160156
2.2610430839	298.452941895
2.26394557823	299.143310547
2.26684807256	299.489105225
2.26975056689	299.316162109
2.27265306122	298.625396729
2.27555555556	296.905426025
2.27845804989	293.156341553
2.28136054422	289.956573486
2.28426303855	287.787414551
2.28716553288	286.129882812
2.29006802721	286.295196533
2.29297052154	287.123260498
2.29587301587	289.120361328
2.2987755102	292.142089844
2.30167800454	296.049194336
2.30458049887	298.280609131
2.3074829932	299.316162109
2.31038548753	299.489105225
2.31328798186	300.528869629
2.31619047619	301.746459961
2.31909297052	302.968994141
2.32199546485	304.548126221
2.32489795918	305.782012939
2.32780045351	307.020904541
2.33070294785	308.264801025
2.33360544218	309.156402588
2.33650793651	309.692596436
2.33941043084	309.692596436
2.34231292517	309.513763428
2.3452154195	309.156402588
2.34811791383	308.799438477
2.35102040816	308.621124268
2.35392290249	308.799438477
2.35682539683	308.977874756
2.35972789116	309.335021973
2.36263038549	309.871520996
2.36553287982	310.050567627
2.36843537415	310.229705811
2.37133786848	310.050567627
2.37424036281	309.871520996
2.37714285714	309.335021973
2.38004535147	309.156402588
2.3829478458	308.977874756
2.38585034014	308.977874756
2.38875283447	309.335021973
2.3916553288	309.513763428
2.39455782313	309.871520996
2.39746031746	310.050567627
2.40036281179	310.050567627
2.40326530612	310.050567627
2.40616780045	309.871520996
2.40907029478	309.513763428
2.41197278912	309.335021973
2.41487528345	309.156402588
2.41777777778	308.799438477
2.42068027211	308.799438477
2.42358276644	308.799438477
2.42648526077	308.799438477
2.4293877551	308.977874756
2.43229024943	308.977874756
2.43519274376	308.977874756
2.4380952381	309.156402588
2.44099773243	309.335021973
2.44390022676	309.513763428
2.44680272109	309.513763428
2.44970521542	309.513763428
2.45260770975	309.513763428
2.45551020408	309.513763428
2.45841269841	309.513763428
2.46131519274	309.156402588
2.46421768707	309.156402588
2.46712018141	308.977874756
2.47002267574	309.156402588
2.47292517007	309.156402588
2.4758276644	309.156402588
2.47873015873	309.335021973
2.48163265306	309.335021973
2.48453514739	309.513763428
2.48743764172	309.692596436
2.49034013605	310.050567627
2.49324263039	310.229705811
2.49614512472	310.229705811
2.49904761905	310.588317871
2.50195011338	310.76776123
2.50485260771	310.588317871
2.50775510204	309.335021973
2.51065759637	308.086791992
2.5135600907	307.375793457
2.51646258503	307.375793457
2.51936507937	307.908905029
2.5222675737	373.86138916
2.52517006803	370.208190918
2.52807256236	367.226501465
2.53097505669	364.05847168
2.53387755102	361.961639404
2.53678004535	361.543731689
2.53968253968	361.752624512
2.54258503401	362.589416504
2.54548752834	364.900604248
2.54839002268	367.438690186
2.55129251701	370.208190918
2.55419501134	371.92288208
2.55709750567	373.429748535
2.56	374.50982666
2.56290249433	375.159362793
2.56580498866	375.159362793
2.56870748299	374.50982666
2.57160997732	373.429748535
2.57451247166	372.783203125
2.57741496599	371.92288208
2.58031746032	371.064544678
2.58321995465	370.422119141
2.58612244898	369.780761719
2.58902494331	369.567230225
2.59192743764	369.780761719
2.59482993197	369.994415283
2.5977324263	370.208190918
2.60063492063	369.567230225
2.60353741497	368.927368164
2.6064399093	368.288635254
2.60934240363	367.86340332
2.61224489796	367.651000977
2.61514739229	367.014434814
2.61804988662	366.590698242
2.62095238095	366.378997803
2.62385487528	366.590698242
2.62675736961	366.802520752
2.62965986395	367.438690186
2.63256235828	367.438690186
2.63546485261	367.651000977
2.63836734694	367.651000977
2.64126984127	367.86340332
2.6441723356	368.288635254
2.64707482993	368.501434326
2.64997732426	368.501434326
2.65287981859	368.288635254
2.65578231293	368.288635254
2.65868480726	368.288635254
2.66158730159	368.714324951
2.66448979592	368.927368164
2.66739229025	369.140533447
2.67029478458	369.567230225
2.67319727891	369.994415283
2.67609977324	370.636138916
2.67900226757	371.493469238
2.6819047619	372.137786865
2.68480725624	372.783203125
2.68770975057	372.998596191
2.6906122449	373.214111328
2.69351473923	373.429748535
2.69641723356	373.214111328
2.69931972789	372.998596191
2.70222222222	372.352783203
2.70512471655	371.92288208
2.70802721088	371.278961182
2.71092970522	370.422119141
2.71383219955	369.567230225
2.71673469388	368.927368164
2.71963718821	368.501434326
2.72253968254	368.501434326
2.72544217687	368.714324951
2.7283446712	369.140533447
2.73124716553	369.567230225
2.73414965986	369.994415283
2.7370521542	370.636138916
2.73995464853	371.064544678
2.74285714286	371.278961182
2.74575963719	371.278961182
2.74866213152	371.064544678
2.75156462585	370.850280762
2.75446712018	370.850280762
2.75736961451	370.422119141
2.76027210884	369.994415283
2.76317460317	369.567230225
2.76607709751	369.140533447
2.76897959184	368.501434326
2.77188208617	368.288635254
2.7747845805	368.075958252
2.77768707483	367.86340332
2.78058956916	367.86340332
2.78349206349	367.86340332
2.78639455782	368.075958252
2.78929705215	368.288635254
2.79219954649	368.501434326
2.79510204082	368.714324951
2.79800453515	368.927368164
2.80090702948	370.850280762
2.80380952381	373.214111328
2.80671201814	382.821044922
2.80961451247	388.838256836
2.8125170068	390.639221191
2.81541950113	391.090789795
2.81832199546	391.316741943
2.8212244898	391.316741943
2.82412698413	391.090789795
2.82702947846	391.316741943
2.82993197279	391.54284668
2.83283446712	391.54284668
2.83573696145	391.769073486
2.83863945578	391.316741943
2.84154195011	391.090789795
2.84444444444	390.864929199
2.84734693878	390.864929199
2.85024943311	390.864929199
2.85315192744	391.316741943
2.85605442177	391.54284668
2.8589569161	391.995422363
2.86185941043	391.769073486
2.86476190476	391.54284668
2.86766439909	390.864929199
2.87056689342	390.639221191
2.87346938776	390.413665771
2.87637188209	390.188201904
2.87927437642	390.188201904
2.88217687075	390.639221191
2.88507936508	390.864929199
2.88798185941	391.316741943
2.89088435374	391.769073486
2.89378684807	391.769073486
2.8966893424	391.769073486
2.89959183673	391.54284668
2.90249433107	391.54284668
2.9053968254	391.316741943
2.90829931973	390.864929199
2.91120181406	390.864929199
2.91410430839	390.864929199
2.91700680272	390.864929199
2.91990929705	391.090789795
2.92281179138	391.316741943
2.92571428571	391.769073486
2.92861678005	391.995422363
2.93151927438	392.221923828
2.93442176871	392.448547363
2.93732426304	392.221923828
2.94022675737	391.995422363
2.9431292517	391.54284668
2.94603174603	391.316741943
2.94893424036	391.090789795
2.95183673469	390.864929199
2.95473922902	390.864929199
2.95764172336	390.639221191
2.96054421769	390.864929199
2.96344671202	390.639221191
2.96634920635	390.639221191
2.96925170068	390.639221191
2.97215419501	390.413665771
2.97505668934	390.413665771
2.97795918367	390.639221191
2.980861678	390.639221191
2.98376417234	390.639221191
2.98666666667	390.864929199
2.989569161	390.639221191
2.99247165533	390.864929199
2.99537414966	391.090789795
2.99827664399	391.090789795
3.00117913832	391.090789795
3.00408163265	390.864929199
3.00698412698	390.864929199
3.00988662132	390.864929199
3.01278911565	390.864929199
3.01569160998	390.864929199
3.01859410431	390.864929199
3.02149659864	391.090789795
3.02439909297	391.316741943
3.0273015873	391.316741943
3.03020408163	391.54284668
3.03310657596	391.54284668
3.03600907029	391.54284668
3.03891156463	391.316741943
3.04181405896	391.316741943
3.04471655329	391.316741943
3.04761904762	391.316741943
3.05052154195	391.316741943
3.05342403628	391.316741943
3.05632653061	391.316741943
3.05922902494	391.090789795
3.06213151927	391.090789795
3.06503401361	391.090789795
3.06793650794	390.864929199
3.07083900227	390.864929199
3.0737414966	391.090789795
3.07664399093	391.090789795
3.07954648526	391.316741943
3.08244897959	391.316741943
3.08535147392	391.316741943
3.08825396825	391.316741943
3.09115646259	391.090789795
3.09405895692	390.864929199
3.09696145125	390.864929199
3.09986394558	390.639221191
3.10276643991	390.639221191
3.10566893424	390.864929199
3.10857142857	390.864929199
3.1114739229	390.864929199
3.11437641723	390.864929199
3.11727891156	391.090789795
3.1201814059	391.090789795
3.12308390023	391.090789795
3.12598639456	390.864929199
3.12888888889	390.864929199
3.13179138322	390.864929199
3.13469387755	390.864929199
3.13759637188	390.864929199
3.14049886621	391.090789795
3.14340136054	391.090789795
3.14630385488	391.316741943
3.14920634921	391.54284668
3.15210884354	391.54284668
3.15501133787	391.54284668
3.1579138322	391.54284668
3.16081632653	391.316741943
3.16371882086	391.316741943
3.16662131519	391.090789795
3.16952380952	391.090789795
3.17242630385	391.090789795
3.17532879819	391.090789795
3.17823129252	391.090789795
3.18113378685	391.090789795
3.18403628118	391.090789795
3.18693877551	391.090789795
3.18984126984	390.864929199
3.19274376417	390.864929199
3.1956462585	390.864929199
3.19854875283	390.864929199
3.20145124717	390.864929199
3.2043537415	391.090789795
3.20725623583	391.090789795
3.21015873016	391.316741943
3.21306122449	391.316741943
3.21596371882	391.316741943
3.21886621315	391.54284668
3.22176870748	391.54284668
3.22467120181	391.54284668
3.22757369615	391.54284668
3.23047619048	391.54284668
3.23337868481	391.54284668
3.23628117914	391.54284668
3.23918367347	391.54284668
3.2420861678	391.316741943
3.24498866213	391.316741943
3.24789115646	391.316741943
3.25079365079	391.090789795
3.25369614512	390.864929199
3.25659863946	390.864929199
3.25950113379	390.864929199
3.26240362812	390.864929199
3.26530612245	390.864929199
3.26820861678	391.090789795
3.27111111111	391.090789795
3.27401360544	391.316741943
3.27691609977	391.316741943
3.2798185941	391.316741943
3.28272108844	391.316741943
3.28562358277	391.316741943
3.2885260771	391.090789795
3.29142857143	391.090789795
3.29433106576	391.090789795
3.29723356009	391.090789795
3.30013605442	391.090789795
3.30303854875	391.090789795
3.30594104308	391.316741943
3.30884353741	391.316741943
3.31174603175	391.316741943
3.31464852608	391.316741943
3.31755102041	391.316741943
3.32045351474	391.54284668
3.32335600907	391.54284668
3.3262585034	391.316741943
3.32916099773	391.316741943
3.33206349206	391.316741943
3.33496598639	391.316741943
3.33786848073	391.316741943
3.34077097506	391.316741943
3.34367346939	391.316741943
3.34657596372	391.316741943
3.34947845805	391.090789795
3.35238095238	391.090789795
3.35528344671	391.090789795
3.35818594104	391.090789795
3.36108843537	390.864929199
3.36399092971	390.864929199
3.36689342404	390.864929199
3.36979591837	390.864929199
3.3726984127	390.864929199
3.37560090703	390.864929199
3.37850340136	390.864929199
3.38140589569	391.090789795
3.38430839002	391.090789795
3.38721088435	390.864929199
3.39011337868	390.864929199
3.39301587302	390.639221191
3.39591836735	390.864929199
3.39882086168	391.54284668
3.40172335601	392.221923828
3.40462585034	392.902191162
3.40752834467	392.902191162
3.410430839	392.902191162
3.41333333333	392.675292969
3.41623582766	391.995422363
3.419138322	393.583618164
3.42204081633	392.902191162
3.42494331066	391.769073486
3.42784580499	390.639221191
3.43074829932	389.062927246
3.43365079365	385.483795166
3.43655328798	380.61618042
3.43945578231	375.37612915
3.44235827664	370.208190918
3.44526077098	366.590698242
3.44816326531	364.268829346
3.45106575964	363.218292236
3.45396825397	363.218292236
3.4568707483	364.268829346
3.45977324263	366.590698242
3.46267573696	369.780761719
3.46557823129	373.214111328
3.46848072562	375.37612915
3.47138321995	376.027160645
3.47428571429	376.027160645
3.47718820862	375.593017578
3.48009070295	375.159362793
3.48299319728	374.077423096
3.48589569161	372.998596191
3.48879818594	371.92288208
3.49170068027	370.636138916
3.4946031746	369.994415283
3.49750566893	369.567230225
3.50040816327	369.140533447
3.5033106576	368.927368164
3.50621315193	368.714324951
3.50911564626	368.714324951
3.51201814059	368.501434326
3.51492063492	368.075958252
3.51782312925	367.86340332
3.52072562358	367.438690186
3.52362811791	367.226501465
3.52653061224	366.802520752
3.52943310658	366.802520752
3.53233560091	367.014434814
3.53523809524	367.226501465
3.53814058957	367.438690186
3.5410430839	367.438690186
3.54394557823	367.651000977
3.54684807256	367.438690186
3.54975056689	367.651000977
3.55265306122	367.651000977
3.55555555556	367.86340332
3.55845804989	368.075958252
3.56136054422	368.288635254
3.56426303855	368.501434326
3.56716553288	368.714324951
3.57006802721	368.714324951
3.57297052154	368.927368164
3.57587301587	368.927368164
3.5787755102	368.927368164
3.58167800454	368.927368164
3.58458049887	369.140533447
3.5874829932	369.353820801
3.59038548753	369.994415283
3.59328798186	370.636138916
3.59619047619	371.278961182
3.59909297052	372.137786865
3.60199546485	372.998596191
3.60489795918	373.429748535
3.60780045351	373.86138916
3.61070294785	373.86138916
3.61360544218	374.077423096
3.61650793651	373.429748535
3.61941043084	372.567932129
3.62231292517	371.708129883
3.6252154195	370.422119141
3.62811791383	369.567230225
3.63102040816	368.714324951
3.63392290249	368.288635254
3.63682539683	368.075958252
3.63972789116	368.288635254
3.64263038549	368.714324951
3.64553287982	369.353820801
3.64843537415	369.994415283
3.65133786848	370.636138916
3.65424036281	371.493469238
3.65714285714	371.708129883
3.66004535147	372.137786865
3.6629478458	372.137786865
3.66585034014	371.92288208
3.66875283447	371.493469238
3.6716553288	370.850280762
3.67455782313	370.208190918
3.67746031746	369.353820801
3.68036281179	368.714324951
3.68326530612	367.86340332
3.68616780045	367.651000977
3.68907029478	367.438690186
3.69197278912	367.651000977
3.69487528345	367.651000977
3.69777777778	367.651000977
3.70068027211	367.438690186
3.70358276644	367.86340332
3.70648526077	369.994415283
3.7093877551	306.489318848
3.71229024943	305.428955078
3.71519274376	305.076324463
3.7180952381	304.548126221
3.72099773243	303.845275879
3.72390022676	303.319213867
3.72680272109	303.319213867
3.72970521542	304.020843506
3.73260770975	304.724090576
3.73551020408	305.605438232
3.73841269841	306.489318848
3.74131519274	307.020904541
3.74421768707	307.198303223
3.74712018141	307.020904541
3.75002267574	307.020904541
3.75292517007	307.198303223
3.7558276644	307.731079102
3.75873015873	309.156402588
3.76163265306	311.486633301
3.76453514739	310.408966064
3.76743764172	312.20715332
3.77034013605	313.291046143
3.77324263039	312.929321289
3.77614512472	310.588317871
3.77904761905	308.442932129
3.78195011338	307.375793457
3.78485260771	306.843597412
3.78775510204	306.843597412
3.79065759637	307.375793457
3.7935600907	308.264801025
3.79646258503	308.799438477
3.79936507937	309.692596436
3.8022675737	309.871520996
3.80517006803	310.050567627
3.80807256236	310.050567627
3.81097505669	309.513763428
3.81387755102	308.621124268
3.81678004535	308.086791992
3.81968253968	306.843597412
3.82258503401	305.782012939
3.82548752834	305.252593994
3.82839002268	305.252593994
3.83129251701	305.782012939
3.83419501134	306.135467529
3.83709750567	306.843597412
3.84	307.375793457
3.84290249433	307.731079102
3.84580498866	307.908905029
3.84870748299	307.908905029
3.85160997732	307.908905029
3.85451247166	307.731079102
3.85741496599	308.086791992
3.86031746032	308.442932129
3.86321995465	308.799438477
3.86612244898	309.335021973
3.86902494331	309.692596436
3.87192743764	310.229705811
3.87482993197	310.588317871
3.8777324263	310.76776123
3.88063492063	310.588317871
3.88353741497	310.229705811
3.8864399093	310.050567627
3.88934240363	309.871520996
3.89224489796	309.692596436
3.89514739229	309.513763428
3.89804988662	309.335021973
3.90095238095	309.156402588
3.90385487528	308.977874756
3.90675736961	309.156402588
3.90965986395	309.335021973
3.91256235828	309.513763428
3.91546485261	309.513763428
3.91836734694	309.513763428
3.92126984127	309.335021973
3.9241723356	309.335021973
3.92707482993	308.977874756
3.92997732426	308.977874756
3.93287981859	308.799438477
3.93578231293	308.799438477
3.93868480726	308.799438477
3.94158730159	308.977874756
3.94448979592	309.156402588
3.94739229025	309.335021973
3.95029478458	309.335021973
3.95319727891	309.335021973
3.95609977324	309.335021973
3.95900226757	309.513763428
3.9619047619	309.513763428
3.96480725624	309.513763428
3.96770975057	309.335021973
3.9706122449	309.335021973
3.97351473923	309.335021973
3.97641723356	309.335021973
3.97931972789	309.156402588
3.98222222222	309.156402588
3.98512471655	309.335021973
3.98802721088	309.335021973
3.99092970522	309.335021973
3.99383219955	309.335021973
3.99673469388	309.335021973
3.99963718821	309.513763428
4.00253968254	309.692596436
4.00544217687	310.229705811
4.0083446712	310.588317871
4.01124716553	310.76776123
4.01414965986	310.588317871
4.0170521542	309.871520996
4.01995464853	308.442932129
4.02285714286	306.135467529
4.02575963719	303.494476318
4.02866213152	300.876251221
4.03156462585	298.625396729
4.03446712018	296.733978271
4.03736961451	295.024932861
4.04027210884	293.834442139
4.04317460317	292.817840576
4.04607709751	292.479766846
4.04897959184	292.310882568
4.05188208617	292.310882568
4.0547845805	292.310882568
4.05768707483	292.142089844
4.06058956916	291.973388672
4.06349206349	291.636291504
4.06639455782	291.46786499
4.06929705215	291.46786499
4.07219954649	291.973388672
4.07510204082	292.648773193
4.07800453515	293.325714111
4.08090702948	294.004211426
4.08380952381	294.514129639
4.08671201814	294.684295654
4.08961451247	294.514129639
4.0925170068	294.344055176
4.09541950113	294.004211426
4.09832199546	293.664764404
4.1012244898	293.325714111
4.10412698413	293.156341553
4.10702947846	292.987030029
4.10993197279	292.817840576
4.11283446712	292.648773193
4.11573696145	292.310882568
4.11863945578	291.973388672
4.12154195011	291.46786499
4.12444444444	291.299560547
4.12734693878	291.299560547
4.13024943311	291.636291504
4.13315192744	292.142089844
4.13605442177	292.817840576
4.1389569161	293.495178223
4.14185941043	294.004211426
4.14476190476	294.514129639
4.14766439909	294.514129639
4.15056689342	294.514129639
4.15346938776	294.174102783
4.15637188209	294.004211426
4.15927437642	293.495178223
4.16217687075	293.325714111
4.16507936508	293.156341553
4.16798185941	292.987030029
4.17088435374	292.817840576
4.17378684807	292.310882568
4.1766893424	292.142089844
4.17959183673	291.804779053
4.18249433107	291.46786499
4.1853968254	291.46786499
4.18829931973	291.636291504
4.19120181406	291.973388672
4.19410430839	292.310882568
4.19700680272	292.817840576
4.19990929705	292.987030029
4.20281179138	292.987030029
4.20571428571	292.987030029
4.20861678005	292.987030029
4.21151927438	292.987030029
4.21442176871	292.987030029
4.21732426304	292.987030029
4.22022675737	293.325714111
4.2231292517	293.325714111
4.22603174603	293.495178223
4.22893424036	293.495178223
4.23183673469	293.495178223
4.23473922902	293.325714111
4.23764172336	293.156341553
4.24054421769	293.156341553
4.24344671202	292.987030029
4.24634920635	292.817840576
4.24925170068	292.817840576
4.25215419501	292.648773193
4.25505668934	292.648773193
4.25795918367	292.648773193
4.260861678	292.479766846
4.26376417234	292.648773193
4.26666666667	292.648773193
4.269569161	292.648773193
4.27247165533	292.817840576
4.27537414966	292.987030029
4.27827664399	292.987030029
4.28117913832	292.987030029
4.28408163265	292.987030029
4.28698412698	292.987030029
4.28988662132	292.987030029
4.29278911565	292.987030029
4.29569160998	292.987030029
4.29859410431	292.817840576
4.30149659864	292.817840576
4.30439909297	292.817840576
4.3073015873	292.817840576
4.31020408163	292.817840576
4.31310657596	292.817840576
4.31600907029	292.817840576
4.31891156463	292.817840576
4.32181405896	292.817840576
4.32471655329	292.817840576
4.32761904762	292.987030029
4.33052154195	292.987030029
4.33342403628	293.156341553
4.33632653061	293.156341553
4.33922902494	293.156341553
4.34213151927	292.987030029
4.34503401361	292.987030029
4.34793650794	292.817840576
4.35083900227	292.648773193
4.3537414966	292.648773193
4.35664399093	292.479766846
4.35954648526	292.479766846
4.36244897959	292.648773193
4.36535147392	292.648773193
4.36825396825	292.817840576
4.37115646259	292.817840576
4.37405895692	292.817840576
4.37696145125	292.817840576
4.37986394558	292.817840576
4.38276643991	292.817840576
4.38566893424	292.817840576
4.38857142857	292.987030029
4.3914739229	292.987030029
4.39437641723	292.987030029
4.39727891156	292.987030029
4.4001814059	292.817840576
4.40308390023	292.817840576
4.40598639456	292.648773193
4.40888888889	292.648773193
4.41179138322	292.648773193
4.41469387755	292.648773193
4.41759637188	292.817840576
4.42049886621	292.817840576
4.42340136054	292.817840576
4.42630385488	292.817840576
4.42920634921	292.817840576
4.43210884354	292.817840576
4.43501133787	292.817840576
4.4379138322	292.648773193
4.44081632653	292.648773193
4.44371882086	292.648773193
4.44662131519	292.817840576
4.44952380952	292.817840576
4.45242630385	292.817840576
4.45532879819	292.817840576
4.45823129252	292.817840576
4.46113378685	292.648773193
4.46403628118	292.648773193
4.46693877551	292.648773193
4.46984126984	292.648773193
4.47274376417	292.648773193
4.4756462585	292.648773193
4.47854875283	292.648773193
4.48145124717	292.648773193
4.4843537415	292.648773193
4.48725623583	292.817840576
4.49015873016	292.817840576
4.49306122449	292.817840576
4.49596371882	292.817840576
4.49886621315	292.817840576
4.50176870748	292.817840576
4.50467120181	292.817840576
4.50757369615	292.817840576
4.51047619048	292.648773193
4.51337868481	292.648773193
4.51628117914	292.648773193
4.51918367347	292.648773193
4.5220861678	292.817840576
4.52498866213	292.817840576
4.52789115646	292.817840576
4.53079365079	292.817840576
4.53369614512	292.817840576
4.53659863946	292.817840576
4.53950113379	292.817840576
4.54240362812	292.817840576
4.54530612245	292.648773193
4.54820861678	292.648773193
4.55111111111	292.817840576
4.55401360544	292.817840576
4.55691609977	292.817840576
4.5598185941	292.817840576
4.56272108844	292.817840576
4.56562358277	292.817840576
4.5685260771	292.817840576
4.57142857143	292.817840576
4.57433106576	292.648773193
4.57723356009	292.648773193
4.58013605442	292.648773193
4.58303854875	292.648773193
4.58594104308	292.648773193
4.58884353741	292.817840576
4.59174603175	292.817840576
4.59464852608	292.817840576
4.59755102041	292.817840576
4.60045351474	292.817840576
4.60335600907	292.817840576
4.6062585034	292.648773193
4.60916099773	292.648773193
4.61206349206	292.648773193
4.61496598639	292.648773193
4.61786848073	292.648773193
4.62077097506	292.817840576
4.62367346939	292.817840576
4.62657596372	292.817840576
4.62947845805	292.817840576
4.63238095238	292.817840576
4.63528344671	292.648773193
4.63818594104	292.817840576
4.64108843537	292.817840576
4.64399092971	292.817840576
4.64689342404	292.817840576
4.64979591837	292.817840576
4.6526984127	292.817840576
4.65560090703	292.817840576
4.65850340136	292.817840576
4.66140589569	292.817840576
4.66430839002	292.648773193
4.66721088435	292.648773193
4.67011337868	292.479766846
4.67301587302	292.648773193
4.67591836735	292.648773193
4.67882086168	292.648773193
4.68172335601	292.817840576
4.68462585034	292.817840576
4.68752834467	292.817840576
4.690430839	292.817840576
4.69333333333	292.817840576
4.69623582766	292.817840576
4.699138322	292.817840576
4.70204081633	292.648773193
4.70494331066	292.648773193
4.70784580499	292.817840576
4.71074829932	292.648773193
4.71365079365	292.648773193
4.71655328798	292.648773193
4.71945578231	292.648773193
4.72235827664	292.648773193
4.72526077098	292.648773193
4.72816326531	292.817840576
4.73106575964	292.817840576
4.73396825397	292.817840576
4.7368707483	292.987030029
4.73977324263	292.817840576
4.74267573696	292.817840576
4.74557823129	292.648773193
4.74848072562	292.648773193
4.75138321995	292.648773193
4.75428571429	292.479766846
4.75718820862	292.479766846
4.76009070295	292.648773193
4.76299319728	292.648773193
4.76589569161	292.648773193
4.76879818594	292.648773193
4.77170068027	292.648773193
4.7746031746	292.817840576
4.77750566893	292.817840576
4.78040816327	292.817840576
4.7833106576	292.817840576
4.78621315193	292.817840576
4.78911564626	292.817840576
4.79201814059	292.817840576
4.79492063492	292.648773193
4.79782312925	292.648773193
4.80072562358	292.648773193
4.80362811791	292.648773193
4.80653061224	292.648773193
4.80943310658	292.648773193
4.81233560091	292.817840576
4.81523809524	292.817840576
4.81814058957	292.817840576
4.8210430839	292.817840576
4.82394557823	292.817840576
4.82684807256	292.817840576
4.82975056689	292.817840576
4.83265306122	292.648773193
4.83555555556	292.648773193
4.83845804989	292.817840576
4.84136054422	292.817840576
4.84426303855	292.987030029
4.84716553288	292.817840576
4.85006802721	292.817840576
4.85297052154	292.987030029
4.85587301587	292.987030029
4.8587755102	292.817840576
4.86167800454	292.987030029
4.86458049887	292.987030029
4.8674829932	292.987030029
4.87038548753	292.987030029
4.87328798186	292.987030029
4.87619047619	292.987030029
4.87909297052	292.817840576
4.88199546485	292.817840576
4.88489795918	292.817840576
4.88780045351	292.817840576
4.89070294785	292.817840576
4.89360544218	292.817840576
4.89650793651	292.817840576
4.89941043084	292.987030029
4.90231292517	292.987030029
4.9052154195	292.987030029
4.90811791383	292.987030029
4.91102040816	292.987030029
4.91392290249	292.987030029
4.91682539683	292.987030029
4.91972789116	292.987030029
4.92263038549	292.817840576
4.92553287982	292.817840576
4.92843537415	292.817840576
4.93133786848	292.987030029
4.93424036281	292.987030029
4.93714285714	292.987030029
4.94004535147	293.156341553
4.9429478458	293.156341553
4.94585034014	292.987030029
4.94875283447	292.987030029
4.9516553288	292.817840576
4.95455782313	292.817840576
4.95746031746	292.817840576
4.96036281179	292.817840576
4.96326530612	292.817840576
4.96616780045	292.817840576
4.96907029478	292.817840576
4.97197278912	292.817840576
4.97487528345	292.817840576
4.97777777778	292.817840576
4.98068027211	292.817840576
4.98358276644	292.817840576
4.98648526077	292.817840576
4.9893877551	292.817840576
4.99229024943	292.817840576
4.99519274376	292.817840576
4.9980952381	292.817840576
5.00099773243	292.817840576
5.00390022676	292.817840576
5.00680272109	292.987030029
5.00970521542	292.987030029
5.01260770975	292.817840576
5.01551020408	292.817840576
5.01841269841	292.648773193
5.02131519274	292.648773193
5.02421768707	292.648773193
5.02712018141	292.648773193
5.03002267574	292.648773193
5.03292517007	292.817840576
5.0358276644	292.817840576
5.03873015873	292.817840576
5.04163265306	292.817840576
5.04453514739	292.817840576
5.04743764172	292.817840576
5.05034013605	292.817840576
5.05324263039	292.648773193
5.05614512472	292.648773193
5.05904761905	292.648773193
5.06195011338	292.648773193
5.06485260771	292.648773193
5.06775510204	292.648773193
5.07065759637	292.817840576
5.0735600907	292.817840576
5.07646258503	292.817840576
5.07936507937	292.817840576
5.0822675737	292.817840576
5.08517006803	292.817840576
5.08807256236	292.817840576
5.09097505669	292.648773193
5.09387755102	292.648773193
5.09678004535	292.648773193
5.09968253968	292.648773193
5.10258503401	292.648773193
5.10548752834	292.817840576
5.10839002268	292.817840576
5.11129251701	292.817840576
5.11419501134	292.817840576
5.11709750567	292.817840576
5.12	292.648773193
5.12290249433	292.648773193
5.12580498866	292.648773193
5.12870748299	292.648773193
5.13160997732	292.648773193
5.13451247166	292.648773193
5.13741496599	292.648773193
5.14031746032	292.817840576
5.14321995465	292.817840576
5.14612244898	292.817840576
5.14902494331	292.817840576
5.15192743764	292.817840576
5.15482993197	292.817840576
5.1577324263	292.817840576
5.16063492063	292.817840576
5.16353741497	292.817840576
5.1664399093	292.817840576
5.16934240363	292.817840576
5.17224489796	292.817840576
5.17514739229	292.817840576
5.17804988662	292.817840576
5.18095238095	292.817840576
5.18385487528	292.817840576
5.18675736961	292.817840576
5.18965986395	292.817840576
5.19256235828	292.817840576
5.19546485261	292.987030029
5.19836734694	292.817840576
5.20126984127	292.817840576
5.2041723356	292.648773193
5.20707482993	292.648773193
5.20997732426	292.648773193
5.21287981859	292.648773193
5.21578231293	292.817840576
5.21868480726	292.817840576
5.22158730159	292.817840576
5.22448979592	292.987030029
5.22739229025	292.987030029
5.23029478458	292.817840576
5.23319727891	292.817840576
5.23609977324	292.817840576
5.23900226757	292.817840576
5.2419047619	292.648773193
5.24480725624	292.648773193
5.24770975057	292.817840576
5.2506122449	292.817840576
5.25351473923	292.817840576
5.25641723356	292.817840576
5.25931972789	292.987030029
5.26222222222	292.987030029
5.26512471655	292.987030029
5.26802721088	292.987030029
5.27092970522	292.817840576
5.27383219955	292.817840576
5.27673469388	292.817840576
5.27963718821	292.817840576
5.28253968254	292.817840576
5.28544217687	292.817840576
5.2883446712	292.987030029
5.29124716553	292.987030029
5.29414965986	292.987030029
5.2970521542	292.987030029
5.29995464853	292.987030029
5.30285714286	292.817840576
5.30575963719	292.817840576
5.30866213152	292.648773193
5.31156462585	292.648773193
5.31446712018	292.648773193
5.31736961451	292.817840576
5.32027210884	292.817840576
5.32317460317	292.817840576
5.32607709751	292.817840576
5.32897959184	292.817840576
5.33188208617	292.817840576
5.3347845805	292.817840576
5.33768707483	292.817840576
5.34058956916	292.817840576
5.34349206349	292.817840576
5.34639455782	292.817840576
5.34929705215	292.817840576
5.35219954649	292.817840576
5.35510204082	292.817840576
5.35800453515	292.817840576
5.36090702948	292.817840576
5.36380952381	292.817840576
5.36671201814	292.817840576
5.36961451247	292.817840576
5.3725170068	292.817840576
5.37541950113	292.817840576
5.37832199546	292.817840576
5.3812244898	292.817840576
5.38412698413	292.817840576
5.38702947846	292.817840576
5.38993197279	292.817840576
5.39283446712	292.817840576
5.39573696145	292.987030029
5.39863945578	292.987030029
5.40154195011	292.987030029
5.40444444444	292.817840576
5.40734693878	292.817840576
5.41024943311	292.987030029
5.41315192744	292.987030029
5.41605442177	292.987030029
5.4189569161	292.987030029
5.42185941043	292.817840576
5.42476190476	292.987030029
5.42766439909	292.987030029
5.43056689342	292.987030029
5.43346938776	292.987030029
5.43637188209	292.987030029
5.43927437642	292.987030029
5.44217687075	292.987030029
5.44507936508	292.987030029
5.44798185941	292.987030029
5.45088435374	292.987030029
5.45378684807	292.987030029
5.4566893424	292.817840576
5.45959183673	292.817840576
5.46249433107	292.648773193
5.4653968254	292.648773193
5.46829931973	292.648773193
5.47120181406	292.648773193
5.47410430839	292.817840576
5.47700680272	292.817840576
5.47990929705	292.817840576
5.48281179138	292.817840576
5.48571428571	292.987030029
5.48861678005	292.987030029
5.49151927438	293.156341553
5.49442176871	293.156341553
5.49732426304	293.325714111
5.50022675737	293.495178223
5.5031292517	293.834442139
5.50603174603	294.174102783
5.50893424036	294.514129639
5.51183673469	294.854553223
5.51473922902	295.195404053
5.51764172336	295.365936279
5.52054421769	295.536621094
5.52344671202	295.365936279
5.52634920635	295.365936279
5.52925170068	295.195404053
5.53215419501	294.854553223
5.53505668934	294.174102783
5.53795918367	293.325714111
5.540861678	292.479766846
5.54376417234	291.636291504
5.54666666667	0.0
5.549569161	0.0
5.55247165533	0.0
5.55537414966	0.0
5.55827664399	0.0
5.56117913832	0.0
5.56408163265	0.0
5.56698412698	0.0
5.56988662132	0.0
5.57278911565	0.0
5.57569160998	0.0
5.57859410431	0.0
5.58149659864	0.0
5.58439909297	0.0
5.5873015873	0.0
5.59020408163	0.0
5.59310657596	0.0
5.59600907029	0.0
5.59891156463	0.0
5.60181405896	0.0
5.60471655329	0.0
5.60761904762	0.0
5.61052154195	0.0
5.61342403628	0.0
5.61632653061	0.0
5.61922902494	0.0
5.62213151927	0.0
5.62503401361	0.0
5.62793650794	0.0
5.63083900227	0.0
5.6337414966	0.0
5.63664399093	0.0
5.63954648526	0.0
5.64244897959	0.0
5.64535147392	0.0
5.64825396825	0.0
5.65115646259	0.0
5.65405895692	0.0
5.65696145125	0.0
5.65986394558	0.0
5.66276643991	0.0
5.66566893424	0.0
5.66857142857	0.0
5.6714739229	0.0
5.67437641723	0.0
5.67727891156	0.0
5.6801814059	0.0
5.68308390023	0.0
5.68598639456	0.0
5.68888888889	0.0
5.69179138322	0.0
5.69469387755	0.0
5.69759637188	0.0
5.70049886621	0.0
5.70340136054	0.0
5.70630385488	0.0
5.70920634921	0.0
5.71210884354	0.0
5.71501133787	0.0
5.7179138322	0.0
5.72081632653	0.0
5.72371882086	0.0
5.72662131519	0.0
5.72952380952	0.0
5.73242630385	0.0
5.73532879819	0.0
5.73823129252	0.0
5.74113378685	0.0
5.74403628118	0.0
5.74693877551	0.0
5.74984126984	0.0
5.75274376417	0.0
5.7556462585	0.0
5.75854875283	0.0
5.76145124717	0.0
5.7643537415	0.0
5.76725623583	0.0
5.77015873016	0.0
5.77306122449	0.0
5.77596371882	0.0
