0.0	0.0
0.00290249433107	0.0
0.00580498866213	0.0
0.0087074829932	0.0
0.0116099773243	0.0
0.0145124716553	0.0
0.0174149659864	0.0
0.0203174603175	0.0
0.0232199546485	0.0
0.0261224489796	0.0
0.0290249433107	0.0
0.0319274376417	0.0
0.0348299319728	0.0
0.0377324263039	0.0
0.0406349206349	0.0
0.043537414966	0.0
0.0464399092971	0.0
0.0493424036281	0.0
0.0522448979592	0.0
0.0551473922902	0.0
0.0580498866213	0.0
0.0609523809524	0.0
0.0638548752834	0.0
0.0667573696145	0.0
0.0696598639456	0.0
0.0725623582766	0.0
0.0754648526077	0.0
0.0783673469388	0.0
0.0812698412698	0.0
0.0841723356009	0.0
0.087074829932	0.0
0.089977324263	0.0
0.0928798185941	0.0
0.0957823129252	0.0
0.0986848072562	0.0
0.101587301587	0.0
0.104489795918	0.0
0.107392290249	0.0
0.11029478458	0.0
0.113197278912	0.0
0.116099773243	0.0
0.119002267574	0.0
0.121904761905	0.0
0.124807256236	0.0
0.127709750567	0.0
0.130612244898	0.0
0.133514739229	0.0
0.13641723356	0.0
0.139319727891	0.0
0.142222222222	0.0
0.145124716553	0.0
0.148027210884	0.0
0.150929705215	0.0
0.153832199546	0.0
0.156734693878	0.0
0.159637188209	0.0
0.16253968254	0.0
0.165442176871	0.0
0.168344671202	0.0
0.171247165533	0.0
0.174149659864	0.0
0.177052154195	0.0
0.179954648526	109.619430542
0.182857142857	110.0
0.185759637188	110.318153381
0.188662131519	111.149658203
0.19156462585	112.376228333
0.194467120181	113.681976318
0.197369614512	114.472694397
0.200272108844	114.208511353
0.203174603175	114.208511353
0.206077097506	113.681976318
0.208979591837	113.419616699
0.211882086168	114.472694397
0.214784580499	115.602310181
0.21768707483	116.271987915
0.220589569161	117.41934967
0.223492063492	118.099555969
0.226394557823	118.099555969
0.229297052154	117.827003479
0.232199546485	117.487197876
0.235102040816	117.283782959
0.238004535147	117.148368835
0.240907029478	117.216056824
0.24380952381	117.41934967
0.246712018141	117.487197876
0.249614512472	117.690963745
0.252517006803	117.895080566
0.255419501134	118.099555969
0.258321995465	118.372741699
0.261224489796	118.578041077
0.264126984127	118.64655304
0.267029478458	118.64655304
0.269931972789	118.578041077
0.27283446712	118.441131592
0.275736961451	118.304382324
0.278639455782	118.236068726
0.281541950113	118.167793274
0.284444444444	118.167793274
0.287346938776	118.167793274
0.290249433107	118.236068726
0.293151927438	118.372741699
0.296054421769	118.578041077
0.2989569161	118.921005249
0.301859410431	119.264953613
0.304761904762	119.609901428
0.307664399093	120.163894653
0.310566893424	120.581077576
0.313469387755	120.86000061
0.316371882086	120.999702454
0.319274376417	120.999702454
0.322176870748	120.929832458
0.325079365079	120.929832458
0.32798185941	120.86000061
0.330884353741	120.929832458
0.333786848073	121.139572144
0.336689342404	121.34967041
0.339591836735	121.700645447
0.342494331066	121.982162476
0.345396825397	122.476379395
0.348299319728	122.90158844
0.351201814059	123.399528503
0.35410430839	123.542167664
0.357006802721	123.613548279
0.359909297052	123.827941895
0.362811791383	124.186080933
0.365714285714	124.761276245
0.368616780045	125.194412231
0.371519274376	125.339126587
0.374421768707	125.484008789
0.377324263039	125.629058838
0.38022675737	125.774276733
0.383129251701	125.846946716
0.386031746032	125.919654846
0.388934240363	126.065208435
0.391836734694	126.210929871
0.394739229025	126.356819153
0.397641723356	126.575965881
0.400544217687	126.72228241
0.403446712018	126.795501709
0.406349206349	126.868759155
0.40925170068	126.942062378
0.412154195011	127.015411377
0.415056689342	127.088798523
0.417959183673	127.30921936
0.420861678005	127.677429199
0.423764172336	128.120697021
0.426666666667	128.194717407
0.429569160998	128.788482666
0.432471655329	129.086380005
0.43537414966	129.235595703
0.438276643991	129.310272217
0.441179138322	129.310272217
0.444081632653	129.384979248
0.446984126984	129.459747314
0.449886621315	129.534545898
0.452789115646	129.609390259
0.455691609977	129.609390259
0.458594104308	129.75920105
0.461496598639	129.75920105
0.464399092971	129.909194946
0.467301587302	130.134506226
0.470204081633	130.134506226
0.473106575964	130.284927368
0.476009070295	130.435531616
0.478911564626	130.661743164
0.481814058957	130.812789917
0.484716553288	130.888366699
0.487619047619	130.963989258
0.49052154195	130.963989258
0.493424036281	130.963989258
0.496326530612	131.115371704
0.499229024943	131.039657593
0.502131519274	131.039657593
0.505034013605	131.266937256
0.507936507937	131.570571899
0.510839002268	131.874923706
0.513741496599	132.179962158
0.51664399093	132.409210205
0.519546485261	132.562271118
0.522448979592	132.63885498
0.525351473923	132.868911743
0.528253968254	133.099349976
0.531156462585	133.407226562
0.534058956916	133.947738647
0.536961451247	134.568130493
0.539863945578	135.113342285
0.542766439909	136.053131104
0.54566893424	137.237060547
0.548571428571	138.271469116
0.551473922902	139.394165039
0.554376417234	139.71661377
0.557278911565	140.12071228
0.560181405896	140.282669067
0.563083900227	140.363723755
0.565986394558	140.851043701
0.568888888889	141.095321655
0.57179138322	141.421707153
0.574693877551	141.912689209
0.577596371882	142.240951538
0.580498866213	142.487640381
0.583401360544	142.65234375
0.586303854875	142.65234375
0.589206349206	142.487640381
0.592108843537	142.65234375
0.595011337868	142.734771729
0.5979138322	142.734771729
0.600816326531	142.734771729
0.603718820862	142.817245483
0.606621315193	142.734771729
0.609523809524	142.817245483
0.612426303855	142.982330322
0.615328798186	143.313064575
0.618231292517	143.561630249
0.621133786848	143.976852417
0.624036281179	144.476699829
0.62693877551	144.978286743
0.629841269841	145.313644409
0.632743764172	145.565673828
0.635646258503	145.818145752
0.638548752834	145.986694336
0.641451247166	146.239883423
0.644353741497	146.493515015
0.647256235828	146.917221069
0.650158730159	146.917221069
0.65306122449	147.512466431
0.655963718821	148.110122681
0.658866213152	148.624313354
0.661768707483	148.968109131
0.664671201814	149.140304565
0.667573696145	148.968109131
0.670476190476	148.968109131
0.673378684807	148.968109131
0.676281179138	148.968109131
0.679183673469	148.968109131
0.6820861678	149.05418396
0.684988662132	149.226470947
0.687891156463	149.312698364
0.690793650794	149.485290527
0.693696145125	149.485290527
0.696598639456	149.398971558
0.699501133787	149.312698364
0.702403628118	149.140304565
0.705306122449	149.05418396
0.70820861678	149.05418396
0.711111111111	149.05418396
0.714013605442	149.05418396
0.716916099773	149.05418396
0.719818594104	148.968109131
0.722721088435	148.882080078
0.725623582766	148.796112061
0.728526077098	148.624313354
0.731428571429	148.624313354
0.73433106576	148.624313354
0.737233560091	148.882080078
0.740136054422	149.140304565
0.743038548753	149.398971558
0.745941043084	149.658081055
0.748843537415	150.090942383
0.751746031746	150.43812561
0.754648526077	150.960403442
0.757551020408	151.30960083
0.760453514739	151.572021484
0.76335600907	151.747238159
0.766258503401	151.922637939
0.769160997732	151.922637939
0.772063492063	151.922637939
0.774965986395	152.010421753
0.777868480726	152.27406311
0.780770975057	152.538162231
0.783673469388	153.067733765
0.786575963719	153.776687622
0.78947845805	154.132400513
0.792380952381	154.132400513
0.795283446712	154.043395996
0.798185941043	154.043395996
0.801088435374	154.132400513
0.803990929705	154.132400513
0.806893424036	154.310562134
0.809795918367	154.578201294
0.812698412698	154.756881714
0.815600907029	154.846298218
0.818503401361	155.025283813
0.821405895692	155.204483032
0.824308390023	155.563491821
0.827210884354	155.833297729
0.830113378685	156.193771362
0.833015873016	156.55506897
0.835918367347	156.736022949
0.838820861678	157.098587036
0.841723356009	157.552963257
0.84462585034	158.008651733
0.847528344671	158.374145508
0.850430839002	158.923980713
0.853333333333	159.567871094
0.856235827664	159.936981201
0.859138321995	160.029388428
0.862040816327	160.214370728
0.864943310658	160.39956665
0.867845804989	160.584976196
0.87074829932	160.677749634
0.873650793651	160.492233276
0.876553287982	160.121856689
0.879455782313	159.752319336
0.882358276644	159.567871094
0.885260770975	159.291595459
0.888163265306	159.199615479
0.891065759637	159.291595459
0.893968253968	159.567871094
0.896870748299	159.844619751
0.89977324263	160.306930542
0.902675736961	160.677749634
0.905578231293	160.956420898
0.908480725624	161.235580444
0.911383219955	161.421966553
0.914285714286	161.795349121
0.917188208617	161.888839722
0.920090702948	162.169616699
0.922993197279	162.169616699
0.92589569161	162.169616699
0.928798185941	162.169616699
0.931700680272	162.075973511
0.934603174603	161.888839722
0.937505668934	161.795349121
0.940408163265	161.795349121
0.943310657596	161.982376099
0.946213151927	162.357070923
0.949115646259	162.920730591
0.95201814059	163.391937256
0.954920634921	163.959197998
0.957823129252	164.338470459
0.960725623583	164.62348938
0.963628117914	164.909011841
0.966530612245	165.195022583
0.969433106576	165.290466309
0.972335600907	165.195022583
0.975238095238	165.195022583
0.978140589569	165.099624634
0.9810430839	165.195022583
0.983945578231	165.385971069
0.986848072562	165.577148438
0.989750566893	165.672805786
0.992653061224	165.864318848
0.995555555556	166.056045532
0.998458049887	166.056045532
1.00136054422	166.24798584
1.00426303855	166.344039917
1.00716553288	166.440155029
1.01006802721	166.536315918
1.01297052154	166.536315918
1.01587301587	166.632537842
1.0187755102	166.728820801
1.02167800454	166.921539307
1.02458049887	167.211044312
1.0274829932	167.307662964
1.03038548753	167.404327393
1.03328798186	167.501052856
1.03619047619	167.597839355
1.03909297052	167.501052856
1.04199546485	167.404327393
1.04489795918	167.307662964
1.04780045351	167.211044312
1.05070294785	167.307662964
1.05360544218	167.404327393
1.05650793651	167.597839355
1.05941043084	167.985519409
1.06231292517	168.568725586
1.0652154195	169.153945923
1.06811791383	169.741210938
1.07102040816	169.839279175
1.07392290249	169.741210938
1.07682539683	169.545227051
1.07972789116	169.251678467
1.08263038549	169.056274414
1.08553287982	168.276870728
1.08843537415	168.374099731
1.09133786848	168.958648682
1.09424036281	169.741210938
1.09714285714	170.330505371
1.10004535147	170.527389526
1.1029478458	170.724502563
1.10585034014	170.330505371
1.10875283447	169.839279175
1.1116553288	169.251678467
1.11455782313	168.374099731
1.11746031746	168.374099731
1.12036281179	168.568725586
1.12326530612	170.823150635
1.12616780045	177.461181641
1.12907029478	179.523193359
1.13197278912	177.051635742
1.13487528345	176.745101929
1.13777777778	175.727127075
1.14068027211	173.007766724
1.14358276644	193.522796631
1.14648526077	195.77142334
1.1493877551	195.658370972
1.15229024943	195.094100952
1.15519274376	194.531463623
1.1580952381	194.082519531
1.16099773243	194.419128418
1.16390022676	194.306869507
1.16680272109	194.981445312
1.16970521542	195.206832886
1.17260770975	195.319610596
1.17551020408	195.319610596
1.17841269841	195.545394897
1.18131519274	195.545394897
1.18421768707	195.884536743
1.18712018141	195.4324646
1.19002267574	195.4324646
1.19292517007	194.981445312
1.1958276644	194.531463623
1.19873015873	193.970443726
1.20163265306	193.522796631
1.20453514739	192.741897583
1.20743764172	192.186035156
1.21034013605	192.075057983
1.21324263039	192.297073364
1.21614512472	192.408187866
1.21904761905	192.408187866
1.22195011338	192.297073364
1.22485260771	191.964141846
1.22775510204	191.410522461
1.23065759637	190.968780518
1.2335600907	190.638153076
1.23646258503	190.418045044
1.23936507937	190.30809021
1.2422675737	190.198196411
1.24517006803	190.088363647
1.24807256236	189.978591919
1.25097505669	189.540161133
1.25387755102	189.211990356
1.25678004535	188.884399414
1.25968253968	188.339660645
1.26258503401	187.905014038
1.26548752834	187.471359253
1.26839002268	186.93069458
1.27129251701	186.714874268
1.27419501134	186.391601562
1.27709750567	185.96144104
1.28	185.746734619
1.28290249433	185.639480591
1.28580498866	185.639480591
1.28870748299	185.639480591
1.29160997732	185.532272339
1.29451247166	185.21105957
1.29741496599	184.997207642
1.30031746032	184.6769104
1.30321995465	184.570266724
1.30612244898	184.463684082
1.30902494331	184.357162476
1.31192743764	184.357162476
1.31482993197	184.463684082
1.3177324263	184.357162476
1.32063492063	184.357162476
1.32353741497	184.463684082
1.3264399093	184.357162476
1.32934240363	184.250717163
1.33224489796	184.037979126
1.33514739229	183.93170166
1.33804988662	183.825500488
1.34095238095	183.825500488
1.34385487528	183.295349121
1.34675736961	182.977996826
1.34965986395	182.661193848
1.35256235828	182.555725098
1.35546485261	182.766738892
1.35836734694	183.083724976
1.36126984127	183.401260376
1.3641723356	184.357162476
1.36707482993	185.318069458
1.36997732426	185.854064941
1.37287981859	185.854064941
1.37578231293	185.96144104
1.37868480726	185.21105957
1.38158730159	183.825500488
1.38448979592	182.344940186
1.38739229025	181.399459839
1.39029478458	180.667480469
1.39319727891	180.146438599
1.39609977324	179.938446045
1.39900226757	179.730697632
1.4019047619	179.626907349
1.40480725624	179.315917969
1.40770975057	179.10887146
1.4106122449	178.798782349
1.41351473923	178.283126831
1.41641723356	177.051635742
1.41931972789	177.358703613
1.42222222222	175.524230957
1.42512471655	175.01802063
1.42802721088	174.614120483
1.43092970522	174.412506104
1.43383219955	174.211135864
1.43673469388	174.110534668
1.43963718821	173.809082031
1.44253968254	173.307830811
1.44544217687	172.907867432
1.4483446712	172.608505249
1.45124716553	172.110702515
1.45414965986	171.614349365
1.4570521542	171.614349365
1.45995464853	171.614349365
1.46285714286	171.812713623
1.46575963719	171.812713623
1.46866213152	171.713500977
1.47156462585	171.218292236
1.47446712018	170.921859741
1.47736961451	170.527389526
1.48027210884	169.839279175
1.48317460317	168.666122437
1.48607709751	167.501052856
1.48897959184	166.632537842
1.49188208617	165.864318848
1.4947845805	165.290466309
1.49768707483	164.813781738
1.50058956916	164.053939819
1.50349206349	163.391937256
1.50639455782	163.297592163
1.50929705215	163.203292847
1.51219954649	162.826644897
1.51510204082	163.014862061
1.51800453515	162.826644897
1.52090702948	163.391937256
1.52380952381	163.297592163
1.52671201814	163.109054565
1.52961451247	162.732620239
1.5325170068	162.263320923
1.53541950113	161.795349121
1.53832199546	161.515228271
1.5412244898	161.235580444
1.54412698413	161.049423218
1.54702947846	160.956420898
1.54993197279	161.049423218
1.55283446712	161.049423218
1.55573696145	161.049423218
1.55863945578	160.956420898
1.56154195011	160.770584106
1.56444444444	160.492233276
1.56734693878	160.306930542
1.57024943311	160.214370728
1.57315192744	160.214370728
1.57605442177	160.39956665
1.5789569161	160.492233276
1.58185941043	160.770584106
1.58476190476	161.142486572
1.58766439909	161.32875061
1.59056689342	161.32875061
1.59346938776	161.32875061
1.59637188209	161.235580444
1.59927437642	161.049423218
1.60217687075	160.863479614
1.60507936508	160.677749634
1.60798185941	160.584976196
1.61088435374	160.492233276
1.61378684807	160.492233276
1.6166893424	160.584976196
1.61959183673	160.677749634
1.62249433107	160.770584106
1.6253968254	160.770584106
1.62829931973	160.863479614
1.63120181406	160.956420898
1.63410430839	160.956420898
1.63700680272	161.049423218
1.63990929705	161.049423218
1.64281179138	161.142486572
1.64571428571	161.32875061
1.64861678005	161.421966553
1.65151927438	161.515228271
1.65442176871	161.515228271
1.65732426304	161.515228271
1.66022675737	161.421966553
1.6631292517	161.32875061
1.66603174603	161.049423218
1.66893424036	160.956420898
1.67183673469	160.863479614
1.67473922902	160.863479614
1.67764172336	160.863479614
1.68054421769	160.956420898
1.68344671202	160.956420898
1.68634920635	161.049423218
1.68925170068	160.956420898
1.69215419501	160.863479614
1.69505668934	160.770584106
1.69795918367	160.770584106
1.700861678	160.770584106
1.70376417234	160.863479614
1.70666666667	160.863479614
1.709569161	160.770584106
1.71247165533	160.677749634
1.71537414966	160.584976196
1.71827664399	160.39956665
1.72117913832	160.39956665
1.72408163265	160.306930542
1.72698412698	160.306930542
1.72988662132	160.306930542
1.73278911565	160.306930542
1.73569160998	160.214370728
1.73859410431	160.121856689
1.74149659864	160.029388428
1.74439909297	160.029388428
1.7473015873	159.936981201
1.75020408163	159.936981201
1.75310657596	159.936981201
1.75600907029	159.936981201
1.75891156463	159.936981201
1.76181405896	159.936981201
1.76471655329	159.936981201
1.76761904762	159.844619751
1.77052154195	159.752319336
1.77342403628	159.752319336
1.77632653061	159.660064697
1.77922902494	159.567871094
1.78213151927	159.475723267
1.78503401361	159.475723267
1.78793650794	159.567871094
1.79083900227	159.752319336
1.7937414966	159.936981201
1.79664399093	160.121856689
1.79954648526	160.214370728
1.80244897959	160.306930542
1.80535147392	160.306930542
1.80825396825	160.214370728
1.81115646259	160.029388428
1.81405895692	160.029388428
1.81696145125	160.121856689
1.81986394558	160.214370728
1.82276643991	160.39956665
1.82566893424	160.584976196
1.82857142857	160.677749634
1.8314739229	160.770584106
1.83437641723	160.770584106
1.83727891156	160.770584106
1.8401814059	160.770584106
1.84308390023	160.770584106
1.84598639456	160.863479614
1.84888888889	161.049423218
1.85179138322	161.142486572
1.85469387755	161.235580444
1.85759637188	161.235580444
1.86049886621	161.142486572
1.86340136054	160.956420898
1.86630385488	160.863479614
1.86920634921	160.677749634
1.87210884354	160.677749634
1.87501133787	160.677749634
1.8779138322	160.677749634
1.88081632653	160.677749634
1.88371882086	160.770584106
1.88662131519	160.770584106
1.88952380952	160.677749634
1.89242630385	160.584976196
1.89532879819	160.492233276
1.89823129252	160.306930542
1.90113378685	160.121856689
1.90403628118	160.029388428
1.90693877551	159.936981201
1.90984126984	159.936981201
1.91274376417	159.936981201
1.9156462585	159.936981201
1.91854875283	159.844619751
1.92145124717	159.752319336
1.9243537415	159.660064697
1.92725623583	159.475723267
1.93015873016	159.291595459
1.93306122449	159.015808105
1.93596371882	158.740493774
1.93886621315	158.465652466
1.94176870748	158.191299438
1.94467120181	157.826217651
1.94757369615	157.461975098
1.95047619048	157.280181885
1.95337868481	157.098587036
1.95628117914	157.280181885
1.95918367347	157.552963257
1.9620861678	157.917404175
1.96498866213	158.008651733
1.96789115646	157.917404175
1.97079365079	157.643997192
1.97369614512	156.645523071
1.97659863946	154.756881714
1.97950113379	153.067733765
1.98240362812	151.834915161
1.98530612245	151.047622681
1.98820861678	150.264434814
1.99111111111	149.226470947
1.99401360544	148.624313354
1.99691609977	145.062057495
1.9998185941	142.982330322
2.00272108844	141.994674683
2.00562358277	140.525985718
2.0085260771	140.039794922
2.01142857143	140.282669067
2.01433106576	141.421707153
2.01723356009	142.158813477
2.02013605442	142.487640381
2.02303854875	142.569976807
2.02594104308	142.323135376
2.02884353741	141.912689209
2.03174603175	141.340042114
2.03464852608	140.525985718
2.03755102041	139.95892334
2.04045351474	139.313674927
2.04335600907	138.351364136
2.0462585034	137.475082397
2.04916099773	136.683288574
2.05206349206	136.131744385
2.05496598639	135.739151001
2.05786848073	135.347686768
2.06077097506	134.87940979
2.06367346939	134.180053711
2.06657596372	133.561431885
2.06947845805	132.945678711
2.07238095238	132.562271118
2.07528344671	132.332748413
2.07818594104	132.027359009
2.08108843537	131.874923706
2.08399092971	131.95111084
2.08689342404	131.95111084
2.08979591837	132.103637695
2.0926984127	132.179962158
2.09560090703	132.256332397
2.09850340136	132.332748413
2.10140589569	132.409210205
2.10430839002	132.485717773
2.10721088435	132.409210205
2.11011337868	132.256332397
2.11301587302	132.179962158
2.11591836735	132.103637695
2.11882086168	131.874923706
2.12172335601	131.646591187
2.12462585034	131.418670654
2.12752834467	131.342773438
2.130430839	131.342773438
2.13333333333	131.342773438
2.13623582766	131.494598389
2.139138322	131.646591187
2.14204081633	131.95111084
2.14494331066	132.179962158
2.14784580499	132.256332397
2.15074829932	132.409210205
2.15365079365	132.562271118
2.15655328798	132.715499878
2.15945578231	132.945678711
2.16235827664	133.022491455
2.16526077098	133.022491455
2.16816326531	132.868911743
2.17106575964	132.792175293
2.17396825397	132.715499878
2.1768707483	132.715499878
2.17977324263	132.792175293
2.18267573696	132.868911743
2.18557823129	132.945678711
2.18848072562	133.176254272
2.19138321995	133.330200195
2.19428571429	133.484313965
2.19718820862	133.561431885
2.20009070295	133.561431885
2.20299319728	133.63861084
2.20589569161	133.715820312
2.20879818594	133.793075562
2.21170068027	133.870391846
2.2146031746	133.947738647
2.21750566893	134.10256958
2.22040816327	134.180053711
2.2233106576	134.490432739
2.22621315193	134.645889282
2.22911564626	134.801528931
2.23201814059	134.801528931
2.23492063492	134.723693848
2.23782312925	134.568130493
2.24072562358	134.568130493
2.24362811791	134.568130493
2.24653061224	134.568130493
2.24943310658	134.568130493
2.25233560091	134.645889282
2.25523809524	134.645889282
2.25814058957	134.568130493
2.2610430839	134.490432739
2.26394557823	134.412765503
2.26684807256	134.257583618
2.26975056689	134.180053711
2.27265306122	134.10256958
2.27555555556	133.947738647
2.27845804989	133.870391846
2.28136054422	133.793075562
2.28426303855	133.793075562
2.28716553288	133.793075562
2.29006802721	133.870391846
2.29297052154	133.947738647
2.29587301587	134.025131226
2.2987755102	134.10256958
2.30167800454	134.180053711
2.30458049887	134.257583618
2.3074829932	134.412765503
2.31038548753	134.645889282
2.31328798186	134.645889282
2.31619047619	134.723693848
2.31909297052	134.723693848
2.32199546485	134.645889282
2.32489795918	134.568130493
2.32780045351	134.490432739
2.33070294785	134.412765503
2.33360544218	134.335144043
2.33650793651	134.412765503
2.33941043084	134.490432739
2.34231292517	134.568130493
2.3452154195	134.723693848
2.34811791383	134.723693848
2.35102040816	134.723693848
2.35392290249	134.645889282
2.35682539683	134.490432739
2.35972789116	134.412765503
2.36263038549	134.10256958
2.36553287982	133.793075562
2.36843537415	133.561431885
2.37133786848	133.561431885
2.37424036281	133.63861084
2.37714285714	133.870391846
2.38004535147	134.10256958
2.3829478458	134.257583618
2.38585034014	134.412765503
2.38875283447	134.568130493
2.3916553288	134.568130493
2.39455782313	134.490432739
2.39746031746	134.412765503
2.40036281179	134.335144043
2.40326530612	134.257583618
2.40616780045	134.335144043
2.40907029478	134.412765503
2.41197278912	134.568130493
2.41487528345	134.568130493
2.41777777778	134.568130493
2.42068027211	134.490432739
2.42358276644	134.335144043
2.42648526077	134.10256958
2.4293877551	133.947738647
2.43229024943	133.947738647
2.43519274376	133.947738647
2.4380952381	134.10256958
2.44099773243	134.490432739
2.44390022676	134.801528931
2.44680272109	135.035324097
2.44970521542	135.26953125
2.45260770975	135.26953125
2.45551020408	135.19140625
2.45841269841	135.035324097
2.46131519274	134.87940979
2.46421768707	134.801528931
2.46712018141	134.801528931
2.47002267574	134.801528931
2.47292517007	134.957351685
2.4758276644	135.113342285
2.47873015873	135.347686768
2.48163265306	135.582427979
2.48453514739	135.739151001
2.48743764172	135.817581177
2.49034013605	135.739151001
2.49324263039	135.739151001
2.49614512472	135.660766602
2.49904761905	135.582427979
2.50195011338	135.582427979
2.50485260771	135.504135132
2.50775510204	135.504135132
2.51065759637	135.504135132
2.5135600907	135.504135132
2.51646258503	135.425888062
2.51936507937	135.26953125
2.5222675737	135.113342285
2.52517006803	134.87940979
2.52807256236	134.645889282
2.53097505669	134.645889282
2.53387755102	134.490432739
2.53678004535	134.490432739
2.53968253968	134.490432739
2.54258503401	134.568130493
2.54548752834	134.723693848
2.54839002268	134.87940979
2.55129251701	134.957351685
2.55419501134	135.113342285
2.55709750567	135.113342285
2.56	135.19140625
2.56290249433	135.347686768
2.56580498866	135.425888062
2.56870748299	135.504135132
2.57160997732	135.582427979
2.57451247166	135.739151001
2.57741496599	135.974563599
2.58031746032	136.289093018
2.58321995465	136.525482178
2.58612244898	136.762268066
2.58902494331	136.920349121
2.59192743764	136.999465942
2.59482993197	137.078613281
2.5977324263	136.841278076
2.60063492063	136.604354858
2.60353741497	136.525482178
2.6064399093	136.604354858
2.60934240363	136.762268066
2.61224489796	137.316360474
2.61514739229	137.395706177
2.61804988662	137.475082397
2.62095238095	137.713516235
2.62385487528	137.952362061
2.62675736961	138.431304932
2.62965986395	139.072463989
2.63256235828	139.555297852
2.63546485261	140.039794922
2.63836734694	140.201675415
2.64126984127	140.282669067
2.6441723356	140.363723755
2.64707482993	140.444824219
2.64997732426	140.688415527
2.65287981859	140.932418823
2.65578231293	141.421707153
2.65868480726	141.912689209
2.66158730159	142.817245483
2.66448979592	143.72756958
2.66739229025	144.894561768
2.67029478458	145.649780273
2.67319727891	146.493515015
2.67609977324	147.597702026
2.67900226757	148.710189819
2.6819047619	150.351242065
2.68480725624	151.834915161
2.68770975057	153.067733765
2.6906122449	153.954452515
2.69351473923	154.399719238
2.69641723356	154.488937378
2.69931972789	154.488937378
2.70222222222	154.310562134
2.70512471655	153.954452515
2.70802721088	153.687896729
2.71092970522	153.156173706
2.71383219955	152.714477539
2.71673469388	152.538162231
2.71963718821	152.626296997
2.72253968254	152.626296997
2.72544217687	152.714477539
2.7283446712	152.802719116
2.73124716553	152.89100647
2.73414965986	152.9793396
2.7370521542	152.9793396
2.73995464853	153.067733765
2.74285714286	152.802719116
2.74575963719	152.626296997
2.74866213152	152.450073242
2.75156462585	152.538162231
2.75446712018	152.802719116
2.75736961451	153.067733765
2.76027210884	153.244659424
2.76317460317	153.333206177
2.76607709751	153.510452271
2.76897959184	153.510452271
2.77188208617	153.421798706
2.7747845805	153.333206177
2.77768707483	153.244659424
2.78058956916	153.156173706
2.78349206349	153.067733765
2.78639455782	153.067733765
2.78929705215	152.9793396
2.79219954649	152.9793396
2.79510204082	152.9793396
2.79800453515	152.9793396
2.80090702948	153.067733765
2.80380952381	153.333206177
2.80671201814	153.421798706
2.80961451247	153.599151611
2.8125170068	153.687896729
2.81541950113	153.687896729
2.81832199546	153.599151611
2.8212244898	153.599151611
2.82412698413	153.599151611
2.82702947846	153.687896729
2.82993197279	153.865539551
2.83283446712	153.954452515
2.83573696145	154.043395996
2.83863945578	154.043395996
2.84154195011	153.865539551
2.84444444444	153.865539551
2.84734693878	153.687896729
2.85024943311	153.687896729
2.85315192744	153.687896729
2.85605442177	153.687896729
2.8589569161	153.776687622
2.86185941043	153.865539551
2.86476190476	153.954452515
2.86766439909	154.132400513
2.87056689342	154.221466064
2.87346938776	154.310562134
2.87637188209	154.310562134
2.87927437642	154.310562134
2.88217687075	154.310562134
2.88507936508	154.310562134
2.88798185941	154.221466064
2.89088435374	154.310562134
2.89378684807	154.310562134
2.8966893424	154.488937378
2.89959183673	154.578201294
2.90249433107	154.756881714
2.9053968254	154.846298218
2.90829931973	154.846298218
2.91120181406	154.846298218
2.91410430839	154.756881714
2.91700680272	154.667510986
2.91990929705	154.488937378
2.92281179138	154.399719238
2.92571428571	154.132400513
2.92861678005	153.776687622
2.93151927438	153.421798706
2.93442176871	152.802719116
2.93732426304	152.362045288
2.94022675737	151.834915161
2.9431292517	151.30960083
2.94603174603	151.134902954
2.94893424036	150.960403442
2.95183673469	150.177658081
2.95473922902	149.312698364
2.95764172336	147.257064819
2.96054421769	144.727279663
2.96344671202	143.561630249
2.96634920635	142.487640381
2.96925170068	141.585174561
2.97215419501	141.176849365
2.97505668934	140.688415527
2.97795918367	140.444824219
2.980861678	140.363723755
2.98376417234	140.444824219
2.98666666667	140.12071228
2.989569161	140.12071228
2.99247165533	139.95892334
2.99537414966	140.039794922
2.99827664399	140.282669067
3.00117913832	140.039794922
3.00408163265	139.474700928
3.00698412698	137.872711182
3.00988662132	135.896057129
3.01278911565	134.957351685
3.01569160998	134.335144043
3.01859410431	131.874923706
3.02149659864	131.039657593
3.02439909297	130.661743164
3.0273015873	130.586303711
3.03020408163	130.737243652
3.03310657596	130.209686279
3.03600907029	130.435531616
3.03891156463	130.510894775
3.04181405896	130.435531616
3.04471655329	130.284927368
3.04761904762	130.059356689
3.05052154195	130.360198975
3.05342403628	130.134506226
3.05632653061	129.834182739
3.05922902494	129.834182739
3.06213151927	129.609390259
3.06503401361	129.384979248
3.06793650794	129.160964966
3.07083900227	128.937347412
3.0737414966	128.788482666
3.07664399093	129.086380005
3.07954648526	128.788482666
3.08244897959	128.639785767
3.08535147392	128.862884521
3.08825396825	129.086380005
3.09115646259	129.160964966
3.09405895692	129.086380005
3.09696145125	129.235595703
3.09986394558	129.310272217
3.10276643991	129.310272217
3.10566893424	129.310272217
3.10857142857	129.310272217
3.1114739229	129.384979248
3.11437641723	129.384979248
3.11727891156	129.384979248
3.1201814059	129.384979248
3.12308390023	129.310272217
3.12598639456	129.384979248
3.12888888889	129.534545898
3.13179138322	129.609390259
3.13469387755	129.609390259
3.13759637188	129.684265137
3.14049886621	129.684265137
3.14340136054	129.75920105
3.14630385488	129.75920105
3.14920634921	129.75920105
3.15210884354	129.75920105
3.15501133787	129.75920105
3.1579138322	129.75920105
3.16081632653	129.75920105
3.16371882086	129.834182739
3.16662131519	129.909194946
3.16952380952	129.909194946
3.17242630385	129.98425293
3.17532879819	129.909194946
3.17823129252	129.75920105
3.18113378685	129.684265137
3.18403628118	129.384979248
3.18693877551	129.235595703
3.18984126984	129.160964966
3.19274376417	129.086380005
3.1956462585	129.086380005
3.19854875283	129.086380005
3.20145124717	129.086380005
3.2043537415	129.086380005
3.20725623583	129.01184082
3.21015873016	128.788482666
3.21306122449	128.639785767
3.21596371882	128.491256714
3.21886621315	128.342910767
3.22176870748	128.268783569
3.22467120181	128.120697021
3.22757369615	128.194717407
3.23047619048	128.120697021
3.23337868481	128.046707153
3.23628117914	127.898872375
3.23918367347	127.677429199
3.2420861678	127.382774353
3.24498866213	126.795501709
3.24789115646	126.138046265
3.25079365079	125.484008789
3.25369614512	125.049865723
3.25659863946	124.977653503
3.25950113379	125.122116089
3.26240362812	125.556510925
3.26530612245	125.629058838
3.26820861678	125.846946716
3.27111111111	125.846946716
3.27401360544	125.846946716
3.27691609977	125.846946716
3.2798185941	125.919654846
3.28272108844	126.356819153
3.28562358277	127.015411377
3.2885260771	127.382774353
3.29142857143	127.30921936
3.29433106576	124.905487061
3.29723356009	122.123161316
3.30013605442	122.193725586
3.30303854875	121.982162476
3.30594104308	121.560134888
3.30884353741	121.34967041
3.31174603175	120.999702454
3.31464852608	120.581077576
3.31755102041	120.441856384
3.32045351474	120.30279541
3.32335600907	120.09450531
3.3262585034	119.748161316
3.32916099773	119.54083252
3.33206349206	118.989715576
3.33496598639	117.487197876
3.33786848073	116.878013611
3.34077097506	116.74306488
3.34367346939	116.74306488
3.34657596372	117.283782959
3.34947845805	120.163894653
3.35238095238	119.54083252
3.35528344671	118.921005249
3.35818594104	117.895080566
3.36108843537	117.216056824
3.36399092971	116.810516357
3.36689342404	116.204841614
3.36979591837	115.00289917
3.3726984127	113.94493866
3.37560090703	113.02721405
3.37850340136	112.831520081
3.38140589569	113.02721405
3.38430839002	113.354125977
3.38721088435	113.485153198
3.39011337868	113.681976318
3.39301587302	114.076652527
3.39591836735	114.142562866
3.39882086168	113.81338501
3.40172335601	113.419616699
3.40462585034	113.419616699
3.40752834467	113.419616699
3.410430839	113.550720215
3.41333333333	114.010772705
3.41623582766	114.605018616
3.419138322	115.069343567
3.42204081633	115.335517883
3.42494331066	115.468833923
3.42784580499	115.468833923
3.43074829932	115.335517883
3.43365079365	115.135826111
3.43655328798	115.069343567
3.43945578231	115.00289917
3.44235827664	114.936485291
3.44526077098	115.069343567
3.44816326531	115.135826111
3.45106575964	115.135826111
3.45396825397	115.202354431
3.4568707483	115.335517883
3.45977324263	115.335517883
3.46267573696	115.202354431
3.46557823129	115.202354431
3.46848072562	115.202354431
3.47138321995	115.202354431
3.47428571429	115.268913269
3.47718820862	115.268913269
3.48009070295	115.335517883
3.48299319728	115.535552979
3.48589569161	115.735931396
3.48879818594	116.070678711
3.49170068027	116.339164734
3.4946031746	116.540939331
3.49750566893	116.608276367
3.50040816327	116.473640442
3.5033106576	116.406387329
3.50621315193	116.406387329
3.50911564626	116.473640442
3.51201814059	116.608276367
3.51492063492	116.878013611
3.51782312925	117.080718994
3.52072562358	117.351547241
3.52362811791	117.487197876
3.52653061224	117.555076599
3.52943310658	117.623001099
3.53233560091	117.690963745
3.53523809524	117.690963745
3.53814058957	117.758964539
3.5410430839	117.895080566
3.54394557823	118.099555969
3.54684807256	118.372741699
3.54975056689	118.64655304
3.55265306122	118.715103149
3.55555555556	118.852333069
3.55845804989	118.852333069
3.56136054422	118.783699036
3.56426303855	118.783699036
3.56716553288	119.05846405
3.57006802721	119.471801758
3.57297052154	119.955848694
3.57587301587	120.650749207
3.5787755102	0.0
3.58167800454	0.0
3.58458049887	0.0
3.5874829932	0.0
3.59038548753	0.0
3.59328798186	0.0
3.59619047619	0.0
3.59909297052	0.0
3.60199546485	0.0
3.60489795918	0.0
3.60780045351	0.0
3.61070294785	134.335144043
3.61360544218	137.554519653
3.61650793651	141.095321655
3.61941043084	146.155441284
3.62231292517	147.342147827
3.6252154195	148.024597168
3.62811791383	148.281326294
3.63102040816	148.024597168
3.63392290249	146.493515015
3.63682539683	145.565673828
3.63972789116	145.818145752
3.64263038549	146.239883423
3.64553287982	146.747589111
3.64843537415	147.427276611
3.65133786848	148.281326294
3.65424036281	149.05418396
3.65714285714	149.398971558
3.66004535147	149.571655273
3.6629478458	149.485290527
3.66585034014	149.226470947
3.66875283447	148.968109131
3.6716553288	148.538497925
3.67455782313	148.024597168
3.67746031746	147.939117432
3.68036281179	147.853683472
3.68326530612	147.939117432
3.68616780045	148.024597168
3.68907029478	148.110122681
3.69197278912	148.19569397
3.69487528345	148.19569397
3.69777777778	148.19569397
3.70068027211	148.366989136
3.70358276644	148.452713013
3.70648526077	148.538497925
3.7093877551	148.538497925
3.71229024943	148.452713013
3.71519274376	148.281326294
3.7180952381	148.024597168
3.72099773243	147.939117432
3.72390022676	148.024597168
3.72680272109	148.024597168
3.72970521542	148.19569397
3.73260770975	148.281326294
3.73551020408	148.366989136
3.73841269841	148.366989136
3.74131519274	148.281326294
3.74421768707	148.110122681
3.74712018141	147.853683472
3.75002267574	147.68296814
3.75292517007	147.512466431
3.7558276644	147.257064819
3.75873015873	147.087051392
3.76163265306	147.002105713
3.76453514739	146.917221069
3.76743764172	146.832382202
3.77034013605	146.747589111
3.77324263039	146.578170776
3.77614512472	146.324386597
3.77904761905	146.071044922
3.78195011338	145.733932495
3.78485260771	145.481613159
3.78775510204	145.229736328
3.79065759637	145.145874023
3.7935600907	145.062057495
3.79646258503	145.145874023
3.79936507937	145.145874023
3.8022675737	145.062057495
3.80517006803	144.978286743
3.80807256236	144.978286743
3.81097505669	144.978286743
3.81387755102	144.978286743
3.81678004535	144.894561768
3.81968253968	144.727279663
3.82258503401	144.476699829
3.82548752834	144.309890747
3.82839002268	144.143280029
3.83129251701	143.893707275
3.83419501134	143.644577026
3.83709750567	143.395874023
3.84	143.230316162
3.84290249433	143.230316162
3.84580498866	143.313064575
3.84870748299	143.395874023
3.85160997732	143.561630249
3.85451247166	143.644577026
3.85741496599	143.561630249
3.86031746032	143.395874023
3.86321995465	143.064941406
3.86612244898	142.734771729
3.86902494331	142.240951538
3.87192743764	141.830734253
3.87482993197	141.585174561
3.8777324263	141.748840332
3.88063492063	144.2265625
3.88353741497	135.739151001
3.8864399093	135.896057129
3.88934240363	135.504135132
3.89224489796	135.035324097
3.89514739229	134.723693848
3.89804988662	134.645889282
3.90095238095	134.87940979
3.90385487528	134.801528931
3.90675736961	134.87940979
3.90965986395	134.723693848
3.91256235828	134.568130493
3.91546485261	134.257583618
3.91836734694	134.10256958
3.92126984127	134.10256958
3.9241723356	133.793075562
3.92707482993	133.484313965
3.92997732426	133.253204346
3.93287981859	132.868911743
3.93578231293	132.409210205
3.93868480726	131.95111084
3.94158730159	131.418670654
3.94448979592	131.039657593
3.94739229025	130.812789917
3.95029478458	130.586303711
3.95319727891	130.360198975
3.95609977324	130.059356689
3.95900226757	129.684265137
3.9619047619	129.310272217
3.96480725624	129.086380005
3.96770975057	128.788482666
3.9706122449	128.788482666
3.97351473923	128.714111328
3.97641723356	128.639785767
3.97931972789	128.714111328
3.98222222222	128.714111328
3.98512471655	128.862884521
3.98802721088	128.862884521
3.99092970522	128.788482666
3.99383219955	128.862884521
3.99673469388	129.01184082
3.99963718821	129.086380005
4.00253968254	129.160964966
4.00544217687	129.086380005
4.0083446712	129.160964966
4.01124716553	129.235595703
4.01414965986	129.235595703
4.0170521542	129.310272217
4.01995464853	129.384979248
4.02285714286	129.235595703
4.02575963719	129.086380005
4.02866213152	129.235595703
4.03156462585	129.086380005
4.03446712018	129.01184082
4.03736961451	128.937347412
4.04027210884	128.862884521
4.04317460317	128.714111328
4.04607709751	129.086380005
4.04897959184	129.160964966
4.05188208617	129.160964966
4.0547845805	129.310272217
4.05768707483	129.459747314
4.06058956916	129.534545898
4.06349206349	129.609390259
4.06639455782	129.609390259
4.06929705215	129.75920105
4.07219954649	129.909194946
4.07510204082	130.134506226
4.07800453515	130.284927368
4.08090702948	130.284927368
4.08380952381	130.134506226
4.08671201814	130.059356689
4.08961451247	129.98425293
4.0925170068	129.909194946
4.09541950113	129.75920105
4.09832199546	129.609390259
4.1012244898	129.684265137
4.10412698413	129.909194946
4.10702947846	130.134506226
4.10993197279	130.360198975
4.11283446712	130.510894775
4.11573696145	130.737243652
4.11863945578	130.888366699
4.12154195011	130.888366699
4.12444444444	130.888366699
4.12734693878	130.888366699
4.13024943311	130.812789917
4.13315192744	130.812789917
4.13605442177	130.661743164
4.1389569161	130.510894775
4.14185941043	130.360198975
4.14476190476	130.134506226
4.14766439909	129.98425293
4.15056689342	129.834182739
4.15346938776	129.75920105
4.15637188209	129.75920105
4.15927437642	129.75920105
4.16217687075	129.909194946
4.16507936508	129.909194946
4.16798185941	129.909194946
4.17088435374	129.909194946
4.17378684807	129.75920105
4.1766893424	129.684265137
4.17959183673	129.609390259
4.18249433107	129.534545898
4.1853968254	129.384979248
4.18829931973	129.384979248
4.19120181406	129.310272217
4.19410430839	129.310272217
4.19700680272	129.310272217
4.19990929705	129.384979248
4.20281179138	129.534545898
4.20571428571	129.684265137
4.20861678005	130.059356689
4.21151927438	130.360198975
4.21442176871	130.586303711
4.21732426304	130.812789917
4.22022675737	130.812789917
4.2231292517	130.812789917
4.22603174603	130.812789917
4.22893424036	130.661743164
4.23183673469	130.661743164
4.23473922902	130.586303711
4.23764172336	130.510894775
4.24054421769	130.510894775
4.24344671202	130.510894775
4.24634920635	130.510894775
4.24925170068	130.510894775
4.25215419501	130.435531616
4.25505668934	130.435531616
4.25795918367	130.360198975
4.260861678	130.284927368
4.26376417234	130.360198975
4.26666666667	130.284927368
4.269569161	130.209686279
4.27247165533	130.059356689
4.27537414966	129.909194946
4.27827664399	129.834182739
4.28117913832	129.75920105
4.28408163265	129.684265137
4.28698412698	129.75920105
4.28988662132	129.684265137
4.29278911565	129.75920105
4.29569160998	129.834182739
4.29859410431	129.909194946
4.30149659864	129.98425293
4.30439909297	130.059356689
4.3073015873	130.134506226
4.31020408163	130.134506226
4.31310657596	130.134506226
4.31600907029	129.98425293
4.31891156463	129.834182739
4.32181405896	129.609390259
4.32471655329	129.534545898
4.32761904762	129.459747314
4.33052154195	129.459747314
4.33342403628	129.534545898
4.33632653061	129.609390259
4.33922902494	129.75920105
4.34213151927	129.98425293
4.34503401361	130.360198975
4.34793650794	130.737243652
4.35083900227	130.888366699
4.3537414966	130.888366699
4.35664399093	130.661743164
4.35954648526	130.661743164
4.36244897959	130.812789917
4.36535147392	130.963989258
4.36825396825	130.737243652
4.37115646259	130.737243652
4.37405895692	130.812789917
4.37696145125	130.888366699
4.37986394558	131.039657593
4.38276643991	131.191131592
4.38566893424	131.342773438
4.38857142857	131.342773438
4.3914739229	131.191131592
4.39437641723	130.963989258
4.39727891156	130.812789917
4.4001814059	130.661743164
4.40308390023	130.586303711
4.40598639456	130.586303711
4.40888888889	130.661743164
4.41179138322	130.737243652
4.41469387755	130.888366699
4.41759637188	131.039657593
4.42049886621	131.039657593
4.42340136054	131.115371704
4.42630385488	131.039657593
4.42920634921	130.888366699
4.43210884354	130.737243652
4.43501133787	130.586303711
4.4379138322	130.510894775
4.44081632653	130.510894775
4.44371882086	130.510894775
4.44662131519	130.586303711
4.44952380952	130.586303711
4.45242630385	130.435531616
4.45532879819	130.284927368
4.45823129252	129.98425293
4.46113378685	129.909194946
4.46403628118	129.909194946
4.46693877551	129.909194946
4.46984126984	130.284927368
4.47274376417	130.586303711
4.4756462585	130.963989258
4.47854875283	131.342773438
4.48145124717	131.570571899
4.4843537415	131.72265625
4.48725623583	131.494598389
4.49015873016	131.191131592
4.49306122449	131.039657593
4.49596371882	131.115371704
4.49886621315	131.342773438
4.50176870748	131.72265625
4.50467120181	132.409210205
4.50757369615	133.099349976
4.51047619048	133.407226562
4.51337868481	133.715820312
4.51628117914	133.484313965
4.51918367347	133.793075562
4.5220861678	133.870391846
4.52498866213	133.870391846
4.52789115646	133.870391846
4.53079365079	133.793075562
4.53369614512	133.715820312
4.53659863946	133.870391846
4.53950113379	134.10256958
4.54240362812	134.10256958
4.54530612245	0.0
4.54820861678	0.0
4.55111111111	0.0
4.55401360544	0.0
4.55691609977	0.0
4.5598185941	0.0
4.56272108844	0.0
4.56562358277	0.0
4.5685260771	0.0
4.57142857143	0.0
4.57433106576	0.0
4.57723356009	0.0
4.58013605442	0.0
4.58303854875	0.0
4.58594104308	0.0
4.58884353741	0.0
4.59174603175	0.0
4.59464852608	0.0
4.59755102041	0.0
4.60045351474	0.0
4.60335600907	0.0
4.6062585034	0.0
4.60916099773	0.0
4.61206349206	0.0
4.61496598639	0.0
4.61786848073	0.0
4.62077097506	0.0
4.62367346939	0.0
4.62657596372	0.0
4.62947845805	0.0
4.63238095238	0.0
4.63528344671	0.0
4.63818594104	0.0
4.64108843537	0.0
4.64399092971	0.0
4.64689342404	0.0
4.64979591837	0.0
4.6526984127	0.0
4.65560090703	0.0
4.65850340136	0.0
4.66140589569	0.0
4.66430839002	0.0
4.66721088435	0.0
4.67011337868	0.0
4.67301587302	0.0
4.67591836735	0.0
4.67882086168	0.0
4.68172335601	0.0
4.68462585034	0.0
4.68752834467	0.0
4.690430839	0.0
4.69333333333	0.0
4.69623582766	0.0
4.699138322	0.0
4.70204081633	0.0
4.70494331066	0.0
4.70784580499	0.0
4.71074829932	0.0
4.71365079365	0.0
4.71655328798	0.0
4.71945578231	0.0
4.72235827664	0.0
4.72526077098	0.0
4.72816326531	0.0
4.73106575964	0.0
4.73396825397	0.0
4.7368707483	0.0
4.73977324263	0.0
4.74267573696	0.0
4.74557823129	0.0
4.74848072562	0.0
4.75138321995	0.0
4.75428571429	0.0
4.75718820862	0.0
4.76009070295	0.0
4.76299319728	0.0
4.76589569161	0.0
4.76879818594	0.0
4.77170068027	0.0
4.7746031746	0.0
4.77750566893	0.0
4.78040816327	0.0
4.7833106576	0.0
4.78621315193	0.0
4.78911564626	0.0
4.79201814059	0.0
4.79492063492	0.0
4.79782312925	0.0
4.80072562358	0.0
4.80362811791	0.0
4.80653061224	0.0
4.80943310658	0.0
4.81233560091	0.0
4.81523809524	0.0
4.81814058957	0.0
4.8210430839	0.0
4.82394557823	0.0
