0.0	0.0
0.00290249433107	0.0
0.00580498866213	0.0
0.0087074829932	0.0
0.0116099773243	0.0
0.0145124716553	0.0
0.0174149659864	0.0
0.0203174603175	0.0
0.0232199546485	0.0
0.0261224489796	0.0
0.0290249433107	0.0
0.0319274376417	0.0
0.0348299319728	0.0
0.0377324263039	0.0
0.0406349206349	0.0
0.043537414966	0.0
0.0464399092971	0.0
0.0493424036281	0.0
0.0522448979592	0.0
0.0551473922902	0.0
0.0580498866213	0.0
0.0609523809524	0.0
0.0638548752834	0.0
0.0667573696145	0.0
0.0696598639456	0.0
0.0725623582766	0.0
0.0754648526077	0.0
0.0783673469388	0.0
0.0812698412698	0.0
0.0841723356009	0.0
0.087074829932	0.0
0.089977324263	0.0
0.0928798185941	0.0
0.0957823129252	0.0
0.0986848072562	0.0
0.101587301587	0.0
0.104489795918	0.0
0.107392290249	0.0
0.11029478458	0.0
0.113197278912	0.0
0.116099773243	0.0
0.119002267574	0.0
0.121904761905	0.0
0.124807256236	0.0
0.127709750567	0.0
0.130612244898	0.0
0.133514739229	0.0
0.13641723356	0.0
0.139319727891	0.0
0.142222222222	0.0
0.145124716553	0.0
0.148027210884	0.0
0.150929705215	0.0
0.153832199546	0.0
0.156734693878	0.0
0.159637188209	0.0
0.16253968254	0.0
0.165442176871	0.0
0.168344671202	0.0
0.171247165533	0.0
0.174149659864	0.0
0.177052154195	0.0
0.179954648526	0.0
0.182857142857	276.22366333
0.185759637188	274.791412354
0.188662131519	277.663360596
0.19156462585	282.027709961
0.194467120181	285.634490967
0.197369614512	288.786529541
0.200272108844	289.287414551
0.203174603175	291.299560547
0.206077097506	291.973388672
0.208979591837	288.453125
0.211882086168	286.791748047
0.214784580499	287.289154053
0.21768707483	287.621246338
0.220589569161	288.12008667
0.223492063492	288.786529541
0.226394557823	289.956573486
0.229297052154	290.795227051
0.232199546485	291.636291504
0.235102040816	292.142089844
0.238004535147	292.479766846
0.240907029478	292.648773193
0.24380952381	292.479766846
0.246712018141	291.973388672
0.249614512472	291.299560547
0.252517006803	290.795227051
0.255419501134	290.459472656
0.258321995465	290.459472656
0.261224489796	290.627288818
0.264126984127	290.795227051
0.267029478458	291.299560547
0.269931972789	291.804779053
0.27283446712	292.310882568
0.275736961451	292.648773193
0.278639455782	292.987030029
0.281541950113	292.987030029
0.284444444444	293.156341553
0.287346938776	292.987030029
0.290249433107	292.817840576
0.293151927438	292.648773193
0.296054421769	292.310882568
0.2989569161	292.142089844
0.301859410431	291.973388672
0.304761904762	291.973388672
0.307664399093	291.973388672
0.310566893424	292.142089844
0.313469387755	292.310882568
0.316371882086	292.310882568
0.319274376417	292.310882568
0.322176870748	292.310882568
0.325079365079	292.310882568
0.32798185941	292.142089844
0.330884353741	292.142089844
0.333786848073	292.142089844
0.336689342404	292.142089844
0.339591836735	292.142089844
0.342494331066	292.142089844
0.345396825397	292.310882568
0.348299319728	292.310882568
0.351201814059	292.479766846
0.35410430839	292.479766846
0.357006802721	292.648773193
0.359909297052	292.648773193
0.362811791383	292.648773193
0.365714285714	292.648773193
0.368616780045	292.648773193
0.371519274376	292.648773193
0.374421768707	292.648773193
0.377324263039	292.648773193
0.38022675737	292.817840576
0.383129251701	292.648773193
0.386031746032	292.648773193
0.388934240363	292.479766846
0.391836734694	292.479766846
0.394739229025	292.310882568
0.397641723356	292.310882568
0.400544217687	292.142089844
0.403446712018	292.310882568
0.406349206349	292.310882568
0.40925170068	292.310882568
0.412154195011	292.310882568
0.415056689342	292.310882568
0.417959183673	292.142089844
0.420861678005	292.142089844
0.423764172336	292.142089844
0.426666666667	292.142089844
0.429569160998	292.142089844
0.432471655329	292.310882568
0.43537414966	292.479766846
0.438276643991	292.479766846
0.441179138322	292.648773193
0.444081632653	292.817840576
0.446984126984	292.817840576
0.449886621315	292.817840576
0.452789115646	292.987030029
0.455691609977	292.817840576
0.458594104308	292.817840576
0.461496598639	292.648773193
0.464399092971	292.479766846
0.467301587302	292.479766846
0.470204081633	292.479766846
0.473106575964	292.310882568
0.476009070295	292.479766846
0.478911564626	292.479766846
0.481814058957	292.479766846
0.484716553288	292.479766846
0.487619047619	292.479766846
0.49052154195	292.479766846
0.493424036281	292.479766846
0.496326530612	292.310882568
0.499229024943	292.310882568
0.502131519274	292.142089844
0.505034013605	292.310882568
0.507936507937	292.310882568
0.510839002268	292.310882568
0.513741496599	292.310882568
0.51664399093	292.479766846
0.519546485261	292.648773193
0.522448979592	292.817840576
0.525351473923	292.987030029
0.528253968254	293.156341553
0.531156462585	293.156341553
0.534058956916	293.156341553
0.536961451247	293.156341553
0.539863945578	292.987030029
0.542766439909	292.817840576
0.54566893424	292.817840576
0.548571428571	292.648773193
0.551473922902	292.648773193
0.554376417234	292.648773193
0.557278911565	292.648773193
0.560181405896	292.648773193
0.563083900227	292.648773193
0.565986394558	292.648773193
0.568888888889	292.817840576
0.57179138322	292.817840576
0.574693877551	292.817840576
0.577596371882	292.817840576
0.580498866213	292.817840576
0.583401360544	292.817840576
0.586303854875	292.817840576
0.589206349206	292.817840576
0.592108843537	292.817840576
0.595011337868	292.817840576
0.5979138322	292.648773193
0.600816326531	292.648773193
0.603718820862	292.479766846
0.606621315193	292.479766846
0.609523809524	292.310882568
0.612426303855	292.310882568
0.615328798186	292.310882568
0.618231292517	292.310882568
0.621133786848	292.479766846
0.624036281179	292.479766846
0.62693877551	292.479766846
0.629841269841	292.648773193
0.632743764172	292.648773193
0.635646258503	292.817840576
0.638548752834	292.817840576
0.641451247166	292.817840576
0.644353741497	292.817840576
0.647256235828	292.817840576
0.650158730159	292.817840576
0.65306122449	292.817840576
0.655963718821	292.817840576
0.658866213152	292.817840576
0.661768707483	292.817840576
0.664671201814	292.648773193
0.667573696145	292.648773193
0.670476190476	292.648773193
0.673378684807	292.648773193
0.676281179138	292.479766846
0.679183673469	292.648773193
0.6820861678	292.648773193
0.684988662132	292.648773193
0.687891156463	292.648773193
0.690793650794	292.817840576
0.693696145125	292.817840576
0.696598639456	292.817840576
0.699501133787	292.817840576
0.702403628118	292.817840576
0.705306122449	292.817840576
0.70820861678	292.817840576
0.711111111111	292.817840576
0.714013605442	292.817840576
0.716916099773	292.817840576
0.719818594104	292.817840576
0.722721088435	292.817840576
0.725623582766	292.648773193
0.728526077098	292.648773193
0.731428571429	292.648773193
0.73433106576	292.817840576
0.737233560091	292.310882568
0.740136054422	291.299560547
0.743038548753	291.131347656
0.745941043084	393.811035156
0.748843537415	393.129211426
0.751746031746	392.675292969
0.754648526077	392.675292969
0.757551020408	392.902191162
0.760453514739	392.902191162
0.76335600907	393.129211426
0.766258503401	393.35635376
0.769160997732	393.35635376
0.772063492063	393.35635376
0.774965986395	393.35635376
0.777868480726	392.902191162
0.780770975057	392.221923828
0.783673469388	391.54284668
0.786575963719	390.864929199
0.78947845805	390.188201904
0.792380952381	389.512664795
0.795283446712	389.287719727
0.798185941043	389.062927246
0.801088435374	389.062927246
0.803990929705	389.062927246
0.806893424036	389.062927246
0.809795918367	389.287719727
0.812698412698	389.512664795
0.815600907029	389.737701416
0.818503401361	389.962890625
0.821405895692	390.188201904
0.824308390023	390.413665771
0.827210884354	390.413665771
0.830113378685	390.188201904
0.833015873016	390.188201904
0.835918367347	389.737701416
0.838820861678	389.737701416
0.841723356009	389.737701416
0.84462585034	389.737701416
0.847528344671	389.962890625
0.850430839002	390.413665771
0.853333333333	390.864929199
0.856235827664	391.090789795
0.859138321995	391.316741943
0.862040816327	391.54284668
0.864943310658	391.54284668
0.867845804989	391.54284668
0.87074829932	391.769073486
0.873650793651	391.995422363
0.876553287982	391.995422363
0.879455782313	392.221923828
0.882358276644	392.221923828
0.885260770975	392.221923828
0.888163265306	392.221923828
0.891065759637	391.995422363
0.893968253968	391.769073486
0.896870748299	391.316741943
0.89977324263	391.090789795
0.902675736961	390.413665771
0.905578231293	390.188201904
0.908480725624	389.962890625
0.911383219955	389.737701416
0.914285714286	389.512664795
0.917188208617	389.737701416
0.920090702948	389.737701416
0.922993197279	389.962890625
0.92589569161	390.188201904
0.928798185941	390.413665771
0.931700680272	390.639221191
0.934603174603	390.864929199
0.937505668934	390.864929199
0.940408163265	391.316741943
0.943310657596	391.54284668
0.946213151927	391.769073486
0.949115646259	391.769073486
0.95201814059	391.769073486
0.954920634921	391.54284668
0.957823129252	391.090789795
0.960725623583	390.188201904
0.963628117914	389.287719727
0.966530612245	388.165039062
0.969433106576	387.045593262
0.972335600907	386.152374268
0.975238095238	385.706512451
0.978140589569	385.483795166
0.9810430839	385.706512451
0.983945578231	386.375488281
0.986848072562	387.269226074
0.989750566893	387.940887451
0.992653061224	388.838256836
0.995555555556	389.287719727
0.998458049887	389.512664795
1.00136054422	389.962890625
1.00426303855	390.413665771
1.00716553288	390.639221191
1.01006802721	391.090789795
1.01297052154	391.090789795
1.01587301587	391.090789795
1.0187755102	390.864929199
1.02167800454	390.639221191
1.02458049887	390.413665771
1.0274829932	389.962890625
1.03038548753	389.737701416
1.03328798186	389.737701416
1.03619047619	389.512664795
1.03909297052	389.512664795
1.04199546485	389.512664795
1.04489795918	389.512664795
1.04780045351	389.512664795
1.05070294785	389.512664795
1.05360544218	389.512664795
1.05650793651	389.512664795
1.05941043084	389.737701416
1.06231292517	389.962890625
1.0652154195	389.962890625
1.06811791383	390.188201904
1.07102040816	390.639221191
1.07392290249	390.639221191
1.07682539683	391.090789795
1.07972789116	391.090789795
1.08263038549	391.090789795
1.08553287982	391.316741943
1.08843537415	391.316741943
1.09133786848	391.090789795
1.09424036281	391.090789795
1.09714285714	391.090789795
1.10004535147	391.316741943
1.1029478458	391.090789795
1.10585034014	391.090789795
1.10875283447	391.090789795
1.1116553288	391.090789795
1.11455782313	391.090789795
1.11746031746	391.090789795
1.12036281179	391.090789795
1.12326530612	391.090789795
1.12616780045	391.316741943
1.12907029478	391.316741943
1.13197278912	391.316741943
1.13487528345	391.54284668
1.13777777778	391.769073486
1.14068027211	391.769073486
1.14358276644	391.769073486
1.14648526077	391.769073486
1.1493877551	391.995422363
1.15229024943	391.995422363
1.15519274376	391.995422363
1.1580952381	391.995422363
1.16099773243	391.995422363
1.16390022676	391.769073486
1.16680272109	391.769073486
1.16970521542	391.54284668
1.17260770975	391.54284668
1.17551020408	391.316741943
1.17841269841	391.090789795
1.18131519274	391.090789795
1.18421768707	391.090789795
1.18712018141	391.090789795
1.19002267574	391.090789795
1.19292517007	391.316741943
1.1958276644	391.090789795
1.19873015873	391.090789795
1.20163265306	390.864929199
1.20453514739	390.639221191
1.20743764172	390.639221191
1.21034013605	390.188201904
1.21324263039	389.962890625
1.21614512472	389.962890625
1.21904761905	389.962890625
1.22195011338	390.188201904
1.22485260771	390.413665771
1.22775510204	390.639221191
1.23065759637	390.864929199
1.2335600907	390.864929199
1.23646258503	390.864929199
1.23936507937	390.639221191
1.2422675737	390.413665771
1.24517006803	389.962890625
1.24807256236	389.512664795
1.25097505669	389.062927246
1.25387755102	388.613739014
1.25678004535	388.389312744
1.25968253968	388.165039062
1.26258503401	388.165039062
1.26548752834	388.165039062
1.26839002268	387.716888428
1.27129251701	385.706512451
1.27419501134	382.600006104
1.27709750567	377.55065918
1.28	374.293548584
1.28290249433	373.214111328
1.28580498866	373.429748535
1.28870748299	374.726196289
1.29160997732	377.332641602
1.29451247166	380.396392822
1.29741496599	383.042236328
1.30031746032	385.038726807
1.30321995465	387.045593262
1.30612244898	388.389312744
1.30902494331	388.838256836
1.31192743764	388.389312744
1.31482993197	386.598724365
1.3177324263	383.263580322
1.32063492063	379.737762451
1.32353741497	376.46182251
1.3264399093	374.50982666
1.32934240363	373.429748535
1.33224489796	372.998596191
1.33514739229	372.783203125
1.33804988662	372.783203125
1.34095238095	372.998596191
1.34385487528	372.998596191
1.34675736961	372.352783203
1.34965986395	371.708129883
1.35256235828	370.636138916
1.35546485261	369.780761719
1.35836734694	368.927368164
1.36126984127	368.714324951
1.3641723356	368.927368164
1.36707482993	369.567230225
1.36997732426	370.850280762
1.37287981859	372.352783203
1.37578231293	373.429748535
1.37868480726	374.50982666
1.38158730159	375.37612915
1.38448979592	375.810028076
1.38739229025	375.159362793
1.39029478458	373.429748535
1.39319727891	371.493469238
1.39609977324	369.780761719
1.39900226757	368.927368164
1.4019047619	368.501434326
1.40480725624	368.714324951
1.40770975057	369.567230225
1.4106122449	371.278961182
1.41351473923	373.429748535
1.41641723356	374.077423096
1.41931972789	373.645507812
1.42222222222	371.708129883
1.42512471655	369.780761719
1.42802721088	368.927368164
1.43092970522	368.288635254
1.43383219955	368.288635254
1.43673469388	368.927368164
1.43963718821	370.422119141
1.44253968254	372.137786865
1.44544217687	372.783203125
1.4483446712	372.352783203
1.45124716553	371.278961182
1.45414965986	369.994415283
1.4570521542	369.140533447
1.45995464853	368.501434326
1.46285714286	368.501434326
1.46575963719	368.501434326
1.46866213152	368.927368164
1.47156462585	369.353820801
1.47446712018	369.567230225
1.47736961451	369.353820801
1.48027210884	369.140533447
1.48317460317	368.927368164
1.48607709751	369.140533447
1.48897959184	369.353820801
1.49188208617	369.994415283
1.4947845805	370.636138916
1.49768707483	371.064544678
1.50058956916	371.064544678
1.50349206349	370.208190918
1.50639455782	369.140533447
1.50929705215	368.075958252
1.51219954649	367.226501465
1.51510204082	367.014434814
1.51800453515	367.226501465
1.52090702948	367.86340332
1.52380952381	368.927368164
1.52671201814	369.994415283
1.52961451247	370.422119141
1.5325170068	370.636138916
1.53541950113	370.422119141
1.53832199546	370.208190918
1.5412244898	369.780761719
1.54412698413	369.353820801
1.54702947846	368.927368164
1.54993197279	368.714324951
1.55283446712	368.288635254
1.55573696145	367.86340332
1.55863945578	368.075958252
1.56154195011	368.075958252
1.56444444444	368.501434326
1.56734693878	368.714324951
1.57024943311	369.353820801
1.57315192744	369.994415283
1.57605442177	370.636138916
1.5789569161	371.278961182
1.58185941043	371.493469238
1.58476190476	371.493469238
1.58766439909	371.278961182
1.59056689342	371.493469238
1.59346938776	371.493469238
1.59637188209	371.493469238
1.59927437642	371.493469238
1.60217687075	371.493469238
1.60507936508	371.708129883
1.60798185941	372.137786865
1.61088435374	372.567932129
1.61378684807	372.567932129
1.6166893424	372.567932129
1.61959183673	372.137786865
1.62249433107	372.137786865
1.6253968254	372.137786865
1.62829931973	371.708129883
1.63120181406	370.850280762
1.63410430839	369.994415283
1.63700680272	369.353820801
1.63990929705	369.140533447
1.64281179138	310.94732666
1.64571428571	310.94732666
1.64861678005	311.666595459
1.65151927438	312.026855469
1.65442176871	312.20715332
1.65732426304	311.846679688
1.66022675737	311.486633301
1.6631292517	311.486633301
1.66603174603	312.026855469
1.66893424036	312.20715332
1.67183673469	312.20715332
1.67473922902	311.666595459
1.67764172336	311.126983643
1.68054421769	310.76776123
1.68344671202	310.94732666
1.68634920635	311.306762695
1.68925170068	311.486633301
1.69215419501	311.126983643
1.69505668934	310.76776123
1.69795918367	310.94732666
1.700861678	311.126983643
1.70376417234	311.666595459
1.70666666667	311.666595459
1.709569161	311.306762695
1.71247165533	310.94732666
1.71537414966	310.76776123
1.71827664399	311.126983643
1.72117913832	311.486633301
1.72408163265	311.666595459
1.72698412698	311.486633301
1.72988662132	311.126983643
1.73278911565	311.126983643
1.73569160998	311.486633301
1.73859410431	311.666595459
1.74149659864	311.666595459
1.74439909297	311.486633301
1.7473015873	310.94732666
1.75020408163	310.94732666
1.75310657596	311.306762695
1.75600907029	311.666595459
1.75891156463	311.846679688
1.76181405896	311.486633301
1.76471655329	311.306762695
1.76761904762	311.306762695
1.77052154195	311.486633301
1.77342403628	311.666595459
1.77632653061	311.486633301
1.77922902494	311.126983643
1.78213151927	310.76776123
1.78503401361	310.76776123
1.78793650794	311.306762695
1.79083900227	311.666595459
1.7937414966	311.846679688
1.79664399093	311.666595459
1.79954648526	311.666595459
1.80244897959	311.666595459
1.80535147392	311.666595459
1.80825396825	311.846679688
1.81115646259	311.486633301
1.81405895692	310.94732666
1.81696145125	310.76776123
1.81986394558	310.588317871
1.82276643991	310.94732666
1.82566893424	310.94732666
1.82857142857	311.126983643
1.8314739229	310.76776123
1.83437641723	310.408966064
1.83727891156	310.408966064
1.8401814059	310.229705811
1.84308390023	310.229705811
1.84598639456	310.588317871
1.84888888889	312.20715332
1.85179138322	313.472045898
1.85469387755	314.742095947
1.85759637188	315.105926514
1.86049886621	314.923950195
1.86340136054	314.197174072
1.86630385488	312.387542725
1.86920634921	310.408966064
1.87210884354	306.312347412
1.87501133787	304.548126221
1.8779138322	302.968994141
1.88081632653	301.398071289
1.88371882086	299.662139893
1.88662131519	297.592224121
1.88952380952	294.514129639
1.89242630385	291.46786499
1.89532879819	288.786529541
1.89823129252	287.289154053
1.90113378685	286.957458496
1.90403628118	287.123260498
1.90693877551	288.786529541
1.90984126984	290.795227051
1.91274376417	293.156341553
1.9156462585	295.024932861
1.91854875283	296.049194336
1.92145124717	296.562652588
1.9243537415	296.905426025
1.92725623583	296.733978271
1.93015873016	296.562652588
1.93306122449	295.878234863
1.93596371882	295.195404053
1.93886621315	294.514129639
1.94176870748	293.664764404
1.94467120181	292.479766846
1.94757369615	291.46786499
1.95047619048	290.627288818
1.95337868481	290.12411499
1.95628117914	290.12411499
1.95918367347	290.12411499
1.9620861678	290.627288818
1.96498866213	291.636291504
1.96789115646	292.817840576
1.97079365079	293.834442139
1.97369614512	294.684295654
1.97659863946	295.195404053
1.97950113379	295.365936279
1.98240362812	295.536621094
1.98530612245	295.365936279
1.98820861678	294.684295654
1.99111111111	293.834442139
1.99401360544	292.817840576
1.99691609977	291.636291504
1.9998185941	290.795227051
2.00272108844	290.291748047
2.00562358277	290.291748047
2.0085260771	290.627288818
2.01142857143	291.131347656
2.01433106576	291.973388672
2.01723356009	292.817840576
2.02013605442	293.664764404
2.02303854875	294.174102783
2.02594104308	294.344055176
2.02884353741	294.344055176
2.03174603175	294.174102783
2.03464852608	293.834442139
2.03755102041	293.664764404
2.04045351474	293.156341553
2.04335600907	292.479766846
2.0462585034	292.142089844
2.04916099773	291.636291504
2.05206349206	291.299560547
2.05496598639	291.131347656
2.05786848073	290.963226318
2.06077097506	290.963226318
2.06367346939	291.131347656
2.06657596372	291.636291504
2.06947845805	292.142089844
2.07238095238	292.817840576
2.07528344671	293.495178223
2.07818594104	294.004211426
2.08108843537	294.514129639
2.08399092971	294.684295654
2.08689342404	294.684295654
2.08979591837	294.174102783
2.0926984127	293.664764404
2.09560090703	292.817840576
2.09850340136	292.142089844
2.10140589569	291.46786499
2.10430839002	290.963226318
2.10721088435	290.963226318
2.11011337868	290.963226318
2.11301587302	291.131347656
2.11591836735	291.46786499
2.11882086168	292.310882568
2.12172335601	293.156341553
2.12462585034	294.344055176
2.12752834467	295.365936279
2.130430839	296.220245361
2.13333333333	296.733978271
2.13623582766	296.733978271
2.139138322	296.220245361
2.14204081633	296.391387939
2.14494331066	294.174102783
2.14784580499	292.817840576
2.15074829932	290.795227051
2.15365079365	288.619781494
2.15655328798	288.12008667
2.15945578231	284.317626953
2.16235827664	285.799530029
2.16526077098	287.787414551
2.16816326531	291.46786499
2.17106575964	298.452941895
2.17396825397	302.269805908
2.1768707483	302.968994141
2.17977324263	302.794036865
2.18267573696	303.494476318
2.18557823129	303.494476318
2.18848072562	303.845275879
2.19138321995	304.900146484
2.19428571429	306.312347412
2.19718820862	307.908905029
2.20009070295	309.335021973
2.20299319728	310.76776123
2.20589569161	311.846679688
2.20879818594	312.568023682
2.21170068027	312.929321289
2.2146031746	313.110137939
2.21750566893	313.110137939
2.22040816327	313.110137939
2.2233106576	312.748626709
2.22621315193	312.20715332
2.22911564626	311.666595459
2.23201814059	310.76776123
2.23492063492	310.050567627
2.23782312925	309.692596436
2.24072562358	309.335021973
2.24362811791	309.513763428
2.24653061224	309.871520996
2.24943310658	310.229705811
2.25233560091	310.94732666
2.25523809524	311.666595459
2.25814058957	312.20715332
2.2610430839	312.387542725
2.26394557823	312.748626709
2.26684807256	312.748626709
2.26975056689	312.387542725
2.27265306122	312.026855469
2.27555555556	311.306762695
2.27845804989	310.94732666
2.28136054422	310.408966064
2.28426303855	310.050567627
2.28716553288	309.871520996
2.29006802721	310.050567627
2.29297052154	310.229705811
2.29587301587	310.588317871
2.2987755102	310.94732666
2.30167800454	311.306762695
2.30458049887	311.486633301
2.3074829932	311.666595459
2.31038548753	311.846679688
2.31328798186	312.026855469
2.31619047619	312.026855469
2.31909297052	312.026855469
2.32199546485	312.026855469
2.32489795918	312.026855469
2.32780045351	311.846679688
2.33070294785	311.486633301
2.33360544218	311.306762695
2.33650793651	310.94732666
2.33941043084	310.588317871
2.34231292517	310.408966064
2.3452154195	310.229705811
2.34811791383	310.408966064
2.35102040816	310.76776123
2.35392290249	311.126983643
2.35682539683	311.666595459
2.35972789116	312.026855469
2.36263038549	312.387542725
2.36553287982	312.748626709
2.36843537415	312.748626709
2.37133786848	312.387542725
2.37424036281	312.026855469
2.37714285714	311.666595459
2.38004535147	311.486633301
2.3829478458	311.846679688
2.38585034014	312.20715332
2.38875283447	311.846679688
2.3916553288	311.306762695
2.39455782313	311.126983643
2.39746031746	310.76776123
2.40036281179	310.229705811
2.40326530612	383.706573486
2.40616780045	384.816375732
2.40907029478	386.152374268
2.41197278912	387.492980957
2.41487528345	388.165039062
2.41777777778	387.716888428
2.42068027211	386.375488281
2.42358276644	384.150115967
2.42648526077	381.937561035
2.4293877551	379.299346924
2.43229024943	377.55065918
2.43519274376	376.027160645
2.4380952381	374.942718506
2.44099773243	373.86138916
2.44390022676	373.214111328
2.44680272109	372.783203125
2.44970521542	371.92288208
2.45260770975	370.636138916
2.45551020408	368.927368164
2.45841269841	368.075958252
2.46131519274	367.86340332
2.46421768707	368.288635254
2.46712018141	368.714324951
2.47002267574	370.208190918
2.47292517007	371.92288208
2.4758276644	373.429748535
2.47873015873	374.726196289
2.48163265306	375.810028076
2.48453514739	377.114746094
2.48743764172	377.987060547
2.49034013605	378.64263916
2.49324263039	379.080322266
2.49614512472	378.861419678
2.49904761905	377.332641602
2.50195011338	372.998596191
2.50485260771	368.288635254
2.50775510204	366.802520752
2.51065759637	366.590698242
2.5135600907	366.802520752
2.51646258503	368.714324951
2.51936507937	373.429748535
2.5222675737	374.726196289
2.52517006803	374.50982666
2.52807256236	373.645507812
2.53097505669	372.783203125
2.53387755102	371.708129883
2.53678004535	370.850280762
2.53968253968	369.994415283
2.54258503401	369.353820801
2.54548752834	369.353820801
2.54839002268	369.567230225
2.55129251701	369.780761719
2.55419501134	369.780761719
2.55709750567	369.140533447
2.56	368.927368164
2.56290249433	368.714324951
2.56580498866	368.714324951
2.56870748299	369.140533447
2.57160997732	369.567230225
2.57451247166	369.780761719
2.57741496599	369.994415283
2.58031746032	369.994415283
2.58321995465	369.780761719
2.58612244898	369.567230225
2.58902494331	369.353820801
2.59192743764	369.140533447
2.59482993197	369.353820801
2.5977324263	369.567230225
2.60063492063	370.208190918
2.60353741497	370.422119141
2.6064399093	370.422119141
2.60934240363	369.780761719
2.61224489796	368.927368164
2.61514739229	368.288635254
2.61804988662	367.651000977
2.62095238095	367.651000977
2.62385487528	367.86340332
2.62675736961	368.288635254
2.62965986395	368.927368164
2.63256235828	369.780761719
2.63546485261	370.422119141
2.63836734694	370.850280762
2.64126984127	370.850280762
2.6441723356	370.636138916
2.64707482993	370.208190918
2.64997732426	369.567230225
2.65287981859	369.140533447
2.65578231293	368.714324951
2.65868480726	368.501434326
2.66158730159	368.288635254
2.66448979592	368.288635254
2.66739229025	368.714324951
2.67029478458	369.140533447
2.67319727891	369.994415283
2.67609977324	371.064544678
2.67900226757	372.783203125
2.6819047619	374.726196289
2.68480725624	377.114746094
2.68770975057	380.836090088
2.6906122449	384.816375732
2.69351473923	388.613739014
2.69641723356	391.995422363
2.69931972789	394.721984863
2.70222222222	396.321228027
2.70512471655	397.008575439
2.70802721088	397.008575439
2.71092970522	397.008575439
2.71383219955	396.092346191
2.71673469388	394.266235352
2.71963718821	392.221923828
2.72253968254	390.639221191
2.72544217687	389.062927246
2.7283446712	388.165039062
2.73124716553	387.492980957
2.73414965986	387.269226074
2.7370521542	387.492980957
2.73995464853	387.940887451
2.74285714286	388.613739014
2.74575963719	389.287719727
2.74866213152	390.188201904
2.75156462585	390.864929199
2.75446712018	391.316741943
2.75736961451	391.769073486
2.76027210884	391.995422363
2.76317460317	391.54284668
2.76607709751	391.090789795
2.76897959184	390.188201904
2.77188208617	389.287719727
2.7747845805	388.389312744
2.77768707483	387.940887451
2.78058956916	387.716888428
2.78349206349	387.716888428
2.78639455782	388.165039062
2.78929705215	388.838256836
2.79219954649	389.737701416
2.79510204082	390.864929199
2.79800453515	391.54284668
2.80090702948	392.221923828
2.80380952381	392.675292969
2.80671201814	393.129211426
2.80961451247	392.902191162
2.8125170068	392.902191162
2.81541950113	392.675292969
2.81832199546	392.221923828
2.8212244898	391.995422363
2.82412698413	391.54284668
2.82702947846	391.090789795
2.82993197279	390.639221191
2.83283446712	390.188201904
2.83573696145	390.188201904
2.83863945578	390.188201904
2.84154195011	390.413665771
2.84444444444	390.639221191
2.84734693878	390.864929199
2.85024943311	391.090789795
2.85315192744	391.090789795
2.85605442177	391.090789795
2.8589569161	390.639221191
2.86185941043	390.413665771
2.86476190476	389.737701416
2.86766439909	389.287719727
2.87056689342	388.838256836
2.87346938776	388.389312744
2.87637188209	388.389312744
2.87927437642	388.613739014
2.88217687075	388.838256836
2.88507936508	389.962890625
2.88798185941	391.090789795
2.89088435374	392.221923828
2.89378684807	393.35635376
2.8966893424	393.811035156
2.89959183673	393.583618164
2.90249433107	392.675292969
2.9053968254	390.639221191
2.90829931973	388.165039062
2.91120181406	385.483795166
2.91410430839	383.485015869
2.91700680272	382.15826416
2.91990929705	381.717010498
2.92281179138	381.937561035
2.92571428571	383.042236328
2.92861678005	384.150115967
2.93151927438	385.038726807
2.93442176871	386.375488281
2.93732426304	387.269226074
2.94022675737	388.613739014
2.9431292517	389.962890625
2.94603174603	391.316741943
2.94893424036	392.675292969
2.95183673469	393.583618164
2.95473922902	393.583618164
2.95764172336	393.35635376
2.96054421769	392.675292969
2.96344671202	391.54284668
2.96634920635	390.413665771
2.96925170068	389.287719727
2.97215419501	388.613739014
2.97505668934	387.940887451
2.97795918367	387.716888428
2.980861678	387.716888428
2.98376417234	387.716888428
2.98666666667	387.716888428
2.989569161	387.940887451
2.99247165533	388.389312744
2.99537414966	389.062927246
2.99827664399	389.737701416
3.00117913832	390.413665771
3.00408163265	391.090789795
3.00698412698	391.54284668
3.00988662132	391.995422363
3.01278911565	391.995422363
3.01569160998	391.995422363
3.01859410431	391.54284668
3.02149659864	391.316741943
3.02439909297	390.639221191
3.0273015873	390.188201904
3.03020408163	389.962890625
3.03310657596	389.962890625
3.03600907029	389.737701416
3.03891156463	389.962890625
3.04181405896	390.188201904
3.04471655329	390.639221191
3.04761904762	391.090789795
3.05052154195	391.54284668
3.05342403628	391.769073486
3.05632653061	392.221923828
3.05922902494	392.221923828
3.06213151927	392.221923828
3.06503401361	392.221923828
3.06793650794	391.995422363
3.07083900227	391.995422363
3.0737414966	391.769073486
3.07664399093	391.995422363
3.07954648526	391.769073486
3.08244897959	391.769073486
3.08535147392	391.769073486
3.08825396825	391.769073486
3.09115646259	391.769073486
3.09405895692	391.54284668
3.09696145125	391.54284668
3.09986394558	391.316741943
3.10276643991	391.54284668
3.10566893424	391.316741943
3.10857142857	391.316741943
3.1114739229	391.316741943
3.11437641723	391.54284668
3.11727891156	391.769073486
3.1201814059	391.995422363
3.12308390023	392.448547363
3.12598639456	392.448547363
3.12888888889	392.448547363
3.13179138322	391.995422363
3.13469387755	391.54284668
3.13759637188	390.639221191
3.14049886621	389.962890625
3.14340136054	389.287719727
3.14630385488	388.613739014
3.14920634921	387.940887451
3.15210884354	387.940887451
3.15501133787	387.940887451
3.1579138322	388.838256836
3.16081632653	389.737701416
3.16371882086	390.864929199
3.16662131519	391.995422363
3.16952380952	392.675292969
3.17242630385	393.129211426
3.17532879819	392.902191162
3.17823129252	392.448547363
3.18113378685	391.316741943
3.18403628118	389.962890625
3.18693877551	388.613739014
3.18984126984	387.269226074
3.19274376417	386.152374268
3.1956462585	385.261199951
3.19854875283	384.816375732
3.20145124717	384.816375732
3.2043537415	385.038726807
3.20725623583	385.483795166
3.21015873016	386.598724365
3.21306122449	387.716888428
3.21596371882	389.287719727
3.21886621315	391.316741943
3.22176870748	392.902191162
3.22467120181	393.583618164
3.22757369615	394.038574219
3.23047619048	393.583618164
3.23337868481	393.129211426
3.23628117914	391.995422363
3.23918367347	390.413665771
3.2420861678	389.062927246
3.24498866213	388.389312744
3.24789115646	388.165039062
3.25079365079	387.940887451
3.25369614512	387.492980957
3.25659863946	387.045593262
3.25950113379	386.152374268
3.26240362812	385.483795166
3.26530612245	385.038726807
3.26820861678	385.038726807
3.27111111111	385.483795166
3.27401360544	386.82208252
3.27691609977	388.165039062
3.2798185941	389.287719727
3.28272108844	390.188201904
3.28562358277	390.639221191
3.2885260771	389.512664795
3.29142857143	387.492980957
3.29433106576	384.816375732
3.29723356009	381.937561035
3.30013605442	378.64263916
3.30303854875	376.244415283
3.30594104308	374.726196289
3.30884353741	373.645507812
3.31174603175	372.998596191
3.31464852608	372.352783203
3.31755102041	371.493469238
3.32045351474	370.208190918
3.32335600907	368.927368164
3.3262585034	368.075958252
3.32916099773	367.651000977
3.33206349206	367.86340332
3.33496598639	368.288635254
3.33786848073	369.353820801
3.34077097506	371.064544678
3.34367346939	372.783203125
3.34657596372	374.077423096
3.34947845805	374.942718506
3.35238095238	375.810028076
3.35528344671	376.46182251
3.35818594104	377.332641602
3.36108843537	377.987060547
3.36399092971	377.768798828
3.36689342404	376.46182251
3.36979591837	371.708129883
3.3726984127	368.288635254
3.37560090703	367.014434814
3.37850340136	366.590698242
3.38140589569	366.802520752
3.38430839002	368.288635254
3.38721088435	372.352783203
3.39011337868	375.593017578
3.39301587302	376.027160645
3.39591836735	375.593017578
3.39882086168	374.50982666
3.40172335601	372.783203125
3.40462585034	371.278961182
3.40752834467	370.208190918
3.410430839	369.353820801
3.41333333333	368.927368164
3.41623582766	368.927368164
3.419138322	368.927368164
3.42204081633	369.140533447
3.42494331066	369.353820801
3.42784580499	369.140533447
3.43074829932	369.140533447
3.43365079365	369.140533447
3.43655328798	369.353820801
3.43945578231	369.780761719
3.44235827664	369.994415283
3.44526077098	370.422119141
3.44816326531	370.422119141
3.45106575964	369.994415283
3.45396825397	369.353820801
3.4568707483	368.927368164
3.45977324263	368.714324951
3.46267573696	368.714324951
3.46557823129	369.140533447
3.46848072562	369.567230225
3.47138321995	370.208190918
3.47428571429	370.422119141
3.47718820862	370.208190918
3.48009070295	369.567230225
3.48299319728	368.714324951
3.48589569161	368.075958252
3.48879818594	367.651000977
3.49170068027	367.651000977
3.4946031746	367.86340332
3.49750566893	368.501434326
3.50040816327	369.353820801
3.5033106576	369.994415283
3.50621315193	370.422119141
3.50911564626	370.636138916
3.51201814059	370.636138916
3.51492063492	370.208190918
3.51782312925	369.780761719
3.52072562358	369.353820801
3.52362811791	368.714324951
3.52653061224	368.288635254
3.52943310658	368.288635254
3.53233560091	368.288635254
3.53523809524	368.501434326
3.53814058957	368.927368164
3.5410430839	369.567230225
3.54394557823	369.994415283
3.54684807256	370.208190918
3.54975056689	369.994415283
3.55265306122	369.567230225
3.55555555556	369.140533447
3.55845804989	368.714324951
3.56136054422	368.501434326
3.56426303855	368.501434326
3.56716553288	368.927368164
3.57006802721	369.353820801
3.57297052154	370.208190918
3.57587301587	371.278961182
3.5787755102	371.92288208
3.58167800454	372.137786865
3.58458049887	372.567932129
3.5874829932	372.998596191
3.59038548753	373.429748535
3.59328798186	373.645507812
3.59619047619	373.86138916
3.59909297052	373.86138916
3.60199546485	373.86138916
3.60489795918	373.645507812
3.60780045351	372.998596191
3.61070294785	371.92288208
3.61360544218	370.208190918
3.61650793651	368.501434326
3.61941043084	310.229705811
3.62231292517	309.871520996
3.6252154195	310.050567627
3.62811791383	310.94732666
3.63102040816	311.846679688
3.63392290249	312.20715332
3.63682539683	311.846679688
3.63972789116	311.486633301
3.64263038549	311.306762695
3.64553287982	311.666595459
3.64843537415	312.20715332
3.65133786848	312.387542725
3.65424036281	312.20715332
3.65714285714	311.666595459
3.66004535147	311.126983643
3.6629478458	310.94732666
3.66585034014	311.306762695
3.66875283447	311.486633301
3.6716553288	311.126983643
3.67455782313	310.76776123
3.67746031746	310.588317871
3.68036281179	310.94732666
3.68326530612	311.306762695
3.68616780045	311.666595459
3.68907029478	311.486633301
3.69197278912	311.126983643
3.69487528345	310.76776123
3.69777777778	310.76776123
3.70068027211	311.126983643
3.70358276644	311.306762695
3.70648526077	311.306762695
3.7093877551	311.126983643
3.71229024943	310.94732666
3.71519274376	311.306762695
3.7180952381	311.666595459
3.72099773243	311.846679688
3.72390022676	311.666595459
3.72680272109	311.306762695
3.72970521542	310.94732666
3.73260770975	311.306762695
3.73551020408	311.486633301
3.73841269841	311.666595459
3.74131519274	311.306762695
3.74421768707	311.126983643
3.74712018141	310.94732666
3.75002267574	311.306762695
3.75292517007	311.666595459
3.7558276644	311.666595459
3.75873015873	311.306762695
3.76163265306	311.126983643
3.76453514739	310.76776123
3.76743764172	311.126983643
3.77034013605	311.306762695
3.77324263039	311.486633301
3.77614512472	311.306762695
3.77904761905	311.306762695
3.78195011338	311.486633301
3.78485260771	311.846679688
3.78775510204	312.026855469
3.79065759637	312.026855469
3.7935600907	311.666595459
3.79646258503	311.306762695
3.79936507937	311.126983643
3.8022675737	311.306762695
3.80517006803	311.486633301
3.80807256236	311.486633301
3.81097505669	311.306762695
3.81387755102	311.126983643
3.81678004535	310.94732666
3.81968253968	311.126983643
3.82258503401	311.126983643
3.82548752834	310.94732666
3.82839002268	310.588317871
3.83129251701	310.588317871
3.83419501134	310.76776123
3.83709750567	311.126983643
3.84	311.306762695
3.84290249433	311.666595459
3.84580498866	311.486633301
3.84870748299	311.126983643
3.85160997732	310.588317871
3.85451247166	309.871520996
3.85741496599	309.156402588
3.86031746032	309.692596436
3.86321995465	311.126983643
3.86612244898	313.291046143
3.86902494331	314.923950195
3.87192743764	315.652435303
3.87482993197	315.652435303
3.8777324263	314.923950195
3.88063492063	313.291046143
3.88353741497	311.306762695
3.8864399093	306.843597412
3.88934240363	303.669830322
3.89224489796	301.920806885
3.89514739229	300.528869629
3.89804988662	298.797943115
3.90095238095	296.733978271
3.90385487528	294.344055176
3.90675736961	292.142089844
3.90965986395	289.621795654
3.91256235828	287.953704834
3.91546485261	287.289154053
3.91836734694	287.621246338
3.92126984127	288.619781494
3.9241723356	289.789123535
3.92707482993	291.636291504
3.92997732426	293.664764404
3.93287981859	295.024932861
3.93578231293	295.878234863
3.93868480726	296.220245361
3.94158730159	296.220245361
3.94448979592	296.049194336
3.94739229025	295.707366943
3.95029478458	295.365936279
3.95319727891	294.854553223
3.95609977324	294.174102783
3.95900226757	293.325714111
3.9619047619	292.142089844
3.96480725624	291.131347656
3.96770975057	290.459472656
3.9706122449	290.12411499
3.97351473923	289.956573486
3.97641723356	290.291748047
3.97931972789	290.963226318
3.98222222222	291.973388672
3.98512471655	292.987030029
3.98802721088	294.004211426
3.99092970522	294.514129639
3.99383219955	295.024932861
3.99673469388	295.195404053
3.99963718821	295.024932861
4.00253968254	294.684295654
4.00544217687	294.174102783
4.0083446712	293.156341553
4.01124716553	292.310882568
4.01414965986	291.46786499
4.0170521542	290.795227051
4.01995464853	290.627288818
4.02285714286	290.795227051
4.02575963719	291.131347656
4.02866213152	291.636291504
4.03156462585	292.479766846
4.03446712018	292.987030029
4.03736961451	293.495178223
4.04027210884	293.834442139
4.04317460317	294.004211426
4.04607709751	294.004211426
4.04897959184	293.834442139
4.05188208617	293.495178223
4.0547845805	293.156341553
4.05768707483	292.648773193
4.06058956916	292.142089844
4.06349206349	291.804779053
4.06639455782	291.46786499
4.06929705215	291.131347656
4.07219954649	291.131347656
4.07510204082	290.963226318
4.07800453515	291.131347656
4.08090702948	291.46786499
4.08380952381	291.973388672
4.08671201814	292.479766846
4.08961451247	293.156341553
4.0925170068	293.834442139
4.09541950113	294.344055176
4.09832199546	294.514129639
4.1012244898	294.514129639
4.10412698413	294.344055176
4.10702947846	293.834442139
4.10993197279	293.156341553
4.11283446712	292.310882568
4.11573696145	291.636291504
4.11863945578	291.299560547
4.12154195011	291.131347656
4.12444444444	291.131347656
4.12734693878	291.299560547
4.13024943311	291.46786499
4.13315192744	291.973388672
4.13605442177	292.310882568
4.1389569161	292.817840576
4.14185941043	293.156341553
4.14476190476	293.156341553
4.14766439909	293.325714111
4.15056689342	293.156341553
4.15346938776	292.987030029
4.15637188209	292.817840576
4.15927437642	292.479766846
4.16217687075	292.479766846
4.16507936508	292.310882568
4.16798185941	292.310882568
4.17088435374	292.310882568
4.17378684807	292.479766846
4.1766893424	292.479766846
4.17959183673	292.648773193
4.18249433107	292.817840576
4.1853968254	292.817840576
4.18829931973	292.817840576
4.19120181406	292.817840576
4.19410430839	292.987030029
4.19700680272	292.987030029
4.19990929705	292.817840576
4.20281179138	292.817840576
4.20571428571	292.817840576
4.20861678005	292.817840576
4.21151927438	292.817840576
4.21442176871	292.817840576
4.21732426304	292.817840576
4.22022675737	292.817840576
4.2231292517	292.817840576
4.22603174603	292.817840576
4.22893424036	292.817840576
4.23183673469	292.817840576
4.23473922902	292.817840576
4.23764172336	292.648773193
4.24054421769	292.817840576
4.24344671202	292.648773193
4.24634920635	292.479766846
4.24925170068	292.479766846
4.25215419501	292.142089844
4.25505668934	292.142089844
4.25795918367	292.142089844
4.260861678	291.973388672
4.26376417234	292.310882568
4.26666666667	292.310882568
4.269569161	292.648773193
4.27247165533	292.817840576
4.27537414966	292.987030029
4.27827664399	293.156341553
4.28117913832	293.325714111
4.28408163265	293.325714111
4.28698412698	293.156341553
4.28988662132	292.987030029
4.29278911565	292.817840576
4.29569160998	292.479766846
4.29859410431	292.142089844
4.30149659864	291.973388672
4.30439909297	291.804779053
4.3073015873	291.973388672
4.31020408163	291.973388672
4.31310657596	292.310882568
4.31600907029	292.479766846
4.31891156463	292.648773193
4.32181405896	292.987030029
4.32471655329	293.156341553
4.32761904762	293.156341553
4.33052154195	293.325714111
4.33342403628	293.325714111
4.33632653061	293.325714111
4.33922902494	293.156341553
4.34213151927	293.156341553
4.34503401361	292.817840576
4.34793650794	292.479766846
4.35083900227	292.142089844
4.3537414966	291.973388672
4.35664399093	291.973388672
4.35954648526	291.973388672
4.36244897959	292.310882568
4.36535147392	292.479766846
4.36825396825	292.817840576
4.37115646259	292.987030029
4.37405895692	293.325714111
4.37696145125	293.325714111
4.37986394558	293.495178223
4.38276643991	293.495178223
4.38566893424	293.325714111
4.38857142857	293.156341553
4.3914739229	292.817840576
4.39437641723	292.648773193
4.39727891156	292.310882568
4.4001814059	292.310882568
4.40308390023	292.142089844
4.40598639456	292.142089844
4.40888888889	292.310882568
4.41179138322	292.479766846
4.41469387755	292.648773193
4.41759637188	292.987030029
4.42049886621	293.156341553
4.42340136054	293.325714111
4.42630385488	293.325714111
4.42920634921	293.325714111
4.43210884354	293.156341553
4.43501133787	292.817840576
4.4379138322	292.648773193
4.44081632653	292.310882568
4.44371882086	292.142089844
4.44662131519	291.973388672
4.44952380952	291.973388672
4.45242630385	291.973388672
4.45532879819	292.142089844
4.45823129252	292.479766846
4.46113378685	292.987030029
4.46403628118	293.325714111
4.46693877551	293.664764404
4.46984126984	293.834442139
4.47274376417	294.004211426
4.4756462585	294.004211426
4.47854875283	293.834442139
4.48145124717	293.664764404
4.4843537415	293.325714111
4.48725623583	292.987030029
4.49015873016	292.648773193
4.49306122449	292.479766846
4.49596371882	292.310882568
4.49886621315	292.142089844
4.50176870748	291.973388672
4.50467120181	291.973388672
4.50757369615	292.142089844
4.51047619048	292.310882568
4.51337868481	292.817840576
4.51628117914	293.156341553
4.51918367347	293.495178223
4.5220861678	293.664764404
4.52498866213	293.834442139
4.52789115646	293.834442139
4.53079365079	293.834442139
4.53369614512	293.664764404
4.53659863946	293.325714111
4.53950113379	293.156341553
4.54240362812	292.817840576
4.54530612245	292.648773193
4.54820861678	292.479766846
4.55111111111	292.479766846
4.55401360544	292.479766846
4.55691609977	292.648773193
4.5598185941	292.648773193
4.56272108844	292.987030029
4.56562358277	293.156341553
4.5685260771	293.325714111
4.57142857143	293.664764404
4.57433106576	293.664764404
4.57723356009	293.664764404
4.58013605442	293.664764404
4.58303854875	293.325714111
4.58594104308	293.156341553
4.58884353741	292.987030029
4.59174603175	292.648773193
4.59464852608	292.479766846
4.59755102041	292.142089844
4.60045351474	292.142089844
4.60335600907	292.142089844
4.6062585034	292.310882568
4.60916099773	292.479766846
4.61206349206	292.648773193
4.61496598639	292.817840576
4.61786848073	293.156341553
4.62077097506	293.156341553
4.62367346939	293.325714111
4.62657596372	293.156341553
4.62947845805	293.156341553
4.63238095238	292.987030029
4.63528344671	292.987030029
4.63818594104	292.987030029
4.64108843537	292.987030029
4.64399092971	292.817840576
4.64689342404	292.817840576
4.64979591837	292.648773193
4.6526984127	292.648773193
4.65560090703	292.648773193
4.65850340136	292.648773193
4.66140589569	292.648773193
4.66430839002	292.817840576
4.66721088435	292.817840576
4.67011337868	292.817840576
4.67301587302	292.817840576
4.67591836735	292.648773193
4.67882086168	292.648773193
4.68172335601	292.479766846
4.68462585034	292.479766846
4.68752834467	292.310882568
4.690430839	292.479766846
4.69333333333	292.479766846
4.69623582766	292.479766846
4.699138322	292.648773193
4.70204081633	292.648773193
4.70494331066	292.817840576
4.70784580499	292.987030029
4.71074829932	292.987030029
4.71365079365	293.156341553
4.71655328798	293.156341553
4.71945578231	292.987030029
4.72235827664	292.987030029
4.72526077098	292.817840576
4.72816326531	292.648773193
4.73106575964	292.648773193
4.73396825397	292.479766846
4.7368707483	292.479766846
4.73977324263	292.310882568
4.74267573696	292.479766846
4.74557823129	292.479766846
4.74848072562	292.648773193
4.75138321995	292.648773193
4.75428571429	292.817840576
4.75718820862	292.987030029
4.76009070295	292.987030029
4.76299319728	293.156341553
4.76589569161	292.987030029
4.76879818594	292.817840576
4.77170068027	292.648773193
4.7746031746	292.648773193
4.77750566893	292.479766846
4.78040816327	292.310882568
4.7833106576	292.142089844
4.78621315193	292.142089844
4.78911564626	291.973388672
4.79201814059	292.142089844
4.79492063492	292.142089844
4.79782312925	292.479766846
4.80072562358	292.648773193
4.80362811791	292.817840576
4.80653061224	292.987030029
4.80943310658	293.156341553
4.81233560091	293.325714111
4.81523809524	293.325714111
4.81814058957	293.156341553
4.8210430839	293.156341553
4.82394557823	292.987030029
4.82684807256	292.817840576
4.82975056689	292.648773193
4.83265306122	292.479766846
4.83555555556	292.310882568
4.83845804989	292.142089844
4.84136054422	292.142089844
4.84426303855	292.142089844
4.84716553288	292.310882568
4.85006802721	292.479766846
4.85297052154	292.648773193
4.85587301587	292.817840576
4.8587755102	292.817840576
4.86167800454	292.817840576
4.86458049887	292.648773193
4.8674829932	292.648773193
4.87038548753	292.479766846
4.87328798186	292.479766846
4.87619047619	292.310882568
4.87909297052	292.310882568
4.88199546485	292.310882568
4.88489795918	292.310882568
4.88780045351	292.479766846
4.89070294785	292.310882568
4.89360544218	292.479766846
4.89650793651	292.648773193
4.89941043084	292.479766846
4.90231292517	292.648773193
4.9052154195	292.648773193
4.90811791383	292.817840576
4.91102040816	292.817840576
4.91392290249	292.817840576
4.91682539683	292.648773193
4.91972789116	292.648773193
4.92263038549	292.648773193
4.92553287982	292.310882568
4.92843537415	292.310882568
4.93133786848	292.310882568
4.93424036281	292.310882568
4.93714285714	292.310882568
4.94004535147	292.479766846
4.9429478458	292.479766846
4.94585034014	292.648773193
4.94875283447	292.648773193
4.9516553288	292.817840576
4.95455782313	292.648773193
4.95746031746	292.648773193
4.96036281179	292.479766846
4.96326530612	292.310882568
4.96616780045	292.310882568
4.96907029478	292.142089844
4.97197278912	292.142089844
4.97487528345	292.142089844
4.97777777778	292.310882568
4.98068027211	292.310882568
4.98358276644	292.479766846
4.98648526077	292.479766846
4.9893877551	292.648773193
4.99229024943	292.817840576
4.99519274376	292.987030029
4.9980952381	292.987030029
5.00099773243	293.156341553
5.00390022676	293.156341553
5.00680272109	293.156341553
5.00970521542	292.987030029
5.01260770975	292.817840576
5.01551020408	292.479766846
5.01841269841	292.310882568
5.02131519274	292.142089844
5.02421768707	291.804779053
5.02712018141	291.804779053
5.03002267574	291.636291504
5.03292517007	291.804779053
5.0358276644	291.973388672
5.03873015873	292.142089844
5.04163265306	292.310882568
5.04453514739	292.648773193
5.04743764172	292.817840576
5.05034013605	292.987030029
5.05324263039	292.987030029
5.05614512472	292.987030029
5.05904761905	292.817840576
5.06195011338	292.648773193
5.06485260771	292.648773193
5.06775510204	292.479766846
5.07065759637	292.310882568
5.0735600907	291.973388672
5.07646258503	291.636291504
5.07936507937	291.299560547
5.0822675737	291.299560547
5.08517006803	291.131347656
5.08807256236	291.299560547
5.09097505669	291.46786499
5.09387755102	291.804779053
5.09678004535	292.142089844
5.09968253968	292.479766846
5.10258503401	292.648773193
5.10548752834	292.817840576
5.10839002268	292.987030029
5.11129251701	293.156341553
5.11419501134	293.156341553
5.11709750567	293.156341553
5.12	293.156341553
5.12290249433	293.495178223
