0.0	0.0
0.00290249433107	0.0
0.00580498866213	0.0
0.0087074829932	0.0
0.0116099773243	0.0
0.0145124716553	0.0
0.0174149659864	0.0
0.0203174603175	0.0
0.0232199546485	0.0
0.0261224489796	0.0
0.0290249433107	0.0
0.0319274376417	0.0
0.0348299319728	0.0
0.0377324263039	0.0
0.0406349206349	0.0
0.043537414966	0.0
0.0464399092971	0.0
0.0493424036281	0.0
0.0522448979592	0.0
0.0551473922902	0.0
0.0580498866213	263.749847412
0.0609523809524	268.980865479
0.0638548752834	275.109039307
0.0667573696145	278.144927979
0.0696598639456	280.72744751
0.0725623582766	283.006835938
0.0754648526077	285.469543457
0.0783673469388	287.787414551
0.0812698412698	289.621795654
0.0841723356009	291.131347656
0.087074829932	291.973388672
0.089977324263	292.479766846
0.0928798185941	292.310882568
0.0957823129252	291.636291504
0.0986848072562	290.291748047
0.101587301587	288.953399658
0.104489795918	288.286560059
0.107392290249	288.453125
0.11029478458	288.786529541
0.113197278912	289.621795654
0.116099773243	290.459472656
0.119002267574	291.46786499
0.121904761905	292.479766846
0.124807256236	292.817840576
0.127709750567	292.648773193
0.130612244898	292.479766846
0.133514739229	292.142089844
0.13641723356	291.804779053
0.139319727891	291.636291504
0.142222222222	291.804779053
0.145124716553	291.973388672
0.148027210884	292.142089844
0.150929705215	292.310882568
0.153832199546	292.142089844
0.156734693878	292.310882568
0.159637188209	292.479766846
0.16253968254	292.479766846
0.165442176871	292.648773193
0.168344671202	292.817840576
0.171247165533	292.648773193
0.174149659864	292.479766846
0.177052154195	292.142089844
0.179954648526	291.804779053
0.182857142857	291.636291504
0.185759637188	291.636291504
0.188662131519	291.804779053
0.19156462585	291.973388672
0.194467120181	292.310882568
0.197369614512	292.817840576
0.200272108844	293.156341553
0.203174603175	293.325714111
0.206077097506	293.495178223
0.208979591837	293.495178223
0.211882086168	293.495178223
0.214784580499	293.664764404
0.21768707483	293.664764404
0.220589569161	293.834442139
0.223492063492	293.834442139
0.226394557823	293.834442139
0.229297052154	293.834442139
0.232199546485	294.004211426
0.235102040816	294.004211426
0.238004535147	294.004211426
0.240907029478	294.004211426
0.24380952381	294.004211426
0.246712018141	293.834442139
0.249614512472	293.834442139
0.252517006803	293.664764404
0.255419501134	293.495178223
0.258321995465	293.325714111
0.261224489796	293.156341553
0.264126984127	292.987030029
0.267029478458	293.156341553
0.269931972789	293.156341553
0.27283446712	293.156341553
0.275736961451	293.156341553
0.278639455782	293.325714111
0.281541950113	293.325714111
0.284444444444	293.325714111
0.287346938776	293.325714111
0.290249433107	293.325714111
0.293151927438	293.156341553
0.296054421769	293.325714111
0.2989569161	293.156341553
0.301859410431	293.156341553
0.304761904762	293.156341553
0.307664399093	293.325714111
0.310566893424	293.325714111
0.313469387755	293.495178223
0.316371882086	293.495178223
0.319274376417	293.664764404
0.322176870748	293.664764404
0.325079365079	293.495178223
0.32798185941	293.495178223
0.330884353741	293.664764404
0.333786848073	293.664764404
0.336689342404	293.664764404
0.339591836735	293.495178223
0.342494331066	293.495178223
0.345396825397	293.495178223
0.348299319728	293.325714111
0.351201814059	293.325714111
0.35410430839	293.325714111
0.357006802721	293.325714111
0.359909297052	293.495178223
0.362811791383	293.325714111
0.365714285714	293.495178223
0.368616780045	293.495178223
0.371519274376	293.495178223
0.374421768707	293.664764404
0.377324263039	293.664764404
0.38022675737	293.664764404
0.383129251701	293.664764404
0.386031746032	293.664764404
0.388934240363	293.664764404
0.391836734694	293.834442139
0.394739229025	293.834442139
0.397641723356	293.834442139
0.400544217687	293.664764404
0.403446712018	293.664764404
0.406349206349	293.664764404
0.40925170068	293.664764404
0.412154195011	293.664764404
0.415056689342	293.664764404
0.417959183673	293.664764404
0.420861678005	293.495178223
0.423764172336	293.495178223
0.426666666667	293.325714111
0.429569160998	293.325714111
0.432471655329	293.325714111
0.43537414966	293.325714111
0.438276643991	293.325714111
0.441179138322	293.325714111
0.444081632653	293.495178223
0.446984126984	293.664764404
0.449886621315	293.834442139
0.452789115646	293.834442139
0.455691609977	293.834442139
0.458594104308	293.664764404
0.461496598639	293.664764404
0.464399092971	293.664764404
0.467301587302	293.495178223
0.470204081633	293.495178223
0.473106575964	293.495178223
0.476009070295	293.664764404
0.478911564626	293.664764404
0.481814058957	293.834442139
0.484716553288	293.834442139
0.487619047619	293.834442139
0.49052154195	293.664764404
0.493424036281	293.664764404
0.496326530612	293.495178223
0.499229024943	293.325714111
0.502131519274	293.325714111
0.505034013605	293.325714111
0.507936507937	293.156341553
0.510839002268	293.325714111
0.513741496599	293.495178223
0.51664399093	293.495178223
0.519546485261	293.664764404
0.522448979592	293.664764404
0.525351473923	293.664764404
0.528253968254	293.495178223
0.531156462585	293.495178223
0.534058956916	293.325714111
0.536961451247	293.325714111
0.539863945578	293.495178223
0.542766439909	293.495178223
0.54566893424	293.664764404
0.548571428571	293.664764404
0.551473922902	293.664764404
0.554376417234	293.495178223
0.557278911565	293.495178223
0.560181405896	293.495178223
0.563083900227	293.495178223
0.565986394558	293.495178223
0.568888888889	293.664764404
0.57179138322	293.664764404
0.574693877551	293.834442139
0.577596371882	293.834442139
0.580498866213	293.834442139
0.583401360544	293.834442139
0.586303854875	293.834442139
0.589206349206	293.664764404
0.592108843537	293.664764404
0.595011337868	293.664764404
0.5979138322	293.664764404
0.600816326531	293.664764404
0.603718820862	293.664764404
0.606621315193	293.664764404
0.609523809524	293.664764404
0.612426303855	293.495178223
0.615328798186	293.495178223
0.618231292517	293.495178223
0.621133786848	293.664764404
0.624036281179	293.664764404
0.62693877551	293.664764404
0.629841269841	293.664764404
0.632743764172	293.664764404
0.635646258503	293.834442139
0.638548752834	293.834442139
0.641451247166	293.834442139
0.644353741497	293.834442139
0.647256235828	293.834442139
0.650158730159	293.834442139
0.65306122449	293.664764404
0.655963718821	293.495178223
0.658866213152	293.495178223
0.661768707483	293.495178223
0.664671201814	293.325714111
0.667573696145	293.325714111
0.670476190476	293.325714111
0.673378684807	293.325714111
0.676281179138	293.325714111
0.679183673469	293.495178223
0.6820861678	293.495178223
0.684988662132	293.664764404
0.687891156463	293.664764404
0.690793650794	293.834442139
0.693696145125	293.834442139
0.696598639456	293.834442139
0.699501133787	293.834442139
0.702403628118	293.834442139
0.705306122449	293.834442139
0.70820861678	293.834442139
0.711111111111	293.664764404
0.714013605442	293.664764404
0.716916099773	293.495178223
0.719818594104	293.495178223
0.722721088435	293.325714111
0.725623582766	293.325714111
0.728526077098	293.325714111
0.731428571429	293.325714111
0.73433106576	293.495178223
0.737233560091	293.664764404
0.740136054422	293.664764404
0.743038548753	293.834442139
0.745941043084	293.834442139
0.748843537415	293.664764404
0.751746031746	293.664764404
0.754648526077	293.664764404
0.757551020408	293.664764404
0.760453514739	293.664764404
0.76335600907	293.664764404
0.766258503401	293.834442139
0.769160997732	293.834442139
0.772063492063	293.834442139
0.774965986395	293.834442139
0.777868480726	293.834442139
0.780770975057	293.664764404
0.783673469388	293.495178223
0.786575963719	293.325714111
0.78947845805	293.325714111
0.792380952381	293.495178223
0.795283446712	293.495178223
0.798185941043	293.664764404
0.801088435374	293.834442139
0.803990929705	294.004211426
0.806893424036	294.004211426
0.809795918367	294.004211426
0.812698412698	294.004211426
0.815600907029	294.004211426
0.818503401361	294.004211426
0.821405895692	293.834442139
0.824308390023	293.834442139
0.827210884354	293.834442139
0.830113378685	294.004211426
0.833015873016	293.834442139
0.835918367347	293.834442139
0.838820861678	293.664764404
0.841723356009	293.664764404
0.84462585034	293.664764404
0.847528344671	293.664764404
0.850430839002	293.664764404
0.853333333333	293.664764404
0.856235827664	293.834442139
0.859138321995	293.834442139
0.862040816327	294.004211426
0.864943310658	294.004211426
0.867845804989	294.004211426
0.87074829932	293.834442139
0.873650793651	293.834442139
0.876553287982	293.834442139
0.879455782313	293.834442139
0.882358276644	293.834442139
0.885260770975	293.834442139
0.888163265306	294.004211426
0.891065759637	294.004211426
0.893968253968	294.004211426
0.896870748299	294.004211426
0.89977324263	294.004211426
0.902675736961	293.834442139
0.905578231293	293.834442139
0.908480725624	293.834442139
0.911383219955	293.834442139
0.914285714286	293.834442139
0.917188208617	293.664764404
0.920090702948	293.664764404
0.922993197279	293.664764404
0.92589569161	292.987030029
0.928798185941	292.648773193
0.931700680272	292.648773193
0.934603174603	292.479766846
0.937505668934	292.648773193
0.940408163265	293.156341553
0.943310657596	294.004211426
0.946213151927	294.514129639
0.949115646259	294.344055176
0.95201814059	294.174102783
0.954920634921	294.344055176
0.957823129252	293.664764404
0.960725623583	292.987030029
0.963628117914	292.479766846
0.966530612245	292.817840576
0.969433106576	293.156341553
0.972335600907	293.325714111
0.975238095238	293.664764404
0.978140589569	294.174102783
0.9810430839	388.838256836
0.983945578231	389.062927246
0.986848072562	389.062927246
0.989750566893	389.287719727
0.992653061224	389.512664795
0.995555555556	389.512664795
0.998458049887	389.512664795
1.00136054422	389.512664795
1.00426303855	390.188201904
1.00716553288	391.090789795
1.01006802721	391.316741943
1.01297052154	391.090789795
1.01587301587	390.864929199
1.0187755102	390.413665771
1.02167800454	389.962890625
1.02458049887	389.512664795
1.0274829932	389.512664795
1.03038548753	389.287719727
1.03328798186	389.287719727
1.03619047619	389.287719727
1.03909297052	389.512664795
1.04199546485	389.737701416
1.04489795918	390.413665771
1.04780045351	391.090789795
1.05070294785	391.769073486
1.05360544218	392.448547363
1.05650793651	392.902191162
1.05941043084	392.902191162
1.06231292517	393.129211426
1.0652154195	393.129211426
1.06811791383	392.902191162
1.07102040816	392.675292969
1.07392290249	392.448547363
1.07682539683	392.221923828
1.07972789116	392.221923828
1.08263038549	392.221923828
1.08553287982	391.995422363
1.08843537415	392.221923828
1.09133786848	392.221923828
1.09424036281	392.221923828
1.09714285714	392.221923828
1.10004535147	392.448547363
1.1029478458	392.902191162
1.10585034014	393.129211426
1.10875283447	393.35635376
1.1116553288	393.583618164
1.11455782313	393.35635376
1.11746031746	393.129211426
1.12036281179	392.902191162
1.12326530612	392.448547363
1.12616780045	392.221923828
1.12907029478	391.54284668
1.13197278912	391.090789795
1.13487528345	390.864929199
1.13777777778	390.413665771
1.14068027211	390.413665771
1.14358276644	390.413665771
1.14648526077	390.639221191
1.1493877551	391.090789795
1.15229024943	391.090789795
1.15519274376	391.54284668
1.1580952381	391.769073486
1.16099773243	391.995422363
1.16390022676	392.221923828
1.16680272109	392.221923828
1.16970521542	392.221923828
1.17260770975	391.995422363
1.17551020408	391.995422363
1.17841269841	391.995422363
1.18131519274	391.995422363
1.18421768707	391.769073486
1.18712018141	391.54284668
1.19002267574	391.316741943
1.19292517007	390.864929199
1.1958276644	390.413665771
1.19873015873	390.188201904
1.20163265306	389.962890625
1.20453514739	389.962890625
1.20743764172	390.188201904
1.21034013605	390.188201904
1.21324263039	390.188201904
1.21614512472	390.413665771
1.21904761905	390.413665771
1.22195011338	390.864929199
1.22485260771	390.864929199
1.22775510204	391.090789795
1.23065759637	391.316741943
1.2335600907	391.54284668
1.23646258503	391.54284668
1.23936507937	391.769073486
1.2422675737	391.54284668
1.24517006803	391.54284668
1.24807256236	391.54284668
1.25097505669	391.54284668
1.25387755102	391.316741943
1.25678004535	391.316741943
1.25968253968	391.316741943
1.26258503401	391.54284668
1.26548752834	391.54284668
1.26839002268	391.769073486
1.27129251701	391.769073486
1.27419501134	391.995422363
1.27709750567	391.995422363
1.28	392.221923828
1.28290249433	391.995422363
1.28580498866	391.995422363
1.28870748299	391.769073486
1.29160997732	391.769073486
1.29451247166	391.54284668
1.29741496599	391.316741943
1.30031746032	391.090789795
1.30321995465	391.090789795
1.30612244898	390.864929199
1.30902494331	390.864929199
1.31192743764	390.639221191
1.31482993197	390.639221191
1.3177324263	390.864929199
1.32063492063	391.090789795
1.32353741497	391.54284668
1.3264399093	391.995422363
1.32934240363	392.221923828
1.33224489796	392.448547363
1.33514739229	392.675292969
1.33804988662	392.902191162
1.34095238095	392.902191162
1.34385487528	392.902191162
1.34675736961	392.675292969
1.34965986395	392.448547363
1.35256235828	392.221923828
1.35546485261	391.995422363
1.35836734694	391.769073486
1.36126984127	391.54284668
1.3641723356	391.316741943
1.36707482993	391.316741943
1.36997732426	391.316741943
1.37287981859	391.090789795
1.37578231293	391.090789795
1.37868480726	391.090789795
1.38158730159	390.864929199
1.38448979592	390.864929199
1.38739229025	390.639221191
1.39029478458	390.639221191
1.39319727891	390.639221191
1.39609977324	390.864929199
1.39900226757	390.864929199
1.4019047619	391.090789795
1.40480725624	391.54284668
1.40770975057	391.769073486
1.4106122449	391.995422363
1.41351473923	391.995422363
1.41641723356	392.221923828
1.41931972789	392.221923828
1.42222222222	392.221923828
1.42512471655	392.221923828
1.42802721088	392.221923828
1.43092970522	392.221923828
1.43383219955	392.221923828
1.43673469388	392.221923828
1.43963718821	391.995422363
1.44253968254	391.995422363
1.44544217687	391.769073486
1.4483446712	391.54284668
1.45124716553	391.54284668
1.45414965986	391.54284668
1.4570521542	391.316741943
1.45995464853	391.090789795
1.46285714286	391.090789795
1.46575963719	391.090789795
1.46866213152	391.316741943
1.47156462585	391.54284668
1.47446712018	391.54284668
1.47736961451	391.769073486
1.48027210884	391.769073486
1.48317460317	391.769073486
1.48607709751	391.995422363
1.48897959184	392.221923828
1.49188208617	392.448547363
1.4947845805	392.448547363
1.49768707483	392.675292969
1.50058956916	392.448547363
1.50349206349	392.448547363
1.50639455782	392.448547363
1.50929705215	392.221923828
1.51219954649	391.995422363
1.51510204082	391.995422363
1.51800453515	391.769073486
1.52090702948	391.769073486
1.52380952381	391.54284668
1.52671201814	391.54284668
1.52961451247	391.54284668
1.5325170068	391.769073486
1.53541950113	391.769073486
1.53832199546	391.769073486
1.5412244898	391.769073486
1.54412698413	0.0
1.54702947846	0.0
1.54993197279	0.0
1.55283446712	0.0
1.55573696145	0.0
1.55863945578	0.0
1.56154195011	0.0
1.56444444444	0.0
1.56734693878	0.0
1.57024943311	0.0
1.57315192744	0.0
1.57605442177	0.0
1.5789569161	0.0
1.58185941043	0.0
1.58476190476	0.0
1.58766439909	0.0
1.59056689342	0.0
1.59346938776	0.0
1.59637188209	0.0
1.59927437642	0.0
1.60217687075	0.0
1.60507936508	0.0
1.60798185941	0.0
1.61088435374	0.0
1.61378684807	0.0
1.6166893424	0.0
1.61959183673	0.0
1.62249433107	0.0
1.6253968254	0.0
1.62829931973	0.0
1.63120181406	0.0
1.63410430839	0.0
1.63700680272	0.0
1.63990929705	0.0
1.64281179138	0.0
1.64571428571	0.0
1.64861678005	0.0
1.65151927438	0.0
1.65442176871	0.0
1.65732426304	0.0
1.66022675737	0.0
1.6631292517	0.0
1.66603174603	0.0
1.66893424036	0.0
1.67183673469	0.0
1.67473922902	0.0
1.67764172336	0.0
1.68054421769	0.0
1.68344671202	0.0
1.68634920635	0.0
1.68925170068	0.0
1.69215419501	0.0
1.69505668934	0.0
1.69795918367	0.0
1.700861678	0.0
1.70376417234	0.0
1.70666666667	0.0
1.709569161	0.0
1.71247165533	0.0
1.71537414966	0.0
1.71827664399	0.0
1.72117913832	0.0
1.72408163265	0.0
1.72698412698	0.0
1.72988662132	0.0
1.73278911565	0.0
1.73569160998	0.0
1.73859410431	0.0
1.74149659864	0.0
1.74439909297	0.0
1.7473015873	0.0
1.75020408163	0.0
1.75310657596	0.0
1.75600907029	0.0
1.75891156463	0.0
1.76181405896	0.0
1.76471655329	0.0
1.76761904762	0.0
1.77052154195	0.0
1.77342403628	0.0
1.77632653061	0.0
1.77922902494	0.0
1.78213151927	0.0
1.78503401361	0.0
1.78793650794	0.0
1.79083900227	0.0
1.7937414966	0.0
1.79664399093	0.0
1.79954648526	0.0
1.80244897959	0.0
1.80535147392	0.0
1.80825396825	366.802520752
1.81115646259	367.014434814
1.81405895692	367.226501465
1.81696145125	367.226501465
1.81986394558	367.014434814
1.82276643991	366.802520752
1.82566893424	366.802520752
1.82857142857	366.802520752
1.8314739229	367.226501465
1.83437641723	367.86340332
1.83727891156	368.714324951
1.8401814059	369.353820801
1.84308390023	369.994415283
1.84598639456	370.636138916
1.84888888889	370.850280762
1.85179138322	370.850280762
1.85469387755	370.850280762
1.85759637188	371.064544678
1.86049886621	371.064544678
1.86340136054	371.278961182
1.86630385488	371.278961182
1.86920634921	371.064544678
1.87210884354	371.064544678
1.87501133787	370.636138916
1.8779138322	370.422119141
1.88081632653	369.994415283
1.88371882086	369.780761719
1.88662131519	369.567230225
1.88952380952	369.353820801
1.89242630385	369.353820801
1.89532879819	369.140533447
1.89823129252	369.140533447
1.90113378685	368.927368164
1.90403628118	368.714324951
1.90693877551	368.927368164
1.90984126984	368.927368164
1.91274376417	369.140533447
1.9156462585	369.353820801
1.91854875283	369.353820801
1.92145124717	369.353820801
1.9243537415	369.353820801
1.92725623583	369.567230225
1.93015873016	369.567230225
1.93306122449	369.780761719
1.93596371882	369.994415283
1.93886621315	370.208190918
1.94176870748	370.636138916
1.94467120181	370.636138916
1.94757369615	370.850280762
1.95047619048	370.850280762
1.95337868481	370.636138916
1.95628117914	370.636138916
1.95918367347	370.636138916
1.9620861678	370.422119141
1.96498866213	370.422119141
1.96789115646	370.422119141
1.97079365079	370.422119141
1.97369614512	370.208190918
1.97659863946	370.208190918
1.97950113379	370.208190918
1.98240362812	370.208190918
1.98530612245	370.208190918
1.98820861678	370.422119141
1.99111111111	370.636138916
1.99401360544	370.636138916
1.99691609977	370.636138916
1.9998185941	370.636138916
2.00272108844	370.850280762
2.00562358277	370.850280762
2.0085260771	371.064544678
2.01142857143	371.064544678
2.01433106576	370.850280762
2.01723356009	370.636138916
2.02013605442	370.636138916
2.02303854875	370.422119141
2.02594104308	370.208190918
2.02884353741	370.208190918
2.03174603175	370.208190918
2.03464852608	370.208190918
2.03755102041	370.208190918
2.04045351474	369.994415283
2.04335600907	369.780761719
2.0462585034	369.780761719
2.04916099773	369.567230225
2.05206349206	369.567230225
2.05496598639	369.567230225
2.05786848073	369.780761719
2.06077097506	369.780761719
2.06367346939	369.780761719
2.06657596372	369.780761719
2.06947845805	369.780761719
2.07238095238	369.567230225
2.07528344671	369.567230225
2.07818594104	369.353820801
2.08108843537	369.353820801
2.08399092971	369.567230225
2.08689342404	369.567230225
2.08979591837	369.353820801
2.0926984127	369.353820801
2.09560090703	369.353820801
2.09850340136	369.353820801
2.10140589569	369.353820801
2.10430839002	369.353820801
2.10721088435	369.780761719
2.11011337868	369.994415283
2.11301587302	370.208190918
2.11591836735	370.422119141
2.11882086168	370.636138916
2.12172335601	370.636138916
2.12462585034	370.422119141
2.12752834467	370.422119141
2.130430839	370.422119141
2.13333333333	370.208190918
2.13623582766	370.208190918
2.139138322	370.208190918
2.14204081633	370.208190918
2.14494331066	369.994415283
2.14784580499	369.994415283
2.15074829932	369.780761719
2.15365079365	369.780761719
2.15655328798	369.780761719
2.15945578231	369.780761719
2.16235827664	369.780761719
2.16526077098	369.994415283
2.16816326531	370.208190918
2.17106575964	370.208190918
2.17396825397	370.208190918
2.1768707483	370.208190918
2.17977324263	369.994415283
2.18267573696	369.994415283
2.18557823129	370.208190918
2.18848072562	370.422119141
2.19138321995	370.850280762
2.19428571429	371.278961182
2.19718820862	371.708129883
2.20009070295	372.137786865
2.20299319728	372.567932129
2.20589569161	373.214111328
2.20879818594	373.86138916
2.21170068027	374.50982666
2.2146031746	374.942718506
2.21750566893	374.942718506
2.22040816327	374.942718506
2.2233106576	375.159362793
2.22621315193	376.244415283
2.22911564626	377.987060547
2.23201814059	380.176727295
2.23492063492	380.836090088
2.23782312925	381.056121826
2.24072562358	380.61618042
2.24362811791	379.957183838
2.24653061224	378.861419678
2.24943310658	377.114746094
2.25233560091	375.810028076
2.25523809524	375.37612915
2.25814058957	375.37612915
2.2610430839	375.37612915
2.26394557823	375.593017578
2.26684807256	308.977874756
2.26975056689	309.156402588
2.27265306122	309.513763428
2.27555555556	310.408966064
2.27845804989	310.408966064
2.28136054422	310.76776123
2.28426303855	310.588317871
2.28716553288	310.588317871
2.29006802721	310.588317871
2.29297052154	310.588317871
2.29587301587	312.026855469
2.2987755102	312.20715332
2.30167800454	311.846679688
2.30458049887	311.486633301
2.3074829932	311.126983643
2.31038548753	310.76776123
2.31328798186	310.588317871
2.31619047619	310.588317871
2.31909297052	310.588317871
2.32199546485	310.76776123
2.32489795918	311.126983643
2.32780045351	311.486633301
2.33070294785	312.026855469
2.33360544218	312.387542725
2.33650793651	312.568023682
2.33941043084	312.568023682
2.34231292517	312.20715332
2.3452154195	311.846679688
2.34811791383	311.126983643
2.35102040816	310.76776123
2.35392290249	310.408966064
2.35682539683	310.408966064
2.35972789116	310.408966064
2.36263038549	310.229705811
2.36553287982	310.050567627
2.36843537415	309.871520996
2.37133786848	309.871520996
2.37424036281	309.692596436
2.37714285714	309.513763428
2.38004535147	309.513763428
2.3829478458	309.513763428
2.38585034014	309.692596436
2.38875283447	309.871520996
2.3916553288	310.229705811
2.39455782313	310.588317871
2.39746031746	310.76776123
2.40036281179	310.94732666
2.40326530612	311.306762695
2.40616780045	311.486633301
2.40907029478	311.486633301
2.41197278912	311.306762695
2.41487528345	311.126983643
2.41777777778	310.94732666
2.42068027211	310.94732666
2.42358276644	310.94732666
2.42648526077	310.76776123
2.4293877551	310.76776123
2.43229024943	310.76776123
2.43519274376	310.94732666
2.4380952381	311.126983643
2.44099773243	311.306762695
2.44390022676	311.486633301
2.44680272109	311.486633301
2.44970521542	311.666595459
2.45260770975	311.666595459
2.45551020408	311.666595459
2.45841269841	311.486633301
2.46131519274	311.126983643
2.46421768707	310.94732666
2.46712018141	310.94732666
2.47002267574	310.94732666
2.47292517007	310.94732666
2.4758276644	311.126983643
2.47873015873	311.306762695
2.48163265306	311.486633301
2.48453514739	311.666595459
2.48743764172	311.846679688
2.49034013605	311.846679688
2.49324263039	311.846679688
2.49614512472	311.846679688
2.49904761905	311.666595459
2.50195011338	311.666595459
2.50485260771	311.486633301
2.50775510204	311.486633301
2.51065759637	311.486633301
2.5135600907	311.486633301
2.51646258503	311.306762695
2.51936507937	311.306762695
2.5222675737	311.486633301
2.52517006803	311.486633301
2.52807256236	311.306762695
2.53097505669	311.126983643
2.53387755102	311.126983643
2.53678004535	310.94732666
2.53968253968	310.76776123
2.54258503401	310.76776123
2.54548752834	310.76776123
2.54839002268	310.94732666
2.55129251701	310.94732666
2.55419501134	311.126983643
2.55709750567	311.306762695
2.56	311.306762695
2.56290249433	311.306762695
2.56580498866	311.126983643
2.56870748299	310.94732666
2.57160997732	310.94732666
2.57451247166	310.76776123
2.57741496599	310.408966064
2.58031746032	310.229705811
2.58321995465	310.229705811
2.58612244898	310.229705811
2.58902494331	310.408966064
2.59192743764	310.408966064
2.59482993197	310.588317871
2.5977324263	310.94732666
2.60063492063	310.94732666
2.60353741497	311.126983643
2.6064399093	311.126983643
2.60934240363	311.306762695
2.61224489796	311.306762695
2.61514739229	311.306762695
2.61804988662	311.486633301
2.62095238095	311.306762695
2.62385487528	311.486633301
2.62675736961	311.486633301
2.62965986395	311.306762695
2.63256235828	311.306762695
2.63546485261	310.94732666
2.63836734694	310.94732666
2.64126984127	310.76776123
2.6441723356	310.408966064
2.64707482993	310.76776123
2.64997732426	310.94732666
2.65287981859	310.94732666
2.65578231293	310.408966064
2.65868480726	309.692596436
2.66158730159	308.621124268
2.66448979592	307.375793457
2.66739229025	307.198303223
2.67029478458	307.375793457
2.67319727891	308.799438477
2.67609977324	310.588317871
2.67900226757	312.026855469
2.6819047619	314.378723145
2.68480725624	290.963226318
2.68770975057	291.46786499
2.6906122449	290.963226318
2.69351473923	292.142089844
2.69641723356	292.310882568
2.69931972789	292.310882568
2.70222222222	295.536621094
2.70512471655	294.174102783
2.70802721088	292.817840576
2.71092970522	292.648773193
2.71383219955	293.325714111
2.71673469388	294.174102783
2.71963718821	295.024932861
2.72253968254	295.365936279
2.72544217687	295.536621094
2.7283446712	295.195404053
2.73124716553	294.174102783
2.73414965986	292.142089844
2.7370521542	291.131347656
2.73995464853	291.636291504
2.74285714286	292.310882568
2.74575963719	292.310882568
2.74866213152	291.46786499
2.75156462585	291.636291504
2.75446712018	292.479766846
2.75736961451	293.156341553
2.76027210884	293.664764404
2.76317460317	294.174102783
2.76607709751	294.514129639
2.76897959184	294.514129639
2.77188208617	294.344055176
2.7747845805	293.834442139
2.77768707483	292.987030029
2.78058956916	292.142089844
2.78349206349	291.299560547
2.78639455782	290.795227051
2.78929705215	290.627288818
2.79219954649	290.963226318
2.79510204082	291.46786499
2.79800453515	292.142089844
2.80090702948	292.817840576
2.80380952381	293.495178223
2.80671201814	293.664764404
2.80961451247	293.834442139
2.8125170068	294.004211426
2.81541950113	293.834442139
2.81832199546	293.834442139
2.8212244898	293.834442139
2.82412698413	293.834442139
2.82702947846	293.834442139
2.82993197279	293.834442139
2.83283446712	293.834442139
2.83573696145	293.834442139
2.83863945578	293.834442139
2.84154195011	293.834442139
2.84444444444	293.664764404
2.84734693878	293.664764404
2.85024943311	293.664764404
2.85315192744	293.664764404
2.85605442177	293.664764404
2.8589569161	293.495178223
2.86185941043	293.325714111
2.86476190476	293.325714111
2.86766439909	293.156341553
2.87056689342	293.156341553
2.87346938776	292.987030029
2.87637188209	292.987030029
2.87927437642	292.987030029
2.88217687075	292.987030029
2.88507936508	293.156341553
2.88798185941	293.156341553
2.89088435374	293.325714111
2.89378684807	293.325714111
2.8966893424	293.495178223
2.89959183673	293.495178223
2.90249433107	293.495178223
2.9053968254	293.664764404
2.90829931973	293.664764404
2.91120181406	293.664764404
2.91410430839	293.495178223
2.91700680272	293.325714111
2.91990929705	293.156341553
2.92281179138	292.987030029
2.92571428571	292.817840576
2.92861678005	292.987030029
2.93151927438	292.987030029
2.93442176871	293.325714111
2.93732426304	293.495178223
2.94022675737	293.664764404
2.9431292517	293.834442139
2.94603174603	294.004211426
2.94893424036	294.004211426
2.95183673469	294.004211426
2.95473922902	293.834442139
2.95764172336	293.834442139
2.96054421769	293.495178223
2.96344671202	293.325714111
2.96634920635	293.495178223
2.96925170068	293.495178223
2.97215419501	293.495178223
2.97505668934	293.664764404
2.97795918367	293.834442139
2.980861678	293.664764404
2.98376417234	293.664764404
2.98666666667	293.495178223
2.989569161	293.325714111
2.99247165533	293.156341553
2.99537414966	293.156341553
2.99827664399	293.325714111
3.00117913832	293.495178223
3.00408163265	293.664764404
3.00698412698	293.495178223
3.00988662132	293.495178223
3.01278911565	293.664764404
3.01569160998	293.834442139
3.01859410431	294.344055176
3.02149659864	294.854553223
3.02439909297	295.365936279
3.0273015873	296.562652588
3.03020408163	296.905426025
3.03310657596	296.220245361
3.03600907029	293.495178223
3.03891156463	291.131347656
3.04181405896	290.795227051
3.04471655329	290.963226318
3.04761904762	290.963226318
3.05052154195	292.310882568
3.05342403628	293.834442139
3.05632653061	298.280609131
3.05922902494	299.835296631
3.06213151927	300.181884766
3.06503401361	300.355316162
3.06793650794	299.835296631
3.07083900227	298.10836792
3.0737414966	298.280609131
3.07664399093	298.280609131
3.07954648526	298.797943115
3.08244897959	300.702484131
3.08535147392	298.625396729
3.08825396825	292.479766846
3.09115646259	289.956573486
3.09405895692	288.619781494
3.09696145125	288.12008667
3.09986394558	288.953399658
3.10276643991	290.459472656
3.10566893424	293.156341553
3.10857142857	296.562652588
3.1114739229	298.625396729
3.11437641723	298.970581055
3.11727891156	298.970581055
3.1201814059	299.143310547
3.12308390023	299.143310547
3.12598639456	299.316162109
3.12888888889	299.662139893
3.13179138322	299.835296631
3.13469387755	300.355316162
3.13759637188	300.876251221
3.14049886621	301.57220459
3.14340136054	301.920806885
3.14630385488	301.398071289
3.14920634921	297.248626709
3.15210884354	290.291748047
3.15501133787	287.123260498
3.1579138322	285.799530029
3.16081632653	285.964660645
3.16371882086	288.12008667
3.16662131519	291.636291504
3.16952380952	298.452941895
3.17242630385	301.57220459
3.17532879819	302.444458008
3.17823129252	302.444458008
3.18113378685	302.269805908
3.18403628118	302.269805908
3.18693877551	302.794036865
3.18984126984	303.319213867
3.19274376417	304.196502686
3.1956462585	305.076324463
3.19854875283	305.782012939
3.20145124717	306.843597412
3.2043537415	308.086791992
3.20725623583	309.692596436
3.21015873016	312.387542725
3.21306122449	314.923950195
3.21596371882	316.382598877
3.21886621315	317.297668457
3.22176870748	317.297668457
3.22467120181	316.017303467
3.22757369615	314.01574707
3.23047619048	311.126983643
3.23337868481	308.977874756
3.23628117914	307.553375244
3.23918367347	306.843597412
3.2420861678	306.666412354
3.24498866213	306.489318848
3.24789115646	306.843597412
3.25079365079	307.553375244
3.25369614512	308.799438477
3.25659863946	309.871520996
3.25950113379	310.76776123
3.26240362812	311.486633301
3.26530612245	312.387542725
3.26820861678	373.86138916
3.27111111111	371.708129883
3.27401360544	370.850280762
3.27691609977	370.636138916
3.2798185941	370.208190918
3.28272108844	369.353820801
3.28562358277	368.927368164
3.2885260771	368.927368164
3.29142857143	369.353820801
3.29433106576	369.994415283
3.29723356009	370.208190918
3.30013605442	370.208190918
3.30303854875	369.994415283
3.30594104308	370.208190918
3.30884353741	370.422119141
3.31174603175	370.636138916
3.31464852608	370.850280762
3.31755102041	370.636138916
3.32045351474	370.636138916
3.32335600907	370.422119141
3.3262585034	370.422119141
3.32916099773	370.422119141
3.33206349206	369.994415283
3.33496598639	369.567230225
3.33786848073	369.353820801
3.34077097506	369.140533447
3.34367346939	368.927368164
3.34657596372	368.927368164
3.34947845805	368.714324951
3.35238095238	368.501434326
3.35528344671	368.501434326
3.35818594104	368.501434326
3.36108843537	368.927368164
3.36399092971	369.140533447
3.36689342404	369.353820801
3.36979591837	369.353820801
3.3726984127	369.140533447
3.37560090703	369.140533447
3.37850340136	369.353820801
3.38140589569	369.567230225
3.38430839002	369.567230225
3.38721088435	369.780761719
3.39011337868	370.208190918
3.39301587302	370.422119141
3.39591836735	370.850280762
3.39882086168	370.850280762
3.40172335601	370.850280762
3.40462585034	370.850280762
3.40752834467	370.636138916
3.410430839	370.850280762
3.41333333333	370.636138916
3.41623582766	370.636138916
3.419138322	370.422119141
3.42204081633	370.208190918
3.42494331066	370.208190918
3.42784580499	370.208190918
3.43074829932	370.208190918
3.43365079365	370.208190918
3.43655328798	370.208190918
3.43945578231	370.422119141
3.44235827664	370.422119141
3.44526077098	370.422119141
3.44816326531	370.636138916
3.45106575964	370.636138916
3.45396825397	370.636138916
3.4568707483	370.850280762
3.45977324263	371.064544678
3.46267573696	371.064544678
3.46557823129	370.850280762
3.46848072562	370.636138916
3.47138321995	370.422119141
3.47428571429	370.208190918
3.47718820862	370.422119141
3.48009070295	370.422119141
3.48299319728	370.636138916
3.48589569161	371.064544678
3.48879818594	371.278961182
3.49170068027	371.493469238
3.4946031746	371.708129883
3.49750566893	371.92288208
3.50040816327	372.137786865
3.5033106576	371.92288208
3.50621315193	372.352783203
3.50911564626	372.783203125
3.51201814059	373.214111328
3.51492063492	373.86138916
3.51782312925	374.50982666
3.52072562358	375.37612915
3.52362811791	376.46182251
3.52653061224	377.55065918
3.52943310658	378.423980713
3.53233560091	378.861419678
3.53523809524	380.176727295
3.53814058957	381.717010498
3.5410430839	387.269226074
3.54394557823	398.847381592
3.54684807256	403.714904785
3.54975056689	403.015930176
3.55265306122	403.015930176
3.55555555556	393.35635376
3.55845804989	393.35635376
3.56136054422	392.675292969
3.56426303855	391.769073486
3.56716553288	390.639221191
3.57006802721	389.512664795
3.57297052154	387.940887451
3.57587301587	391.769073486
3.5787755102	390.413665771
3.58167800454	391.54284668
3.58458049887	391.54284668
3.5874829932	391.995422363
3.59038548753	390.864929199
3.59328798186	390.188201904
3.59619047619	389.512664795
3.59909297052	389.287719727
3.60199546485	388.389312744
3.60489795918	387.940887451
3.60780045351	387.492980957
3.61070294785	387.045593262
3.61360544218	387.940887451
3.61650793651	388.838256836
3.61941043084	389.512664795
3.62231292517	389.737701416
3.6252154195	389.962890625
3.62811791383	390.188201904
3.63102040816	390.188201904
3.63392290249	390.639221191
3.63682539683	390.864929199
3.63972789116	390.864929199
3.64263038549	391.090789795
3.64553287982	391.090789795
3.64843537415	390.864929199
3.65133786848	390.864929199
3.65424036281	390.864929199
3.65714285714	390.864929199
3.66004535147	391.090789795
3.6629478458	391.090789795
3.66585034014	391.090789795
3.66875283447	390.864929199
3.6716553288	390.864929199
3.67455782313	391.090789795
3.67746031746	391.090789795
3.68036281179	391.769073486
3.68326530612	392.675292969
3.68616780045	393.583618164
3.68907029478	394.266235352
3.69197278912	394.721984863
3.69487528345	394.494049072
3.69777777778	394.266235352
3.70068027211	393.811035156
3.70358276644	392.902191162
3.70648526077	391.995422363
3.7093877551	391.316741943
3.71229024943	391.090789795
3.71519274376	390.864929199
3.7180952381	390.639221191
3.72099773243	390.639221191
3.72390022676	391.090789795
3.72680272109	391.316741943
3.72970521542	391.995422363
3.73260770975	392.448547363
3.73551020408	392.675292969
3.73841269841	392.902191162
3.74131519274	392.902191162
3.74421768707	392.448547363
3.74712018141	391.769073486
3.75002267574	390.864929199
3.75292517007	390.413665771
3.7558276644	389.962890625
3.75873015873	389.962890625
3.76163265306	389.962890625
3.76453514739	390.188201904
3.76743764172	390.188201904
3.77034013605	390.639221191
3.77324263039	391.316741943
3.77614512472	391.769073486
3.77904761905	392.221923828
3.78195011338	392.448547363
3.78485260771	392.675292969
3.78775510204	392.675292969
3.79065759637	392.675292969
3.7935600907	392.221923828
3.79646258503	391.995422363
3.79936507937	391.090789795
3.8022675737	390.639221191
3.80517006803	389.962890625
3.80807256236	389.287719727
3.81097505669	389.287719727
3.81387755102	389.062927246
3.81678004535	389.287719727
3.81968253968	389.287719727
3.82258503401	389.737701416
3.82548752834	390.188201904
3.82839002268	390.639221191
3.83129251701	391.090789795
3.83419501134	391.54284668
3.83709750567	391.769073486
3.84	391.995422363
3.84290249433	392.221923828
3.84580498866	392.221923828
3.84870748299	391.995422363
3.85160997732	391.769073486
3.85451247166	391.316741943
3.85741496599	391.090789795
3.86031746032	390.864929199
3.86321995465	390.864929199
3.86612244898	390.864929199
3.86902494331	390.864929199
3.87192743764	391.090789795
3.87482993197	391.090789795
3.8777324263	391.316741943
3.88063492063	391.54284668
3.88353741497	391.995422363
3.8864399093	392.221923828
3.88934240363	392.221923828
3.89224489796	391.995422363
3.89514739229	391.769073486
3.89804988662	391.54284668
3.90095238095	391.54284668
3.90385487528	391.090789795
3.90675736961	391.316741943
3.90965986395	391.090789795
3.91256235828	391.090789795
3.91546485261	391.090789795
3.91836734694	391.090789795
3.92126984127	391.316741943
3.9241723356	391.316741943
3.92707482993	391.316741943
3.92997732426	391.54284668
3.93287981859	391.54284668
3.93578231293	391.769073486
3.93868480726	391.769073486
3.94158730159	391.769073486
3.94448979592	391.769073486
3.94739229025	391.769073486
3.95029478458	391.769073486
3.95319727891	391.769073486
3.95609977324	391.769073486
3.95900226757	391.769073486
3.9619047619	391.769073486
3.96480725624	391.995422363
3.96770975057	391.995422363
3.9706122449	391.995422363
3.97351473923	391.995422363
3.97641723356	391.769073486
3.97931972789	391.769073486
3.98222222222	391.769073486
3.98512471655	391.54284668
3.98802721088	391.316741943
3.99092970522	391.316741943
3.99383219955	391.090789795
3.99673469388	390.864929199
3.99963718821	390.864929199
4.00253968254	390.864929199
4.00544217687	390.864929199
4.0083446712	391.090789795
4.01124716553	391.54284668
4.01414965986	0.0
4.0170521542	0.0
4.01995464853	0.0
4.02285714286	0.0
4.02575963719	0.0
4.02866213152	0.0
4.03156462585	0.0
4.03446712018	0.0
4.03736961451	0.0
4.04027210884	0.0
4.04317460317	0.0
4.04607709751	0.0
4.04897959184	0.0
4.05188208617	0.0
4.0547845805	0.0
4.05768707483	0.0
4.06058956916	0.0
4.06349206349	0.0
4.06639455782	0.0
4.06929705215	0.0
4.07219954649	0.0
4.07510204082	0.0
4.07800453515	0.0
4.08090702948	0.0
4.08380952381	0.0
4.08671201814	0.0
4.08961451247	0.0
4.0925170068	0.0
4.09541950113	0.0
4.09832199546	0.0
4.1012244898	0.0
4.10412698413	0.0
4.10702947846	0.0
4.10993197279	0.0
4.11283446712	0.0
4.11573696145	0.0
4.11863945578	0.0
4.12154195011	0.0
4.12444444444	0.0
4.12734693878	0.0
4.13024943311	0.0
4.13315192744	0.0
4.13605442177	0.0
4.1389569161	0.0
4.14185941043	0.0
4.14476190476	0.0
4.14766439909	0.0
4.15056689342	0.0
4.15346938776	0.0
4.15637188209	0.0
4.15927437642	0.0
4.16217687075	0.0
4.16507936508	0.0
4.16798185941	0.0
4.17088435374	0.0
4.17378684807	0.0
4.1766893424	0.0
4.17959183673	0.0
4.18249433107	0.0
4.1853968254	0.0
4.18829931973	0.0
4.19120181406	0.0
4.19410430839	0.0
4.19700680272	0.0
4.19990929705	0.0
4.20281179138	0.0
4.20571428571	0.0
4.20861678005	0.0
4.21151927438	0.0
4.21442176871	0.0
4.21732426304	0.0
4.22022675737	0.0
4.2231292517	0.0
4.22603174603	0.0
4.22893424036	0.0
4.23183673469	0.0
4.23473922902	0.0
4.23764172336	0.0
4.24054421769	0.0
4.24344671202	0.0
4.24634920635	0.0
4.24925170068	0.0
4.25215419501	0.0
4.25505668934	0.0
4.25795918367	0.0
4.260861678	0.0
4.26376417234	0.0
4.26666666667	0.0
4.269569161	0.0
4.27247165533	0.0
4.27537414966	0.0
4.27827664399	0.0
4.28117913832	0.0
4.28408163265	0.0
4.28698412698	0.0
4.28988662132	0.0
4.29278911565	0.0
4.29569160998	0.0
4.29859410431	0.0
4.30149659864	0.0
4.30439909297	0.0
4.3073015873	0.0
4.31020408163	0.0
4.31310657596	0.0
4.31600907029	0.0
4.31891156463	0.0
4.32181405896	0.0
4.32471655329	0.0
4.32761904762	0.0
4.33052154195	0.0
4.33342403628	0.0
4.33632653061	0.0
4.33922902494	0.0
4.34213151927	0.0
4.34503401361	0.0
4.34793650794	0.0
4.35083900227	0.0
4.3537414966	0.0
4.35664399093	0.0
4.35954648526	0.0
4.36244897959	0.0
4.36535147392	0.0
4.36825396825	0.0
4.37115646259	0.0
4.37405895692	0.0
4.37696145125	0.0
4.37986394558	370.208190918
4.38276643991	368.927368164
4.38566893424	368.075958252
4.38857142857	367.014434814
4.3914739229	366.590698242
4.39437641723	366.167449951
4.39727891156	366.167449951
4.4001814059	366.167449951
4.40308390023	366.590698242
4.40598639456	367.438690186
4.40888888889	368.288635254
4.41179138322	369.140533447
4.41469387755	369.994415283
4.41759637188	370.850280762
4.42049886621	371.064544678
4.42340136054	371.278961182
4.42630385488	371.278961182
4.42920634921	371.493469238
4.43210884354	371.493469238
4.43501133787	371.493469238
4.4379138322	371.493469238
4.44081632653	371.278961182
4.44371882086	371.064544678
4.44662131519	370.636138916
4.44952380952	370.208190918
4.45242630385	369.994415283
4.45532879819	369.353820801
4.45823129252	369.140533447
4.46113378685	368.927368164
4.46403628118	368.927368164
4.46693877551	368.927368164
4.46984126984	368.927368164
4.47274376417	368.927368164
4.4756462585	368.714324951
4.47854875283	368.927368164
4.48145124717	369.140533447
4.4843537415	369.353820801
4.48725623583	369.567230225
4.49015873016	369.567230225
4.49306122449	369.567230225
4.49596371882	369.353820801
4.49886621315	369.567230225
4.50176870748	369.567230225
4.50467120181	369.567230225
4.50757369615	369.780761719
4.51047619048	370.208190918
4.51337868481	370.422119141
4.51628117914	370.850280762
4.51918367347	371.064544678
4.5220861678	371.064544678
4.52498866213	371.064544678
4.52789115646	370.850280762
4.53079365079	370.850280762
4.53369614512	370.636138916
4.53659863946	370.422119141
4.53950113379	370.422119141
4.54240362812	370.208190918
4.54530612245	369.994415283
4.54820861678	369.994415283
4.55111111111	370.208190918
4.55401360544	370.208190918
4.55691609977	370.208190918
4.5598185941	370.208190918
4.56272108844	370.422119141
4.56562358277	370.422119141
4.5685260771	370.636138916
4.57142857143	370.636138916
4.57433106576	370.850280762
4.57723356009	371.064544678
4.58013605442	371.278961182
4.58303854875	371.064544678
4.58594104308	370.850280762
4.58884353741	370.636138916
4.59174603175	370.208190918
4.59464852608	369.994415283
4.59755102041	369.780761719
4.60045351474	369.780761719
4.60335600907	369.780761719
4.6062585034	369.994415283
4.60916099773	369.994415283
4.61206349206	370.208190918
4.61496598639	369.994415283
4.61786848073	369.994415283
4.62077097506	369.780761719
4.62367346939	369.780761719
4.62657596372	369.780761719
4.62947845805	369.567230225
4.63238095238	369.567230225
4.63528344671	369.567230225
4.63818594104	369.353820801
4.64108843537	369.353820801
4.64399092971	369.353820801
4.64689342404	369.353820801
4.64979591837	369.353820801
4.6526984127	369.353820801
4.65560090703	369.567230225
4.65850340136	369.353820801
4.66140589569	369.353820801
4.66430839002	369.353820801
4.66721088435	369.353820801
4.67011337868	369.353820801
4.67301587302	369.567230225
4.67591836735	369.567230225
4.67882086168	369.780761719
4.68172335601	370.208190918
4.68462585034	370.208190918
4.68752834467	370.208190918
4.690430839	370.208190918
4.69333333333	370.208190918
4.69623582766	369.994415283
4.699138322	369.994415283
4.70204081633	369.994415283
4.70494331066	369.994415283
4.70784580499	370.208190918
4.71074829932	370.208190918
4.71365079365	370.208190918
4.71655328798	370.208190918
4.71945578231	370.208190918
4.72235827664	369.994415283
4.72526077098	369.780761719
4.72816326531	369.780761719
4.73106575964	369.567230225
4.73396825397	369.567230225
4.7368707483	369.780761719
4.73977324263	369.994415283
4.74267573696	369.994415283
4.74557823129	369.994415283
4.74848072562	369.994415283
4.75138321995	369.994415283
4.75428571429	369.780761719
4.75718820862	369.567230225
4.76009070295	369.353820801
4.76299319728	369.353820801
4.76589569161	369.567230225
4.76879818594	369.567230225
4.77170068027	369.780761719
4.7746031746	370.208190918
4.77750566893	370.422119141
4.78040816327	370.850280762
4.7833106576	371.278961182
4.78621315193	371.92288208
4.78911564626	372.352783203
4.79201814059	372.567932129
4.79492063492	372.998596191
4.79782312925	373.214111328
4.80072562358	373.86138916
4.80362811791	374.50982666
4.80653061224	374.726196289
4.80943310658	374.726196289
4.81233560091	374.942718506
4.81523809524	375.159362793
4.81814058957	375.37612915
4.8210430839	376.46182251
4.82394557823	377.987060547
4.82684807256	379.299346924
4.82975056689	380.176727295
4.83265306122	381.056121826
4.83555555556	380.61618042
4.83845804989	380.396392822
4.84136054422	379.957183838
4.84426303855	379.080322266
4.84716553288	377.987060547
4.85006802721	377.332641602
4.85297052154	376.46182251
4.85587301587	309.871520996
4.8587755102	310.588317871
4.86167800454	310.76776123
4.86458049887	310.94732666
4.8674829932	310.94732666
4.87038548753	311.126983643
4.87328798186	312.20715332
4.87619047619	312.568023682
4.87909297052	312.387542725
4.88199546485	312.026855469
4.88489795918	311.486633301
4.88780045351	311.126983643
4.89070294785	311.126983643
4.89360544218	311.126983643
4.89650793651	311.306762695
4.89941043084	311.306762695
4.90231292517	311.666595459
4.9052154195	311.846679688
4.90811791383	312.026855469
4.91102040816	312.387542725
4.91392290249	312.568023682
4.91682539683	312.568023682
4.91972789116	312.20715332
4.92263038549	311.666595459
4.92553287982	311.306762695
4.92843537415	310.94732666
4.93133786848	310.588317871
4.93424036281	310.050567627
4.93714285714	309.692596436
4.94004535147	309.692596436
4.9429478458	309.871520996
4.94585034014	309.871520996
4.94875283447	310.050567627
4.9516553288	309.692596436
4.95455782313	309.335021973
4.95746031746	309.156402588
4.96036281179	309.335021973
4.96326530612	309.513763428
4.96616780045	309.692596436
4.96907029478	309.513763428
4.97197278912	309.871520996
4.97487528345	310.229705811
4.97777777778	310.76776123
4.98068027211	311.126983643
4.98358276644	311.126983643
4.98648526077	311.126983643
4.9893877551	311.126983643
4.99229024943	311.306762695
4.99519274376	311.306762695
4.9980952381	311.126983643
5.00099773243	310.94732666
5.00390022676	310.588317871
5.00680272109	310.76776123
5.00970521542	310.76776123
5.01260770975	310.76776123
5.01551020408	310.76776123
5.01841269841	310.76776123
5.02131519274	310.94732666
5.02421768707	311.306762695
5.02712018141	311.666595459
5.03002267574	311.846679688
5.03292517007	311.666595459
5.0358276644	311.666595459
5.03873015873	311.486633301
5.04163265306	311.306762695
5.04453514739	311.126983643
5.04743764172	310.94732666
5.05034013605	310.76776123
5.05324263039	310.76776123
5.05614512472	310.94732666
5.05904761905	311.126983643
5.06195011338	311.306762695
5.06485260771	311.486633301
5.06775510204	311.666595459
5.07065759637	311.666595459
5.0735600907	311.666595459
5.07646258503	311.666595459
5.07936507937	311.666595459
5.0822675737	311.666595459
5.08517006803	311.846679688
5.08807256236	311.666595459
5.09097505669	311.846679688
5.09387755102	311.846679688
5.09678004535	311.846679688
5.09968253968	311.666595459
5.10258503401	311.486633301
5.10548752834	311.306762695
5.10839002268	311.126983643
5.11129251701	311.126983643
5.11419501134	310.94732666
5.11709750567	310.76776123
5.12	310.588317871
5.12290249433	310.588317871
5.12580498866	310.76776123
5.12870748299	310.94732666
5.13160997732	311.306762695
5.13451247166	311.486633301
5.13741496599	311.666595459
5.14031746032	311.666595459
5.14321995465	311.666595459
5.14612244898	311.666595459
5.14902494331	311.306762695
5.15192743764	310.76776123
5.15482993197	310.76776123
5.1577324263	310.588317871
5.16063492063	310.408966064
5.16353741497	310.408966064
5.1664399093	310.229705811
5.16934240363	310.229705811
5.17224489796	310.408966064
5.17514739229	310.408966064
5.17804988662	310.94732666
5.18095238095	311.126983643
5.18385487528	311.306762695
5.18675736961	311.306762695
5.18965986395	311.306762695
5.19256235828	310.588317871
5.19546485261	309.692596436
5.19836734694	308.442932129
5.20126984127	307.198303223
5.2041723356	305.428955078
5.20707482993	304.020843506
5.20997732426	305.252593994
5.21287981859	283.989349365
5.21578231293	277.182617188
5.21868480726	288.12008667
5.22158730159	288.619781494
5.22448979592	286.957458496
5.22739229025	289.956573486
5.23029478458	290.291748047
5.23319727891	292.817840576
5.23609977324	296.391387939
5.23900226757	296.905426025
5.2419047619	296.733978271
5.24480725624	295.365936279
5.24770975057	293.664764404
5.2506122449	291.973388672
5.25351473923	290.627288818
5.25641723356	290.12411499
5.25931972789	290.291748047
5.26222222222	290.795227051
5.26512471655	291.46786499
5.26802721088	291.804779053
5.27092970522	291.973388672
5.27383219955	291.973388672
5.27673469388	292.142089844
5.27963718821	292.479766846
5.28253968254	293.325714111
5.28544217687	294.174102783
5.2883446712	294.514129639
5.29124716553	294.344055176
5.29414965986	294.174102783
5.2970521542	293.834442139
5.29995464853	293.664764404
5.30285714286	293.495178223
5.30575963719	293.495178223
5.30866213152	293.495178223
5.31156462585	293.495178223
5.31446712018	293.156341553
5.31736961451	292.648773193
5.32027210884	292.142089844
5.32317460317	291.46786499
5.32607709751	290.963226318
5.32897959184	290.627288818
5.33188208617	290.459472656
5.3347845805	290.963226318
5.33768707483	291.636291504
5.34058956916	292.310882568
5.34349206349	292.987030029
5.34639455782	293.495178223
5.34929705215	293.834442139
5.35219954649	293.834442139
5.35510204082	293.834442139
5.35800453515	293.664764404
5.36090702948	293.664764404
5.36380952381	293.495178223
5.36671201814	293.495178223
5.36961451247	293.664764404
5.3725170068	293.664764404
5.37541950113	293.834442139
5.37832199546	293.834442139
5.3812244898	293.834442139
5.38412698413	293.834442139
5.38702947846	293.834442139
5.38993197279	293.834442139
5.39283446712	293.834442139
5.39573696145	293.664764404
5.39863945578	293.495178223
5.40154195011	293.495178223
5.40444444444	293.495178223
5.40734693878	293.325714111
5.41024943311	293.156341553
5.41315192744	292.987030029
5.41605442177	292.987030029
5.4189569161	292.987030029
5.42185941043	292.987030029
5.42476190476	293.156341553
5.42766439909	293.156341553
5.43056689342	293.325714111
5.43346938776	293.325714111
5.43637188209	293.325714111
5.43927437642	293.325714111
5.44217687075	293.325714111
5.44507936508	293.156341553
5.44798185941	292.987030029
5.45088435374	292.987030029
5.45378684807	292.987030029
5.4566893424	292.987030029
5.45959183673	292.987030029
5.46249433107	293.156341553
5.4653968254	293.156341553
5.46829931973	293.495178223
5.47120181406	293.664764404
5.47410430839	293.834442139
5.47700680272	294.004211426
5.47990929705	294.344055176
5.48281179138	294.344055176
5.48571428571	294.174102783
5.48861678005	294.004211426
5.49151927438	293.664764404
5.49442176871	293.325714111
5.49732426304	292.987030029
5.50022675737	292.648773193
5.5031292517	292.648773193
5.50603174603	292.648773193
5.50893424036	292.817840576
5.51183673469	292.817840576
5.51473922902	293.156341553
5.51764172336	293.325714111
5.52054421769	293.495178223
5.52344671202	293.834442139
5.52634920635	293.834442139
5.52925170068	294.004211426
5.53215419501	294.174102783
5.53505668934	294.344055176
5.53795918367	294.344055176
5.540861678	294.174102783
5.54376417234	294.174102783
5.54666666667	294.004211426
5.549569161	293.834442139
5.55247165533	293.664764404
5.55537414966	293.495178223
5.55827664399	293.325714111
5.56117913832	293.156341553
5.56408163265	292.987030029
5.56698412698	292.987030029
5.56988662132	292.817840576
5.57278911565	292.817840576
5.57569160998	292.987030029
5.57859410431	292.987030029
5.58149659864	293.325714111
5.58439909297	293.495178223
5.5873015873	293.664764404
5.59020408163	293.834442139
5.59310657596	294.004211426
5.59600907029	294.174102783
5.59891156463	294.174102783
5.60181405896	294.174102783
5.60471655329	294.004211426
5.60761904762	294.004211426
5.61052154195	293.664764404
5.61342403628	293.495178223
5.61632653061	293.325714111
5.61922902494	293.156341553
5.62213151927	293.156341553
5.62503401361	293.156341553
5.62793650794	293.325714111
5.63083900227	293.495178223
5.6337414966	293.664764404
5.63664399093	293.664764404
5.63954648526	293.664764404
5.64244897959	293.664764404
5.64535147392	293.664764404
5.64825396825	293.664764404
5.65115646259	293.495178223
5.65405895692	293.495178223
5.65696145125	293.495178223
5.65986394558	293.664764404
5.66276643991	293.664764404
5.66566893424	293.834442139
5.66857142857	293.834442139
5.6714739229	293.664764404
5.67437641723	293.495178223
5.67727891156	293.495178223
5.6801814059	293.325714111
5.68308390023	293.156341553
5.68598639456	293.156341553
5.68888888889	293.156341553
5.69179138322	293.325714111
5.69469387755	293.325714111
5.69759637188	293.664764404
5.70049886621	293.664764404
5.70340136054	293.834442139
5.70630385488	294.004211426
5.70920634921	294.174102783
5.71210884354	294.004211426
5.71501133787	294.004211426
5.7179138322	294.004211426
5.72081632653	294.004211426
5.72371882086	293.834442139
5.72662131519	293.664764404
5.72952380952	293.664764404
5.73242630385	293.495178223
5.73532879819	293.325714111
5.73823129252	293.325714111
5.74113378685	293.325714111
5.74403628118	293.495178223
5.74693877551	293.325714111
5.74984126984	293.325714111
5.75274376417	293.325714111
5.7556462585	293.495178223
5.75854875283	293.495178223
5.76145124717	293.664764404
5.7643537415	293.664764404
5.76725623583	293.834442139
5.77015873016	293.834442139
5.77306122449	293.834442139
5.77596371882	293.834442139
5.77886621315	293.834442139
5.78176870748	293.834442139
5.78467120181	294.004211426
5.78757369615	294.004211426
5.79047619048	294.004211426
5.79337868481	293.834442139
5.79628117914	293.664764404
5.79918367347	293.664764404
5.8020861678	293.495178223
5.80498866213	293.325714111
5.80789115646	293.325714111
5.81079365079	293.156341553
5.81369614512	293.325714111
5.81659863946	293.495178223
5.81950113379	293.495178223
5.82240362812	293.664764404
5.82530612245	293.834442139
5.82820861678	294.004211426
5.83111111111	294.004211426
5.83401360544	294.004211426
5.83691609977	294.004211426
5.8398185941	294.004211426
5.84272108844	294.004211426
5.84562358277	294.004211426
5.8485260771	293.834442139
5.85142857143	293.834442139
5.85433106576	293.664764404
5.85723356009	293.664764404
5.86013605442	293.495178223
5.86303854875	293.495178223
5.86594104308	293.325714111
5.86884353741	293.495178223
5.87174603175	293.325714111
5.87464852608	293.495178223
5.87755102041	293.495178223
5.88045351474	293.664764404
5.88335600907	293.664764404
5.8862585034	293.834442139
5.88916099773	293.834442139
5.89206349206	293.834442139
5.89496598639	293.834442139
5.89786848073	293.834442139
5.90077097506	294.004211426
5.90367346939	294.004211426
5.90657596372	294.174102783
5.90947845805	294.004211426
5.91238095238	294.174102783
5.91528344671	294.004211426
5.91818594104	293.834442139
5.92108843537	293.495178223
5.92399092971	293.325714111
5.92689342404	293.156341553
5.92979591837	293.156341553
5.9326984127	293.325714111
5.93560090703	293.325714111
5.93850340136	293.495178223
5.94140589569	293.664764404
5.94430839002	293.495178223
5.94721088435	293.495178223
5.95011337868	293.325714111
5.95301587302	293.325714111
5.95591836735	292.987030029
5.95882086168	292.817840576
