0.0	0.0
0.00290249433107	0.0
0.00580498866213	0.0
0.0087074829932	0.0
0.0116099773243	0.0
0.0145124716553	0.0
0.0174149659864	0.0
0.0203174603175	0.0
0.0232199546485	0.0
0.0261224489796	0.0
0.0290249433107	0.0
0.0319274376417	0.0
0.0348299319728	0.0
0.0377324263039	0.0
0.0406349206349	0.0
0.043537414966	0.0
0.0464399092971	0.0
0.0493424036281	0.0
0.0522448979592	0.0
0.0551473922902	0.0
0.0580498866213	0.0
0.0609523809524	0.0
0.0638548752834	0.0
0.0667573696145	0.0
0.0696598639456	0.0
0.0725623582766	0.0
0.0754648526077	0.0
0.0783673469388	0.0
0.0812698412698	0.0
0.0841723356009	0.0
0.087074829932	0.0
0.089977324263	0.0
0.0928798185941	0.0
0.0957823129252	0.0
0.0986848072562	0.0
0.101587301587	0.0
0.104489795918	0.0
0.107392290249	0.0
0.11029478458	0.0
0.113197278912	0.0
0.116099773243	0.0
0.119002267574	0.0
0.121904761905	0.0
0.124807256236	0.0
0.127709750567	0.0
0.130612244898	258.919494629
0.133514739229	258.620544434
0.13641723356	259.368530273
0.139319727891	260.269012451
0.142222222222	261.021789551
0.145124716553	261.927978516
0.148027210884	262.837341309
0.150929705215	263.90222168
0.153832199546	264.512664795
0.156734693878	264.512664795
0.159637188209	263.90222168
0.16253968254	263.293182373
0.165442176871	262.382263184
0.168344671202	261.474487305
0.171247165533	260.720397949
0.174149659864	260.419372559
0.177052154195	260.269012451
0.179954648526	260.569854736
0.182857142857	260.871063232
0.185759637188	261.474487305
0.188662131519	261.927978516
0.19156462585	262.230743408
0.194467120181	262.382263184
0.197369614512	262.382263184
0.200272108844	262.079315186
0.203174603175	261.776733398
0.206077097506	261.625579834
0.208979591837	261.323486328
0.211882086168	261.021789551
0.214784580499	261.021789551
0.21768707483	260.871063232
0.220589569161	261.021789551
0.223492063492	261.021789551
0.226394557823	261.021789551
0.229297052154	261.021789551
0.232199546485	261.172607422
0.235102040816	261.323486328
0.238004535147	261.474487305
0.240907029478	261.625579834
0.24380952381	261.625579834
0.246712018141	261.625579834
0.249614512472	261.474487305
0.252517006803	261.323486328
0.255419501134	261.474487305
0.258321995465	261.172607422
0.261224489796	261.021789551
0.264126984127	260.871063232
0.267029478458	260.720397949
0.269931972789	260.720397949
0.27283446712	260.720397949
0.275736961451	260.871063232
0.278639455782	260.871063232
0.281541950113	261.021789551
0.284444444444	261.021789551
0.287346938776	261.021789551
0.290249433107	261.021789551
0.293151927438	261.172607422
0.296054421769	261.323486328
0.2989569161	261.323486328
0.301859410431	261.474487305
0.304761904762	261.474487305
0.307664399093	261.625579834
0.310566893424	261.625579834
0.313469387755	261.474487305
0.316371882086	261.323486328
0.319274376417	261.323486328
0.322176870748	261.172607422
0.325079365079	261.172607422
0.32798185941	261.172607422
0.330884353741	261.021789551
0.333786848073	261.021789551
0.336689342404	260.871063232
0.339591836735	260.871063232
0.342494331066	260.720397949
0.345396825397	260.720397949
0.348299319728	260.720397949
0.351201814059	260.871063232
0.35410430839	261.021789551
0.357006802721	261.172607422
0.359909297052	261.323486328
0.362811791383	261.474487305
0.365714285714	261.625579834
0.368616780045	261.625579834
0.371519274376	261.474487305
0.374421768707	261.474487305
0.377324263039	261.323486328
0.38022675737	261.172607422
0.383129251701	261.021789551
0.386031746032	260.720397949
0.388934240363	260.419372559
0.391836734694	260.118713379
0.394739229025	259.968505859
0.397641723356	259.968505859
0.400544217687	259.968505859
0.403446712018	259.968505859
0.406349206349	260.118713379
0.40925170068	260.269012451
0.412154195011	260.419372559
0.415056689342	260.569854736
0.417959183673	260.720397949
0.420861678005	260.871063232
0.423764172336	261.021789551
0.426666666667	261.021789551
0.429569160998	261.021789551
0.432471655329	261.172607422
0.43537414966	261.021789551
0.438276643991	261.172607422
0.441179138322	261.323486328
0.444081632653	261.323486328
0.446984126984	261.172607422
0.449886621315	260.871063232
0.452789115646	260.569854736
0.455691609977	260.569854736
0.458594104308	260.569854736
0.461496598639	260.569854736
0.464399092971	261.021789551
0.467301587302	261.625579834
0.470204081633	262.079315186
0.473106575964	262.230743408
0.476009070295	262.230743408
0.478911564626	261.927978516
0.481814058957	261.625579834
0.484716553288	261.021789551
0.487619047619	260.569854736
0.49052154195	331.920288086
0.493424036281	331.537078857
0.496326530612	331.345611572
0.499229024943	331.154296875
0.502131519274	331.154296875
0.505034013605	331.345611572
0.507936507937	331.728637695
0.510839002268	332.112091064
0.513741496599	332.112091064
0.51664399093	332.112091064
0.519546485261	332.303955078
0.522448979592	332.688079834
0.525351473923	332.880310059
0.528253968254	333.072631836
0.531156462585	333.072631836
0.534058956916	332.688079834
0.536961451247	332.303955078
0.539863945578	331.728637695
0.542766439909	331.154296875
0.54566893424	330.390045166
0.548571428571	330.008575439
0.551473922902	329.627563477
0.554376417234	329.627563477
0.557278911565	329.627563477
0.560181405896	329.437225342
0.563083900227	329.818023682
0.565986394558	329.818023682
0.568888888889	329.818023682
0.57179138322	329.627563477
0.574693877551	329.437225342
0.577596371882	329.437225342
0.580498866213	329.437225342
0.583401360544	329.627563477
0.586303854875	329.818023682
0.589206349206	329.818023682
0.592108843537	330.008575439
0.595011337868	330.580932617
0.5979138322	330.390045166
0.600816326531	330.963043213
0.603718820862	330.963043213
0.606621315193	331.345611572
0.609523809524	331.345611572
0.612426303855	331.345611572
0.615328798186	331.345611572
0.618231292517	331.154296875
0.621133786848	330.963043213
0.624036281179	330.771942139
0.62693877551	330.580932617
0.629841269841	330.580932617
0.632743764172	330.580932617
0.635646258503	330.580932617
0.638548752834	330.771942139
0.641451247166	330.771942139
0.644353741497	330.771942139
0.647256235828	330.580932617
0.650158730159	330.580932617
0.65306122449	330.580932617
0.655963718821	330.771942139
0.658866213152	330.771942139
0.661768707483	330.963043213
0.664671201814	331.345611572
0.667573696145	331.345611572
0.670476190476	331.345611572
0.673378684807	331.154296875
0.676281179138	331.154296875
0.679183673469	331.154296875
0.6820861678	331.345611572
0.684988662132	331.537078857
0.687891156463	331.728637695
0.690793650794	331.728637695
0.693696145125	331.728637695
0.696598639456	331.920288086
0.699501133787	331.728637695
0.702403628118	331.345611572
0.705306122449	331.345611572
0.70820861678	331.345611572
0.711111111111	331.345611572
0.714013605442	331.728637695
0.716916099773	331.728637695
0.719818594104	332.112091064
0.722721088435	331.728637695
0.725623582766	331.345611572
0.728526077098	330.580932617
0.731428571429	330.008575439
0.73433106576	330.008575439
0.737233560091	330.390045166
0.740136054422	330.771942139
0.743038548753	331.345611572
0.745941043084	331.154296875
0.748843537415	330.963043213
0.751746031746	330.199249268
0.754648526077	329.24697876
0.757551020408	328.866821289
0.760453514739	286.62612915
0.76335600907	287.787414551
0.766258503401	287.953704834
0.769160997732	288.453125
0.772063492063	289.454559326
0.774965986395	290.291748047
0.777868480726	291.973388672
0.780770975057	292.142089844
0.783673469388	292.817840576
0.786575963719	293.664764404
0.78947845805	291.973388672
0.792380952381	290.963226318
0.795283446712	290.627288818
0.798185941043	290.795227051
0.801088435374	291.299560547
0.803990929705	292.479766846
0.806893424036	293.664764404
0.809795918367	293.156341553
0.812698412698	292.310882568
0.815600907029	291.804779053
0.818503401361	291.46786499
0.821405895692	291.46786499
0.824308390023	291.973388672
0.827210884354	292.648773193
0.830113378685	293.156341553
0.833015873016	292.817840576
0.835918367347	292.142089844
0.838820861678	291.636291504
0.841723356009	291.46786499
0.84462585034	291.636291504
0.847528344671	291.973388672
0.850430839002	292.479766846
0.853333333333	293.156341553
0.856235827664	293.325714111
0.859138321995	293.156341553
0.862040816327	292.648773193
0.864943310658	292.310882568
0.867845804989	291.973388672
0.87074829932	291.636291504
0.873650793651	291.636291504
0.876553287982	291.804779053
0.879455782313	291.973388672
0.882358276644	292.142089844
0.885260770975	292.142089844
0.888163265306	291.973388672
0.891065759637	291.973388672
0.893968253968	291.973388672
0.896870748299	292.142089844
0.89977324263	292.479766846
0.902675736961	292.817840576
0.905578231293	293.156341553
0.908480725624	293.325714111
0.911383219955	293.325714111
0.914285714286	293.156341553
0.917188208617	292.817840576
0.920090702948	292.648773193
0.922993197279	292.479766846
0.92589569161	292.479766846
0.928798185941	292.817840576
0.931700680272	292.987030029
0.934603174603	293.156341553
0.937505668934	293.156341553
0.940408163265	292.817840576
0.943310657596	292.310882568
0.946213151927	291.973388672
0.949115646259	291.636291504
0.95201814059	291.804779053
0.954920634921	291.973388672
0.957823129252	292.479766846
0.960725623583	292.648773193
0.963628117914	292.648773193
0.966530612245	292.479766846
0.969433106576	292.142089844
0.972335600907	291.804779053
0.975238095238	291.804779053
0.978140589569	291.973388672
0.9810430839	292.310882568
0.983945578231	292.817840576
0.986848072562	293.156341553
0.989750566893	293.156341553
0.992653061224	292.817840576
0.995555555556	292.479766846
0.998458049887	292.479766846
1.00136054422	292.479766846
1.00426303855	292.479766846
1.00716553288	292.648773193
1.01006802721	292.648773193
1.01297052154	292.648773193
1.01587301587	292.817840576
1.0187755102	292.987030029
1.02167800454	293.156341553
1.02458049887	292.817840576
1.0274829932	292.310882568
1.03038548753	291.804779053
1.03328798186	291.804779053
1.03619047619	291.636291504
1.03909297052	291.46786499
1.04199546485	291.299560547
1.04489795918	291.46786499
1.04780045351	291.973388672
1.05070294785	292.648773193
1.05360544218	293.156341553
1.05650793651	292.987030029
1.05941043084	292.479766846
1.06231292517	291.804779053
1.0652154195	291.804779053
1.06811791383	292.310882568
1.07102040816	292.648773193
1.07392290249	292.142089844
1.07682539683	291.46786499
1.07972789116	291.299560547
1.08263038549	291.636291504
1.08553287982	351.86050415
1.08843537415	352.674407959
1.09133786848	353.490203857
1.09424036281	353.490203857
1.09714285714	352.674407959
1.10004535147	351.45425415
1.1029478458	350.643157959
1.10585034014	350.238311768
1.10875283447	350.238311768
1.1116553288	350.440673828
1.11455782313	350.440673828
1.11746031746	350.03604126
1.12036281179	349.228240967
1.12326530612	348.623596191
1.12616780045	348.019989014
1.12907029478	347.618164062
1.13197278912	347.216827393
1.13487528345	347.016326904
1.13777777778	347.016326904
1.14068027211	347.417449951
1.14358276644	347.819030762
1.14648526077	348.019989014
1.1493877551	348.221069336
1.15229024943	348.221069336
1.15519274376	348.019989014
1.1580952381	348.221069336
1.16099773243	348.422271729
1.16390022676	348.825012207
1.16680272109	349.026580811
1.16970521542	349.026580811
1.17260770975	348.825012207
1.17551020408	348.825012207
1.17841269841	349.026580811
1.18131519274	349.026580811
1.18421768707	349.228240967
1.18712018141	349.430023193
1.19002267574	349.430023193
1.19292517007	349.430023193
1.1958276644	349.430023193
1.19873015873	349.430023193
1.20163265306	349.430023193
1.20453514739	349.228240967
1.20743764172	349.228240967
1.21034013605	349.430023193
1.21324263039	349.430023193
1.21614512472	349.430023193
1.21904761905	349.228240967
1.22195011338	348.825012207
1.22485260771	348.825012207
1.22775510204	348.825012207
1.23065759637	349.228240967
1.2335600907	349.631896973
1.23646258503	350.238311768
1.23936507937	350.845733643
1.2422675737	350.845733643
1.24517006803	350.643157959
1.24807256236	350.440673828
1.25097505669	350.03604126
1.25387755102	349.83392334
1.25678004535	349.83392334
1.25968253968	349.430023193
1.26258503401	349.430023193
1.26548752834	349.026580811
1.26839002268	348.623596191
1.27129251701	348.221069336
1.27419501134	347.819030762
1.27709750567	347.618164062
1.28	347.618164062
1.28290249433	347.819030762
1.28580498866	348.422271729
1.28870748299	348.825012207
1.29160997732	349.228240967
1.29451247166	349.228240967
1.29741496599	348.825012207
1.30031746032	348.623596191
1.30321995465	348.623596191
1.30612244898	348.623596191
1.30902494331	348.825012207
1.31192743764	349.026580811
1.31482993197	349.228240967
1.3177324263	348.825012207
1.32063492063	347.618164062
1.32353741497	346.015533447
1.3264399093	344.81842041
1.32934240363	344.221405029
1.33224489796	344.420288086
1.33514739229	347.016326904
1.33804988662	334.035980225
1.34095238095	334.035980225
1.34385487528	334.035980225
1.34675736961	334.035980225
1.34965986395	331.920288086
1.35256235828	334.035980225
1.35546485261	333.650299072
1.35836734694	335.583129883
1.36126984127	335.195678711
1.3641723356	334.228973389
1.36707482993	333.650299072
1.36997732426	334.035980225
1.37287981859	335.002105713
1.37578231293	335.971038818
1.37868480726	336.165161133
1.38158730159	335.971038818
1.38448979592	335.195678711
1.38739229025	334.615325928
1.39029478458	334.035980225
1.39319727891	333.457641602
1.39609977324	332.880310059
1.39900226757	332.49597168
1.4019047619	331.920288086
1.40480725624	331.345611572
1.40770975057	330.580932617
1.4106122449	330.199249268
1.41351473923	330.199249268
1.41641723356	330.199249268
1.41931972789	330.390045166
1.42222222222	330.771942139
1.42512471655	330.963043213
1.42802721088	331.345611572
1.43092970522	331.728637695
1.43383219955	331.920288086
1.43673469388	331.728637695
1.43963718821	331.345611572
1.44253968254	330.580932617
1.44544217687	330.008575439
1.4483446712	329.24697876
1.45124716553	328.676940918
1.45414965986	328.487121582
1.4570521542	328.676940918
1.45995464853	329.056854248
1.46285714286	329.818023682
1.46575963719	330.390045166
1.46866213152	330.963043213
1.47156462585	331.345611572
1.47446712018	331.345611572
1.47736961451	331.345611572
1.48027210884	331.154296875
1.48317460317	330.963043213
1.48607709751	330.390045166
1.48897959184	330.008575439
1.49188208617	329.627563477
1.4947845805	329.627563477
1.49768707483	329.627563477
1.50058956916	330.008575439
1.50349206349	330.580932617
1.50639455782	331.537078857
1.50929705215	332.49597168
1.51219954649	333.072631836
1.51510204082	333.650299072
1.51800453515	333.650299072
1.52090702948	333.265075684
1.52380952381	332.49597168
1.52671201814	331.728637695
1.52961451247	330.771942139
1.5325170068	330.199249268
1.53541950113	330.008575439
1.53832199546	329.818023682
1.5412244898	329.818023682
1.54412698413	330.008575439
1.54702947846	330.199249268
1.54993197279	330.390045166
1.55283446712	330.580932617
1.55573696145	330.580932617
1.55863945578	330.963043213
1.56154195011	331.345611572
1.56444444444	331.537078857
1.56734693878	331.920288086
1.57024943311	332.303955078
1.57315192744	332.49597168
1.57605442177	332.49597168
1.5789569161	332.49597168
1.58185941043	332.49597168
1.58476190476	332.49597168
1.58766439909	332.303955078
1.59056689342	332.112091064
1.59346938776	331.920288086
1.59637188209	331.537078857
1.59927437642	330.963043213
1.60217687075	330.771942139
1.60507936508	330.390045166
1.60798185941	330.199249268
1.61088435374	330.199249268
1.61378684807	330.199249268
1.6166893424	330.199249268
1.61959183673	330.580932617
1.62249433107	330.771942139
1.6253968254	330.963043213
1.62829931973	331.154296875
1.63120181406	331.154296875
1.63410430839	331.345611572
1.63700680272	331.537078857
1.63990929705	331.345611572
1.64281179138	331.154296875
1.64571428571	330.963043213
1.64861678005	330.580932617
1.65151927438	330.390045166
1.65442176871	330.008575439
1.65732426304	329.818023682
1.66022675737	329.627563477
1.6631292517	329.437225342
1.66603174603	329.437225342
1.66893424036	329.627563477
1.67183673469	329.818023682
1.67473922902	330.008575439
1.67764172336	330.390045166
1.68054421769	330.580932617
1.68344671202	330.771942139
1.68634920635	330.963043213
1.68925170068	331.154296875
1.69215419501	330.963043213
1.69505668934	330.963043213
1.69795918367	330.771942139
1.700861678	330.580932617
1.70376417234	330.390045166
1.70666666667	330.008575439
1.709569161	329.818023682
1.71247165533	329.437225342
1.71537414966	329.437225342
1.71827664399	329.437225342
1.72117913832	329.627563477
1.72408163265	330.008575439
1.72698412698	330.199249268
1.72988662132	330.580932617
1.73278911565	330.963043213
1.73569160998	330.963043213
1.73859410431	330.963043213
1.74149659864	330.771942139
1.74439909297	330.580932617
1.7473015873	330.390045166
1.75020408163	330.390045166
1.75310657596	330.199249268
1.75600907029	330.008575439
1.75891156463	330.008575439
1.76181405896	330.199249268
1.76471655329	330.199249268
1.76761904762	330.008575439
1.77052154195	330.199249268
1.77342403628	330.199249268
1.77632653061	330.199249268
1.77922902494	330.390045166
1.78213151927	330.390045166
1.78503401361	330.580932617
1.78793650794	330.771942139
1.79083900227	330.771942139
1.7937414966	330.771942139
1.79664399093	330.771942139
1.79954648526	330.771942139
1.80244897959	330.771942139
1.80535147392	330.771942139
1.80825396825	330.580932617
1.81115646259	330.390045166
1.81405895692	330.390045166
1.81696145125	330.199249268
1.81986394558	330.199249268
1.82276643991	330.199249268
1.82566893424	330.199249268
1.82857142857	330.199249268
1.8314739229	330.390045166
1.83437641723	330.580932617
1.83727891156	330.580932617
1.8401814059	330.771942139
1.84308390023	330.771942139
1.84598639456	330.771942139
1.84888888889	330.771942139
1.85179138322	330.580932617
1.85469387755	330.580932617
1.85759637188	330.390045166
1.86049886621	330.199249268
1.86340136054	330.008575439
1.86630385488	329.818023682
1.86920634921	329.818023682
1.87210884354	330.008575439
1.87501133787	330.008575439
1.8779138322	330.199249268
1.88081632653	330.199249268
1.88371882086	330.390045166
1.88662131519	330.580932617
1.88952380952	330.580932617
1.89242630385	330.771942139
1.89532879819	330.580932617
1.89823129252	330.390045166
1.90113378685	330.008575439
1.90403628118	329.818023682
1.90693877551	329.627563477
1.90984126984	329.437225342
1.91274376417	329.818023682
1.9156462585	329.818023682
1.91854875283	330.199249268
1.92145124717	330.390045166
1.9243537415	330.771942139
1.92725623583	260.118713379
1.93015873016	260.720397949
1.93306122449	261.021789551
1.93596371882	261.625579834
1.93886621315	262.685546875
1.94176870748	263.90222168
1.94467120181	264.359924316
1.94757369615	264.054718018
1.95047619048	263.59753418
1.95337868481	263.141143799
1.95628117914	262.533874512
1.95918367347	261.625579834
1.9620861678	260.720397949
1.96498866213	260.269012451
1.96789115646	260.269012451
1.97079365079	260.569854736
1.97369614512	261.021789551
1.97659863946	261.474487305
1.97950113379	261.927978516
1.98240362812	262.230743408
1.98530612245	262.382263184
1.98820861678	262.230743408
1.99111111111	261.927978516
1.99401360544	261.474487305
1.99691609977	261.323486328
1.9998185941	261.172607422
2.00272108844	261.021789551
2.00562358277	261.021789551
2.0085260771	260.871063232
2.01142857143	261.021789551
2.01433106576	261.172607422
2.01723356009	261.172607422
2.02013605442	261.172607422
2.02303854875	261.323486328
2.02594104308	261.474487305
2.02884353741	261.625579834
2.03174603175	261.625579834
2.03464852608	261.625579834
2.03755102041	261.474487305
2.04045351474	261.474487305
2.04335600907	261.323486328
2.0462585034	261.172607422
2.04916099773	261.021789551
2.05206349206	260.720397949
2.05496598639	260.720397949
2.05786848073	260.720397949
2.06077097506	260.720397949
2.06367346939	260.720397949
2.06657596372	260.871063232
2.06947845805	260.871063232
2.07238095238	261.021789551
2.07528344671	261.021789551
2.07818594104	261.021789551
2.08108843537	261.021789551
2.08399092971	261.172607422
2.08689342404	261.323486328
2.08979591837	261.323486328
2.0926984127	261.323486328
2.09560090703	261.474487305
2.09850340136	261.474487305
2.10140589569	261.323486328
2.10430839002	261.172607422
2.10721088435	261.172607422
2.11011337868	261.021789551
2.11301587302	261.021789551
2.11591836735	261.021789551
2.11882086168	261.021789551
2.12172335601	261.021789551
2.12462585034	261.021789551
2.12752834467	261.021789551
2.130430839	261.021789551
2.13333333333	261.021789551
2.13623582766	261.021789551
2.139138322	261.021789551
2.14204081633	261.021789551
2.14494331066	261.172607422
2.14784580499	261.474487305
2.15074829932	261.474487305
2.15365079365	261.474487305
2.15655328798	261.625579834
2.15945578231	261.625579834
2.16235827664	261.474487305
2.16526077098	261.323486328
2.16816326531	261.172607422
2.17106575964	260.871063232
2.17396825397	260.720397949
2.1768707483	260.419372559
2.17977324263	260.269012451
2.18267573696	259.968505859
2.18557823129	259.818389893
2.18848072562	259.818389893
2.19138321995	259.818389893
2.19428571429	259.968505859
2.19718820862	259.968505859
2.20009070295	260.269012451
2.20299319728	260.569854736
2.20589569161	260.871063232
2.20879818594	261.021789551
2.21170068027	261.172607422
2.2146031746	261.172607422
2.21750566893	261.172607422
2.22040816327	261.172607422
2.2233106576	261.021789551
2.22621315193	261.021789551
2.22911564626	261.021789551
2.23201814059	260.871063232
2.23492063492	260.871063232
2.23782312925	260.871063232
2.24072562358	260.871063232
2.24362811791	260.871063232
2.24653061224	260.871063232
2.24943310658	260.720397949
2.25233560091	260.871063232
2.25523809524	261.021789551
2.25814058957	261.021789551
2.2610430839	261.172607422
2.26394557823	261.323486328
2.26684807256	261.323486328
2.26975056689	261.323486328
2.27265306122	261.323486328
2.27555555556	261.021789551
2.27845804989	261.021789551
2.28136054422	260.871063232
2.28426303855	260.871063232
2.28716553288	260.871063232
2.29006802721	260.871063232
2.29297052154	260.871063232
2.29587301587	261.021789551
2.2987755102	261.021789551
2.30167800454	261.021789551
2.30458049887	261.021789551
2.3074829932	261.172607422
2.31038548753	261.172607422
2.31328798186	261.172607422
2.31619047619	261.323486328
2.31909297052	261.323486328
2.32199546485	261.323486328
2.32489795918	261.323486328
2.32780045351	261.323486328
2.33070294785	261.474487305
2.33360544218	261.474487305
2.33650793651	261.474487305
2.33941043084	261.323486328
2.34231292517	261.323486328
2.3452154195	261.172607422
2.34811791383	261.021789551
2.35102040816	260.871063232
2.35392290249	260.720397949
2.35682539683	260.720397949
2.35972789116	260.720397949
2.36263038549	260.720397949
2.36553287982	260.871063232
2.36843537415	261.021789551
2.37133786848	261.323486328
2.37424036281	261.474487305
2.37714285714	261.625579834
2.38004535147	261.776733398
2.3829478458	261.776733398
2.38585034014	261.927978516
2.38875283447	261.776733398
2.3916553288	261.625579834
2.39455782313	261.323486328
2.39746031746	261.172607422
2.40036281179	260.871063232
2.40326530612	260.720397949
2.40616780045	260.569854736
2.40907029478	260.569854736
2.41197278912	260.569854736
2.41487528345	260.720397949
2.41777777778	260.871063232
2.42068027211	261.172607422
2.42358276644	261.474487305
2.42648526077	261.776733398
2.4293877551	261.927978516
2.43229024943	262.079315186
2.43519274376	262.079315186
2.4380952381	262.079315186
2.44099773243	261.927978516
2.44390022676	261.474487305
2.44680272109	261.172607422
2.44970521542	260.871063232
2.45260770975	260.720397949
2.45551020408	260.720397949
2.45841269841	260.720397949
2.46131519274	260.871063232
2.46421768707	260.871063232
2.46712018141	261.021789551
2.47002267574	261.021789551
2.47292517007	261.021789551
2.4758276644	260.871063232
2.47873015873	260.871063232
2.48163265306	260.871063232
2.48453514739	260.871063232
2.48743764172	260.871063232
2.49034013605	260.871063232
2.49324263039	261.021789551
2.49614512472	261.021789551
2.49904761905	261.323486328
2.50195011338	260.720397949
2.50485260771	260.720397949
2.50775510204	259.968505859
2.51065759637	259.368530273
2.5135600907	259.818389893
2.51646258503	260.720397949
2.51936507937	262.533874512
2.5222675737	262.533874512
2.52517006803	283.170349121
2.52807256236	283.170349121
2.53097505669	283.170349121
2.53387755102	283.170349121
2.53678004535	284.317626953
2.53968253968	285.139953613
2.54258503401	286.460632324
2.54548752834	288.12008667
2.54839002268	289.621795654
2.55129251701	291.131347656
2.55419501134	291.636291504
2.55709750567	292.310882568
2.56	292.648773193
2.56290249433	292.817840576
2.56580498866	292.310882568
2.56870748299	291.636291504
2.57160997732	291.131347656
2.57451247166	290.795227051
2.57741496599	290.963226318
2.58031746032	291.299560547
2.58321995465	291.636291504
2.58612244898	292.142089844
2.58902494331	292.479766846
2.59192743764	292.648773193
2.59482993197	292.648773193
2.5977324263	292.479766846
2.60063492063	292.142089844
2.60353741497	291.636291504
2.6064399093	291.299560547
2.60934240363	291.131347656
2.61224489796	291.131347656
2.61514739229	291.46786499
2.61804988662	291.804779053
2.62095238095	292.142089844
2.62385487528	292.648773193
2.62675736961	292.987030029
2.62965986395	292.987030029
2.63256235828	292.987030029
2.63546485261	292.817840576
2.63836734694	292.479766846
2.64126984127	292.310882568
2.6441723356	291.973388672
2.64707482993	291.804779053
2.64997732426	291.804779053
2.65287981859	291.804779053
2.65578231293	291.973388672
2.65868480726	292.142089844
2.66158730159	292.310882568
2.66448979592	292.310882568
2.66739229025	292.479766846
2.67029478458	292.479766846
2.67319727891	292.479766846
2.67609977324	292.479766846
2.67900226757	292.479766846
2.6819047619	292.479766846
2.68480725624	292.479766846
2.68770975057	292.648773193
2.6906122449	292.817840576
2.69351473923	292.987030029
2.69641723356	293.156341553
2.69931972789	293.156341553
2.70222222222	293.156341553
2.70512471655	292.987030029
2.70802721088	292.817840576
2.71092970522	292.648773193
2.71383219955	292.648773193
2.71673469388	292.479766846
2.71963718821	292.479766846
2.72253968254	292.479766846
2.72544217687	292.479766846
2.7283446712	292.479766846
2.73124716553	292.310882568
2.73414965986	292.310882568
2.7370521542	292.142089844
2.73995464853	292.142089844
2.74285714286	292.142089844
2.74575963719	292.142089844
2.74866213152	292.142089844
2.75156462585	292.142089844
2.75446712018	292.142089844
2.75736961451	292.310882568
2.76027210884	292.310882568
2.76317460317	292.310882568
2.76607709751	292.310882568
2.76897959184	292.479766846
2.77188208617	292.648773193
2.7747845805	292.648773193
2.77768707483	292.648773193
2.78058956916	292.648773193
2.78349206349	292.648773193
2.78639455782	292.479766846
2.78929705215	292.310882568
2.79219954649	292.310882568
2.79510204082	292.142089844
2.79800453515	292.310882568
2.80090702948	292.310882568
2.80380952381	292.479766846
2.80671201814	292.648773193
2.80961451247	292.987030029
2.8125170068	293.156341553
2.81541950113	293.325714111
2.81832199546	293.325714111
2.8212244898	292.987030029
2.82412698413	292.479766846
2.82702947846	291.636291504
2.82993197279	290.291748047
2.83283446712	289.120361328
2.83573696145	287.953704834
2.83863945578	286.295196533
2.84154195011	269.914703369
2.84444444444	263.59753418
2.84734693878	260.118713379
2.85024943311	258.321929932
2.85315192744	257.874694824
2.85605442177	258.620544434
2.8589569161	260.569854736
2.86185941043	263.141143799
2.86476190476	265.430999756
2.86766439909	266.352508545
2.87056689342	266.352508545
2.87346938776	265.277709961
2.87637188209	263.59753418
2.87927437642	261.625579834
2.88217687075	260.269012451
2.88507936508	259.668365479
2.88798185941	259.668365479
2.89088435374	260.269012451
2.89378684807	261.172607422
2.8966893424	262.382263184
2.89959183673	263.293182373
2.90249433107	263.90222168
2.9053968254	263.59753418
2.90829931973	262.685546875
2.91120181406	261.172607422
2.91410430839	260.269012451
2.91700680272	259.818389893
2.91990929705	259.818389893
2.92281179138	260.118713379
2.92571428571	260.871063232
2.92861678005	262.079315186
2.93151927438	263.293182373
2.93442176871	263.90222168
2.93732426304	263.90222168
2.94022675737	263.141143799
2.9431292517	261.927978516
2.94603174603	260.720397949
2.94893424036	259.968505859
2.95183673469	259.5184021
2.95473922902	259.5184021
2.95764172336	259.818389893
2.96054421769	260.419372559
2.96344671202	261.172607422
2.96634920635	261.776733398
2.96925170068	262.382263184
2.97215419501	262.685546875
2.97505668934	262.533874512
2.97795918367	261.927978516
2.980861678	261.172607422
2.98376417234	260.569854736
2.98666666667	260.419372559
2.989569161	260.569854736
2.99247165533	260.871063232
2.99537414966	261.323486328
2.99827664399	261.927978516
3.00117913832	262.079315186
3.00408163265	262.230743408
3.00698412698	261.927978516
3.00988662132	261.323486328
3.01278911565	260.720397949
3.01569160998	260.269012451
3.01859410431	260.269012451
3.02149659864	260.419372559
3.02439909297	260.720397949
3.0273015873	261.172607422
3.03020408163	261.474487305
3.03310657596	261.625579834
3.03600907029	261.625579834
3.03891156463	261.474487305
3.04181405896	261.172607422
3.04471655329	261.021789551
3.04761904762	260.871063232
3.05052154195	260.871063232
3.05342403628	261.172607422
3.05632653061	261.474487305
3.05922902494	261.776733398
3.06213151927	261.927978516
3.06503401361	261.776733398
3.06793650794	261.323486328
3.07083900227	260.871063232
3.0737414966	260.419372559
3.07664399093	259.968505859
3.07954648526	259.968505859
3.08244897959	259.968505859
3.08535147392	260.269012451
3.08825396825	260.569854736
3.09115646259	260.871063232
3.09405895692	260.871063232
3.09696145125	260.569854736
3.09986394558	260.118713379
3.10276643991	259.968505859
3.10566893424	259.818389893
3.10857142857	259.668365479
3.1114739229	259.5184021
3.11437641723	258.471191406
3.11727891156	258.471191406
3.1201814059	258.769958496
3.12308390023	257.725769043
3.12598639456	256.982513428
3.12888888889	255.207397461
3.13179138322	252.421859741
3.13469387755	248.515670776
3.13759637188	246.371749878
3.14049886621	246.087295532
3.14340136054	246.229476929
3.14630385488	246.514099121
3.14920634921	247.227096558
3.15210884354	247.084335327
3.15501133787	247.227096558
3.1579138322	248.802932739
3.16081632653	248.94670105
3.16371882086	248.65927124
3.16662131519	248.085403442
3.16952380952	245.80317688
3.17242630385	245.94519043
3.17532879819	246.656539917
3.17823129252	247.369934082
3.18113378685	247.942138672
3.18403628118	248.515670776
3.18693877551	248.94670105
3.18984126984	249.090530396
3.19274376417	249.090530396
3.1956462585	248.65927124
3.19854875283	248.228744507
3.20145124717	247.512863159
3.2043537415	246.514099121
3.20725623583	245.661224365
3.21015873016	244.811309814
3.21306122449	244.528656006
3.21596371882	244.528656006
3.21886621315	244.952758789
3.22176870748	245.519378662
3.22467120181	246.087295532
3.22757369615	246.514099121
3.23047619048	246.799057007
3.23337868481	246.941650391
3.23628117914	246.941650391
3.23918367347	246.799057007
3.2420861678	246.941650391
3.24498866213	246.941650391
3.24789115646	247.084335327
3.25079365079	247.227096558
3.25369614512	247.512863159
3.25659863946	247.798965454
3.25950113379	247.655883789
3.26240362812	247.369934082
3.26530612245	246.799057007
3.26820861678	246.087295532
3.27111111111	245.519378662
3.27401360544	245.235900879
3.27691609977	245.235900879
3.2798185941	245.377593994
3.28272108844	245.80317688
3.28562358277	246.087295532
3.2885260771	246.371749878
3.29142857143	246.656539917
3.29433106576	246.656539917
3.29723356009	246.656539917
3.30013605442	246.656539917
3.30303854875	246.656539917
3.30594104308	246.656539917
3.30884353741	246.656539917
3.31174603175	246.656539917
3.31464852608	246.656539917
3.31755102041	246.799057007
3.32045351474	246.799057007
3.32335600907	246.941650391
3.3262585034	247.084335327
3.32916099773	247.084335327
3.33206349206	246.941650391
3.33496598639	246.941650391
3.33786848073	246.656539917
3.34077097506	246.514099121
3.34367346939	246.371749878
3.34657596372	246.229476929
3.34947845805	246.229476929
3.35238095238	246.371749878
3.35528344671	246.514099121
3.35818594104	246.656539917
3.36108843537	246.799057007
3.36399092971	246.799057007
3.36689342404	246.514099121
3.36979591837	246.229476929
3.3726984127	245.94519043
3.37560090703	245.80317688
3.37850340136	245.661224365
3.38140589569	245.519378662
3.38430839002	245.661224365
3.38721088435	245.80317688
3.39011337868	246.087295532
3.39301587302	246.229476929
3.39591836735	246.514099121
3.39882086168	246.656539917
3.40172335601	246.799057007
3.40462585034	247.084335327
3.40752834467	247.227096558
3.410430839	247.369934082
3.41333333333	247.655883789
3.41623582766	247.655883789
3.419138322	246.229476929
3.42204081633	246.229476929
3.42494331066	245.519378662
3.42784580499	245.661224365
3.43074829932	245.94519043
3.43365079365	246.514099121
3.43655328798	247.084335327
3.43945578231	247.512863159
3.44235827664	247.798965454
3.44526077098	247.942138672
3.44816326531	247.942138672
3.45106575964	247.655883789
3.45396825397	247.655883789
3.4568707483	248.228744507
3.45977324263	249.234451294
3.46267573696	292.479766846
3.46557823129	291.973388672
3.46848072562	291.636291504
3.47138321995	291.636291504
3.47428571429	291.804779053
3.47718820862	291.46786499
3.48009070295	291.299560547
3.48299319728	291.131347656
3.48589569161	291.299560547
3.48879818594	291.804779053
3.49170068027	292.142089844
3.4946031746	292.310882568
3.49750566893	292.479766846
3.50040816327	292.310882568
3.5033106576	291.973388672
3.50621315193	291.636291504
3.50911564626	291.636291504
3.51201814059	291.804779053
3.51492063492	291.973388672
3.51782312925	292.310882568
3.52072562358	292.479766846
3.52362811791	292.648773193
3.52653061224	292.648773193
3.52943310658	292.648773193
3.53233560091	292.648773193
3.53523809524	292.648773193
3.53814058957	292.479766846
3.5410430839	292.310882568
3.54394557823	291.973388672
3.54684807256	291.636291504
3.54975056689	291.46786499
3.55265306122	291.46786499
3.55555555556	291.804779053
3.55845804989	292.142089844
3.56136054422	292.310882568
3.56426303855	292.479766846
3.56716553288	292.648773193
3.57006802721	292.648773193
3.57297052154	292.479766846
3.57587301587	292.479766846
3.5787755102	292.479766846
3.58167800454	292.479766846
3.58458049887	292.648773193
3.5874829932	292.648773193
3.59038548753	292.817840576
3.59328798186	292.987030029
3.59619047619	292.987030029
3.59909297052	292.987030029
3.60199546485	292.987030029
3.60489795918	292.817840576
3.60780045351	292.648773193
3.61070294785	292.310882568
3.61360544218	292.142089844
3.61650793651	291.973388672
3.61941043084	292.142089844
3.62231292517	292.310882568
3.6252154195	292.479766846
3.62811791383	292.479766846
3.63102040816	292.479766846
3.63392290249	292.310882568
3.63682539683	292.310882568
3.63972789116	292.310882568
3.64263038549	292.142089844
3.64553287982	292.142089844
3.64843537415	292.142089844
3.65133786848	292.310882568
3.65424036281	292.310882568
3.65714285714	292.479766846
3.66004535147	292.479766846
3.6629478458	292.648773193
3.66585034014	292.648773193
3.66875283447	292.479766846
3.6716553288	292.479766846
3.67455782313	292.310882568
3.67746031746	292.310882568
3.68036281179	292.310882568
3.68326530612	292.479766846
3.68616780045	292.479766846
3.68907029478	292.479766846
3.69197278912	292.479766846
3.69487528345	292.479766846
3.69777777778	292.479766846
3.70068027211	292.479766846
3.70358276644	292.479766846
3.70648526077	292.479766846
3.7093877551	292.479766846
3.71229024943	292.648773193
3.71519274376	292.479766846
3.7180952381	292.310882568
3.72099773243	292.310882568
3.72390022676	292.648773193
3.72680272109	292.987030029
3.72970521542	293.325714111
3.73260770975	293.495178223
3.73551020408	293.156341553
3.73841269841	292.479766846
3.74131519274	291.131347656
3.74421768707	289.621795654
3.74712018141	288.453125
3.75002267574	287.123260498
3.75292517007	273.524536133
3.7558276644	265.891357422
3.75873015873	262.685546875
3.76163265306	260.569854736
3.76453514739	258.919494629
3.76743764172	258.769958496
3.77034013605	259.218780518
3.77324263039	260.720397949
3.77614512472	262.382263184
3.77904761905	263.4453125
3.78195011338	263.59753418
3.78485260771	263.141143799
3.78775510204	262.533874512
3.79065759637	261.776733398
3.7935600907	260.871063232
3.79646258503	260.269012451
3.79936507937	260.269012451
3.8022675737	260.720397949
3.80517006803	261.625579834
3.80807256236	262.685546875
3.81097505669	263.59753418
3.81387755102	264.207275391
3.81678004535	264.054718018
3.81968253968	263.293182373
3.82258503401	262.079315186
3.82548752834	260.720397949
3.82839002268	259.968505859
3.83129251701	259.668365479
3.83419501134	259.818389893
3.83709750567	260.269012451
3.84	261.172607422
3.84290249433	262.079315186
3.84580498866	262.837341309
3.84870748299	263.293182373
3.85160997732	262.989196777
3.85451247166	262.230743408
3.85741496599	261.323486328
3.86031746032	260.419372559
3.86321995465	259.818389893
3.86612244898	259.5184021
3.86902494331	259.668365479
3.87192743764	260.269012451
3.87482993197	261.021789551
3.8777324263	261.776733398
3.88063492063	262.079315186
3.88353741497	262.230743408
3.8864399093	262.230743408
3.88934240363	261.927978516
3.89224489796	261.625579834
3.89514739229	261.172607422
3.89804988662	260.871063232
3.90095238095	260.720397949
3.90385487528	261.021789551
3.90675736961	261.172607422
3.90965986395	261.474487305
3.91256235828	261.776733398
3.91546485261	261.927978516
3.91836734694	261.927978516
3.92126984127	261.625579834
3.9241723356	261.172607422
3.92707482993	260.720397949
3.92997732426	260.419372559
3.93287981859	260.419372559
3.93578231293	260.419372559
3.93868480726	260.720397949
3.94158730159	261.021789551
3.94448979592	261.323486328
3.94739229025	261.474487305
3.95029478458	261.474487305
3.95319727891	261.474487305
3.95609977324	261.172607422
3.95900226757	261.021789551
3.9619047619	260.871063232
3.96480725624	260.871063232
3.96770975057	261.172607422
3.9706122449	261.474487305
3.97351473923	261.776733398
3.97641723356	261.776733398
3.97931972789	261.625579834
3.98222222222	261.323486328
3.98512471655	261.021789551
3.98802721088	260.569854736
3.99092970522	260.269012451
3.99383219955	259.968505859
3.99673469388	259.968505859
3.99963718821	259.968505859
4.00253968254	260.118713379
4.00544217687	260.118713379
4.0083446712	260.118713379
4.01124716553	260.118713379
4.01414965986	260.269012451
4.0170521542	260.269012451
4.01995464853	260.419372559
4.02285714286	260.569854736
4.02575963719	260.871063232
4.02866213152	261.172607422
4.03156462585	261.474487305
4.03446712018	261.625579834
4.03736961451	261.625579834
4.04027210884	261.323486328
4.04317460317	261.172607422
4.04607709751	261.172607422
4.04897959184	261.172607422
4.05188208617	261.172607422
4.0547845805	261.172607422
4.05768707483	261.323486328
4.06058956916	261.323486328
4.06349206349	261.323486328
4.06639455782	261.172607422
4.06929705215	260.871063232
4.07219954649	260.720397949
4.07510204082	260.569854736
4.07800453515	260.569854736
4.08090702948	260.720397949
4.08380952381	260.871063232
4.08671201814	261.021789551
4.08961451247	261.172607422
4.0925170068	261.172607422
4.09541950113	261.021789551
4.09832199546	261.021789551
4.1012244898	260.871063232
4.10412698413	260.871063232
4.10702947846	261.021789551
4.10993197279	261.323486328
4.11283446712	261.474487305
4.11573696145	261.625579834
4.11863945578	261.474487305
4.12154195011	261.323486328
4.12444444444	261.021789551
4.12734693878	260.871063232
4.13024943311	260.720397949
4.13315192744	260.720397949
4.13605442177	260.871063232
4.1389569161	261.021789551
4.14185941043	261.172607422
4.14476190476	261.323486328
4.14766439909	261.474487305
4.15056689342	261.474487305
4.15346938776	261.323486328
4.15637188209	261.172607422
4.15927437642	261.172607422
4.16217687075	261.172607422
4.16507936508	261.172607422
4.16798185941	261.323486328
4.17088435374	261.474487305
4.17378684807	261.474487305
4.1766893424	261.474487305
4.17959183673	261.474487305
4.18249433107	261.323486328
4.1853968254	261.172607422
4.18829931973	261.021789551
4.19120181406	261.021789551
4.19410430839	261.021789551
4.19700680272	261.172607422
4.19990929705	261.172607422
4.20281179138	261.323486328
4.20571428571	261.474487305
4.20861678005	261.625579834
4.21151927438	261.474487305
4.21442176871	261.474487305
4.21732426304	261.323486328
4.22022675737	261.323486328
4.2231292517	261.474487305
4.22603174603	261.474487305
4.22893424036	261.474487305
4.23183673469	261.625579834
4.23473922902	261.474487305
4.23764172336	261.323486328
4.24054421769	261.172607422
4.24344671202	261.021789551
4.24634920635	260.871063232
4.24925170068	260.871063232
4.25215419501	261.021789551
4.25505668934	261.021789551
4.25795918367	261.172607422
4.260861678	261.323486328
4.26376417234	261.323486328
4.26666666667	261.323486328
4.269569161	261.172607422
4.27247165533	261.021789551
4.27537414966	261.021789551
4.27827664399	260.871063232
4.28117913832	260.871063232
4.28408163265	260.871063232
4.28698412698	260.871063232
4.28988662132	260.871063232
4.29278911565	260.871063232
4.29569160998	260.871063232
4.29859410431	260.871063232
4.30149659864	260.871063232
4.30439909297	261.021789551
4.3073015873	261.323486328
4.31020408163	261.474487305
4.31310657596	261.625579834
4.31600907029	261.625579834
4.31891156463	261.625579834
4.32181405896	261.474487305
4.32471655329	261.323486328
4.32761904762	261.172607422
4.33052154195	261.021789551
4.33342403628	261.021789551
4.33632653061	261.021789551
4.33922902494	261.021789551
4.34213151927	261.021789551
4.34503401361	261.172607422
4.34793650794	261.172607422
4.35083900227	261.172607422
4.3537414966	261.172607422
4.35664399093	261.172607422
4.35954648526	261.323486328
4.36244897959	261.323486328
4.36535147392	261.474487305
4.36825396825	261.474487305
4.37115646259	261.474487305
4.37405895692	261.474487305
4.37696145125	261.474487305
4.37986394558	261.323486328
4.38276643991	261.323486328
4.38566893424	261.172607422
4.38857142857	261.021789551
4.3914739229	261.021789551
4.39437641723	261.021789551
4.39727891156	261.021789551
4.4001814059	261.172607422
4.40308390023	261.172607422
4.40598639456	261.323486328
4.40888888889	261.323486328
4.41179138322	261.323486328
4.41469387755	261.323486328
4.41759637188	261.323486328
4.42049886621	261.323486328
4.42340136054	261.323486328
4.42630385488	261.172607422
4.42920634921	261.172607422
4.43210884354	261.172607422
4.43501133787	261.323486328
4.4379138322	261.323486328
4.44081632653	261.323486328
4.44371882086	261.172607422
4.44662131519	261.172607422
4.44952380952	261.172607422
4.45242630385	261.021789551
4.45532879819	261.021789551
4.45823129252	261.021789551
4.46113378685	261.172607422
4.46403628118	261.172607422
4.46693877551	261.172607422
4.46984126984	261.172607422
4.47274376417	261.021789551
4.4756462585	261.021789551
4.47854875283	261.021789551
4.48145124717	260.871063232
4.4843537415	260.871063232
4.48725623583	261.021789551
4.49015873016	261.172607422
4.49306122449	261.172607422
4.49596371882	261.323486328
4.49886621315	261.323486328
4.50176870748	261.323486328
4.50467120181	261.323486328
4.50757369615	261.172607422
4.51047619048	261.021789551
4.51337868481	261.021789551
4.51628117914	261.021789551
4.51918367347	261.172607422
4.5220861678	261.172607422
4.52498866213	261.323486328
4.52789115646	261.474487305
4.53079365079	261.474487305
4.53369614512	261.474487305
4.53659863946	261.323486328
4.53950113379	261.172607422
4.54240362812	261.172607422
4.54530612245	261.021789551
4.54820861678	261.021789551
4.55111111111	261.021789551
4.55401360544	261.021789551
4.55691609977	261.172607422
4.5598185941	261.172607422
4.56272108844	261.172607422
4.56562358277	261.172607422
4.5685260771	261.172607422
4.57142857143	261.021789551
4.57433106576	261.021789551
4.57723356009	260.871063232
4.58013605442	260.871063232
4.58303854875	261.021789551
4.58594104308	261.021789551
4.58884353741	261.172607422
4.59174603175	261.172607422
4.59464852608	261.172607422
4.59755102041	261.172607422
4.60045351474	261.172607422
4.60335600907	261.172607422
4.6062585034	261.021789551
4.60916099773	261.021789551
4.61206349206	261.021789551
4.61496598639	261.021789551
4.61786848073	261.021789551
4.62077097506	261.172607422
4.62367346939	261.021789551
4.62657596372	261.021789551
4.62947845805	261.172607422
4.63238095238	261.021789551
4.63528344671	261.021789551
4.63818594104	261.021789551
4.64108843537	261.021789551
4.64399092971	261.172607422
4.64689342404	261.172607422
4.64979591837	261.323486328
4.6526984127	261.323486328
4.65560090703	261.323486328
4.65850340136	261.323486328
4.66140589569	261.323486328
4.66430839002	261.172607422
4.66721088435	261.172607422
4.67011337868	261.172607422
4.67301587302	261.172607422
4.67591836735	261.172607422
4.67882086168	261.172607422
4.68172335601	261.172607422
4.68462585034	261.172607422
4.68752834467	261.172607422
4.690430839	261.172607422
4.69333333333	261.172607422
4.69623582766	261.021789551
4.699138322	261.021789551
4.70204081633	261.021789551
4.70494331066	261.021789551
4.70784580499	261.172607422
4.71074829932	261.172607422
4.71365079365	261.323486328
4.71655328798	261.323486328
4.71945578231	261.323486328
4.72235827664	261.323486328
4.72526077098	261.172607422
4.72816326531	261.021789551
4.73106575964	261.021789551
4.73396825397	261.021789551
4.7368707483	261.021789551
4.73977324263	261.172607422
4.74267573696	261.172607422
4.74557823129	261.172607422
4.74848072562	261.323486328
4.75138321995	261.323486328
4.75428571429	261.323486328
4.75718820862	261.172607422
4.76009070295	261.172607422
4.76299319728	261.172607422
4.76589569161	261.172607422
4.76879818594	261.172607422
4.77170068027	261.172607422
4.7746031746	261.172607422
4.77750566893	261.172607422
4.78040816327	261.172607422
4.7833106576	261.172607422
4.78621315193	261.172607422
4.78911564626	261.172607422
4.79201814059	261.172607422
4.79492063492	261.172607422
4.79782312925	261.172607422
4.80072562358	261.172607422
4.80362811791	261.172607422
4.80653061224	261.172607422
4.80943310658	261.172607422
4.81233560091	261.172607422
4.81523809524	261.172607422
4.81814058957	261.021789551
4.8210430839	261.021789551
4.82394557823	261.021789551
4.82684807256	261.172607422
4.82975056689	261.172607422
4.83265306122	261.323486328
4.83555555556	261.323486328
4.83845804989	261.323486328
4.84136054422	261.172607422
4.84426303855	261.172607422
4.84716553288	261.172607422
4.85006802721	261.172607422
4.85297052154	261.172607422
4.85587301587	261.172607422
4.8587755102	261.323486328
4.86167800454	261.323486328
4.86458049887	261.323486328
4.8674829932	261.323486328
4.87038548753	261.323486328
4.87328798186	261.323486328
4.87619047619	261.323486328
4.87909297052	261.323486328
4.88199546485	261.021789551
4.88489795918	261.172607422
4.88780045351	261.172607422
4.89070294785	261.323486328
4.89360544218	261.323486328
4.89650793651	261.474487305
4.89941043084	261.474487305
4.90231292517	261.474487305
4.9052154195	261.474487305
4.90811791383	261.474487305
4.91102040816	261.323486328
4.91392290249	261.323486328
4.91682539683	261.172607422
4.91972789116	261.172607422
4.92263038549	261.323486328
4.92553287982	261.172607422
4.92843537415	261.474487305
4.93133786848	261.474487305
4.93424036281	261.474487305
4.93714285714	261.474487305
4.94004535147	261.323486328
4.9429478458	261.323486328
4.94585034014	261.323486328
4.94875283447	261.172607422
4.9516553288	261.172607422
4.95455782313	261.172607422
4.95746031746	261.172607422
4.96036281179	261.323486328
4.96326530612	261.474487305
4.96616780045	261.474487305
4.96907029478	261.474487305
4.97197278912	261.474487305
4.97487528345	261.323486328
4.97777777778	261.323486328
4.98068027211	261.323486328
4.98358276644	261.323486328
4.98648526077	261.323486328
4.9893877551	261.474487305
4.99229024943	261.474487305
4.99519274376	261.625579834
4.9980952381	261.625579834
5.00099773243	261.625579834
5.00390022676	261.625579834
5.00680272109	261.625579834
5.00970521542	261.474487305
5.01260770975	261.474487305
5.01551020408	261.474487305
5.01841269841	261.625579834
5.02131519274	261.625579834
5.02421768707	261.625579834
5.02712018141	261.625579834
5.03002267574	261.474487305
5.03292517007	261.323486328
5.0358276644	261.323486328
5.03873015873	261.323486328
5.04163265306	261.323486328
5.04453514739	261.323486328
5.04743764172	0.0
5.05034013605	0.0
5.05324263039	0.0
5.05614512472	0.0
5.05904761905	0.0
5.06195011338	0.0
5.06485260771	0.0
5.06775510204	0.0
5.07065759637	0.0
5.0735600907	0.0
5.07646258503	0.0
5.07936507937	0.0
5.0822675737	0.0
5.08517006803	0.0
5.08807256236	0.0
5.09097505669	0.0
5.09387755102	0.0
5.09678004535	0.0
5.09968253968	0.0
5.10258503401	0.0
5.10548752834	0.0
5.10839002268	0.0
5.11129251701	0.0
5.11419501134	0.0
5.11709750567	0.0
5.12	0.0
5.12290249433	0.0
5.12580498866	0.0
5.12870748299	0.0
5.13160997732	0.0
5.13451247166	0.0
5.13741496599	0.0
5.14031746032	0.0
5.14321995465	0.0
5.14612244898	0.0
5.14902494331	0.0
5.15192743764	0.0
5.15482993197	0.0
5.1577324263	0.0
5.16063492063	0.0
5.16353741497	0.0
5.1664399093	0.0
5.16934240363	0.0
5.17224489796	0.0
5.17514739229	0.0
5.17804988662	0.0
5.18095238095	0.0
5.18385487528	0.0
5.18675736961	0.0
5.18965986395	0.0
5.19256235828	0.0
5.19546485261	0.0
5.19836734694	0.0
5.20126984127	0.0
5.2041723356	0.0
5.20707482993	0.0
5.20997732426	0.0
5.21287981859	0.0
5.21578231293	0.0
5.21868480726	0.0
5.22158730159	0.0
5.22448979592	0.0
5.22739229025	0.0
5.23029478458	0.0
5.23319727891	0.0
5.23609977324	0.0
5.23900226757	0.0
5.2419047619	0.0
5.24480725624	0.0
5.24770975057	0.0
5.2506122449	0.0
5.25351473923	0.0
5.25641723356	0.0
5.25931972789	0.0
5.26222222222	0.0
5.26512471655	0.0
5.26802721088	0.0
5.27092970522	0.0
5.27383219955	0.0
5.27673469388	0.0
5.27963718821	0.0
5.28253968254	0.0
5.28544217687	0.0
5.2883446712	0.0
5.29124716553	0.0
5.29414965986	0.0
5.2970521542	0.0
5.29995464853	0.0
5.30285714286	0.0
5.30575963719	0.0
5.30866213152	0.0
5.31156462585	0.0
5.31446712018	0.0
5.31736961451	0.0
5.32027210884	0.0
5.32317460317	0.0
5.32607709751	0.0
5.32897959184	0.0
5.33188208617	0.0
5.3347845805	0.0
5.33768707483	0.0
5.34058956916	0.0
5.34349206349	0.0
5.34639455782	0.0
5.34929705215	0.0
5.35219954649	0.0
5.35510204082	0.0
5.35800453515	0.0
5.36090702948	0.0
5.36380952381	0.0
5.36671201814	0.0
5.36961451247	0.0
5.3725170068	0.0
5.37541950113	0.0
5.37832199546	0.0
5.3812244898	0.0
5.38412698413	0.0
5.38702947846	0.0
5.38993197279	0.0
5.39283446712	0.0
5.39573696145	0.0
5.39863945578	0.0
5.40154195011	0.0
5.40444444444	0.0
5.40734693878	0.0
5.41024943311	0.0
5.41315192744	0.0
5.41605442177	0.0
5.4189569161	0.0
5.42185941043	0.0
5.42476190476	0.0
5.42766439909	0.0
5.43056689342	0.0
5.43346938776	0.0
5.43637188209	0.0
5.43927437642	0.0
5.44217687075	0.0
5.44507936508	0.0
5.44798185941	0.0
5.45088435374	0.0
5.45378684807	0.0
5.4566893424	0.0
5.45959183673	0.0
5.46249433107	0.0
5.4653968254	0.0
5.46829931973	0.0
5.47120181406	0.0
