0.0	0.0
0.00290249433107	0.0
0.00580498866213	0.0
0.0087074829932	0.0
0.0116099773243	0.0
0.0145124716553	0.0
0.0174149659864	0.0
0.0203174603175	0.0
0.0232199546485	0.0
0.0261224489796	0.0
0.0290249433107	0.0
0.0319274376417	0.0
0.0348299319728	0.0
0.0377324263039	0.0
0.0406349206349	0.0
0.043537414966	0.0
0.0464399092971	0.0
0.0493424036281	0.0
0.0522448979592	0.0
0.0551473922902	0.0
0.0580498866213	0.0
0.0609523809524	0.0
0.0638548752834	0.0
0.0667573696145	0.0
0.0696598639456	0.0
0.0725623582766	0.0
0.0754648526077	0.0
0.0783673469388	0.0
0.0812698412698	0.0
0.0841723356009	0.0
0.087074829932	0.0
0.089977324263	0.0
0.0928798185941	0.0
0.0957823129252	0.0
0.0986848072562	0.0
0.101587301587	0.0
0.104489795918	237.293106079
0.107392290249	239.496322632
0.11029478458	243.260742188
0.113197278912	249.52255249
0.116099773243	253.005752563
0.119002267574	255.650024414
0.121904761905	258.023681641
0.124807256236	259.818389893
0.127709750567	261.021789551
0.130612244898	261.927978516
0.133514739229	262.079315186
0.13641723356	262.079315186
0.139319727891	261.776733398
0.142222222222	261.323486328
0.145124716553	260.720397949
0.148027210884	260.118713379
0.150929705215	259.668365479
0.153832199546	259.668365479
0.156734693878	259.968505859
0.159637188209	260.419372559
0.16253968254	260.720397949
0.165442176871	261.021789551
0.168344671202	261.021789551
0.171247165533	261.021789551
0.174149659864	260.569854736
0.177052154195	260.118713379
0.179954648526	259.5184021
0.182857142857	259.218780518
0.185759637188	259.069091797
0.188662131519	259.218780518
0.19156462585	259.668365479
0.194467120181	260.118713379
0.197369614512	260.569854736
0.200272108844	260.871063232
0.203174603175	261.172607422
0.206077097506	261.323486328
0.208979591837	261.474487305
0.211882086168	261.474487305
0.214784580499	261.474487305
0.21768707483	261.323486328
0.220589569161	261.323486328
0.223492063492	261.323486328
0.226394557823	261.172607422
0.229297052154	261.323486328
0.232199546485	261.172607422
0.235102040816	261.021789551
0.238004535147	260.871063232
0.240907029478	260.720397949
0.24380952381	260.419372559
0.246712018141	260.118713379
0.249614512472	259.818389893
0.252517006803	259.5184021
0.255419501134	259.5184021
0.258321995465	259.5184021
0.261224489796	259.668365479
0.264126984127	259.818389893
0.267029478458	259.968505859
0.269931972789	260.118713379
0.27283446712	260.118713379
0.275736961451	260.118713379
0.278639455782	260.118713379
0.281541950113	260.118713379
0.284444444444	260.118713379
0.287346938776	260.269012451
0.290249433107	260.269012451
0.293151927438	260.419372559
0.296054421769	260.569854736
0.2989569161	260.871063232
0.301859410431	261.021789551
0.304761904762	261.323486328
0.307664399093	261.625579834
0.310566893424	261.776733398
0.313469387755	261.927978516
0.316371882086	262.079315186
0.319274376417	262.230743408
0.322176870748	262.230743408
0.325079365079	262.230743408
0.32798185941	262.230743408
0.330884353741	262.230743408
0.333786848073	262.230743408
0.336689342404	262.230743408
0.339591836735	262.230743408
0.342494331066	262.079315186
0.345396825397	261.927978516
0.348299319728	261.927978516
0.351201814059	261.776733398
0.35410430839	261.625579834
0.357006802721	261.625579834
0.359909297052	261.474487305
0.362811791383	261.474487305
0.365714285714	261.323486328
0.368616780045	261.323486328
0.371519274376	261.323486328
0.374421768707	261.323486328
0.377324263039	261.172607422
0.38022675737	261.172607422
0.383129251701	261.021789551
0.386031746032	260.871063232
0.388934240363	260.720397949
0.391836734694	260.419372559
0.394739229025	260.419372559
0.397641723356	260.419372559
0.400544217687	260.419372559
0.403446712018	260.419372559
0.406349206349	260.419372559
0.40925170068	260.569854736
0.412154195011	260.720397949
0.415056689342	260.720397949
0.417959183673	260.871063232
0.420861678005	261.021789551
0.423764172336	261.172607422
0.426666666667	261.323486328
0.429569160998	261.172607422
0.432471655329	261.021789551
0.43537414966	261.172607422
0.438276643991	261.474487305
0.441179138322	261.776733398
0.444081632653	262.230743408
0.446984126984	262.533874512
0.449886621315	262.533874512
0.452789115646	262.230743408
0.455691609977	261.776733398
0.458594104308	261.323486328
0.461496598639	260.871063232
0.464399092971	260.419372559
0.467301587302	260.118713379
0.470204081633	260.118713379
0.473106575964	260.269012451
0.476009070295	260.569854736
0.478911564626	260.569854736
0.481814058957	260.871063232
0.484716553288	261.625579834
0.487619047619	262.533874512
0.49052154195	262.989196777
0.493424036281	262.837341309
0.496326530612	262.230743408
0.499229024943	261.474487305
0.502131519274	260.720397949
0.505034013605	260.419372559
0.507936507937	260.419372559
0.510839002268	260.871063232
0.513741496599	261.323486328
0.51664399093	261.776733398
0.519546485261	262.382263184
0.522448979592	262.533874512
0.525351473923	262.685546875
0.528253968254	262.533874512
0.531156462585	331.728637695
0.534058956916	330.771942139
0.536961451247	330.199249268
0.539863945578	329.627563477
0.542766439909	329.056854248
0.54566893424	328.866821289
0.548571428571	329.056854248
0.551473922902	329.437225342
0.554376417234	329.627563477
0.557278911565	329.818023682
0.560181405896	329.818023682
0.563083900227	329.437225342
0.565986394558	329.24697876
0.568888888889	328.866821289
0.57179138322	328.866821289
0.574693877551	329.056854248
0.577596371882	329.437225342
0.580498866213	329.818023682
0.583401360544	330.199249268
0.586303854875	330.771942139
0.589206349206	331.345611572
0.592108843537	331.537078857
0.595011337868	331.537078857
0.5979138322	331.154296875
0.600816326531	331.154296875
0.603718820862	330.771942139
0.606621315193	330.580932617
0.609523809524	330.199249268
0.612426303855	329.818023682
0.615328798186	329.627563477
0.618231292517	329.437225342
0.621133786848	329.437225342
0.624036281179	329.437225342
0.62693877551	329.24697876
0.629841269841	329.24697876
0.632743764172	329.437225342
0.635646258503	329.818023682
0.638548752834	330.008575439
0.641451247166	330.008575439
0.644353741497	330.008575439
0.647256235828	330.008575439
0.650158730159	330.199249268
0.65306122449	330.199249268
0.655963718821	330.199249268
0.658866213152	329.818023682
0.661768707483	329.627563477
0.664671201814	329.437225342
0.667573696145	329.24697876
0.670476190476	328.676940918
0.673378684807	328.487121582
0.676281179138	328.107879639
0.679183673469	328.297454834
0.6820861678	328.487121582
0.684988662132	328.866821289
0.687891156463	329.437225342
0.690793650794	329.627563477
0.693696145125	330.008575439
0.696598639456	330.199249268
0.699501133787	330.390045166
0.702403628118	330.390045166
0.705306122449	330.390045166
0.70820861678	330.199249268
0.711111111111	330.008575439
0.714013605442	330.008575439
0.716916099773	330.008575439
0.719818594104	330.008575439
0.722721088435	330.008575439
0.725623582766	329.818023682
0.728526077098	329.818023682
0.731428571429	329.818023682
0.73433106576	329.627563477
0.737233560091	329.24697876
0.740136054422	329.24697876
0.743038548753	329.056854248
0.745941043084	329.056854248
0.748843537415	329.056854248
0.751746031746	328.866821289
0.754648526077	328.676940918
0.757551020408	328.487121582
0.760453514739	328.487121582
0.76335600907	328.676940918
0.766258503401	328.107879639
0.769160997732	327.539794922
0.772063492063	326.783874512
0.774965986395	326.029724121
0.777868480726	326.218109131
0.780770975057	327.918395996
0.783673469388	331.537078857
0.786575963719	291.46786499
0.78947845805	289.789123535
0.792380952381	289.287414551
0.795283446712	289.956573486
0.798185941043	291.636291504
0.801088435374	294.854553223
0.803990929705	297.420379639
0.806893424036	296.733978271
0.809795918367	294.514129639
0.812698412698	292.310882568
0.815600907029	290.963226318
0.818503401361	290.459472656
0.821405895692	290.459472656
0.824308390023	290.963226318
0.827210884354	292.310882568
0.830113378685	293.156341553
0.833015873016	292.817840576
0.835918367347	291.973388672
0.838820861678	290.963226318
0.841723356009	290.627288818
0.84462585034	290.291748047
0.847528344671	290.963226318
0.850430839002	292.648773193
0.853333333333	295.024932861
0.856235827664	295.707366943
0.859138321995	294.514129639
0.862040816327	292.987030029
0.864943310658	291.973388672
0.867845804989	291.46786499
0.87074829932	291.46786499
0.873650793651	292.142089844
0.876553287982	293.495178223
0.879455782313	295.365936279
0.882358276644	296.733978271
0.885260770975	296.391387939
0.888163265306	295.024932861
0.891065759637	293.834442139
0.893968253968	292.987030029
0.896870748299	292.648773193
0.89977324263	292.310882568
0.902675736961	292.648773193
0.905578231293	292.987030029
0.908480725624	293.664764404
0.911383219955	294.004211426
0.914285714286	294.174102783
0.917188208617	294.344055176
0.920090702948	294.344055176
0.922993197279	294.684295654
0.92589569161	294.684295654
0.928798185941	294.344055176
0.931700680272	293.664764404
0.934603174603	292.648773193
0.937505668934	291.636291504
0.940408163265	291.131347656
0.943310657596	291.46786499
0.946213151927	292.648773193
0.949115646259	294.344055176
0.95201814059	295.365936279
0.954920634921	295.878234863
0.957823129252	295.707366943
0.960725623583	295.024932861
0.963628117914	293.664764404
0.966530612245	292.142089844
0.969433106576	291.131347656
0.972335600907	290.795227051
0.975238095238	291.131347656
0.978140589569	291.804779053
0.9810430839	292.648773193
0.983945578231	293.156341553
0.986848072562	293.325714111
0.989750566893	293.325714111
0.992653061224	293.495178223
0.995555555556	293.834442139
0.998458049887	294.174102783
1.00136054422	294.854553223
1.00426303855	295.707366943
1.00716553288	296.391387939
1.01006802721	296.391387939
1.01297052154	295.195404053
1.01587301587	294.004211426
1.0187755102	293.156341553
1.02167800454	292.648773193
1.02458049887	292.817840576
1.0274829932	293.325714111
1.03038548753	294.514129639
1.03328798186	295.878234863
1.03619047619	297.07699585
1.03909297052	296.562652588
1.04199546485	294.854553223
1.04489795918	293.156341553
1.04780045351	291.973388672
1.05070294785	291.636291504
1.05360544218	291.636291504
1.05650793651	292.310882568
1.05941043084	293.664764404
1.06231292517	295.536621094
1.0652154195	297.248626709
1.06811791383	297.936218262
1.07102040816	296.049194336
1.07392290249	289.956573486
1.07682539683	289.120361328
1.07972789116	289.621795654
1.08263038549	290.963226318
1.08553287982	338.698944092
1.08843537415	341.843719482
1.09133786848	344.221405029
1.09424036281	345.815734863
1.09714285714	347.216827393
1.10004535147	348.221069336
1.1029478458	348.825012207
1.10585034014	349.228240967
1.10875283447	349.430023193
1.1116553288	349.430023193
1.11455782313	349.83392334
1.11746031746	350.238311768
1.12036281179	350.238311768
1.12326530612	350.238311768
1.12616780045	350.03604126
1.12907029478	349.83392334
1.13197278912	349.228240967
1.13487528345	348.623596191
1.13777777778	348.019989014
1.14068027211	347.819030762
1.14358276644	347.819030762
1.14648526077	347.819030762
1.1493877551	347.819030762
1.15229024943	347.819030762
1.15519274376	347.618164062
1.1580952381	347.618164062
1.16099773243	347.417449951
1.16390022676	347.819030762
1.16680272109	348.221069336
1.16970521542	348.825012207
1.17260770975	349.631896973
1.17551020408	350.03604126
1.17841269841	350.238311768
1.18131519274	350.238311768
1.18421768707	350.03604126
1.18712018141	349.430023193
1.19002267574	348.825012207
1.19292517007	348.422271729
1.1958276644	348.019989014
1.19873015873	347.819030762
1.20163265306	347.819030762
1.20453514739	348.019989014
1.20743764172	348.019989014
1.21034013605	348.221069336
1.21324263039	348.221069336
1.21614512472	348.221069336
1.21904761905	348.221069336
1.22195011338	348.221069336
1.22485260771	348.422271729
1.22775510204	348.422271729
1.23065759637	348.623596191
1.2335600907	348.825012207
1.23646258503	348.825012207
1.23936507937	348.825012207
1.2422675737	348.623596191
1.24517006803	348.623596191
1.24807256236	348.422271729
1.25097505669	348.019989014
1.25387755102	347.819030762
1.25678004535	347.819030762
1.25968253968	347.819030762
1.26258503401	348.019989014
1.26548752834	348.221069336
1.26839002268	348.623596191
1.27129251701	348.825012207
1.27419501134	349.026580811
1.27709750567	349.026580811
1.28	348.825012207
1.28290249433	348.825012207
1.28580498866	348.623596191
1.28870748299	348.422271729
1.29160997732	348.221069336
1.29451247166	348.221069336
1.29741496599	348.221069336
1.30031746032	348.221069336
1.30321995465	348.221069336
1.30612244898	348.019989014
1.30902494331	348.019989014
1.31192743764	347.819030762
1.31482993197	347.819030762
1.3177324263	347.819030762
1.32063492063	348.019989014
1.32353741497	348.221069336
1.3264399093	348.221069336
1.32934240363	348.221069336
1.33224489796	348.221069336
1.33514739229	348.221069336
1.33804988662	348.221069336
1.34095238095	348.221069336
1.34385487528	348.221069336
1.34675736961	348.221069336
1.34965986395	348.221069336
1.35256235828	348.221069336
1.35546485261	348.623596191
1.35836734694	348.623596191
1.36126984127	348.825012207
1.3641723356	348.825012207
1.36707482993	348.825012207
1.36997732426	348.825012207
1.37287981859	349.228240967
1.37578231293	349.430023193
1.37868480726	349.631896973
1.38158730159	350.03604126
1.38448979592	350.03604126
1.38739229025	350.238311768
1.39029478458	350.643157959
1.39319727891	351.45425415
1.39609977324	352.267211914
1.39900226757	352.878173828
1.4019047619	352.878173828
1.40480725624	352.878173828
1.40770975057	351.86050415
1.4106122449	350.440673828
1.41351473923	348.623596191
1.41641723356	346.215484619
1.41931972789	344.420288086
1.42222222222	343.030487061
1.42512471655	344.022644043
1.42802721088	345.217010498
1.43092970522	346.415496826
1.43383219955	349.026580811
1.43673469388	349.631896973
1.43963718821	350.03604126
1.44253968254	350.643157959
1.44544217687	351.86050415
1.4483446712	352.878173828
1.45124716553	0.0
1.45414965986	0.0
1.4570521542	0.0
1.45995464853	0.0
1.46285714286	0.0
1.46575963719	353.082061768
1.46866213152	352.267211914
1.47156462585	350.845733643
1.47446712018	349.430023193
1.47736961451	348.221069336
1.48027210884	345.815734863
1.48317460317	338.112548828
1.48607709751	332.688079834
1.48897959184	330.390045166
1.49188208617	329.627563477
1.4947845805	328.866821289
1.49768707483	329.056854248
1.50058956916	329.24697876
1.50349206349	329.056854248
1.50639455782	329.24697876
1.50929705215	329.818023682
1.51219954649	330.771942139
1.51510204082	331.920288086
1.51800453515	332.303955078
1.52090702948	332.49597168
1.52380952381	331.345611572
1.52671201814	329.24697876
1.52961451247	327.161621094
1.5325170068	326.029724121
1.53541950113	325.653289795
1.53832199546	325.841461182
1.5412244898	326.972686768
1.54412698413	329.24697876
1.54702947846	331.728637695
1.54993197279	333.265075684
1.55283446712	333.843078613
1.55573696145	334.035980225
1.55863945578	334.422088623
1.56154195011	334.615325928
1.56444444444	334.808654785
1.56734693878	334.422088623
1.57024943311	333.457641602
1.57315192744	331.728637695
1.57605442177	329.437225342
1.5789569161	327.350646973
1.58185941043	326.029724121
1.58476190476	325.277313232
1.58766439909	325.277313232
1.59056689342	326.029724121
1.59346938776	327.918395996
1.59637188209	330.580932617
1.59927437642	332.49597168
1.60217687075	333.457641602
1.60507936508	333.843078613
1.60798185941	333.650299072
1.61088435374	333.650299072
1.61378684807	332.880310059
1.6166893424	332.112091064
1.61959183673	330.963043213
1.62249433107	329.818023682
1.6253968254	328.866821289
1.62829931973	328.107879639
1.63120181406	327.729034424
1.63410430839	327.539794922
1.63700680272	327.350646973
1.63990929705	327.729034424
1.64281179138	328.297454834
1.64571428571	329.056854248
1.64861678005	329.627563477
1.65151927438	330.199249268
1.65442176871	330.771942139
1.65732426304	331.154296875
1.66022675737	331.345611572
1.6631292517	331.154296875
1.66603174603	330.963043213
1.66893424036	330.390045166
1.67183673469	329.818023682
1.67473922902	329.24697876
1.67764172336	328.866821289
1.68054421769	328.866821289
1.68344671202	328.866821289
1.68634920635	329.056854248
1.68925170068	329.24697876
1.69215419501	329.627563477
1.69505668934	329.818023682
1.69795918367	330.008575439
1.700861678	330.199249268
1.70376417234	330.199249268
1.70666666667	330.199249268
1.709569161	330.199249268
1.71247165533	329.818023682
1.71537414966	329.24697876
1.71827664399	328.676940918
1.72117913832	327.918395996
1.72408163265	327.539794922
1.72698412698	327.539794922
1.72988662132	327.729034424
1.73278911565	328.297454834
1.73569160998	329.056854248
1.73859410431	330.008575439
1.74149659864	330.771942139
1.74439909297	331.154296875
1.7473015873	331.537078857
1.75020408163	331.345611572
1.75310657596	331.154296875
1.75600907029	330.771942139
1.75891156463	330.580932617
1.76181405896	330.199249268
1.76471655329	329.627563477
1.76761904762	329.24697876
1.77052154195	328.866821289
1.77342403628	328.297454834
1.77632653061	327.918395996
1.77922902494	327.729034424
1.78213151927	327.729034424
1.78503401361	327.918395996
1.78793650794	328.297454834
1.79083900227	328.866821289
1.7937414966	329.627563477
1.79664399093	330.390045166
1.79954648526	330.963043213
1.80244897959	331.345611572
1.80535147392	331.537078857
1.80825396825	331.537078857
1.81115646259	331.154296875
1.81405895692	330.771942139
1.81696145125	330.199249268
1.81986394558	329.818023682
1.82276643991	329.056854248
1.82566893424	328.487121582
1.82857142857	327.729034424
1.8314739229	327.350646973
1.83437641723	327.350646973
1.83727891156	327.539794922
1.8401814059	328.107879639
1.84308390023	329.056854248
1.84598639456	330.199249268
1.84888888889	331.154296875
1.85179138322	332.112091064
1.85469387755	332.49597168
1.85759637188	332.49597168
1.86049886621	332.303955078
1.86340136054	331.920288086
1.86630385488	330.963043213
1.86920634921	329.818023682
1.87210884354	328.676940918
1.87501133787	327.729034424
1.8779138322	327.350646973
1.88081632653	327.350646973
1.88371882086	327.918395996
1.88662131519	328.487121582
1.88952380952	329.437225342
1.89242630385	330.390045166
1.89532879819	331.154296875
1.89823129252	331.728637695
1.90113378685	332.303955078
1.90403628118	333.072631836
1.90693877551	333.650299072
1.90984126984	334.035980225
1.91274376417	334.422088623
1.9156462585	334.422088623
1.91854875283	334.035980225
1.92145124717	333.650299072
1.9243537415	332.49597168
1.92725623583	331.154296875
1.93015873016	330.008575439
1.93306122449	329.056854248
1.93596371882	328.487121582
1.93886621315	328.487121582
1.94176870748	328.676940918
1.94467120181	328.866821289
1.94757369615	329.437225342
1.95047619048	329.818023682
1.95337868481	330.199249268
1.95628117914	330.580932617
1.95918367347	330.963043213
1.9620861678	331.345611572
1.96498866213	331.728637695
1.96789115646	332.112091064
1.97079365079	332.303955078
1.97369614512	332.49597168
1.97659863946	332.303955078
1.97950113379	332.112091064
1.98240362812	331.728637695
1.98530612245	330.771942139
1.98820861678	329.818023682
1.99111111111	329.056854248
1.99401360544	328.866821289
1.99691609977	328.866821289
1.9998185941	328.866821289
2.00272108844	328.866821289
2.00562358277	329.056854248
2.0085260771	329.24697876
2.01142857143	329.818023682
2.01433106576	330.008575439
2.01723356009	329.627563477
2.02013605442	331.537078857
2.02303854875	242.419128418
2.02594104308	245.377593994
2.02884353741	252.713638306
2.03174603175	256.389434814
2.03464852608	258.17276001
2.03755102041	259.668365479
2.04045351474	260.720397949
2.04335600907	261.474487305
2.0462585034	262.079315186
2.04916099773	262.533874512
2.05206349206	262.533874512
2.05496598639	262.230743408
2.05786848073	261.776733398
2.06077097506	261.323486328
2.06367346939	260.720397949
2.06657596372	260.118713379
2.06947845805	259.668365479
2.07238095238	259.668365479
2.07528344671	259.968505859
2.07818594104	260.419372559
2.08108843537	260.720397949
2.08399092971	261.021789551
2.08689342404	261.021789551
2.08979591837	260.871063232
2.0926984127	260.419372559
2.09560090703	259.968505859
2.09850340136	259.668365479
2.10140589569	259.368530273
2.10430839002	259.368530273
2.10721088435	259.5184021
2.11011337868	259.968505859
2.11301587302	260.269012451
2.11591836735	260.569854736
2.11882086168	260.871063232
2.12172335601	261.021789551
2.12462585034	261.323486328
2.12752834467	261.474487305
2.130430839	261.474487305
2.13333333333	261.474487305
2.13623582766	261.625579834
2.139138322	261.474487305
2.14204081633	261.474487305
2.14494331066	261.323486328
2.14784580499	261.172607422
2.15074829932	261.172607422
2.15365079365	261.021789551
2.15655328798	260.720397949
2.15945578231	260.720397949
2.16235827664	260.419372559
2.16526077098	260.118713379
2.16816326531	259.818389893
2.17106575964	259.668365479
2.17396825397	259.668365479
2.1768707483	259.818389893
2.17977324263	259.818389893
2.18267573696	259.818389893
2.18557823129	259.968505859
2.18848072562	259.968505859
2.19138321995	259.968505859
2.19428571429	259.968505859
2.19718820862	259.968505859
2.20009070295	259.968505859
2.20299319728	260.118713379
2.20589569161	260.269012451
2.20879818594	260.419372559
2.21170068027	260.419372559
2.2146031746	260.720397949
2.21750566893	260.871063232
2.22040816327	261.021789551
2.2233106576	261.323486328
2.22621315193	261.625579834
2.22911564626	261.927978516
2.23201814059	261.927978516
2.23492063492	262.079315186
2.23782312925	262.079315186
2.24072562358	262.230743408
2.24362811791	262.230743408
2.24653061224	262.230743408
2.24943310658	262.079315186
2.25233560091	262.079315186
2.25523809524	262.079315186
2.25814058957	262.079315186
2.2610430839	262.079315186
2.26394557823	261.927978516
2.26684807256	261.927978516
2.26975056689	261.776733398
2.27265306122	261.776733398
2.27555555556	261.625579834
2.27845804989	261.625579834
2.28136054422	261.474487305
2.28426303855	261.474487305
2.28716553288	261.474487305
2.29006802721	261.474487305
2.29297052154	261.474487305
2.29587301587	261.323486328
2.2987755102	261.323486328
2.30167800454	261.172607422
2.30458049887	260.871063232
2.3074829932	260.720397949
2.31038548753	260.419372559
2.31328798186	260.269012451
2.31619047619	260.269012451
2.31909297052	260.269012451
2.32199546485	260.269012451
2.32489795918	260.419372559
2.32780045351	260.569854736
2.33070294785	260.569854736
2.33360544218	260.720397949
2.33650793651	260.720397949
2.33941043084	260.871063232
2.34231292517	260.871063232
2.3452154195	261.021789551
2.34811791383	261.172607422
2.35102040816	261.172607422
2.35392290249	261.172607422
2.35682539683	261.323486328
2.35972789116	261.323486328
2.36263038549	261.323486328
2.36553287982	261.323486328
2.36843537415	261.323486328
2.37133786848	261.323486328
2.37424036281	261.323486328
2.37714285714	261.323486328
2.38004535147	261.172607422
2.3829478458	261.172607422
2.38585034014	261.021789551
2.38875283447	260.871063232
2.3916553288	260.871063232
2.39455782313	260.871063232
2.39746031746	260.871063232
2.40036281179	260.871063232
2.40326530612	260.871063232
2.40616780045	260.871063232
2.40907029478	260.871063232
2.41197278912	260.871063232
2.41487528345	260.871063232
2.41777777778	261.021789551
2.42068027211	261.021789551
2.42358276644	261.172607422
2.42648526077	261.323486328
2.4293877551	261.474487305
2.43229024943	261.474487305
2.43519274376	261.474487305
2.4380952381	261.323486328
2.44099773243	261.172607422
2.44390022676	261.021789551
2.44680272109	260.871063232
2.44970521542	260.720397949
2.45260770975	260.569854736
2.45551020408	260.419372559
2.45841269841	260.269012451
2.46131519274	260.118713379
2.46421768707	260.118713379
2.46712018141	260.118713379
2.47002267574	260.118713379
2.47292517007	260.269012451
2.4758276644	260.419372559
2.47873015873	260.419372559
2.48163265306	260.569854736
2.48453514739	260.720397949
2.48743764172	260.871063232
2.49034013605	261.021789551
2.49324263039	261.021789551
2.49614512472	261.021789551
2.49904761905	260.871063232
2.50195011338	260.720397949
2.50485260771	260.569854736
2.50775510204	260.419372559
2.51065759637	260.419372559
2.5135600907	260.269012451
2.51646258503	260.419372559
2.51936507937	260.269012451
2.5222675737	260.269012451
2.52517006803	260.118713379
2.52807256236	259.968505859
2.53097505669	259.818389893
2.53387755102	259.818389893
2.53678004535	259.818389893
2.53968253968	260.118713379
2.54258503401	260.269012451
2.54548752834	260.569854736
2.54839002268	260.720397949
2.55129251701	260.871063232
2.55419501134	260.871063232
2.55709750567	260.720397949
2.56	260.569854736
2.56290249433	260.269012451
2.56580498866	260.118713379
2.56870748299	260.269012451
2.57160997732	260.569854736
2.57451247166	260.720397949
2.57741496599	260.871063232
2.58031746032	261.021789551
2.58321995465	261.172607422
2.58612244898	261.172607422
2.58902494331	261.021789551
2.59192743764	261.021789551
2.59482993197	260.871063232
2.5977324263	260.871063232
2.60063492063	260.871063232
2.60353741497	261.021789551
2.6064399093	261.021789551
2.60934240363	261.172607422
2.61224489796	261.323486328
2.61514739229	261.474487305
2.61804988662	261.625579834
2.62095238095	261.474487305
2.62385487528	261.474487305
2.62675736961	261.323486328
2.62965986395	261.172607422
2.63256235828	261.021789551
2.63546485261	261.021789551
2.63836734694	261.021789551
2.64126984127	261.021789551
2.6441723356	260.871063232
2.64707482993	260.419372559
2.64997732426	260.118713379
2.65287981859	259.668365479
2.65578231293	256.537567139
2.65868480726	252.421859741
2.66158730159	250.099731445
2.66448979592	251.548553467
2.66739229025	301.224029541
2.67029478458	298.625396729
2.67319727891	296.220245361
2.67609977324	293.664764404
2.67900226757	291.804779053
2.6819047619	290.795227051
2.68480725624	290.627288818
2.68770975057	290.963226318
2.6906122449	291.636291504
2.69351473923	292.479766846
2.69641723356	293.156341553
2.69931972789	293.495178223
2.70222222222	293.325714111
2.70512471655	292.479766846
2.70802721088	291.46786499
2.71092970522	290.627288818
2.71383219955	289.789123535
2.71673469388	289.454559326
2.71963718821	289.956573486
2.72253968254	290.627288818
2.72544217687	291.299560547
2.7283446712	291.973388672
2.73124716553	292.479766846
2.73414965986	292.648773193
2.7370521542	292.817840576
2.73995464853	292.987030029
2.74285714286	292.817840576
2.74575963719	292.648773193
2.74866213152	292.310882568
2.75156462585	292.142089844
2.75446712018	292.142089844
2.75736961451	292.142089844
2.76027210884	292.310882568
2.76317460317	292.817840576
2.76607709751	293.325714111
2.76897959184	293.834442139
2.77188208617	294.174102783
2.7747845805	294.344055176
2.77768707483	294.344055176
2.78058956916	294.174102783
2.78349206349	294.004211426
2.78639455782	293.664764404
2.78929705215	293.495178223
2.79219954649	293.325714111
2.79510204082	293.156341553
2.79800453515	293.156341553
2.80090702948	293.156341553
2.80380952381	293.495178223
2.80671201814	293.834442139
2.80961451247	294.174102783
2.8125170068	294.514129639
2.81541950113	294.684295654
2.81832199546	294.514129639
2.8212244898	294.174102783
2.82412698413	293.664764404
2.82702947846	292.987030029
2.82993197279	292.648773193
2.83283446712	292.648773193
2.83573696145	292.987030029
2.83863945578	293.664764404
2.84154195011	294.174102783
2.84444444444	294.514129639
2.84734693878	294.514129639
2.85024943311	294.344055176
2.85315192744	293.834442139
2.85605442177	293.325714111
2.8589569161	292.648773193
2.86185941043	292.142089844
2.86476190476	291.973388672
2.86766439909	291.973388672
2.87056689342	291.973388672
2.87346938776	292.142089844
2.87637188209	292.648773193
2.87927437642	293.156341553
2.88217687075	293.834442139
2.88507936508	294.344055176
2.88798185941	294.684295654
2.89088435374	295.195404053
2.89378684807	295.195404053
2.8966893424	295.024932861
2.89959183673	294.684295654
2.90249433107	294.344055176
2.9053968254	293.834442139
2.90829931973	293.495178223
2.91120181406	293.495178223
2.91410430839	293.664764404
2.91700680272	293.834442139
2.91990929705	294.004211426
2.92281179138	294.174102783
2.92571428571	294.174102783
2.92861678005	294.004211426
2.93151927438	293.834442139
2.93442176871	293.495178223
2.93732426304	293.156341553
2.94022675737	292.817840576
2.9431292517	292.479766846
2.94603174603	292.310882568
2.94893424036	292.142089844
2.95183673469	292.142089844
2.95473922902	292.142089844
2.95764172336	292.310882568
2.96054421769	292.310882568
2.96344671202	292.142089844
2.96634920635	291.299560547
2.96925170068	291.131347656
2.97215419501	294.854553223
2.97505668934	260.871063232
2.97795918367	258.023681641
2.980861678	257.428222656
2.98376417234	258.17276001
2.98666666667	259.818389893
2.989569161	262.382263184
2.99247165533	265.277709961
2.99537414966	266.04498291
2.99827664399	265.430999756
3.00117913832	263.90222168
3.00408163265	262.382263184
3.00698412698	260.720397949
3.00988662132	259.668365479
3.01278911565	259.069091797
3.01569160998	259.069091797
3.01859410431	259.668365479
3.02149659864	260.569854736
3.02439909297	261.172607422
3.0273015873	261.474487305
3.03020408163	261.172607422
3.03310657596	260.720397949
3.03600907029	260.269012451
3.03891156463	259.818389893
3.04181405896	259.5184021
3.04471655329	259.668365479
3.04761904762	259.818389893
3.05052154195	259.818389893
3.05342403628	259.818389893
3.05632653061	259.818389893
3.05922902494	259.818389893
3.06213151927	260.118713379
3.06503401361	260.569854736
3.06793650794	261.172607422
3.07083900227	261.927978516
3.0737414966	262.533874512
3.07664399093	262.685546875
3.07954648526	262.533874512
3.08244897959	262.079315186
3.08535147392	261.474487305
3.08825396825	260.871063232
3.09115646259	260.419372559
3.09405895692	260.269012451
3.09696145125	260.269012451
3.09986394558	260.419372559
3.10276643991	260.569854736
3.10566893424	260.720397949
3.10857142857	260.720397949
3.1114739229	260.419372559
3.11437641723	259.818389893
3.11727891156	259.218780518
3.1201814059	259.069091797
3.12308390023	259.069091797
3.12598639456	259.368530273
3.12888888889	259.968505859
3.13179138322	260.720397949
3.13469387755	261.172607422
3.13759637188	261.021789551
3.14049886621	260.569854736
3.14340136054	260.118713379
3.14630385488	259.5184021
3.14920634921	259.368530273
3.15210884354	259.368530273
3.15501133787	259.968505859
3.1579138322	260.871063232
3.16081632653	261.474487305
3.16371882086	262.079315186
3.16662131519	262.230743408
3.16952380952	262.079315186
3.17242630385	261.776733398
3.17532879819	261.474487305
3.17823129252	261.323486328
3.18113378685	261.172607422
3.18403628118	261.474487305
3.18693877551	261.927978516
3.18984126984	262.533874512
3.19274376417	263.141143799
3.1956462585	263.4453125
3.19854875283	263.293182373
3.20145124717	262.837341309
3.2043537415	262.230743408
3.20725623583	261.474487305
3.21015873016	260.871063232
3.21306122449	260.569854736
3.21596371882	260.720397949
3.21886621315	261.172607422
3.22176870748	261.927978516
3.22467120181	262.533874512
3.22757369615	262.837341309
3.23047619048	262.837341309
3.23337868481	262.382263184
3.23628117914	261.474487305
3.23918367347	260.720397949
3.2420861678	260.118713379
3.24498866213	259.968505859
3.24789115646	260.118713379
3.25079365079	260.569854736
3.25369614512	261.172607422
3.25659863946	261.776733398
3.25950113379	261.776733398
3.26240362812	261.021789551
3.26530612245	260.118713379
3.26820861678	259.368530273
3.27111111111	258.769958496
3.27401360544	258.471191406
3.27691609977	258.620544434
3.2798185941	258.919494629
3.28272108844	259.668365479
3.28562358277	260.569854736
3.2885260771	261.172607422
3.29142857143	261.323486328
3.29433106576	260.720397949
3.29723356009	258.769958496
3.30013605442	248.65927124
3.30303854875	246.371749878
3.30594104308	244.387451172
3.30884353741	244.528656006
3.31174603175	244.246322632
3.31464852608	244.105285645
3.31755102041	244.669937134
3.32045351474	247.655883789
3.32335600907	250.8230896
3.3262585034	250.8230896
3.32916099773	250.244232178
3.33206349206	249.52255249
3.33496598639	248.802932739
3.33786848073	247.798965454
3.34077097506	245.235900879
3.34367346939	245.80317688
3.34657596372	245.94519043
3.34947845805	245.80317688
3.35238095238	244.528656006
3.35528344671	245.519378662
3.35818594104	249.090530396
3.36108843537	249.52255249
3.36399092971	249.52255249
3.36689342404	249.378463745
3.36979591837	248.94670105
3.3726984127	248.515670776
3.37560090703	248.085403442
3.37850340136	247.798965454
3.38140589569	247.512863159
3.38430839002	247.369934082
3.38721088435	247.227096558
3.39011337868	247.084335327
3.39301587302	247.084335327
3.39591836735	247.084335327
3.39882086168	247.084335327
3.40172335601	246.941650391
3.40462585034	246.656539917
3.40752834467	246.371749878
3.410430839	245.94519043
3.41333333333	245.661224365
3.41623582766	245.519378662
3.419138322	245.377593994
3.42204081633	245.377593994
3.42494331066	245.661224365
3.42784580499	245.80317688
3.43074829932	245.94519043
3.43365079365	246.087295532
3.43655328798	246.371749878
3.43945578231	246.656539917
3.44235827664	246.799057007
3.44526077098	247.084335327
3.44816326531	247.227096558
3.45106575964	247.227096558
3.45396825397	247.084335327
3.4568707483	247.084335327
3.45977324263	246.941650391
3.46267573696	246.514099121
3.46557823129	246.371749878
3.46848072562	246.087295532
3.47138321995	245.94519043
3.47428571429	245.80317688
3.47718820862	245.94519043
3.48009070295	245.94519043
3.48299319728	245.80317688
3.48589569161	245.80317688
3.48879818594	245.80317688
3.49170068027	245.80317688
3.4946031746	245.80317688
3.49750566893	246.087295532
3.50040816327	246.371749878
3.5033106576	246.514099121
3.50621315193	246.656539917
3.50911564626	246.799057007
3.51201814059	246.371749878
3.51492063492	245.661224365
3.51782312925	245.235900879
3.52072562358	244.952758789
3.52362811791	244.952758789
3.52653061224	244.952758789
3.52943310658	245.235900879
3.53233560091	245.519378662
3.53523809524	246.087295532
3.53814058957	246.656539917
3.5410430839	247.227096558
3.54394557823	247.512863159
3.54684807256	247.798965454
3.54975056689	247.798965454
3.55265306122	247.798965454
3.55555555556	247.655883789
3.55845804989	247.512863159
3.56136054422	247.227096558
3.56426303855	247.084335327
3.56716553288	246.799057007
3.57006802721	246.514099121
3.57297052154	246.371749878
3.57587301587	245.94519043
3.5787755102	245.377593994
3.58167800454	245.094284058
3.58458049887	245.80317688
3.5874829932	245.094284058
3.59038548753	243.823440552
3.59328798186	243.823440552
3.59619047619	294.004211426
3.59909297052	292.142089844
3.60199546485	290.963226318
3.60489795918	290.459472656
3.60780045351	290.291748047
3.61070294785	290.795227051
3.61360544218	291.804779053
3.61650793651	292.479766846
3.61941043084	292.987030029
3.62231292517	292.987030029
3.6252154195	292.310882568
3.62811791383	291.299560547
3.63102040816	290.459472656
3.63392290249	290.12411499
3.63682539683	290.459472656
3.63972789116	291.299560547
3.64263038549	291.973388672
3.64553287982	292.479766846
3.64843537415	292.310882568
3.65133786848	291.804779053
3.65424036281	290.963226318
3.65714285714	290.12411499
3.66004535147	290.12411499
3.6629478458	290.963226318
3.66585034014	292.310882568
3.66875283447	293.325714111
3.6716553288	293.664764404
3.67455782313	293.495178223
3.67746031746	292.817840576
3.68036281179	291.973388672
3.68326530612	291.299560547
3.68616780045	291.636291504
3.68907029478	292.817840576
3.69197278912	293.834442139
3.69487528345	294.344055176
3.69777777778	294.514129639
3.70068027211	294.514129639
3.70358276644	294.004211426
3.70648526077	293.495178223
3.7093877551	293.325714111
3.71229024943	293.156341553
3.71519274376	293.156341553
3.7180952381	293.156341553
3.72099773243	292.817840576
3.72390022676	292.142089844
3.72680272109	292.142089844
3.72970521542	293.495178223
3.73260770975	294.344055176
3.73551020408	294.684295654
3.73841269841	294.684295654
3.74131519274	294.684295654
3.74421768707	293.834442139
3.74712018141	291.973388672
3.75002267574	291.131347656
3.75292517007	291.804779053
3.7558276644	292.817840576
3.75873015873	293.664764404
3.76163265306	294.344055176
3.76453514739	294.854553223
3.76743764172	295.024932861
3.77034013605	295.024932861
3.77324263039	294.344055176
3.77614512472	293.834442139
3.77904761905	293.156341553
3.78195011338	292.648773193
3.78485260771	292.142089844
3.78775510204	291.804779053
3.79065759637	291.973388672
3.7935600907	292.310882568
3.79646258503	292.648773193
3.79936507937	292.817840576
3.8022675737	293.325714111
3.80517006803	293.834442139
3.80807256236	294.514129639
3.81097505669	294.854553223
3.81387755102	295.024932861
3.81678004535	295.024932861
3.81968253968	294.854553223
3.82258503401	294.514129639
3.82548752834	294.004211426
3.82839002268	293.664764404
3.83129251701	293.495178223
3.83419501134	293.664764404
3.83709750567	293.834442139
3.84	293.664764404
3.84290249433	293.664764404
3.84580498866	293.664764404
3.84870748299	293.834442139
3.85160997732	294.174102783
3.85451247166	294.514129639
3.85741496599	294.344055176
3.86031746032	293.834442139
3.86321995465	293.156341553
3.86612244898	291.973388672
3.86902494331	290.963226318
3.87192743764	290.795227051
3.87482993197	291.636291504
3.8777324263	292.479766846
3.88063492063	292.987030029
3.88353741497	293.325714111
3.8864399093	293.325714111
3.88934240363	293.664764404
3.89224489796	294.004211426
3.89514739229	294.174102783
3.89804988662	294.004211426
3.90095238095	293.664764404
3.90385487528	292.987030029
3.90675736961	291.131347656
3.90965986395	285.469543457
3.91256235828	266.660400391
3.91546485261	264.054718018
3.91836734694	262.533874512
3.92126984127	261.474487305
3.9241723356	260.871063232
3.92707482993	260.871063232
3.92997732426	261.021789551
3.93287981859	261.323486328
3.93578231293	261.927978516
3.93868480726	262.230743408
3.94158730159	262.079315186
3.94448979592	261.776733398
3.94739229025	261.021789551
3.95029478458	260.569854736
3.95319727891	260.269012451
3.95609977324	260.269012451
3.95900226757	260.419372559
3.9619047619	260.569854736
3.96480725624	260.720397949
3.96770975057	260.569854736
3.9706122449	260.269012451
3.97351473923	259.668365479
3.97641723356	259.218780518
3.97931972789	259.069091797
3.98222222222	259.218780518
3.98512471655	259.5184021
3.98802721088	260.118713379
3.99092970522	260.569854736
3.99383219955	261.021789551
3.99673469388	261.172607422
3.99963718821	261.021789551
4.00253968254	260.720397949
4.00544217687	260.569854736
4.0083446712	260.720397949
4.01124716553	260.871063232
4.01414965986	261.323486328
4.0170521542	261.927978516
4.01995464853	262.230743408
4.02285714286	262.382263184
4.02575963719	262.382263184
4.02866213152	261.927978516
4.03156462585	261.323486328
4.03446712018	260.720397949
4.03736961451	260.118713379
4.04027210884	259.818389893
4.04317460317	259.5184021
4.04607709751	259.5184021
4.04897959184	259.818389893
4.05188208617	259.968505859
4.0547845805	260.118713379
4.05768707483	260.118713379
4.06058956916	259.818389893
4.06349206349	259.5184021
4.06639455782	259.069091797
4.06929705215	259.069091797
4.07219954649	259.218780518
4.07510204082	259.668365479
4.07800453515	260.269012451
4.08090702948	260.720397949
4.08380952381	260.720397949
4.08671201814	260.720397949
4.08961451247	260.569854736
4.0925170068	260.419372559
4.09541950113	260.569854736
4.09832199546	260.871063232
4.1012244898	261.323486328
4.10412698413	261.927978516
4.10702947846	262.533874512
4.10993197279	262.837341309
4.11283446712	262.989196777
4.11573696145	262.685546875
4.11863945578	262.230743408
4.12154195011	261.776733398
4.12444444444	261.474487305
4.12734693878	261.323486328
4.13024943311	261.323486328
4.13315192744	261.625579834
4.13605442177	261.927978516
4.1389569161	262.230743408
4.14185941043	262.533874512
4.14476190476	262.533874512
4.14766439909	262.382263184
4.15056689342	262.079315186
4.15346938776	261.625579834
4.15637188209	261.172607422
4.15927437642	261.021789551
4.16217687075	260.871063232
4.16507936508	261.172607422
4.16798185941	261.474487305
4.17088435374	261.927978516
4.17378684807	262.230743408
4.1766893424	262.230743408
4.17959183673	261.776733398
4.18249433107	260.871063232
4.1853968254	260.269012451
4.18829931973	259.668365479
4.19120181406	259.5184021
4.19410430839	259.668365479
4.19700680272	260.118713379
4.19990929705	260.569854736
4.20281179138	261.172607422
4.20571428571	261.323486328
4.20861678005	261.172607422
4.21151927438	260.871063232
4.21442176871	260.419372559
4.21732426304	260.269012451
4.22022675737	260.269012451
4.2231292517	260.569854736
4.22603174603	261.172607422
4.22893424036	261.776733398
4.23183673469	262.230743408
4.23473922902	262.382263184
4.23764172336	262.079315186
4.24054421769	261.625579834
4.24344671202	261.172607422
4.24634920635	260.720397949
4.24925170068	260.569854736
4.25215419501	260.569854736
4.25505668934	260.871063232
4.25795918367	261.172607422
4.260861678	261.474487305
4.26376417234	261.776733398
4.26666666667	261.625579834
4.269569161	261.323486328
4.27247165533	260.871063232
4.27537414966	260.569854736
4.27827664399	260.269012451
4.28117913832	260.269012451
4.28408163265	260.419372559
4.28698412698	260.720397949
4.28988662132	261.172607422
4.29278911565	261.625579834
4.29569160998	261.927978516
4.29859410431	261.927978516
4.30149659864	261.776733398
4.30439909297	261.323486328
4.3073015873	260.871063232
4.31020408163	260.720397949
4.31310657596	260.720397949
4.31600907029	260.871063232
4.31891156463	261.172607422
4.32181405896	261.625579834
4.32471655329	261.625579834
4.32761904762	261.625579834
4.33052154195	261.021789551
4.33342403628	260.569854736
4.33632653061	260.118713379
4.33922902494	259.668365479
4.34213151927	259.5184021
4.34503401361	259.818389893
4.34793650794	260.269012451
4.35083900227	260.720397949
4.3537414966	261.172607422
4.35664399093	261.474487305
4.35954648526	261.474487305
4.36244897959	261.172607422
4.36535147392	260.871063232
4.36825396825	260.569854736
4.37115646259	260.419372559
4.37405895692	260.419372559
4.37696145125	260.569854736
4.37986394558	261.021789551
4.38276643991	261.323486328
4.38566893424	261.323486328
4.38857142857	261.021789551
4.3914739229	260.569854736
4.39437641723	260.118713379
4.39727891156	259.668365479
4.4001814059	259.5184021
4.40308390023	259.5184021
4.40598639456	259.818389893
4.40888888889	260.269012451
4.41179138322	260.720397949
4.41469387755	260.871063232
4.41759637188	260.871063232
4.42049886621	260.569854736
4.42340136054	260.269012451
4.42630385488	260.118713379
4.42920634921	260.118713379
4.43210884354	260.118713379
4.43501133787	260.269012451
4.4379138322	260.569854736
4.44081632653	261.021789551
4.44371882086	261.323486328
4.44662131519	261.323486328
4.44952380952	261.323486328
4.45242630385	261.172607422
4.45532879819	260.720397949
4.45823129252	260.419372559
4.46113378685	260.269012451
4.46403628118	260.269012451
4.46693877551	260.419372559
4.46984126984	261.021789551
4.47274376417	261.474487305
4.4756462585	261.927978516
4.47854875283	261.927978516
4.48145124717	261.776733398
4.4843537415	261.323486328
4.48725623583	261.021789551
4.49015873016	260.569854736
4.49306122449	260.569854736
4.49596371882	260.569854736
4.49886621315	260.871063232
4.50176870748	261.474487305
4.50467120181	261.927978516
4.50757369615	262.079315186
4.51047619048	261.927978516
4.51337868481	261.625579834
4.51628117914	261.021789551
4.51918367347	260.569854736
4.5220861678	260.419372559
4.52498866213	260.269012451
4.52789115646	260.569854736
4.53079365079	260.871063232
4.53369614512	261.021789551
4.53659863946	261.323486328
4.53950113379	261.323486328
4.54240362812	261.172607422
4.54530612245	260.871063232
4.54820861678	260.569854736
4.55111111111	260.569854736
4.55401360544	260.419372559
4.55691609977	260.419372559
4.5598185941	260.569854736
4.56272108844	260.720397949
4.56562358277	260.871063232
4.5685260771	261.172607422
4.57142857143	261.172607422
4.57433106576	261.021789551
4.57723356009	260.871063232
4.58013605442	260.720397949
4.58303854875	260.569854736
4.58594104308	260.569854736
4.58884353741	260.720397949
4.59174603175	260.871063232
4.59464852608	261.021789551
4.59755102041	261.474487305
4.60045351474	261.625579834
4.60335600907	261.776733398
4.6062585034	261.776733398
4.60916099773	261.625579834
4.61206349206	261.474487305
4.61496598639	261.323486328
4.61786848073	261.172607422
4.62077097506	261.323486328
4.62367346939	261.474487305
4.62657596372	261.625579834
4.62947845805	261.776733398
4.63238095238	261.776733398
4.63528344671	261.776733398
4.63818594104	261.474487305
4.64108843537	261.172607422
4.64399092971	260.720397949
4.64689342404	260.569854736
4.64979591837	260.569854736
4.6526984127	260.720397949
4.65560090703	261.021789551
4.65850340136	261.323486328
4.66140589569	261.474487305
4.66430839002	261.474487305
4.66721088435	261.474487305
4.67011337868	261.172607422
4.67301587302	261.172607422
4.67591836735	260.871063232
4.67882086168	260.871063232
4.68172335601	260.871063232
4.68462585034	261.021789551
4.68752834467	261.172607422
4.690430839	261.323486328
4.69333333333	261.474487305
4.69623582766	261.474487305
4.699138322	261.474487305
4.70204081633	261.625579834
4.70494331066	261.625579834
4.70784580499	261.625579834
4.71074829932	261.474487305
4.71365079365	261.323486328
4.71655328798	261.172607422
4.71945578231	261.021789551
4.72235827664	261.021789551
4.72526077098	261.021789551
4.72816326531	261.172607422
4.73106575964	261.172607422
4.73396825397	261.323486328
4.7368707483	261.172607422
4.73977324263	261.172607422
4.74267573696	261.021789551
4.74557823129	261.172607422
4.74848072562	261.172607422
4.75138321995	261.172607422
4.75428571429	261.172607422
4.75718820862	261.323486328
4.76009070295	261.172607422
4.76299319728	261.323486328
4.76589569161	261.474487305
4.76879818594	261.474487305
4.77170068027	261.625579834
4.7746031746	261.625579834
4.77750566893	261.625579834
4.78040816327	261.474487305
4.7833106576	261.323486328
4.78621315193	261.323486328
4.78911564626	261.323486328
4.79201814059	261.323486328
4.79492063492	261.474487305
4.79782312925	261.625579834
4.80072562358	261.625579834
4.80362811791	261.776733398
4.80653061224	261.776733398
4.80943310658	261.776733398
4.81233560091	261.625579834
4.81523809524	261.323486328
4.81814058957	261.172607422
4.8210430839	260.871063232
4.82394557823	260.720397949
4.82684807256	260.569854736
4.82975056689	260.569854736
4.83265306122	260.720397949
4.83555555556	260.871063232
4.83845804989	261.172607422
4.84136054422	261.474487305
4.84426303855	261.625579834
4.84716553288	261.776733398
4.85006802721	261.776733398
4.85297052154	261.927978516
4.85587301587	262.079315186
4.8587755102	262.230743408
4.86167800454	262.382263184
4.86458049887	262.382263184
4.8674829932	262.230743408
4.87038548753	261.927978516
4.87328798186	261.776733398
4.87619047619	261.474487305
4.87909297052	261.323486328
4.88199546485	261.172607422
4.88489795918	261.323486328
4.88780045351	261.323486328
4.89070294785	261.625579834
4.89360544218	261.776733398
4.89650793651	261.776733398
4.89941043084	261.776733398
4.90231292517	261.625579834
4.9052154195	261.474487305
4.90811791383	261.323486328
4.91102040816	261.323486328
4.91392290249	261.323486328
4.91682539683	261.172607422
4.91972789116	261.021789551
4.92263038549	260.871063232
4.92553287982	260.871063232
4.92843537415	260.871063232
4.93133786848	261.021789551
4.93424036281	261.172607422
4.93714285714	261.625579834
4.94004535147	261.927978516
4.9429478458	262.230743408
4.94585034014	262.533874512
4.94875283447	262.685546875
4.9516553288	262.837341309
4.95455782313	262.837341309
4.95746031746	262.989196777
4.96036281179	263.141143799
4.96326530612	263.141143799
4.96616780045	262.989196777
4.96907029478	262.685546875
4.97197278912	262.533874512
4.97487528345	262.382263184
4.97777777778	262.533874512
4.98068027211	262.989196777
4.98358276644	0.0
4.98648526077	0.0
4.9893877551	0.0
4.99229024943	0.0
4.99519274376	0.0
4.9980952381	0.0
5.00099773243	0.0
5.00390022676	0.0
5.00680272109	0.0
5.00970521542	0.0
5.01260770975	0.0
5.01551020408	0.0
5.01841269841	0.0
5.02131519274	0.0
5.02421768707	0.0
5.02712018141	0.0
5.03002267574	0.0
5.03292517007	0.0
5.0358276644	0.0
5.03873015873	0.0
5.04163265306	0.0
5.04453514739	0.0
5.04743764172	0.0
5.05034013605	0.0
5.05324263039	0.0
5.05614512472	0.0
5.05904761905	0.0
5.06195011338	0.0
5.06485260771	0.0
5.06775510204	0.0
5.07065759637	0.0
5.0735600907	0.0
5.07646258503	0.0
5.07936507937	0.0
5.0822675737	0.0
5.08517006803	0.0
5.08807256236	0.0
5.09097505669	0.0
5.09387755102	0.0
5.09678004535	0.0
5.09968253968	0.0
5.10258503401	0.0
5.10548752834	0.0
5.10839002268	0.0
5.11129251701	0.0
5.11419501134	0.0
5.11709750567	0.0
5.12	0.0
5.12290249433	0.0
5.12580498866	0.0
5.12870748299	0.0
5.13160997732	0.0
5.13451247166	0.0
5.13741496599	0.0
5.14031746032	0.0
5.14321995465	0.0
5.14612244898	0.0
5.14902494331	0.0
5.15192743764	0.0
5.15482993197	0.0
5.1577324263	0.0
5.16063492063	0.0
5.16353741497	0.0
5.1664399093	0.0
5.16934240363	0.0
5.17224489796	0.0
5.17514739229	0.0
5.17804988662	0.0
5.18095238095	0.0
5.18385487528	0.0
5.18675736961	0.0
5.18965986395	0.0
5.19256235828	0.0
5.19546485261	0.0
5.19836734694	0.0
5.20126984127	0.0
5.2041723356	0.0
5.20707482993	0.0
5.20997732426	0.0
5.21287981859	0.0
5.21578231293	0.0
5.21868480726	0.0
5.22158730159	0.0
5.22448979592	0.0
5.22739229025	0.0
5.23029478458	0.0
5.23319727891	0.0
5.23609977324	0.0
5.23900226757	0.0
5.2419047619	0.0
5.24480725624	0.0
5.24770975057	0.0
5.2506122449	0.0
5.25351473923	0.0
5.25641723356	0.0
5.25931972789	0.0
5.26222222222	0.0
5.26512471655	0.0
5.26802721088	0.0
5.27092970522	0.0
5.27383219955	0.0
5.27673469388	0.0
5.27963718821	0.0
5.28253968254	0.0
5.28544217687	0.0
5.2883446712	0.0
5.29124716553	0.0
5.29414965986	0.0
5.2970521542	0.0
5.29995464853	0.0
5.30285714286	0.0
5.30575963719	0.0
5.30866213152	0.0
5.31156462585	0.0
5.31446712018	0.0
5.31736961451	0.0
5.32027210884	0.0
5.32317460317	0.0
5.32607709751	0.0
5.32897959184	0.0
5.33188208617	0.0
5.3347845805	0.0
5.33768707483	0.0
5.34058956916	0.0
5.34349206349	0.0
5.34639455782	0.0
