0.0	0.0
0.00290249433107	0.0
0.00580498866213	0.0
0.0087074829932	0.0
0.0116099773243	0.0
0.0145124716553	0.0
0.0174149659864	258.919494629
0.0203174603175	259.668365479
0.0232199546485	260.419372559
0.0261224489796	261.021789551
0.0290249433107	261.625579834
0.0319274376417	261.625579834
0.0348299319728	262.079315186
0.0377324263039	263.90222168
0.0406349206349	265.737823486
0.043537414966	265.277709961
0.0464399092971	263.749847412
0.0493424036281	261.927978516
0.0522448979592	260.269012451
0.0551473922902	259.368530273
0.0580498866213	259.069091797
0.0609523809524	259.069091797
0.0638548752834	259.218780518
0.0667573696145	259.5184021
0.0696598639456	259.818389893
0.0725623582766	259.818389893
0.0754648526077	259.968505859
0.0783673469388	259.968505859
0.0812698412698	259.818389893
0.0841723356009	259.668365479
0.087074829932	259.368530273
0.089977324263	259.218780518
0.0928798185941	258.919494629
0.0957823129252	258.919494629
0.0986848072562	259.069091797
0.101587301587	259.069091797
0.104489795918	259.069091797
0.107392290249	258.919494629
0.11029478458	258.620544434
0.113197278912	258.620544434
0.116099773243	258.769958496
0.119002267574	258.919494629
0.121904761905	259.069091797
0.124807256236	259.069091797
0.127709750567	258.919494629
0.130612244898	258.769958496
0.133514739229	258.769958496
0.13641723356	258.769958496
0.139319727891	259.069091797
0.142222222222	259.368530273
0.145124716553	259.668365479
0.148027210884	259.818389893
0.150929705215	259.968505859
0.153832199546	260.118713379
0.156734693878	260.118713379
0.159637188209	259.968505859
0.16253968254	259.818389893
0.165442176871	259.668365479
0.168344671202	259.668365479
0.171247165533	259.5184021
0.174149659864	259.368530273
0.177052154195	259.368530273
0.179954648526	259.368530273
0.182857142857	259.218780518
0.185759637188	259.218780518
0.188662131519	259.069091797
0.19156462585	259.069091797
0.194467120181	259.218780518
0.197369614512	259.218780518
0.200272108844	259.368530273
0.203174603175	259.668365479
0.206077097506	259.818389893
0.208979591837	260.118713379
0.211882086168	260.419372559
0.214784580499	260.419372559
0.21768707483	260.569854736
0.220589569161	260.419372559
0.223492063492	260.569854736
0.226394557823	260.419372559
0.229297052154	260.419372559
0.232199546485	260.269012451
0.235102040816	260.419372559
0.238004535147	260.419372559
0.240907029478	260.569854736
0.24380952381	260.720397949
0.246712018141	260.871063232
0.249614512472	260.871063232
0.252517006803	261.021789551
0.255419501134	261.021789551
0.258321995465	260.871063232
0.261224489796	260.871063232
0.264126984127	260.720397949
0.267029478458	260.720397949
0.269931972789	260.569854736
0.27283446712	260.569854736
0.275736961451	260.419372559
0.278639455782	260.419372559
0.281541950113	260.419372559
0.284444444444	260.269012451
0.287346938776	260.269012451
0.290249433107	260.118713379
0.293151927438	260.118713379
0.296054421769	260.118713379
0.2989569161	260.269012451
0.301859410431	260.419372559
0.304761904762	260.419372559
0.307664399093	260.419372559
0.310566893424	260.569854736
0.313469387755	260.720397949
0.316371882086	260.871063232
0.319274376417	261.021789551
0.322176870748	261.021789551
0.325079365079	261.172607422
0.32798185941	261.172607422
0.330884353741	261.172607422
0.333786848073	261.172607422
0.336689342404	261.172607422
0.339591836735	261.172607422
0.342494331066	261.172607422
0.345396825397	261.172607422
0.348299319728	261.172607422
0.351201814059	261.021789551
0.35410430839	261.021789551
0.357006802721	261.021789551
0.359909297052	260.871063232
0.362811791383	260.871063232
0.365714285714	260.720397949
0.368616780045	260.720397949
0.371519274376	260.720397949
0.374421768707	260.720397949
0.377324263039	260.871063232
0.38022675737	260.871063232
0.383129251701	260.871063232
0.386031746032	260.871063232
0.388934240363	260.720397949
0.391836734694	260.720397949
0.394739229025	260.720397949
0.397641723356	260.871063232
0.400544217687	261.021789551
0.403446712018	261.021789551
0.406349206349	261.021789551
0.40925170068	260.419372559
0.412154195011	259.968505859
0.415056689342	259.818389893
0.417959183673	259.968505859
0.420861678005	260.419372559
0.423764172336	327.918395996
0.426666666667	329.056854248
0.429569160998	329.437225342
0.432471655329	330.008575439
0.43537414966	330.199249268
0.438276643991	330.199249268
0.441179138322	330.008575439
0.444081632653	329.24697876
0.446984126984	328.297454834
0.449886621315	327.161621094
0.452789115646	326.218109131
0.455691609977	325.653289795
0.458594104308	325.465240479
0.461496598639	325.465240479
0.464399092971	325.841461182
0.467301587302	326.218109131
0.470204081633	326.783874512
0.473106575964	327.539794922
0.476009070295	327.729034424
0.478911564626	327.539794922
0.481814058957	327.350646973
0.484716553288	327.539794922
0.487619047619	327.729034424
0.49052154195	327.918395996
0.493424036281	328.107879639
0.496326530612	328.107879639
0.499229024943	328.297454834
0.502131519274	328.297454834
0.505034013605	328.107879639
0.507936507937	327.729034424
0.510839002268	327.350646973
0.513741496599	327.539794922
0.51664399093	327.539794922
0.519546485261	327.918395996
0.522448979592	327.918395996
0.525351473923	327.729034424
0.528253968254	327.539794922
0.531156462585	327.350646973
0.534058956916	327.539794922
0.536961451247	327.350646973
0.539863945578	327.350646973
0.542766439909	327.350646973
0.54566893424	327.729034424
0.548571428571	327.918395996
0.551473922902	328.107879639
0.554376417234	328.107879639
0.557278911565	328.107879639
0.560181405896	328.297454834
0.563083900227	328.676940918
0.565986394558	328.866821289
0.568888888889	329.056854248
0.57179138322	329.24697876
0.574693877551	329.24697876
0.577596371882	329.24697876
0.580498866213	329.24697876
0.583401360544	329.056854248
0.586303854875	328.866821289
0.589206349206	328.866821289
0.592108843537	328.866821289
0.595011337868	328.676940918
0.5979138322	328.676940918
0.600816326531	328.487121582
0.603718820862	328.676940918
0.606621315193	328.866821289
0.609523809524	328.866821289
0.612426303855	329.056854248
0.615328798186	329.056854248
0.618231292517	329.24697876
0.621133786848	329.24697876
0.624036281179	329.056854248
0.62693877551	328.676940918
0.629841269841	328.487121582
0.632743764172	328.297454834
0.635646258503	328.297454834
0.638548752834	328.107879639
0.641451247166	327.918395996
0.644353741497	327.918395996
0.647256235828	327.918395996
0.650158730159	327.918395996
0.65306122449	327.729034424
0.655963718821	327.729034424
0.658866213152	327.539794922
0.661768707483	327.539794922
0.664671201814	327.729034424
0.667573696145	327.918395996
0.670476190476	327.918395996
0.673378684807	327.918395996
0.676281179138	327.918395996
0.679183673469	327.918395996
0.6820861678	327.918395996
0.684988662132	327.729034424
0.687891156463	327.729034424
0.690793650794	327.729034424
0.693696145125	327.539794922
0.696598639456	327.539794922
0.699501133787	327.729034424
0.702403628118	327.729034424
0.705306122449	327.539794922
0.70820861678	327.539794922
0.711111111111	327.539794922
0.714013605442	327.539794922
0.716916099773	327.539794922
0.719818594104	327.729034424
0.722721088435	327.918395996
0.725623582766	327.918395996
0.728526077098	328.107879639
0.731428571429	327.918395996
0.73433106576	327.918395996
0.737233560091	327.918395996
0.740136054422	327.729034424
0.743038548753	327.729034424
0.745941043084	327.729034424
0.748843537415	327.539794922
0.751746031746	327.539794922
0.754648526077	327.539794922
0.757551020408	327.539794922
0.760453514739	327.539794922
0.76335600907	327.539794922
0.766258503401	327.539794922
0.769160997732	327.539794922
0.772063492063	327.729034424
0.774965986395	327.729034424
0.777868480726	327.918395996
0.780770975057	327.729034424
0.783673469388	327.539794922
0.786575963719	326.972686768
0.78947845805	325.841461182
0.792380952381	324.901763916
0.795283446712	322.098846436
0.798185941043	288.953399658
0.801088435374	293.664764404
0.803990929705	293.325714111
0.806893424036	292.142089844
0.809795918367	291.46786499
0.812698412698	290.963226318
0.815600907029	290.627288818
0.818503401361	290.459472656
0.821405895692	290.627288818
0.824308390023	290.795227051
0.827210884354	291.131347656
0.830113378685	291.636291504
0.833015873016	291.973388672
0.835918367347	292.310882568
0.838820861678	292.310882568
0.841723356009	292.310882568
0.84462585034	292.310882568
0.847528344671	292.310882568
0.850430839002	292.479766846
0.853333333333	292.479766846
0.856235827664	292.479766846
0.859138321995	292.479766846
0.862040816327	292.310882568
0.864943310658	291.973388672
0.867845804989	291.804779053
0.87074829932	291.46786499
0.873650793651	291.299560547
0.876553287982	291.299560547
0.879455782313	291.46786499
0.882358276644	291.804779053
0.885260770975	292.142089844
0.888163265306	292.479766846
0.891065759637	292.648773193
0.893968253968	292.817840576
0.896870748299	292.817840576
0.89977324263	292.648773193
0.902675736961	292.648773193
0.905578231293	292.648773193
0.908480725624	292.817840576
0.911383219955	292.987030029
0.914285714286	293.156341553
0.917188208617	293.495178223
0.920090702948	293.495178223
0.922993197279	293.325714111
0.92589569161	293.156341553
0.928798185941	292.987030029
0.931700680272	292.817840576
0.934603174603	292.817840576
0.937505668934	292.817840576
0.940408163265	292.987030029
0.943310657596	293.325714111
0.946213151927	293.325714111
0.949115646259	293.325714111
0.95201814059	292.987030029
0.954920634921	292.648773193
0.957823129252	292.142089844
0.960725623583	291.973388672
0.963628117914	291.804779053
0.966530612245	291.804779053
0.969433106576	292.142089844
0.972335600907	292.310882568
0.975238095238	292.479766846
0.978140589569	292.479766846
0.9810430839	292.479766846
0.983945578231	292.310882568
0.986848072562	292.310882568
0.989750566893	292.142089844
0.992653061224	292.310882568
0.995555555556	292.648773193
0.998458049887	293.156341553
1.00136054422	293.495178223
1.00426303855	293.664764404
1.00716553288	293.664764404
1.01006802721	293.495178223
1.01297052154	293.495178223
1.01587301587	293.325714111
1.0187755102	293.325714111
1.02167800454	293.325714111
1.02458049887	293.325714111
1.0274829932	293.664764404
1.03038548753	293.664764404
1.03328798186	293.664764404
1.03619047619	293.495178223
1.03909297052	293.156341553
1.04199546485	292.987030029
1.04489795918	292.817840576
1.04780045351	292.648773193
1.05070294785	292.648773193
1.05360544218	292.648773193
1.05650793651	292.817840576
1.05941043084	292.817840576
1.06231292517	292.987030029
1.0652154195	292.987030029
1.06811791383	292.817840576
1.07102040816	292.817840576
1.07392290249	292.817840576
1.07682539683	292.817840576
1.07972789116	292.817840576
1.08263038549	292.817840576
1.08553287982	292.817840576
1.08843537415	292.987030029
1.09133786848	292.987030029
1.09424036281	292.817840576
1.09714285714	292.817840576
1.10004535147	292.648773193
1.1029478458	292.648773193
1.10585034014	292.479766846
1.10875283447	292.648773193
1.1116553288	292.648773193
1.11455782313	292.817840576
1.11746031746	292.817840576
1.12036281179	292.817840576
1.12326530612	292.817840576
1.12616780045	292.817840576
1.12907029478	292.648773193
1.13197278912	292.648773193
1.13487528345	292.648773193
1.13777777778	292.648773193
1.14068027211	292.648773193
1.14358276644	292.817840576
1.14648526077	292.817840576
1.1493877551	292.817840576
1.15229024943	292.817840576
1.15519274376	292.648773193
1.1580952381	292.648773193
1.16099773243	292.648773193
1.16390022676	292.648773193
1.16680272109	292.479766846
1.16970521542	292.479766846
1.17260770975	292.479766846
1.17551020408	292.648773193
1.17841269841	293.156341553
1.18131519274	293.495178223
1.18421768707	294.004211426
1.18712018141	294.344055176
1.19002267574	294.004211426
1.19292517007	292.817840576
1.1958276644	292.142089844
1.19873015873	342.634429932
1.20163265306	343.823974609
1.20453514739	344.619293213
1.20743764172	345.017669678
1.21034013605	345.61605835
1.21324263039	345.815734863
1.21614512472	345.815734863
1.21904761905	346.015533447
1.22195011338	346.415496826
1.22485260771	346.815948486
1.22775510204	347.417449951
1.23065759637	347.417449951
1.2335600907	347.016326904
1.23646258503	346.615661621
1.23936507937	346.415496826
1.2422675737	346.415496826
1.24517006803	346.615661621
1.24807256236	347.016326904
1.25097505669	347.417449951
1.25387755102	347.417449951
1.25678004535	347.618164062
1.25968253968	347.819030762
1.26258503401	347.819030762
1.26548752834	347.618164062
1.26839002268	347.216827393
1.27129251701	346.615661621
1.27419501134	346.415496826
1.27709750567	346.215484619
1.28	346.215484619
1.28290249433	346.215484619
1.28580498866	346.415496826
1.28870748299	346.615661621
1.29160997732	347.016326904
1.29451247166	347.417449951
1.29741496599	348.019989014
1.30031746032	348.422271729
1.30321995465	348.422271729
1.30612244898	348.221069336
1.30902494331	348.221069336
1.31192743764	348.019989014
1.31482993197	347.819030762
1.3177324263	347.417449951
1.32063492063	347.216827393
1.32353741497	347.016326904
1.3264399093	347.016326904
1.32934240363	347.216827393
1.33224489796	347.417449951
1.33514739229	347.618164062
1.33804988662	347.618164062
1.34095238095	347.819030762
1.34385487528	347.618164062
1.34675736961	347.417449951
1.34965986395	347.417449951
1.35256235828	347.016326904
1.35546485261	346.815948486
1.35836734694	346.615661621
1.36126984127	346.615661621
1.3641723356	346.615661621
1.36707482993	346.815948486
1.36997732426	346.815948486
1.37287981859	346.815948486
1.37578231293	347.016326904
1.37868480726	347.216827393
1.38158730159	347.216827393
1.38448979592	347.417449951
1.38739229025	347.417449951
1.39029478458	347.417449951
1.39319727891	347.417449951
1.39609977324	347.417449951
1.39900226757	347.417449951
1.4019047619	347.417449951
1.40480725624	347.216827393
1.40770975057	347.216827393
1.4106122449	347.016326904
1.41351473923	347.016326904
1.41641723356	346.815948486
1.41931972789	347.016326904
1.42222222222	347.016326904
1.42512471655	347.016326904
1.42802721088	347.216827393
1.43092970522	347.216827393
1.43383219955	347.417449951
1.43673469388	347.417449951
1.43963718821	347.417449951
1.44253968254	347.417449951
1.44544217687	347.618164062
1.4483446712	347.618164062
1.45124716553	347.618164062
1.45414965986	347.417449951
1.4570521542	347.417449951
1.45995464853	347.216827393
1.46285714286	347.016326904
1.46575963719	347.016326904
1.46866213152	347.016326904
1.47156462585	347.016326904
1.47446712018	347.016326904
1.47736961451	347.016326904
1.48027210884	347.016326904
1.48317460317	347.016326904
1.48607709751	347.216827393
1.48897959184	347.216827393
1.49188208617	347.216827393
1.4947845805	347.417449951
1.49768707483	347.417449951
1.50058956916	347.216827393
1.50349206349	347.216827393
1.50639455782	347.417449951
1.50929705215	347.216827393
1.51219954649	347.216827393
1.51510204082	347.216827393
1.51800453515	347.216827393
1.52090702948	347.216827393
1.52380952381	347.016326904
1.52671201814	347.016326904
1.52961451247	346.815948486
1.5325170068	346.815948486
1.53541950113	347.016326904
1.53832199546	347.016326904
1.5412244898	347.216827393
1.54412698413	347.417449951
1.54702947846	347.417449951
1.54993197279	347.618164062
1.55283446712	347.618164062
1.55573696145	348.019989014
1.55863945578	348.221069336
1.56154195011	348.422271729
1.56444444444	348.422271729
1.56734693878	348.019989014
1.57024943311	348.019989014
1.57315192744	346.815948486
1.57605442177	343.625427246
1.5789569161	339.286376953
1.58185941043	336.748199463
1.58476190476	335.389343262
1.58766439909	334.422088623
1.59056689342	333.843078613
1.59346938776	333.265075684
1.59637188209	332.303955078
1.59927437642	330.771942139
1.60217687075	326.972686768
1.60507936508	325.653289795
1.60798185941	325.465240479
1.61088435374	325.465240479
1.61378684807	325.465240479
1.6166893424	326.029724121
1.61959183673	327.729034424
1.62249433107	329.056854248
1.6253968254	329.437225342
1.62829931973	329.437225342
1.63120181406	329.24697876
1.63410430839	329.24697876
1.63700680272	328.866821289
1.63990929705	328.487121582
1.64281179138	328.297454834
1.64571428571	328.107879639
1.64861678005	328.107879639
1.65151927438	328.107879639
1.65442176871	328.107879639
1.65732426304	328.107879639
1.66022675737	328.107879639
1.6631292517	328.487121582
1.66603174603	328.866821289
1.66893424036	329.24697876
1.67183673469	329.627563477
1.67473922902	329.627563477
1.67764172336	329.24697876
1.68054421769	328.866821289
1.68344671202	328.297454834
1.68634920635	327.539794922
1.68925170068	326.972686768
1.69215419501	326.595184326
1.69505668934	326.972686768
1.69795918367	327.161621094
1.700861678	327.350646973
1.70376417234	327.729034424
1.70666666667	328.107879639
1.709569161	328.676940918
1.71247165533	329.056854248
1.71537414966	329.24697876
1.71827664399	329.437225342
1.72117913832	329.627563477
1.72408163265	329.818023682
1.72698412698	329.627563477
1.72988662132	329.627563477
1.73278911565	329.24697876
1.73569160998	328.866821289
1.73859410431	328.487121582
1.74149659864	328.107879639
1.74439909297	327.918395996
1.7473015873	327.729034424
1.75020408163	327.729034424
1.75310657596	328.107879639
1.75600907029	328.297454834
1.75891156463	328.676940918
1.76181405896	329.056854248
1.76471655329	329.24697876
1.76761904762	329.627563477
1.77052154195	329.818023682
1.77342403628	329.627563477
1.77632653061	329.627563477
1.77922902494	329.24697876
1.78213151927	329.056854248
1.78503401361	328.676940918
1.78793650794	328.487121582
1.79083900227	328.107879639
1.7937414966	327.918395996
1.79664399093	327.729034424
1.79954648526	327.539794922
1.80244897959	327.350646973
1.80535147392	327.161621094
1.80825396825	327.161621094
1.81115646259	327.161621094
1.81405895692	327.350646973
1.81696145125	327.539794922
1.81986394558	327.729034424
1.82276643991	327.918395996
1.82566893424	328.107879639
1.82857142857	328.107879639
1.8314739229	327.918395996
1.83437641723	327.918395996
1.83727891156	327.729034424
1.8401814059	327.729034424
1.84308390023	327.918395996
1.84598639456	327.918395996
1.84888888889	327.729034424
1.85179138322	327.539794922
1.85469387755	327.539794922
1.85759637188	327.350646973
1.86049886621	327.350646973
1.86340136054	327.161621094
1.86630385488	327.350646973
1.86920634921	327.350646973
1.87210884354	327.539794922
1.87501133787	327.729034424
1.8779138322	327.918395996
1.88081632653	327.918395996
1.88371882086	327.918395996
1.88662131519	327.918395996
1.88952380952	327.918395996
1.89242630385	327.918395996
1.89532879819	327.918395996
1.89823129252	327.918395996
1.90113378685	327.918395996
1.90403628118	327.918395996
1.90693877551	327.918395996
1.90984126984	327.729034424
1.91274376417	327.539794922
1.9156462585	327.350646973
1.91854875283	327.161621094
1.92145124717	327.161621094
1.9243537415	327.350646973
1.92725623583	327.539794922
1.93015873016	327.918395996
1.93306122449	328.107879639
1.93596371882	328.107879639
1.93886621315	328.107879639
1.94176870748	328.107879639
1.94467120181	327.918395996
1.94757369615	327.918395996
1.95047619048	327.918395996
1.95337868481	327.918395996
1.95628117914	327.729034424
1.95918367347	327.729034424
1.9620861678	327.539794922
1.96498866213	327.539794922
1.96789115646	327.350646973
1.97079365079	327.350646973
1.97369614512	327.161621094
1.97659863946	327.350646973
1.97950113379	327.350646973
1.98240362812	327.539794922
1.98530612245	327.729034424
1.98820861678	327.918395996
1.99111111111	328.107879639
1.99401360544	328.107879639
1.99691609977	328.107879639
1.9998185941	328.107879639
2.00272108844	327.918395996
2.00562358277	327.918395996
2.0085260771	327.729034424
2.01142857143	327.539794922
2.01433106576	327.350646973
2.01723356009	327.350646973
2.02013605442	327.350646973
2.02303854875	327.161621094
2.02594104308	327.161621094
2.02884353741	327.161621094
2.03174603175	327.161621094
2.03464852608	327.350646973
2.03755102041	327.350646973
2.04045351474	327.539794922
2.04335600907	327.729034424
2.0462585034	327.918395996
2.04916099773	327.918395996
2.05206349206	327.918395996
2.05496598639	327.918395996
2.05786848073	327.729034424
2.06077097506	327.539794922
2.06367346939	327.350646973
2.06657596372	327.350646973
2.06947845805	327.350646973
2.07238095238	327.161621094
2.07528344671	327.350646973
2.07818594104	327.350646973
2.08108843537	327.350646973
2.08399092971	327.539794922
2.08689342404	327.539794922
2.08979591837	327.729034424
2.0926984127	327.729034424
2.09560090703	327.729034424
2.09850340136	327.729034424
2.10140589569	327.729034424
2.10430839002	327.729034424
2.10721088435	327.729034424
2.11011337868	327.729034424
2.11301587302	327.729034424
2.11591836735	327.539794922
2.11882086168	327.539794922
2.12172335601	327.539794922
2.12462585034	327.539794922
2.12752834467	327.539794922
2.130430839	327.729034424
2.13333333333	327.729034424
2.13623582766	327.918395996
2.139138322	327.918395996
2.14204081633	327.918395996
2.14494331066	327.918395996
2.14784580499	327.918395996
2.15074829932	327.729034424
2.15365079365	327.729034424
2.15655328798	327.729034424
2.15945578231	327.729034424
2.16235827664	327.729034424
2.16526077098	327.729034424
2.16816326531	327.729034424
2.17106575964	327.729034424
2.17396825397	327.729034424
2.1768707483	327.539794922
2.17977324263	327.539794922
2.18267573696	327.539794922
2.18557823129	327.729034424
2.18848072562	327.729034424
2.19138321995	327.918395996
2.19428571429	327.918395996
2.19718820862	327.918395996
2.20009070295	327.918395996
2.20299319728	327.729034424
2.20589569161	327.729034424
2.20879818594	327.729034424
2.21170068027	327.729034424
2.2146031746	327.729034424
2.21750566893	327.729034424
2.22040816327	327.729034424
2.2233106576	327.729034424
2.22621315193	327.729034424
2.22911564626	327.729034424
2.23201814059	327.729034424
2.23492063492	327.539794922
2.23782312925	327.729034424
2.24072562358	327.729034424
2.24362811791	327.918395996
2.24653061224	327.918395996
2.24943310658	327.918395996
2.25233560091	327.918395996
2.25523809524	327.729034424
2.25814058957	327.729034424
2.2610430839	327.729034424
2.26394557823	327.729034424
2.26684807256	327.729034424
2.26975056689	327.918395996
2.27265306122	327.918395996
2.27555555556	328.107879639
2.27845804989	327.918395996
2.28136054422	327.729034424
2.28426303855	327.918395996
2.28716553288	326.972686768
2.29006802721	326.972686768
2.29297052154	326.783874512
2.29587301587	327.161621094
2.2987755102	262.079315186
2.30167800454	262.230743408
2.30458049887	262.230743408
2.3074829932	262.230743408
2.31038548753	263.749847412
2.31328798186	265.584350586
2.31619047619	265.277709961
2.31909297052	263.749847412
2.32199546485	261.927978516
2.32489795918	260.419372559
2.32780045351	259.668365479
2.33070294785	259.218780518
2.33360544218	259.218780518
2.33650793651	259.218780518
2.33941043084	259.368530273
2.34231292517	259.668365479
2.3452154195	259.818389893
2.34811791383	259.818389893
2.35102040816	259.818389893
2.35392290249	259.668365479
2.35682539683	259.5184021
2.35972789116	259.218780518
2.36263038549	259.069091797
2.36553287982	258.919494629
2.36843537415	258.769958496
2.37133786848	258.919494629
2.37424036281	259.069091797
2.37714285714	259.218780518
2.38004535147	259.218780518
2.3829478458	259.218780518
2.38585034014	259.069091797
2.38875283447	259.069091797
2.3916553288	259.218780518
2.39455782313	259.218780518
2.39746031746	259.218780518
2.40036281179	259.069091797
2.40326530612	258.919494629
2.40616780045	258.919494629
2.40907029478	259.069091797
2.41197278912	259.069091797
2.41487528345	259.5184021
2.41777777778	259.668365479
2.42068027211	259.968505859
2.42358276644	260.118713379
2.42648526077	259.968505859
2.4293877551	259.968505859
2.43229024943	259.818389893
2.43519274376	259.668365479
2.4380952381	259.668365479
2.44099773243	259.668365479
2.44390022676	259.668365479
2.44680272109	259.668365479
2.44970521542	259.668365479
2.45260770975	259.668365479
2.45551020408	259.5184021
2.45841269841	259.5184021
2.46131519274	259.218780518
2.46421768707	259.368530273
2.46712018141	259.368530273
2.47002267574	259.368530273
2.47292517007	259.368530273
2.4758276644	259.668365479
2.47873015873	259.968505859
2.48163265306	260.118713379
2.48453514739	260.269012451
2.48743764172	260.419372559
2.49034013605	260.419372559
2.49324263039	260.419372559
2.49614512472	260.569854736
2.49904761905	260.419372559
2.50195011338	260.419372559
2.50485260771	260.269012451
2.50775510204	260.419372559
2.51065759637	260.419372559
2.5135600907	260.569854736
2.51646258503	260.720397949
2.51936507937	260.871063232
2.5222675737	261.021789551
2.52517006803	261.021789551
2.52807256236	261.021789551
2.53097505669	261.021789551
2.53387755102	260.871063232
2.53678004535	260.871063232
2.53968253968	260.720397949
2.54258503401	260.720397949
2.54548752834	260.569854736
2.54839002268	260.569854736
2.55129251701	260.569854736
2.55419501134	260.269012451
2.55709750567	260.269012451
2.56	260.419372559
2.56290249433	260.269012451
2.56580498866	260.269012451
2.56870748299	260.269012451
2.57160997732	260.269012451
2.57451247166	260.419372559
2.57741496599	260.419372559
2.58031746032	260.569854736
2.58321995465	260.569854736
2.58612244898	260.720397949
2.58902494331	260.871063232
2.59192743764	261.021789551
2.59482993197	261.021789551
2.5977324263	261.172607422
2.60063492063	261.323486328
2.60353741497	261.323486328
2.6064399093	261.323486328
2.60934240363	261.323486328
2.61224489796	261.172607422
2.61514739229	261.021789551
2.61804988662	261.021789551
2.62095238095	261.021789551
2.62385487528	261.021789551
2.62675736961	261.021789551
2.62965986395	260.871063232
2.63256235828	260.871063232
2.63546485261	260.871063232
2.63836734694	260.871063232
2.64126984127	260.871063232
2.6441723356	260.871063232
2.64707482993	260.871063232
2.64997732426	260.871063232
2.65287981859	260.871063232
2.65578231293	260.871063232
2.65868480726	260.871063232
2.66158730159	260.871063232
2.66448979592	260.871063232
2.66739229025	260.871063232
2.67029478458	260.871063232
2.67319727891	260.871063232
2.67609977324	260.871063232
2.67900226757	261.021789551
2.6819047619	260.871063232
2.68480725624	260.871063232
2.68770975057	260.871063232
2.6906122449	260.720397949
2.69351473923	260.720397949
2.69641723356	260.720397949
2.69931972789	260.720397949
2.70222222222	260.720397949
2.70512471655	260.720397949
2.70802721088	260.720397949
2.71092970522	260.569854736
2.71383219955	260.569854736
2.71673469388	260.720397949
2.71963718821	260.569854736
2.72253968254	260.569854736
2.72544217687	260.569854736
2.7283446712	260.569854736
2.73124716553	260.569854736
2.73414965986	260.720397949
2.7370521542	260.720397949
2.73995464853	260.720397949
2.74285714286	260.720397949
2.74575963719	260.720397949
2.74866213152	260.720397949
2.75156462585	260.720397949
2.75446712018	260.720397949
2.75736961451	260.720397949
2.76027210884	260.720397949
2.76317460317	260.720397949
2.76607709751	260.720397949
2.76897959184	260.720397949
2.77188208617	260.720397949
2.7747845805	260.720397949
2.77768707483	260.720397949
2.78058956916	260.569854736
2.78349206349	260.569854736
2.78639455782	260.569854736
2.78929705215	260.569854736
2.79219954649	260.720397949
2.79510204082	260.720397949
2.79800453515	260.720397949
2.80090702948	260.720397949
2.80380952381	260.720397949
2.80671201814	260.720397949
2.80961451247	260.720397949
2.8125170068	260.720397949
2.81541950113	260.720397949
2.81832199546	260.720397949
2.8212244898	260.720397949
2.82412698413	260.720397949
2.82702947846	260.720397949
2.82993197279	260.569854736
2.83283446712	260.569854736
2.83573696145	260.569854736
2.83863945578	260.569854736
2.84154195011	260.720397949
2.84444444444	260.720397949
2.84734693878	260.720397949
2.85024943311	260.720397949
2.85315192744	260.720397949
2.85605442177	260.720397949
2.8589569161	260.720397949
2.86185941043	260.720397949
2.86476190476	260.720397949
2.86766439909	260.871063232
2.87056689342	260.871063232
2.87346938776	260.871063232
2.87637188209	260.871063232
2.87927437642	260.871063232
2.88217687075	261.021789551
2.88507936508	261.021789551
2.88798185941	261.021789551
2.89088435374	261.021789551
2.89378684807	260.871063232
2.8966893424	260.871063232
2.89959183673	260.871063232
2.90249433107	260.720397949
2.9053968254	260.871063232
2.90829931973	260.871063232
2.91120181406	260.720397949
2.91410430839	260.720397949
2.91700680272	260.720397949
2.91990929705	260.720397949
2.92281179138	260.720397949
2.92571428571	260.720397949
2.92861678005	260.720397949
2.93151927438	260.720397949
2.93442176871	260.720397949
2.93732426304	260.720397949
2.94022675737	260.720397949
2.9431292517	260.720397949
2.94603174603	260.720397949
2.94893424036	260.720397949
2.95183673469	260.720397949
2.95473922902	260.871063232
2.95764172336	260.871063232
2.96054421769	260.871063232
2.96344671202	260.871063232
2.96634920635	260.871063232
2.96925170068	260.720397949
2.97215419501	260.871063232
2.97505668934	260.871063232
2.97795918367	260.871063232
2.980861678	261.021789551
2.98376417234	261.021789551
2.98666666667	261.021789551
2.989569161	260.871063232
2.99247165533	261.021789551
2.99537414966	260.871063232
2.99827664399	260.871063232
3.00117913832	260.720397949
3.00408163265	260.720397949
3.00698412698	260.569854736
3.00988662132	260.569854736
3.01278911565	260.569854736
3.01569160998	260.569854736
3.01859410431	260.269012451
3.02149659864	259.968505859
3.02439909297	259.818389893
3.0273015873	260.720397949
3.03020408163	262.533874512
3.03310657596	263.141143799
3.03600907029	291.804779053
3.03891156463	292.479766846
3.04181405896	290.291748047
3.04471655329	292.479766846
3.04761904762	293.156341553
3.05052154195	293.664764404
3.05342403628	293.664764404
3.05632653061	293.495178223
3.05922902494	293.156341553
3.06213151927	292.648773193
3.06503401361	292.142089844
3.06793650794	291.804779053
3.07083900227	291.804779053
3.0737414966	291.973388672
3.07664399093	292.310882568
3.07954648526	292.479766846
3.08244897959	292.987030029
3.08535147392	293.156341553
3.08825396825	293.156341553
3.09115646259	293.156341553
3.09405895692	292.987030029
3.09696145125	292.817840576
3.09986394558	292.479766846
3.10276643991	292.142089844
3.10566893424	291.804779053
3.10857142857	291.636291504
3.1114739229	291.636291504
3.11437641723	291.804779053
3.11727891156	291.973388672
3.1201814059	292.142089844
3.12308390023	292.479766846
3.12598639456	292.648773193
3.12888888889	292.817840576
3.13179138322	292.817840576
3.13469387755	292.817840576
3.13759637188	292.817840576
3.14049886621	292.817840576
3.14340136054	292.817840576
3.14630385488	292.817840576
3.14920634921	292.987030029
3.15210884354	292.987030029
3.15501133787	292.987030029
3.1579138322	292.987030029
3.16081632653	292.987030029
3.16371882086	293.156341553
3.16662131519	293.156341553
3.16952380952	293.156341553
3.17242630385	293.156341553
3.17532879819	292.987030029
3.17823129252	292.987030029
3.18113378685	292.987030029
3.18403628118	292.987030029
3.18693877551	292.817840576
3.18984126984	292.817840576
3.19274376417	292.479766846
3.1956462585	292.310882568
3.19854875283	292.142089844
3.20145124717	291.973388672
3.2043537415	291.973388672
3.20725623583	291.973388672
3.21015873016	292.142089844
3.21306122449	292.310882568
3.21596371882	292.310882568
3.21886621315	292.310882568
3.22176870748	292.310882568
3.22467120181	292.310882568
3.22757369615	292.310882568
3.23047619048	292.648773193
3.23337868481	292.648773193
3.23628117914	292.817840576
3.23918367347	292.987030029
3.2420861678	293.156341553
3.24498866213	293.156341553
3.24789115646	293.156341553
3.25079365079	293.156341553
3.25369614512	293.156341553
3.25659863946	293.325714111
3.25950113379	293.325714111
3.26240362812	293.325714111
3.26530612245	293.325714111
3.26820861678	293.325714111
3.27111111111	293.325714111
3.27401360544	293.156341553
3.27691609977	293.156341553
3.2798185941	292.987030029
3.28272108844	292.987030029
3.28562358277	292.817840576
3.2885260771	292.817840576
3.29142857143	292.817840576
3.29433106576	292.817840576
3.29723356009	292.817840576
3.30013605442	292.817840576
3.30303854875	292.817840576
3.30594104308	292.817840576
3.30884353741	292.817840576
3.31174603175	292.817840576
3.31464852608	292.817840576
3.31755102041	292.987030029
3.32045351474	292.987030029
3.32335600907	293.156341553
3.3262585034	293.156341553
3.32916099773	293.156341553
3.33206349206	292.987030029
3.33496598639	292.987030029
3.33786848073	292.817840576
3.34077097506	292.648773193
3.34367346939	292.479766846
3.34657596372	292.479766846
3.34947845805	292.648773193
3.35238095238	292.817840576
3.35528344671	292.817840576
3.35818594104	292.987030029
3.36108843537	292.987030029
3.36399092971	292.987030029
3.36689342404	292.817840576
3.36979591837	292.817840576
3.3726984127	292.817840576
3.37560090703	292.817840576
3.37850340136	292.817840576
3.38140589569	292.817840576
3.38430839002	292.817840576
3.38721088435	292.817840576
3.39011337868	292.648773193
3.39301587302	292.648773193
3.39591836735	292.648773193
3.39882086168	292.479766846
3.40172335601	292.310882568
3.40462585034	292.310882568
3.40752834467	292.310882568
3.410430839	292.310882568
3.41333333333	292.648773193
3.41623582766	292.817840576
3.419138322	292.817840576
3.42204081633	292.479766846
3.42494331066	291.973388672
3.42784580499	291.131347656
3.43074829932	290.12411499
3.43365079365	288.619781494
3.43655328798	286.62612915
3.43945578231	270.5390625
3.44235827664	266.04498291
3.44526077098	262.079315186
3.44816326531	259.5184021
3.45106575964	258.023681641
3.45396825397	257.279571533
3.4568707483	257.279571533
3.45977324263	258.17276001
3.46267573696	259.368530273
3.46557823129	260.720397949
3.46848072562	261.625579834
3.47138321995	261.776733398
3.47428571429	261.323486328
3.47718820862	260.269012451
3.48009070295	259.368530273
3.48299319728	258.471191406
3.48589569161	257.725769043
3.48879818594	257.428222656
3.49170068027	257.874694824
3.4946031746	258.620544434
3.49750566893	259.5184021
3.50040816327	260.118713379
3.5033106576	260.419372559
3.50621315193	260.269012451
3.50911564626	259.968505859
3.51201814059	259.5184021
3.51492063492	258.919494629
3.51782312925	258.471191406
3.52072562358	258.17276001
3.52362811791	258.023681641
3.52653061224	258.17276001
3.52943310658	258.620544434
3.53233560091	259.218780518
3.53523809524	259.818389893
3.53814058957	260.269012451
3.5410430839	260.569854736
3.54394557823	260.419372559
3.54684807256	260.118713379
3.54975056689	259.668365479
3.55265306122	259.218780518
3.55555555556	259.218780518
3.55845804989	259.368530273
3.56136054422	259.368530273
3.56426303855	259.818389893
3.56716553288	259.818389893
3.57006802721	259.968505859
3.57297052154	259.818389893
3.57587301587	259.5184021
3.5787755102	259.218780518
3.58167800454	259.069091797
3.58458049887	259.069091797
3.5874829932	259.069091797
3.59038548753	259.218780518
3.59328798186	259.368530273
3.59619047619	259.668365479
3.59909297052	259.818389893
3.60199546485	259.968505859
3.60489795918	260.118713379
3.60780045351	260.118713379
3.61070294785	260.269012451
3.61360544218	260.419372559
3.61650793651	260.569854736
3.61941043084	260.569854736
3.62231292517	260.569854736
3.6252154195	260.419372559
3.62811791383	260.419372559
3.63102040816	260.419372559
3.63392290249	260.569854736
3.63682539683	260.569854736
3.63972789116	260.720397949
3.64263038549	260.871063232
3.64553287982	261.021789551
3.64843537415	261.021789551
3.65133786848	261.021789551
3.65424036281	260.871063232
3.65714285714	260.720397949
3.66004535147	260.720397949
3.6629478458	260.569854736
3.66585034014	260.569854736
3.66875283447	260.569854736
3.6716553288	260.569854736
3.67455782313	260.720397949
3.67746031746	260.720397949
3.68036281179	260.569854736
3.68326530612	260.419372559
3.68616780045	260.269012451
3.68907029478	260.269012451
3.69197278912	260.118713379
3.69487528345	260.118713379
3.69777777778	260.118713379
3.70068027211	260.269012451
3.70358276644	260.569854736
3.70648526077	260.871063232
3.7093877551	260.871063232
3.71229024943	261.172607422
3.71519274376	261.172607422
3.7180952381	261.172607422
3.72099773243	261.172607422
3.72390022676	261.021789551
3.72680272109	260.871063232
3.72970521542	260.871063232
3.73260770975	261.021789551
3.73551020408	261.172607422
3.73841269841	261.323486328
3.74131519274	261.323486328
3.74421768707	261.323486328
3.74712018141	261.172607422
3.75002267574	261.021789551
3.75292517007	260.871063232
3.7558276644	260.569854736
3.75873015873	260.569854736
3.76163265306	260.569854736
3.76453514739	260.720397949
3.76743764172	260.871063232
3.77034013605	261.021789551
3.77324263039	261.172607422
3.77614512472	261.323486328
3.77904761905	261.474487305
3.78195011338	261.474487305
3.78485260771	261.021789551
3.78775510204	260.269012451
3.79065759637	259.5184021
3.7935600907	258.769958496
3.79646258503	257.874694824
3.79936507937	256.389434814
3.8022675737	256.537567139
3.80517006803	246.799057007
3.80807256236	246.087295532
3.81097505669	245.80317688
3.81387755102	245.519378662
3.81678004535	247.084335327
3.81968253968	252.567703247
3.82258503401	250.968017578
3.82548752834	250.099731445
3.82839002268	249.378463745
3.83129251701	248.94670105
3.83419501134	248.802932739
3.83709750567	248.65927124
3.84	248.372161865
3.84290249433	248.085403442
3.84580498866	247.655883789
3.84870748299	247.084335327
3.85160997732	246.514099121
3.85451247166	245.80317688
3.85741496599	245.235900879
3.86031746032	244.528656006
3.86321995465	244.246322632
3.86612244898	244.246322632
3.86902494331	244.387451172
3.87192743764	244.387451172
3.87482993197	244.387451172
3.8777324263	244.669937134
3.88063492063	245.094284058
3.88353741497	245.94519043
3.8864399093	246.514099121
3.88934240363	246.799057007
3.89224489796	247.227096558
3.89514739229	247.369934082
3.89804988662	247.512863159
3.90095238095	247.512863159
3.90385487528	247.512863159
3.90675736961	247.369934082
3.90965986395	247.227096558
3.91256235828	247.084335327
3.91546485261	246.941650391
3.91836734694	246.656539917
3.92126984127	246.371749878
3.9241723356	246.087295532
3.92707482993	245.80317688
3.92997732426	245.519378662
3.93287981859	245.094284058
3.93578231293	244.952758789
3.93868480726	244.952758789
3.94158730159	244.952758789
3.94448979592	244.811309814
3.94739229025	244.811309814
3.95029478458	244.811309814
3.95319727891	244.952758789
3.95609977324	245.235900879
3.95900226757	245.377593994
3.9619047619	245.519378662
3.96480725624	245.80317688
3.96770975057	245.80317688
3.9706122449	245.80317688
3.97351473923	245.661224365
3.97641723356	245.519378662
3.97931972789	245.377593994
3.98222222222	245.235900879
3.98512471655	245.094284058
3.98802721088	244.952758789
3.99092970522	244.952758789
3.99383219955	244.952758789
3.99673469388	245.094284058
3.99963718821	245.094284058
4.00253968254	245.094284058
4.00544217687	244.952758789
4.0083446712	244.952758789
4.01124716553	245.094284058
4.01414965986	245.094284058
4.0170521542	245.235900879
4.01995464853	245.519378662
4.02285714286	245.661224365
4.02575963719	245.80317688
4.02866213152	245.80317688
4.03156462585	245.80317688
4.03446712018	245.80317688
4.03736961451	245.80317688
4.04027210884	245.80317688
4.04317460317	245.80317688
4.04607709751	245.80317688
4.04897959184	245.94519043
4.05188208617	245.94519043
4.0547845805	246.087295532
4.05768707483	246.087295532
4.06058956916	246.087295532
4.06349206349	245.94519043
4.06639455782	245.80317688
4.06929705215	245.661224365
4.07219954649	245.377593994
4.07510204082	245.235900879
4.07800453515	245.235900879
4.08090702948	245.235900879
4.08380952381	245.235900879
4.08671201814	245.377593994
4.08961451247	245.519378662
4.0925170068	245.661224365
4.09541950113	245.661224365
4.09832199546	245.661224365
4.1012244898	245.661224365
4.10412698413	245.519378662
4.10702947846	245.377593994
4.10993197279	245.377593994
4.11283446712	245.377593994
4.11573696145	245.377593994
4.11863945578	245.377593994
4.12154195011	245.519378662
4.12444444444	245.661224365
4.12734693878	245.661224365
4.13024943311	245.519378662
4.13315192744	245.377593994
4.13605442177	245.235900879
4.1389569161	245.377593994
4.14185941043	245.661224365
4.14476190476	245.661224365
4.14766439909	245.519378662
4.15056689342	245.094284058
4.15346938776	244.952758789
4.15637188209	245.094284058
4.15927437642	245.519378662
4.16217687075	246.514099121
4.16507936508	293.834442139
4.16798185941	292.987030029
4.17088435374	291.973388672
4.17378684807	291.46786499
4.1766893424	291.46786499
4.17959183673	291.804779053
4.18249433107	292.142089844
4.1853968254	292.310882568
4.18829931973	292.648773193
4.19120181406	292.817840576
4.19410430839	292.987030029
4.19700680272	292.987030029
4.19990929705	292.987030029
4.20281179138	292.987030029
4.20571428571	292.987030029
4.20861678005	292.987030029
4.21151927438	292.817840576
4.21442176871	292.648773193
4.21732426304	292.310882568
4.22022675737	291.973388672
4.2231292517	291.804779053
4.22603174603	291.804779053
4.22893424036	291.804779053
4.23183673469	291.973388672
4.23473922902	291.973388672
4.23764172336	292.142089844
4.24054421769	292.310882568
4.24344671202	292.479766846
4.24634920635	292.648773193
4.24925170068	292.817840576
4.25215419501	292.987030029
4.25505668934	293.156341553
4.25795918367	293.156341553
4.260861678	292.987030029
4.26376417234	292.648773193
4.26666666667	292.310882568
4.269569161	292.142089844
4.27247165533	292.310882568
4.27537414966	292.648773193
4.27827664399	293.156341553
4.28117913832	293.325714111
4.28408163265	293.325714111
4.28698412698	293.156341553
4.28988662132	292.987030029
4.29278911565	292.648773193
4.29569160998	292.648773193
4.29859410431	292.648773193
4.30149659864	292.817840576
4.30439909297	292.817840576
4.3073015873	292.817840576
4.31020408163	292.648773193
4.31310657596	292.310882568
4.31600907029	292.142089844
4.31891156463	291.973388672
4.32181405896	292.142089844
4.32471655329	292.142089844
4.32761904762	292.310882568
4.33052154195	292.142089844
4.33342403628	291.973388672
4.33632653061	291.973388672
4.33922902494	292.310882568
4.34213151927	292.648773193
4.34503401361	292.817840576
4.34793650794	293.156341553
4.35083900227	293.156341553
4.3537414966	292.987030029
4.35664399093	292.817840576
4.35954648526	292.648773193
4.36244897959	292.817840576
4.36535147392	293.156341553
4.36825396825	293.325714111
4.37115646259	293.495178223
4.37405895692	293.495178223
4.37696145125	293.325714111
4.37986394558	293.156341553
4.38276643991	292.987030029
4.38566893424	292.817840576
4.38857142857	292.987030029
4.3914739229	292.987030029
4.39437641723	292.987030029
4.39727891156	293.156341553
4.4001814059	293.156341553
4.40308390023	292.987030029
4.40598639456	292.817840576
4.40888888889	292.817840576
4.41179138322	292.648773193
4.41469387755	292.648773193
4.41759637188	292.479766846
4.42049886621	292.648773193
4.42340136054	292.987030029
4.42630385488	292.987030029
4.42920634921	293.156341553
4.43210884354	293.156341553
4.43501133787	292.987030029
4.4379138322	292.817840576
4.44081632653	292.817840576
4.44371882086	292.817840576
4.44662131519	292.817840576
4.44952380952	292.817840576
4.45242630385	292.817840576
4.45532879819	292.817840576
4.45823129252	292.817840576
4.46113378685	292.817840576
4.46403628118	292.817840576
4.46693877551	292.817840576
4.46984126984	292.817840576
4.47274376417	292.817840576
4.4756462585	292.648773193
4.47854875283	292.648773193
4.48145124717	292.648773193
4.4843537415	292.817840576
4.48725623583	292.987030029
4.49015873016	292.987030029
4.49306122449	292.987030029
4.49596371882	292.817840576
4.49886621315	292.817840576
4.50176870748	292.648773193
4.50467120181	292.479766846
4.50757369615	292.479766846
4.51047619048	292.648773193
4.51337868481	292.648773193
4.51628117914	292.817840576
4.51918367347	293.156341553
4.5220861678	293.664764404
4.52498866213	294.004211426
4.52789115646	294.684295654
4.53079365079	295.195404053
4.53369614512	295.536621094
4.53659863946	295.536621094
4.53950113379	295.195404053
4.54240362812	294.854553223
4.54530612245	294.004211426
4.54820861678	292.479766846
4.55111111111	290.795227051
4.55401360544	288.619781494
4.55691609977	285.634490967
4.5598185941	262.230743408
4.56272108844	269.291778564
4.56562358277	266.198699951
4.5685260771	263.293182373
4.57142857143	261.021789551
4.57433106576	259.5184021
4.57723356009	258.620544434
4.58013605442	258.023681641
4.58303854875	258.023681641
4.58594104308	258.471191406
4.58884353741	259.218780518
4.59174603175	259.968505859
4.59464852608	260.720397949
4.59755102041	261.021789551
4.60045351474	261.021789551
4.60335600907	260.419372559
4.6062585034	259.818389893
4.60916099773	259.069091797
4.61206349206	258.471191406
4.61496598639	258.023681641
4.61786848073	257.874694824
4.62077097506	258.023681641
4.62367346939	258.321929932
4.62657596372	259.069091797
4.62947845805	259.5184021
4.63238095238	259.968505859
4.63528344671	259.968505859
4.63818594104	259.968505859
4.64108843537	259.5184021
4.64399092971	259.069091797
4.64689342404	258.620544434
4.64979591837	258.321929932
4.6526984127	258.321929932
4.65560090703	258.620544434
4.65850340136	259.069091797
4.66140589569	259.818389893
4.66430839002	260.269012451
4.66721088435	260.419372559
4.67011337868	260.419372559
4.67301587302	260.269012451
4.67591836735	259.968505859
4.67882086168	259.668365479
4.68172335601	259.5184021
4.68462585034	259.5184021
4.68752834467	259.5184021
4.690430839	259.668365479
4.69333333333	259.818389893
4.69623582766	259.668365479
4.699138322	259.5184021
4.70204081633	259.368530273
4.70494331066	259.218780518
4.70784580499	259.069091797
4.71074829932	259.069091797
4.71365079365	259.218780518
4.71655328798	259.5184021
4.71945578231	259.818389893
4.72235827664	259.968505859
4.72526077098	260.269012451
4.72816326531	260.419372559
4.73106575964	260.419372559
4.73396825397	260.569854736
4.7368707483	260.569854736
4.73977324263	260.569854736
4.74267573696	260.569854736
4.74557823129	260.569854736
4.74848072562	260.569854736
4.75138321995	260.569854736
4.75428571429	260.569854736
4.75718820862	260.569854736
4.76009070295	260.569854736
4.76299319728	260.720397949
4.76589569161	260.871063232
4.76879818594	261.021789551
4.77170068027	261.172607422
4.7746031746	261.172607422
4.77750566893	261.021789551
4.78040816327	261.021789551
4.7833106576	260.871063232
4.78621315193	260.720397949
4.78911564626	260.569854736
4.79201814059	260.419372559
4.79492063492	260.269012451
4.79782312925	260.269012451
4.80072562358	260.269012451
4.80362811791	260.419372559
4.80653061224	260.269012451
4.80943310658	260.419372559
4.81233560091	260.419372559
4.81523809524	260.419372559
4.81814058957	260.419372559
4.8210430839	260.419372559
4.82394557823	260.419372559
4.82684807256	260.419372559
4.82975056689	260.720397949
4.83265306122	261.021789551
4.83555555556	261.172607422
4.83845804989	261.474487305
4.84136054422	261.474487305
4.84426303855	261.474487305
4.84716553288	261.323486328
4.85006802721	261.323486328
4.85297052154	261.021789551
4.85587301587	260.871063232
4.8587755102	260.871063232
4.86167800454	261.021789551
4.86458049887	261.021789551
4.8674829932	261.021789551
4.87038548753	261.172607422
4.87328798186	261.021789551
4.87619047619	261.021789551
4.87909297052	260.871063232
4.88199546485	260.720397949
4.88489795918	260.720397949
4.88780045351	260.720397949
4.89070294785	260.720397949
4.89360544218	260.871063232
4.89650793651	261.021789551
4.89941043084	261.172607422
4.90231292517	261.021789551
4.9052154195	261.021789551
4.90811791383	260.871063232
4.91102040816	260.720397949
4.91392290249	260.720397949
4.91682539683	260.569854736
4.91972789116	260.569854736
4.92263038549	260.720397949
4.92553287982	260.720397949
4.92843537415	260.871063232
4.93133786848	261.021789551
4.93424036281	260.871063232
4.93714285714	260.871063232
4.94004535147	260.871063232
4.9429478458	260.720397949
4.94585034014	260.569854736
4.94875283447	260.569854736
4.9516553288	260.569854736
4.95455782313	260.569854736
4.95746031746	260.720397949
4.96036281179	260.720397949
4.96326530612	260.720397949
4.96616780045	260.871063232
4.96907029478	260.871063232
4.97197278912	260.720397949
4.97487528345	260.720397949
4.97777777778	260.720397949
4.98068027211	260.569854736
4.98358276644	260.569854736
4.98648526077	260.569854736
4.9893877551	260.569854736
4.99229024943	260.720397949
4.99519274376	260.720397949
4.9980952381	260.871063232
5.00099773243	260.871063232
5.00390022676	260.871063232
5.00680272109	260.871063232
5.00970521542	260.720397949
5.01260770975	260.720397949
5.01551020408	260.720397949
5.01841269841	260.720397949
5.02131519274	260.720397949
5.02421768707	260.720397949
5.02712018141	260.720397949
5.03002267574	260.720397949
5.03292517007	260.720397949
5.0358276644	260.720397949
5.03873015873	260.720397949
5.04163265306	260.720397949
5.04453514739	260.720397949
5.04743764172	260.720397949
5.05034013605	260.720397949
5.05324263039	260.720397949
5.05614512472	260.720397949
5.05904761905	260.720397949
5.06195011338	260.871063232
5.06485260771	260.871063232
5.06775510204	260.871063232
5.07065759637	260.871063232
5.0735600907	260.871063232
5.07646258503	260.871063232
5.07936507937	260.871063232
5.0822675737	260.871063232
5.08517006803	260.720397949
5.08807256236	260.720397949
5.09097505669	260.720397949
5.09387755102	260.720397949
5.09678004535	260.720397949
5.09968253968	260.720397949
5.10258503401	260.720397949
5.10548752834	260.720397949
5.10839002268	260.720397949
5.11129251701	260.871063232
5.11419501134	260.871063232
5.11709750567	260.871063232
5.12	260.871063232
5.12290249433	260.871063232
5.12580498866	260.871063232
5.12870748299	260.871063232
5.13160997732	260.871063232
5.13451247166	260.871063232
5.13741496599	260.871063232
5.14031746032	260.871063232
5.14321995465	261.021789551
5.14612244898	261.021789551
5.14902494331	261.021789551
5.15192743764	260.871063232
5.15482993197	260.871063232
5.1577324263	260.720397949
5.16063492063	260.720397949
5.16353741497	260.569854736
5.1664399093	260.569854736
5.16934240363	260.569854736
5.17224489796	260.720397949
5.17514739229	260.871063232
5.17804988662	260.871063232
5.18095238095	261.021789551
5.18385487528	261.021789551
5.18675736961	261.021789551
5.18965986395	260.871063232
5.19256235828	260.720397949
5.19546485261	260.720397949
5.19836734694	260.720397949
5.20126984127	260.720397949
5.2041723356	260.720397949
5.20707482993	260.720397949
5.20997732426	260.871063232
5.21287981859	261.021789551
5.21578231293	261.021789551
5.21868480726	261.021789551
5.22158730159	260.871063232
5.22448979592	260.871063232
5.22739229025	260.720397949
5.23029478458	260.720397949
5.23319727891	260.569854736
5.23609977324	260.720397949
5.23900226757	260.720397949
5.2419047619	260.871063232
5.24480725624	260.871063232
5.24770975057	261.021789551
5.2506122449	261.021789551
5.25351473923	261.021789551
5.25641723356	260.871063232
5.25931972789	260.871063232
5.26222222222	260.720397949
5.26512471655	260.720397949
5.26802721088	260.720397949
5.27092970522	260.569854736
5.27383219955	260.720397949
5.27673469388	260.720397949
5.27963718821	260.720397949
5.28253968254	260.871063232
5.28544217687	260.871063232
5.2883446712	260.871063232
5.29124716553	260.871063232
5.29414965986	260.871063232
5.2970521542	260.720397949
5.29995464853	260.720397949
5.30285714286	260.720397949
5.30575963719	260.720397949
5.30866213152	260.720397949
5.31156462585	260.871063232
5.31446712018	260.871063232
5.31736961451	260.871063232
5.32027210884	260.871063232
5.32317460317	260.720397949
5.32607709751	0.0
5.32897959184	0.0
5.33188208617	0.0
5.3347845805	0.0
5.33768707483	0.0
5.34058956916	0.0
5.34349206349	0.0
5.34639455782	0.0
5.34929705215	0.0
5.35219954649	0.0
5.35510204082	0.0
5.35800453515	0.0
5.36090702948	0.0
5.36380952381	0.0
5.36671201814	0.0
5.36961451247	0.0
5.3725170068	0.0
5.37541950113	0.0
5.37832199546	0.0
5.3812244898	0.0
5.38412698413	0.0
5.38702947846	0.0
5.38993197279	0.0
5.39283446712	0.0
5.39573696145	0.0
5.39863945578	0.0
5.40154195011	0.0
5.40444444444	0.0
5.40734693878	0.0
5.41024943311	0.0
5.41315192744	0.0
5.41605442177	0.0
5.4189569161	0.0
5.42185941043	0.0
5.42476190476	0.0
5.42766439909	0.0
5.43056689342	0.0
5.43346938776	0.0
5.43637188209	0.0
5.43927437642	0.0
5.44217687075	0.0
5.44507936508	0.0
5.44798185941	0.0
5.45088435374	0.0
5.45378684807	0.0
5.4566893424	0.0
5.45959183673	0.0
5.46249433107	0.0
5.4653968254	0.0
5.46829931973	0.0
5.47120181406	0.0
5.47410430839	0.0
5.47700680272	0.0
5.47990929705	0.0
5.48281179138	0.0
5.48571428571	0.0
5.48861678005	0.0
5.49151927438	0.0
5.49442176871	0.0
5.49732426304	0.0
5.50022675737	0.0
5.5031292517	0.0
5.50603174603	0.0
5.50893424036	0.0
5.51183673469	0.0
5.51473922902	0.0
5.51764172336	0.0
5.52054421769	0.0
5.52344671202	0.0
5.52634920635	0.0
5.52925170068	0.0
5.53215419501	0.0
5.53505668934	0.0
5.53795918367	0.0
5.540861678	0.0
5.54376417234	0.0
5.54666666667	0.0
5.549569161	0.0
5.55247165533	0.0
5.55537414966	0.0
5.55827664399	0.0
5.56117913832	0.0
5.56408163265	0.0
5.56698412698	0.0
5.56988662132	0.0
5.57278911565	0.0
5.57569160998	0.0
5.57859410431	0.0
5.58149659864	0.0
5.58439909297	0.0
5.5873015873	0.0
5.59020408163	0.0
5.59310657596	0.0
5.59600907029	0.0
5.59891156463	0.0
5.60181405896	0.0
5.60471655329	0.0
5.60761904762	0.0
5.61052154195	0.0
5.61342403628	0.0
5.61632653061	0.0
5.61922902494	0.0
5.62213151927	0.0
5.62503401361	0.0
5.62793650794	0.0
5.63083900227	0.0
5.6337414966	0.0
5.63664399093	0.0
5.63954648526	0.0
5.64244897959	0.0
5.64535147392	0.0
5.64825396825	0.0
5.65115646259	0.0
5.65405895692	0.0
5.65696145125	0.0
5.65986394558	0.0
5.66276643991	0.0
5.66566893424	0.0
5.66857142857	0.0
5.6714739229	0.0
5.67437641723	0.0
5.67727891156	0.0
5.6801814059	0.0
5.68308390023	0.0
5.68598639456	0.0
5.68888888889	0.0
5.69179138322	0.0
5.69469387755	0.0
5.69759637188	0.0
5.70049886621	0.0
5.70340136054	0.0
5.70630385488	0.0
5.70920634921	0.0
5.71210884354	0.0
5.71501133787	0.0
5.7179138322	0.0
5.72081632653	0.0
5.72371882086	0.0
5.72662131519	0.0
5.72952380952	0.0
5.73242630385	0.0
5.73532879819	0.0
5.73823129252	0.0
5.74113378685	0.0
5.74403628118	0.0
5.74693877551	0.0
5.74984126984	0.0
5.75274376417	0.0
5.7556462585	0.0
5.75854875283	0.0
5.76145124717	0.0
5.7643537415	0.0
5.76725623583	0.0
5.77015873016	0.0
5.77306122449	0.0
5.77596371882	0.0
5.77886621315	0.0
5.78176870748	0.0
5.78467120181	0.0
5.78757369615	0.0
5.79047619048	0.0
5.79337868481	0.0
5.79628117914	0.0
5.79918367347	0.0
5.8020861678	0.0
5.80498866213	0.0
5.80789115646	0.0
5.81079365079	0.0
5.81369614512	0.0
5.81659863946	0.0
5.81950113379	0.0
5.82240362812	0.0
5.82530612245	260.269012451
5.82820861678	260.269012451
5.83111111111	260.269012451
5.83401360544	260.269012451
5.83691609977	260.569854736
5.8398185941	260.569854736
5.84272108844	260.720397949
5.84562358277	260.871063232
5.8485260771	260.871063232
5.85142857143	260.720397949
5.85433106576	260.720397949
5.85723356009	260.720397949
5.86013605442	260.720397949
5.86303854875	260.569854736
5.86594104308	260.569854736
5.86884353741	260.569854736
5.87174603175	260.720397949
5.87464852608	260.720397949
5.87755102041	260.720397949
5.88045351474	260.720397949
5.88335600907	260.720397949
5.8862585034	260.569854736
5.88916099773	260.569854736
5.89206349206	260.569854736
5.89496598639	260.569854736
5.89786848073	260.569854736
5.90077097506	260.569854736
5.90367346939	260.569854736
5.90657596372	260.720397949
5.90947845805	260.720397949
5.91238095238	260.720397949
5.91528344671	260.720397949
5.91818594104	260.720397949
5.92108843537	260.569854736
5.92399092971	260.569854736
5.92689342404	260.569854736
5.92979591837	260.569854736
5.9326984127	260.419372559
5.93560090703	260.419372559
5.93850340136	260.419372559
5.94140589569	260.419372559
5.94430839002	260.569854736
5.94721088435	260.569854736
5.95011337868	260.720397949
5.95301587302	260.720397949
5.95591836735	260.720397949
5.95882086168	260.720397949
5.96172335601	260.720397949
5.96462585034	260.569854736
5.96752834467	260.569854736
5.970430839	260.569854736
5.97333333333	260.720397949
5.97623582766	260.720397949
5.979138322	260.720397949
5.98204081633	260.871063232
5.98494331066	260.871063232
5.98784580499	260.720397949
5.99074829932	260.720397949
5.99365079365	260.720397949
5.99655328798	260.569854736
5.99945578231	260.720397949
6.00235827664	260.569854736
6.00526077098	260.569854736
6.00816326531	260.569854736
6.01106575964	260.569854736
6.01396825397	260.720397949
6.0168707483	260.720397949
6.01977324263	260.720397949
6.02267573696	260.720397949
6.02557823129	260.871063232
6.02848072562	260.720397949
6.03138321995	260.720397949
6.03428571429	260.720397949
6.03718820862	260.720397949
6.04009070295	260.720397949
6.04299319728	260.720397949
6.04589569161	260.720397949
6.04879818594	260.720397949
6.05170068027	260.720397949
6.0546031746	260.720397949
6.05750566893	260.569854736
6.06040816327	260.720397949
6.0633106576	260.720397949
6.06621315193	260.720397949
6.06911564626	260.720397949
6.07201814059	260.720397949
6.07492063492	260.720397949
6.07782312925	260.720397949
6.08072562358	260.720397949
6.08362811791	260.871063232
6.08653061224	260.871063232
6.08943310658	261.021789551
6.09233560091	261.021789551
6.09523809524	260.871063232
6.09814058957	260.720397949
6.1010430839	260.569854736
6.10394557823	260.419372559
6.10684807256	260.269012451
6.10975056689	260.118713379
6.11265306122	259.968505859
6.11555555556	260.118713379
6.11845804989	260.269012451
6.12136054422	260.569854736
6.12426303855	260.871063232
6.12716553288	261.172607422
6.13006802721	261.323486328
6.13297052154	261.474487305
6.13587301587	261.172607422
6.1387755102	261.021789551
6.14167800454	260.569854736
6.14458049887	260.269012451
6.1474829932	0.0
6.15038548753	0.0
6.15328798186	0.0
6.15619047619	0.0
6.15909297052	0.0
6.16199546485	0.0
6.16489795918	0.0
6.16780045351	0.0
6.17070294785	0.0
6.17360544218	0.0
6.17650793651	0.0
6.17941043084	0.0
6.18231292517	0.0
6.1852154195	0.0
6.18811791383	0.0
6.19102040816	0.0
6.19392290249	0.0
6.19682539683	0.0
6.19972789116	0.0
6.20263038549	0.0
6.20553287982	0.0
6.20843537415	0.0
6.21133786848	0.0
6.21424036281	0.0
6.21714285714	0.0
6.22004535147	0.0
6.2229478458	0.0
6.22585034014	0.0
6.22875283447	0.0
6.2316553288	0.0
6.23455782313	0.0
6.23746031746	0.0
6.24036281179	0.0
6.24326530612	0.0
6.24616780045	0.0
6.24907029478	0.0
6.25197278912	0.0
6.25487528345	0.0
6.25777777778	0.0
6.26068027211	0.0
6.26358276644	0.0
6.26648526077	0.0
6.2693877551	0.0
6.27229024943	0.0
6.27519274376	0.0
6.2780952381	0.0
6.28099773243	0.0
6.28390022676	0.0
6.28680272109	0.0
6.28970521542	0.0
6.29260770975	0.0
