0.0	0.0
0.00290249433107	0.0
0.00580498866213	0.0
0.0087074829932	291.636291504
0.0116099773243	291.636291504
0.0145124716553	291.636291504
0.0174149659864	291.636291504
0.0203174603175	291.804779053
0.0232199546485	291.636291504
0.0261224489796	291.973388672
0.0290249433107	292.310882568
0.0319274376417	292.817840576
0.0348299319728	292.987030029
0.0377324263039	293.325714111
0.0406349206349	293.156341553
0.043537414966	292.987030029
0.0464399092971	292.987030029
0.0493424036281	292.648773193
0.0522448979592	292.648773193
0.0551473922902	292.648773193
0.0580498866213	292.648773193
0.0609523809524	292.648773193
0.0638548752834	292.479766846
0.0667573696145	292.310882568
0.0696598639456	292.142089844
0.0725623582766	291.804779053
0.0754648526077	291.636291504
0.0783673469388	291.636291504
0.0812698412698	291.804779053
0.0841723356009	291.973388672
0.087074829932	292.310882568
0.089977324263	292.648773193
0.0928798185941	292.987030029
0.0957823129252	293.156341553
0.0986848072562	293.156341553
0.101587301587	292.987030029
0.104489795918	292.987030029
0.107392290249	292.817840576
0.11029478458	292.817840576
0.113197278912	292.817840576
0.116099773243	293.156341553
0.119002267574	293.495178223
0.121904761905	293.664764404
0.124807256236	293.834442139
0.127709750567	293.834442139
0.130612244898	293.664764404
0.133514739229	293.495178223
0.13641723356	293.325714111
0.139319727891	292.987030029
0.142222222222	292.987030029
0.145124716553	292.987030029
0.148027210884	292.987030029
0.150929705215	292.987030029
0.153832199546	292.987030029
0.156734693878	292.648773193
0.159637188209	292.310882568
0.16253968254	291.973388672
0.165442176871	291.804779053
0.168344671202	291.804779053
0.171247165533	291.804779053
0.174149659864	291.973388672
0.177052154195	292.310882568
0.179954648526	292.479766846
0.182857142857	292.479766846
0.185759637188	292.648773193
0.188662131519	292.648773193
0.19156462585	292.648773193
0.194467120181	292.817840576
0.197369614512	292.987030029
0.200272108844	293.156341553
0.203174603175	293.325714111
0.206077097506	293.495178223
0.208979591837	293.664764404
0.211882086168	293.664764404
0.214784580499	293.664764404
0.21768707483	293.664764404
0.220589569161	293.495178223
0.223492063492	293.495178223
0.226394557823	293.325714111
0.229297052154	293.325714111
0.232199546485	293.325714111
0.235102040816	293.156341553
0.238004535147	293.156341553
0.240907029478	293.156341553
0.24380952381	292.987030029
0.246712018141	292.817840576
0.249614512472	292.817840576
0.252517006803	292.479766846
0.255419501134	292.479766846
0.258321995465	292.479766846
0.261224489796	292.479766846
0.264126984127	292.648773193
0.267029478458	292.648773193
0.269931972789	292.817840576
0.27283446712	292.817840576
0.275736961451	292.817840576
0.278639455782	292.817840576
0.281541950113	292.817840576
0.284444444444	292.817840576
0.287346938776	292.817840576
0.290249433107	292.987030029
0.293151927438	292.987030029
0.296054421769	292.817840576
0.2989569161	292.817840576
0.301859410431	292.817840576
0.304761904762	292.648773193
0.307664399093	292.648773193
0.310566893424	292.648773193
0.313469387755	292.648773193
0.316371882086	292.648773193
0.319274376417	292.817840576
0.322176870748	292.817840576
0.325079365079	292.817840576
0.32798185941	292.817840576
0.330884353741	292.817840576
0.333786848073	292.817840576
0.336689342404	292.817840576
0.339591836735	292.648773193
0.342494331066	292.648773193
0.345396825397	292.648773193
0.348299319728	292.648773193
0.351201814059	292.648773193
0.35410430839	292.648773193
0.357006802721	292.648773193
0.359909297052	292.648773193
0.362811791383	292.648773193
0.365714285714	292.648773193
0.368616780045	292.648773193
0.371519274376	292.817840576
0.374421768707	292.817840576
0.377324263039	292.817840576
0.38022675737	292.817840576
0.383129251701	292.817840576
0.386031746032	292.648773193
0.388934240363	292.648773193
0.391836734694	292.648773193
0.394739229025	292.479766846
0.397641723356	292.479766846
0.400544217687	292.479766846
0.403446712018	292.479766846
0.406349206349	292.648773193
0.40925170068	292.648773193
0.412154195011	292.648773193
0.415056689342	292.648773193
0.417959183673	292.479766846
0.420861678005	292.479766846
0.423764172336	292.479766846
0.426666666667	292.479766846
0.429569160998	292.648773193
0.432471655329	292.648773193
0.43537414966	292.648773193
0.438276643991	292.648773193
0.441179138322	292.648773193
0.444081632653	292.648773193
0.446984126984	292.648773193
0.449886621315	292.648773193
0.452789115646	292.479766846
0.455691609977	292.479766846
0.458594104308	292.479766846
0.461496598639	292.479766846
0.464399092971	292.479766846
0.467301587302	292.479766846
0.470204081633	292.479766846
0.473106575964	292.479766846
0.476009070295	292.479766846
0.478911564626	292.479766846
0.481814058957	292.479766846
0.484716553288	292.648773193
0.487619047619	292.648773193
0.49052154195	292.648773193
0.493424036281	292.648773193
0.496326530612	292.648773193
0.499229024943	292.648773193
0.502131519274	292.648773193
0.505034013605	292.648773193
0.507936507937	292.648773193
0.510839002268	292.648773193
0.513741496599	292.648773193
0.51664399093	292.648773193
0.519546485261	292.648773193
0.522448979592	292.648773193
0.525351473923	292.648773193
0.528253968254	292.648773193
0.531156462585	292.648773193
0.534058956916	292.479766846
0.536961451247	292.479766846
0.539863945578	292.479766846
0.542766439909	292.479766846
0.54566893424	292.479766846
0.548571428571	292.479766846
0.551473922902	292.648773193
0.554376417234	292.648773193
0.557278911565	292.648773193
0.560181405896	292.648773193
0.563083900227	292.648773193
0.565986394558	292.648773193
0.568888888889	292.648773193
0.57179138322	292.648773193
0.574693877551	292.648773193
0.577596371882	292.648773193
0.580498866213	292.648773193
0.583401360544	292.479766846
0.586303854875	292.479766846
0.589206349206	292.479766846
0.592108843537	292.648773193
0.595011337868	292.648773193
0.5979138322	292.479766846
0.600816326531	292.310882568
0.603718820862	292.310882568
0.606621315193	292.479766846
0.609523809524	292.817840576
0.612426303855	293.156341553
0.615328798186	293.325714111
0.618231292517	293.156341553
0.621133786848	292.987030029
0.624036281179	292.817840576
0.62693877551	292.479766846
0.629841269841	393.811035156
0.632743764172	393.35635376
0.635646258503	392.902191162
0.638548752834	392.675292969
0.641451247166	392.221923828
0.644353741497	391.995422363
0.647256235828	391.769073486
0.650158730159	391.769073486
0.65306122449	391.54284668
0.655963718821	391.54284668
0.658866213152	391.54284668
0.661768707483	391.54284668
0.664671201814	391.769073486
0.667573696145	391.54284668
0.670476190476	391.54284668
0.673378684807	391.316741943
0.676281179138	390.639221191
0.679183673469	390.188201904
0.6820861678	389.962890625
0.684988662132	389.962890625
0.687891156463	389.962890625
0.690793650794	390.188201904
0.693696145125	390.639221191
0.696598639456	390.864929199
0.699501133787	391.54284668
0.702403628118	391.769073486
0.705306122449	392.221923828
0.70820861678	392.221923828
0.711111111111	392.221923828
0.714013605442	391.995422363
0.716916099773	391.995422363
0.719818594104	391.54284668
0.722721088435	391.090789795
0.725623582766	390.864929199
0.728526077098	390.639221191
0.731428571429	390.864929199
0.73433106576	390.864929199
0.737233560091	390.864929199
0.740136054422	391.316741943
0.743038548753	391.54284668
0.745941043084	391.769073486
0.748843537415	391.769073486
0.751746031746	391.769073486
0.754648526077	391.769073486
0.757551020408	391.54284668
0.760453514739	391.54284668
0.76335600907	391.316741943
0.766258503401	391.090789795
0.769160997732	391.090789795
0.772063492063	390.864929199
0.774965986395	390.864929199
0.777868480726	390.864929199
0.780770975057	390.864929199
0.783673469388	390.864929199
0.786575963719	390.864929199
0.78947845805	390.864929199
0.792380952381	391.090789795
0.795283446712	391.090789795
0.798185941043	391.316741943
0.801088435374	391.316741943
0.803990929705	391.316741943
0.806893424036	391.54284668
0.809795918367	391.54284668
0.812698412698	391.54284668
0.815600907029	391.54284668
0.818503401361	391.54284668
0.821405895692	391.54284668
0.824308390023	391.54284668
0.827210884354	391.54284668
0.830113378685	391.54284668
0.833015873016	391.54284668
0.835918367347	391.54284668
0.838820861678	391.54284668
0.841723356009	391.316741943
0.84462585034	391.316741943
0.847528344671	391.316741943
0.850430839002	391.090789795
0.853333333333	391.090789795
0.856235827664	391.090789795
0.859138321995	390.864929199
0.862040816327	390.864929199
0.864943310658	391.090789795
0.867845804989	391.090789795
0.87074829932	391.090789795
0.873650793651	391.316741943
0.876553287982	391.316741943
0.879455782313	391.54284668
0.882358276644	391.54284668
0.885260770975	391.54284668
0.888163265306	391.316741943
0.891065759637	391.316741943
0.893968253968	391.316741943
0.896870748299	391.316741943
0.89977324263	391.316741943
0.902675736961	391.316741943
0.905578231293	391.316741943
0.908480725624	391.316741943
0.911383219955	391.316741943
0.914285714286	391.54284668
0.917188208617	391.54284668
0.920090702948	391.54284668
0.922993197279	391.54284668
0.92589569161	391.54284668
0.928798185941	391.54284668
0.931700680272	391.54284668
0.934603174603	391.316741943
0.937505668934	391.316741943
0.940408163265	391.090789795
0.943310657596	391.090789795
0.946213151927	391.090789795
0.949115646259	391.316741943
0.95201814059	391.316741943
0.954920634921	391.54284668
0.957823129252	391.54284668
0.960725623583	391.54284668
0.963628117914	391.54284668
0.966530612245	391.54284668
0.969433106576	391.316741943
0.972335600907	391.316741943
0.975238095238	391.090789795
0.978140589569	391.090789795
0.9810430839	391.090789795
0.983945578231	391.090789795
0.986848072562	391.090789795
0.989750566893	391.090789795
0.992653061224	391.316741943
0.995555555556	391.316741943
0.998458049887	391.316741943
1.00136054422	391.316741943
1.00426303855	391.316741943
1.00716553288	391.316741943
1.01006802721	391.316741943
1.01297052154	391.316741943
1.01587301587	391.090789795
1.0187755102	391.090789795
1.02167800454	391.090789795
1.02458049887	391.090789795
1.0274829932	391.090789795
1.03038548753	391.090789795
1.03328798186	391.090789795
1.03619047619	391.090789795
1.03909297052	391.316741943
1.04199546485	391.316741943
1.04489795918	391.316741943
1.04780045351	391.316741943
1.05070294785	391.316741943
1.05360544218	391.316741943
1.05650793651	391.090789795
1.05941043084	391.090789795
1.06231292517	391.090789795
1.0652154195	391.090789795
1.06811791383	391.090789795
1.07102040816	391.090789795
1.07392290249	391.090789795
1.07682539683	391.090789795
1.07972789116	391.090789795
1.08263038549	391.090789795
1.08553287982	391.316741943
1.08843537415	391.316741943
1.09133786848	391.316741943
1.09424036281	391.316741943
1.09714285714	391.316741943
1.10004535147	391.316741943
1.1029478458	391.316741943
1.10585034014	391.316741943
1.10875283447	391.316741943
1.1116553288	391.316741943
1.11455782313	391.316741943
1.11746031746	391.316741943
1.12036281179	391.316741943
1.12326530612	391.090789795
1.12616780045	391.090789795
1.12907029478	391.090789795
1.13197278912	391.090789795
1.13487528345	391.090789795
1.13777777778	391.090789795
1.14068027211	391.090789795
1.14358276644	391.090789795
1.14648526077	391.090789795
1.1493877551	391.090789795
1.15229024943	391.090789795
1.15519274376	391.090789795
1.1580952381	391.090789795
1.16099773243	390.864929199
1.16390022676	390.864929199
1.16680272109	390.864929199
1.16970521542	390.864929199
1.17260770975	390.639221191
1.17551020408	390.639221191
1.17841269841	390.639221191
1.18131519274	390.639221191
1.18421768707	390.864929199
1.18712018141	390.639221191
1.19002267574	390.639221191
1.19292517007	390.639221191
1.1958276644	390.413665771
1.19873015873	390.413665771
1.20163265306	390.639221191
1.20453514739	390.639221191
1.20743764172	390.639221191
1.21034013605	390.639221191
1.21324263039	390.639221191
1.21614512472	390.188201904
1.21904761905	389.737701416
1.22195011338	388.838256836
1.22485260771	388.389312744
1.22775510204	387.940887451
1.23065759637	389.962890625
1.2335600907	391.995422363
1.23646258503	393.811035156
1.23936507937	395.178253174
1.2422675737	394.494049072
1.24517006803	394.038574219
1.24807256236	392.448547363
1.25097505669	390.413665771
1.25387755102	385.483795166
1.25678004535	383.928283691
1.25968253968	384.372070312
1.26258503401	385.483795166
1.26548752834	387.045593262
1.26839002268	389.287719727
1.27129251701	391.995422363
1.27419501134	394.721984863
1.27709750567	396.550201416
1.28	396.550201416
1.28290249433	396.550201416
1.28580498866	394.721984863
1.28870748299	391.54284668
1.29160997732	382.15826416
1.29451247166	374.50982666
1.29741496599	371.708129883
1.30031746032	370.208190918
1.30321995465	369.140533447
1.30612244898	368.075958252
1.30902494331	367.226501465
1.31192743764	366.590698242
1.31482993197	366.167449951
1.3177324263	366.378997803
1.32063492063	366.802520752
1.32353741497	367.438690186
1.3264399093	368.075958252
1.32934240363	368.501434326
1.33224489796	369.140533447
1.33514739229	369.353820801
1.33804988662	369.140533447
1.34095238095	368.714324951
1.34385487528	368.288635254
1.34675736961	367.651000977
1.34965986395	367.014434814
1.35256235828	366.378997803
1.35546485261	365.955993652
1.35836734694	365.955993652
1.36126984127	365.955993652
1.3641723356	366.590698242
1.36707482993	367.226501465
1.36997732426	367.86340332
1.37287981859	368.714324951
1.37578231293	369.140533447
1.37868480726	369.353820801
1.38158730159	369.140533447
1.38448979592	368.714324951
1.38739229025	368.075958252
1.39029478458	367.438690186
1.39319727891	366.802520752
1.39609977324	366.167449951
1.39900226757	366.167449951
1.4019047619	366.378997803
1.40480725624	366.590698242
1.40770975057	367.226501465
1.4106122449	367.651000977
1.41351473923	368.075958252
1.41641723356	368.501434326
1.41931972789	368.288635254
1.42222222222	368.075958252
1.42512471655	367.651000977
1.42802721088	367.014434814
1.43092970522	366.167449951
1.43383219955	365.744659424
1.43673469388	365.533477783
1.43963718821	365.744659424
1.44253968254	365.955993652
1.44544217687	366.378997803
1.4483446712	367.014434814
1.45124716553	367.651000977
1.45414965986	367.86340332
1.4570521542	367.86340332
1.45995464853	367.651000977
1.46285714286	367.438690186
1.46575963719	367.226501465
1.46866213152	366.802520752
1.47156462585	366.378997803
1.47446712018	366.378997803
1.47736961451	366.590698242
1.48027210884	366.802520752
1.48317460317	367.226501465
1.48607709751	367.651000977
1.48897959184	368.075958252
1.49188208617	368.288635254
1.4947845805	368.501434326
1.49768707483	368.501434326
1.50058956916	368.501434326
1.50349206349	368.288635254
1.50639455782	368.075958252
1.50929705215	367.651000977
1.51219954649	367.438690186
1.51510204082	367.226501465
1.51800453515	367.226501465
1.52090702948	367.014434814
1.52380952381	367.438690186
1.52671201814	368.075958252
1.52961451247	368.714324951
1.5325170068	368.714324951
1.53541950113	368.075958252
1.53832199546	367.226501465
1.5412244898	310.229705811
1.54412698413	307.731079102
1.54702947846	305.958679199
1.54993197279	305.428955078
1.55283446712	305.252593994
1.55573696145	305.605438232
1.55863945578	305.958679199
1.56154195011	306.135467529
1.56444444444	306.843597412
1.56734693878	308.086791992
1.57024943311	309.513763428
1.57315192744	310.588317871
1.57605442177	310.76776123
1.5789569161	310.050567627
1.58185941043	309.692596436
1.58476190476	309.692596436
1.58766439909	309.871520996
1.59056689342	309.871520996
1.59346938776	309.513763428
1.59637188209	309.156402588
1.59927437642	308.799438477
1.60217687075	308.799438477
1.60507936508	308.621124268
1.60798185941	308.264801025
1.61088435374	307.908905029
1.61378684807	307.553375244
1.6166893424	308.086791992
1.61959183673	309.156402588
1.62249433107	310.229705811
1.6253968254	310.94732666
1.62829931973	311.126983643
1.63120181406	310.94732666
1.63410430839	310.76776123
1.63700680272	310.229705811
1.63990929705	309.513763428
1.64281179138	308.621124268
1.64571428571	307.553375244
1.64861678005	306.843597412
1.65151927438	306.489318848
1.65442176871	306.666412354
1.65732426304	307.198303223
1.66022675737	307.553375244
1.6631292517	308.086791992
1.66603174603	308.799438477
1.66893424036	309.692596436
1.67183673469	310.408966064
1.67473922902	310.588317871
1.67764172336	310.229705811
1.68054421769	309.692596436
1.68344671202	309.156402588
1.68634920635	309.335021973
1.68925170068	309.513763428
1.69215419501	309.692596436
1.69505668934	309.871520996
1.69795918367	309.871520996
1.700861678	310.229705811
1.70376417234	310.588317871
1.70666666667	310.588317871
1.709569161	310.408966064
1.71247165533	309.871520996
1.71537414966	309.335021973
1.71827664399	308.977874756
1.72117913832	308.799438477
1.72408163265	308.799438477
1.72698412698	308.977874756
1.72988662132	308.977874756
1.73278911565	309.156402588
1.73569160998	309.335021973
1.73859410431	309.692596436
1.74149659864	310.050567627
1.74439909297	310.050567627
1.7473015873	309.871520996
1.75020408163	309.692596436
1.75310657596	309.513763428
1.75600907029	309.335021973
1.75891156463	309.335021973
1.76181405896	309.335021973
1.76471655329	309.156402588
1.76761904762	309.156402588
1.77052154195	309.513763428
1.77342403628	309.513763428
1.77632653061	309.692596436
1.77922902494	309.692596436
1.78213151927	309.692596436
1.78503401361	309.513763428
1.78793650794	309.335021973
1.79083900227	309.156402588
1.7937414966	309.156402588
1.79664399093	309.156402588
1.79954648526	309.156402588
1.80244897959	309.156402588
1.80535147392	309.156402588
1.80825396825	309.156402588
1.81115646259	309.335021973
1.81405895692	309.335021973
1.81696145125	309.335021973
1.81986394558	309.513763428
1.82276643991	309.692596436
1.82566893424	309.692596436
1.82857142857	309.692596436
1.8314739229	309.156402588
1.83437641723	308.799438477
1.83727891156	308.442932129
1.8401814059	307.553375244
1.84308390023	305.076324463
1.84598639456	302.095245361
1.84888888889	299.489105225
1.85179138322	297.592224121
1.85469387755	295.707366943
1.85759637188	294.004211426
1.86049886621	291.973388672
1.86340136054	290.459472656
1.86630385488	289.621795654
1.86920634921	289.287414551
1.87210884354	289.454559326
1.87501133787	289.454559326
1.8779138322	290.459472656
1.88081632653	291.973388672
1.88371882086	293.325714111
1.88662131519	294.344055176
1.88952380952	295.024932861
1.89242630385	295.365936279
1.89532879819	295.195404053
1.89823129252	295.195404053
1.90113378685	295.024932861
1.90403628118	294.684295654
1.90693877551	294.174102783
1.90984126984	293.664764404
1.91274376417	293.156341553
1.9156462585	292.310882568
1.91854875283	291.804779053
1.92145124717	291.299560547
1.9243537415	290.795227051
1.92725623583	290.627288818
1.93015873016	290.795227051
1.93306122449	291.131347656
1.93596371882	291.46786499
1.93886621315	291.804779053
1.94176870748	292.310882568
1.94467120181	292.648773193
1.94757369615	292.987030029
1.95047619048	293.325714111
1.95337868481	293.495178223
1.95628117914	293.834442139
1.95918367347	294.174102783
1.9620861678	294.344055176
1.96498866213	294.514129639
1.96789115646	294.684295654
1.97079365079	294.684295654
1.97369614512	294.344055176
1.97659863946	294.004211426
1.97950113379	293.495178223
1.98240362812	292.817840576
1.98530612245	292.310882568
1.98820861678	291.973388672
1.99111111111	291.804779053
1.99401360544	291.804779053
1.99691609977	292.142089844
1.9998185941	292.310882568
2.00272108844	292.479766846
2.00562358277	292.648773193
2.0085260771	292.648773193
2.01142857143	292.648773193
2.01433106576	292.817840576
2.01723356009	292.987030029
2.02013605442	293.156341553
2.02303854875	293.325714111
2.02594104308	293.325714111
2.02884353741	293.325714111
2.03174603175	292.987030029
2.03464852608	292.648773193
2.03755102041	292.310882568
2.04045351474	291.973388672
2.04335600907	291.973388672
2.0462585034	292.142089844
2.04916099773	292.310882568
2.05206349206	292.479766846
2.05496598639	292.987030029
2.05786848073	293.325714111
2.06077097506	293.664764404
2.06367346939	293.834442139
2.06657596372	294.004211426
2.06947845805	294.004211426
2.07238095238	293.834442139
2.07528344671	293.834442139
2.07818594104	293.834442139
2.08108843537	293.834442139
2.08399092971	293.664764404
2.08689342404	293.664764404
2.08979591837	293.325714111
2.0926984127	293.156341553
2.09560090703	292.987030029
2.09850340136	292.648773193
2.10140589569	292.479766846
2.10430839002	292.310882568
2.10721088435	292.142089844
2.11011337868	292.310882568
2.11301587302	292.310882568
2.11591836735	292.648773193
2.11882086168	292.648773193
2.12172335601	292.648773193
2.12462585034	292.817840576
2.12752834467	292.817840576
2.130430839	292.987030029
2.13333333333	292.987030029
2.13623582766	293.156341553
2.139138322	293.156341553
2.14204081633	293.156341553
2.14494331066	293.156341553
2.14784580499	293.325714111
2.15074829932	293.664764404
2.15365079365	294.004211426
2.15655328798	294.684295654
2.15945578231	295.536621094
2.16235827664	296.562652588
2.16526077098	296.049194336
2.16816326531	293.664764404
2.17106575964	292.817840576
2.17396825397	291.973388672
2.1768707483	290.963226318
2.17977324263	290.627288818
2.18267573696	290.627288818
2.18557823129	291.299560547
2.18848072562	292.479766846
2.19138321995	302.61920166
2.19428571429	302.444458008
2.19718820862	301.746459961
2.20009070295	300.528869629
2.20299319728	299.489105225
2.20589569161	298.452941895
2.20879818594	297.764160156
2.21170068027	297.592224121
2.2146031746	297.764160156
2.21750566893	299.316162109
2.22040816327	299.662139893
2.2233106576	301.050079346
2.22621315193	302.444458008
2.22911564626	303.669830322
2.23201814059	304.548126221
2.23492063492	305.428955078
2.23782312925	306.666412354
2.24072562358	310.408966064
2.24362811791	311.126983643
2.24653061224	311.486633301
2.24943310658	311.126983643
2.25233560091	310.588317871
2.25523809524	308.264801025
2.25814058957	307.375793457
2.2610430839	306.312347412
2.26394557823	305.958679199
2.26684807256	305.076324463
2.26975056689	305.076324463
2.27265306122	304.724090576
2.27555555556	304.724090576
2.27845804989	304.900146484
2.28136054422	305.958679199
2.28426303855	307.198303223
2.28716553288	308.621124268
2.29006802721	310.408966064
2.29297052154	311.846679688
2.29587301587	312.748626709
2.2987755102	312.20715332
2.30167800454	310.94732666
2.30458049887	309.335021973
2.3074829932	307.908905029
2.31038548753	307.020904541
2.31328798186	307.020904541
2.31619047619	307.020904541
2.31909297052	307.375793457
2.32199546485	307.908905029
2.32489795918	308.442932129
2.32780045351	308.621124268
2.33070294785	308.799438477
2.33360544218	308.977874756
2.33650793651	308.977874756
2.33941043084	308.977874756
2.34231292517	309.156402588
2.3452154195	309.335021973
2.34811791383	309.513763428
2.35102040816	309.871520996
2.35392290249	310.408966064
2.35682539683	310.588317871
2.35972789116	310.76776123
2.36263038549	310.76776123
2.36553287982	310.408966064
2.36843537415	310.229705811
2.37133786848	309.871520996
2.37424036281	309.871520996
2.37714285714	309.513763428
2.38004535147	309.156402588
2.3829478458	308.799438477
2.38585034014	308.621124268
2.38875283447	308.442932129
2.3916553288	308.442932129
2.39455782313	308.086791992
2.39746031746	308.264801025
2.40036281179	308.442932129
2.40326530612	308.621124268
2.40616780045	308.977874756
2.40907029478	308.977874756
2.41197278912	309.156402588
2.41487528345	309.335021973
2.41777777778	309.513763428
2.42068027211	309.692596436
2.42358276644	309.871520996
2.42648526077	310.050567627
2.4293877551	310.229705811
2.43229024943	310.229705811
2.43519274376	310.229705811
2.4380952381	310.050567627
2.44099773243	309.692596436
2.44390022676	309.513763428
2.44680272109	308.977874756
2.44970521542	308.621124268
2.45260770975	308.264801025
2.45551020408	308.264801025
2.45841269841	308.442932129
2.46131519274	308.621124268
2.46421768707	308.442932129
2.46712018141	307.908905029
2.47002267574	306.843597412
2.47292517007	306.312347412
2.4758276644	306.312347412
2.47873015873	306.666412354
2.48163265306	362.170776367
2.48453514739	362.798919678
2.48743764172	365.111450195
2.49034013605	368.927368164
2.49324263039	371.493469238
2.49614512472	374.50982666
2.49904761905	377.768798828
2.50195011338	380.176727295
2.50485260771	381.496612549
2.50775510204	384.372070312
2.51065759637	369.567230225
2.5135600907	369.140533447
2.51646258503	368.501434326
2.51936507937	368.075958252
2.5222675737	367.651000977
2.52517006803	364.268829346
2.52807256236	362.3800354
2.53097505669	375.159362793
2.53387755102	370.636138916
2.53678004535	369.994415283
2.53968253968	369.780761719
2.54258503401	369.140533447
2.54548752834	368.288635254
2.54839002268	367.651000977
2.55129251701	367.651000977
2.55419501134	367.86340332
2.55709750567	368.075958252
2.56	368.075958252
2.56290249433	368.075958252
2.56580498866	367.86340332
2.56870748299	368.075958252
2.57160997732	368.288635254
2.57451247166	368.288635254
2.57741496599	368.075958252
2.58031746032	367.651000977
2.58321995465	367.438690186
2.58612244898	367.014434814
2.58902494331	366.802520752
2.59192743764	366.590698242
2.59482993197	366.378997803
2.5977324263	366.167449951
2.60063492063	366.378997803
2.60353741497	366.590698242
2.6064399093	367.226501465
2.60934240363	367.438690186
2.61224489796	367.86340332
2.61514739229	367.86340332
2.61804988662	367.86340332
2.62095238095	367.651000977
2.62385487528	367.651000977
2.62675736961	367.226501465
2.62965986395	366.590698242
2.63256235828	366.167449951
2.63546485261	365.955993652
2.63836734694	365.955993652
2.64126984127	366.378997803
2.6441723356	366.378997803
2.64707482993	366.802520752
2.64997732426	367.014434814
2.65287981859	367.014434814
2.65578231293	367.014434814
2.65868480726	366.802520752
2.66158730159	366.590698242
2.66448979592	366.378997803
2.66739229025	366.167449951
2.67029478458	365.955993652
2.67319727891	365.955993652
2.67609977324	366.378997803
2.67900226757	366.590698242
2.6819047619	366.802520752
2.68480725624	367.014434814
2.68770975057	367.226501465
2.6906122449	367.226501465
2.69351473923	367.438690186
2.69641723356	367.438690186
2.69931972789	367.226501465
2.70222222222	367.014434814
2.70512471655	367.014434814
2.70802721088	367.014434814
2.71092970522	367.014434814
2.71383219955	367.226501465
2.71673469388	367.226501465
2.71963718821	367.438690186
2.72253968254	367.438690186
2.72544217687	367.651000977
2.7283446712	367.651000977
2.73124716553	367.86340332
2.73414965986	367.86340332
2.7370521542	367.651000977
2.73995464853	367.651000977
2.74285714286	367.438690186
2.74575963719	367.226501465
2.74866213152	367.226501465
2.75156462585	367.014434814
2.75446712018	367.014434814
2.75736961451	367.014434814
2.76027210884	367.226501465
2.76317460317	366.802520752
2.76607709751	366.590698242
2.76897959184	365.955993652
2.77188208617	366.167449951
2.7747845805	366.802520752
2.77768707483	367.86340332
2.78058956916	369.353820801
2.78349206349	370.636138916
2.78639455782	380.836090088
2.78929705215	385.483795166
2.79219954649	387.492980957
2.79510204082	389.287719727
2.79800453515	391.090789795
2.80090702948	393.129211426
2.80380952381	394.266235352
2.80671201814	395.178253174
2.80961451247	395.406585693
2.8125170068	394.950042725
2.81541950113	394.038574219
2.81832199546	392.902191162
2.8212244898	391.995422363
2.82412698413	391.54284668
2.82702947846	390.864929199
2.82993197279	390.639221191
2.83283446712	390.413665771
2.83573696145	390.413665771
2.83863945578	390.639221191
2.84154195011	390.864929199
2.84444444444	391.090789795
2.84734693878	391.54284668
2.85024943311	391.769073486
2.85315192744	391.995422363
2.85605442177	392.221923828
2.8589569161	392.221923828
2.86185941043	391.995422363
2.86476190476	391.995422363
2.86766439909	391.769073486
2.87056689342	391.54284668
2.87346938776	391.090789795
2.87637188209	390.864929199
2.87927437642	390.639221191
2.88217687075	390.413665771
2.88507936508	390.639221191
2.88798185941	390.639221191
2.89088435374	391.090789795
2.89378684807	391.54284668
2.8966893424	391.769073486
2.89959183673	391.995422363
2.90249433107	391.995422363
2.9053968254	391.769073486
2.90829931973	391.54284668
2.91120181406	391.316741943
2.91410430839	391.090789795
2.91700680272	390.864929199
2.91990929705	390.864929199
2.92281179138	390.864929199
2.92571428571	391.090789795
2.92861678005	391.090789795
2.93151927438	391.316741943
2.93442176871	391.54284668
2.93732426304	391.54284668
2.94022675737	391.54284668
2.9431292517	391.54284668
2.94603174603	391.316741943
2.94893424036	391.090789795
2.95183673469	390.864929199
2.95473922902	390.864929199
2.95764172336	390.864929199
2.96054421769	391.090789795
2.96344671202	391.090789795
2.96634920635	391.316741943
2.96925170068	391.54284668
2.97215419501	391.54284668
2.97505668934	391.769073486
2.97795918367	391.769073486
2.980861678	391.769073486
2.98376417234	391.54284668
2.98666666667	391.54284668
2.989569161	391.54284668
2.99247165533	391.316741943
2.99537414966	391.316741943
2.99827664399	391.316741943
3.00117913832	391.316741943
3.00408163265	391.316741943
3.00698412698	391.316741943
3.00988662132	391.316741943
3.01278911565	391.316741943
3.01569160998	391.316741943
3.01859410431	391.316741943
3.02149659864	391.090789795
3.02439909297	391.090789795
3.0273015873	391.090789795
3.03020408163	391.090789795
3.03310657596	391.090789795
3.03600907029	391.090789795
3.03891156463	391.090789795
3.04181405896	391.316741943
3.04471655329	391.316741943
3.04761904762	391.316741943
3.05052154195	391.316741943
3.05342403628	391.54284668
3.05632653061	391.54284668
3.05922902494	391.54284668
3.06213151927	391.54284668
3.06503401361	391.54284668
3.06793650794	391.54284668
3.07083900227	391.54284668
3.0737414966	391.54284668
3.07664399093	391.54284668
3.07954648526	391.54284668
3.08244897959	391.54284668
3.08535147392	391.54284668
3.08825396825	391.54284668
3.09115646259	391.54284668
3.09405895692	391.316741943
3.09696145125	391.316741943
3.09986394558	391.090789795
3.10276643991	391.090789795
3.10566893424	391.090789795
3.10857142857	391.316741943
3.1114739229	391.316741943
3.11437641723	391.54284668
3.11727891156	391.54284668
3.1201814059	391.769073486
3.12308390023	391.769073486
3.12598639456	391.54284668
3.12888888889	391.54284668
3.13179138322	391.316741943
3.13469387755	391.090789795
3.13759637188	390.864929199
3.14049886621	390.864929199
3.14340136054	390.639221191
3.14630385488	390.864929199
3.14920634921	390.864929199
3.15210884354	391.090789795
3.15501133787	391.316741943
3.1579138322	391.316741943
3.16081632653	391.54284668
3.16371882086	391.54284668
3.16662131519	391.316741943
3.16952380952	391.316741943
3.17242630385	391.090789795
3.17532879819	391.090789795
3.17823129252	390.864929199
3.18113378685	390.864929199
3.18403628118	391.090789795
3.18693877551	391.090789795
3.18984126984	391.090789795
3.19274376417	391.090789795
3.1956462585	391.316741943
3.19854875283	391.316741943
3.20145124717	391.316741943
3.2043537415	391.316741943
3.20725623583	391.090789795
3.21015873016	391.090789795
3.21306122449	391.090789795
3.21596371882	390.864929199
3.21886621315	390.864929199
3.22176870748	390.864929199
3.22467120181	390.639221191
3.22757369615	390.864929199
3.23047619048	390.864929199
3.23337868481	390.864929199
3.23628117914	391.090789795
3.23918367347	391.090789795
3.2420861678	391.316741943
3.24498866213	391.316741943
3.24789115646	391.316741943
3.25079365079	391.316741943
3.25369614512	391.316741943
3.25659863946	391.316741943
3.25950113379	391.316741943
3.26240362812	391.316741943
3.26530612245	391.316741943
3.26820861678	391.316741943
3.27111111111	391.316741943
3.27401360544	391.316741943
3.27691609977	391.316741943
3.2798185941	391.316741943
3.28272108844	391.090789795
3.28562358277	391.090789795
3.2885260771	390.864929199
3.29142857143	390.864929199
3.29433106576	390.864929199
3.29723356009	390.864929199
3.30013605442	390.864929199
3.30303854875	390.864929199
3.30594104308	390.864929199
3.30884353741	390.864929199
3.31174603175	390.864929199
3.31464852608	390.864929199
3.31755102041	390.864929199
3.32045351474	390.864929199
3.32335600907	390.864929199
3.3262585034	390.864929199
3.32916099773	390.864929199
3.33206349206	390.864929199
3.33496598639	390.639221191
3.33786848073	390.639221191
3.34077097506	390.639221191
3.34367346939	390.639221191
3.34657596372	390.639221191
3.34947845805	390.639221191
3.35238095238	390.639221191
3.35528344671	390.639221191
3.35818594104	390.639221191
3.36108843537	390.639221191
3.36399092971	390.639221191
3.36689342404	390.188201904
3.36979591837	389.737701416
3.3726984127	388.838256836
3.37560090703	388.165039062
3.37850340136	387.492980957
3.38140589569	387.492980957
3.38430839002	390.188201904
3.38721088435	392.902191162
3.39011337868	393.583618164
3.39301587302	393.35635376
3.39591836735	393.129211426
3.39882086168	392.221923828
3.40172335601	390.639221191
3.40462585034	387.045593262
3.40752834467	384.816375732
3.410430839	384.594146729
3.41333333333	385.706512451
3.41623582766	387.269226074
3.419138322	389.062927246
3.42204081633	391.090789795
3.42494331066	393.583618164
3.42784580499	395.406585693
3.43074829932	396.779327393
3.43365079365	396.779327393
3.43655328798	395.863616943
3.43945578231	393.583618164
3.44235827664	389.512664795
3.44526077098	380.176727295
3.44816326531	374.942718506
3.45106575964	372.137786865
3.45396825397	370.850280762
3.4568707483	369.567230225
3.45977324263	368.501434326
3.46267573696	367.226501465
3.46557823129	366.378997803
3.46848072562	366.167449951
3.47138321995	366.167449951
3.47428571429	366.378997803
3.47718820862	367.226501465
3.48009070295	368.075958252
3.48299319728	368.927368164
3.48589569161	369.567230225
3.48879818594	369.780761719
3.49170068027	369.353820801
3.4946031746	368.714324951
3.49750566893	368.288635254
3.50040816327	367.226501465
3.5033106576	366.590698242
3.50621315193	365.955993652
3.50911564626	365.533477783
3.51201814059	365.744659424
3.51492063492	365.955993652
3.51782312925	366.590698242
3.52072562358	367.226501465
3.52362811791	368.075958252
3.52653061224	368.714324951
3.52943310658	369.140533447
3.53233560091	369.140533447
3.53523809524	368.927368164
3.53814058957	368.288635254
3.5410430839	367.438690186
3.54394557823	366.802520752
3.54684807256	366.167449951
3.54975056689	365.744659424
3.55265306122	365.533477783
3.55555555556	365.744659424
3.55845804989	366.378997803
3.56136054422	367.014434814
3.56426303855	367.86340332
3.56716553288	368.501434326
3.57006802721	368.927368164
3.57297052154	368.927368164
3.57587301587	368.501434326
3.5787755102	368.075958252
3.58167800454	367.226501465
3.58458049887	366.590698242
3.5874829932	366.167449951
3.59038548753	365.744659424
3.59328798186	365.955993652
3.59619047619	366.167449951
3.59909297052	366.802520752
3.60199546485	367.226501465
3.60489795918	368.075958252
3.60780045351	368.501434326
3.61070294785	368.501434326
3.61360544218	368.501434326
3.61650793651	368.075958252
3.61941043084	367.438690186
3.62231292517	367.014434814
3.6252154195	366.590698242
3.62811791383	366.167449951
3.63102040816	366.378997803
3.63392290249	366.590698242
3.63682539683	367.226501465
3.63972789116	367.651000977
3.64263038549	368.075958252
3.64553287982	368.501434326
3.64843537415	368.714324951
3.65133786848	368.714324951
3.65424036281	368.714324951
3.65714285714	368.501434326
3.66004535147	368.075958252
3.6629478458	367.651000977
3.66585034014	367.226501465
3.66875283447	367.014434814
3.6716553288	366.802520752
3.67455782313	366.802520752
3.67746031746	367.014434814
3.68036281179	367.651000977
3.68326530612	368.288635254
3.68616780045	369.140533447
3.68907029478	369.353820801
3.69197278912	368.501434326
3.69487528345	367.226501465
3.69777777778	365.533477783
3.70068027211	310.229705811
3.70358276644	307.908905029
3.70648526077	307.020904541
3.7093877551	306.489318848
3.71229024943	306.135467529
3.71519274376	305.605438232
3.7180952381	305.605438232
3.72099773243	305.958679199
3.72390022676	306.843597412
3.72680272109	308.086791992
3.72970521542	309.335021973
3.73260770975	310.050567627
3.73551020408	310.408966064
3.73841269841	310.050567627
3.74131519274	309.871520996
3.74421768707	309.871520996
3.74712018141	310.050567627
3.75002267574	309.692596436
3.75292517007	309.335021973
3.7558276644	309.156402588
3.75873015873	309.156402588
3.76163265306	308.977874756
3.76453514739	308.621124268
3.76743764172	308.086791992
3.77034013605	307.553375244
3.77324263039	307.553375244
3.77614512472	308.086791992
3.77904761905	308.977874756
3.78195011338	309.871520996
3.78485260771	310.588317871
3.78775510204	310.94732666
3.79065759637	310.94732666
3.7935600907	310.94732666
3.79646258503	310.588317871
3.79936507937	309.692596436
3.8022675737	308.621124268
3.80517006803	307.553375244
3.80807256236	307.020904541
3.81097505669	306.843597412
3.81387755102	306.666412354
3.81678004535	306.843597412
3.81968253968	306.843597412
3.82258503401	307.375793457
3.82548752834	308.264801025
3.82839002268	309.335021973
3.83129251701	310.050567627
3.83419501134	310.229705811
3.83709750567	310.050567627
3.84	309.692596436
3.84290249433	309.692596436
3.84580498866	309.513763428
3.84870748299	309.513763428
3.85160997732	309.513763428
3.85451247166	309.335021973
3.85741496599	309.692596436
3.86031746032	310.408966064
3.86321995465	310.588317871
3.86612244898	310.588317871
3.86902494331	310.229705811
3.87192743764	309.692596436
3.87482993197	309.335021973
3.8777324263	308.977874756
3.88063492063	308.977874756
3.88353741497	308.977874756
3.8864399093	308.799438477
3.88934240363	308.977874756
3.89224489796	309.156402588
3.89514739229	309.513763428
3.89804988662	309.871520996
3.90095238095	309.871520996
3.90385487528	309.871520996
3.90675736961	309.692596436
3.90965986395	309.513763428
3.91256235828	309.513763428
3.91546485261	309.335021973
3.91836734694	309.156402588
3.92126984127	308.977874756
3.9241723356	308.977874756
3.92707482993	308.977874756
3.92997732426	309.156402588
3.93287981859	309.335021973
3.93578231293	309.513763428
3.93868480726	309.513763428
3.94158730159	309.513763428
3.94448979592	309.335021973
3.94739229025	309.335021973
3.95029478458	309.335021973
3.95319727891	309.156402588
3.95609977324	309.156402588
3.95900226757	309.156402588
3.9619047619	309.156402588
3.96480725624	309.156402588
3.96770975057	309.335021973
3.9706122449	309.513763428
3.97351473923	309.513763428
3.97641723356	309.513763428
3.97931972789	309.513763428
3.98222222222	309.335021973
3.98512471655	309.513763428
3.98802721088	309.513763428
3.99092970522	309.513763428
3.99383219955	309.335021973
3.99673469388	309.156402588
3.99963718821	309.156402588
4.00253968254	309.156402588
4.00544217687	309.335021973
4.0083446712	309.513763428
4.01124716553	310.229705811
4.01414965986	310.76776123
4.0170521542	311.306762695
4.01995464853	311.666595459
4.02285714286	311.486633301
4.02575963719	311.126983643
4.02866213152	308.621124268
4.03156462585	304.548126221
4.03446712018	301.746459961
4.03736961451	299.489105225
4.04027210884	297.936218262
4.04317460317	296.562652588
4.04607709751	295.536621094
4.04897959184	294.514129639
4.05188208617	293.664764404
4.0547845805	293.156341553
4.05768707483	292.817840576
4.06058956916	292.648773193
4.06349206349	292.142089844
4.06639455782	291.636291504
4.06929705215	291.131347656
4.07219954649	290.795227051
4.07510204082	290.795227051
4.07800453515	290.963226318
4.08090702948	291.46786499
4.08380952381	292.142089844
4.08671201814	292.648773193
4.08961451247	293.156341553
4.0925170068	293.664764404
4.09541950113	293.834442139
4.09832199546	293.664764404
4.1012244898	293.495178223
4.10412698413	293.325714111
4.10702947846	293.156341553
4.10993197279	293.156341553
4.11283446712	293.156341553
4.11573696145	292.987030029
4.11863945578	292.817840576
4.12154195011	292.479766846
4.12444444444	292.310882568
4.12734693878	291.804779053
4.13024943311	291.636291504
4.13315192744	291.46786499
4.13605442177	291.46786499
4.1389569161	291.636291504
4.14185941043	291.973388672
4.14476190476	292.648773193
4.14766439909	293.325714111
4.15056689342	293.664764404
4.15346938776	294.174102783
4.15637188209	294.514129639
4.15927437642	294.514129639
4.16217687075	294.344055176
4.16507936508	294.174102783
4.16798185941	294.004211426
4.17088435374	293.664764404
4.17378684807	293.325714111
4.1766893424	292.987030029
4.17959183673	292.648773193
4.18249433107	292.142089844
4.1853968254	291.804779053
4.18829931973	291.46786499
4.19120181406	291.299560547
4.19410430839	291.299560547
4.19700680272	291.46786499
4.19990929705	291.804779053
4.20281179138	292.310882568
4.20571428571	292.648773193
4.20861678005	292.987030029
4.21151927438	293.156341553
4.21442176871	293.156341553
4.21732426304	293.156341553
4.22022675737	293.156341553
4.2231292517	293.156341553
4.22603174603	293.325714111
4.22893424036	293.325714111
4.23183673469	293.495178223
4.23473922902	293.495178223
4.23764172336	293.325714111
4.24054421769	293.325714111
4.24344671202	293.156341553
4.24634920635	293.156341553
4.24925170068	293.156341553
4.25215419501	292.987030029
4.25505668934	292.987030029
4.25795918367	292.987030029
4.260861678	292.987030029
4.26376417234	292.987030029
4.26666666667	292.987030029
4.269569161	292.987030029
4.27247165533	293.156341553
4.27537414966	293.156341553
4.27827664399	293.156341553
4.28117913832	293.156341553
4.28408163265	293.156341553
4.28698412698	292.987030029
4.28988662132	292.987030029
4.29278911565	292.987030029
4.29569160998	292.817840576
4.29859410431	292.648773193
4.30149659864	292.648773193
4.30439909297	292.479766846
4.3073015873	292.479766846
4.31020408163	292.479766846
4.31310657596	292.479766846
4.31600907029	292.648773193
4.31891156463	292.817840576
4.32181405896	292.817840576
4.32471655329	292.987030029
4.32761904762	292.987030029
4.33052154195	292.987030029
4.33342403628	292.987030029
4.33632653061	292.987030029
4.33922902494	292.987030029
4.34213151927	292.987030029
4.34503401361	292.987030029
4.34793650794	292.987030029
4.35083900227	292.817840576
4.3537414966	292.648773193
4.35664399093	292.479766846
4.35954648526	292.479766846
4.36244897959	292.479766846
4.36535147392	292.479766846
4.36825396825	292.479766846
4.37115646259	292.648773193
4.37405895692	292.648773193
4.37696145125	292.817840576
4.37986394558	292.817840576
4.38276643991	292.817840576
4.38566893424	292.987030029
4.38857142857	292.987030029
4.3914739229	292.987030029
4.39437641723	292.987030029
4.39727891156	292.987030029
4.4001814059	292.987030029
4.40308390023	292.987030029
4.40598639456	292.987030029
4.40888888889	292.817840576
4.41179138322	292.648773193
4.41469387755	292.648773193
4.41759637188	292.479766846
4.42049886621	292.479766846
4.42340136054	292.479766846
4.42630385488	292.479766846
4.42920634921	292.479766846
4.43210884354	292.648773193
4.43501133787	292.648773193
4.4379138322	292.648773193
4.44081632653	292.479766846
4.44371882086	292.479766846
4.44662131519	292.479766846
4.44952380952	292.648773193
4.45242630385	292.648773193
4.45532879819	292.648773193
4.45823129252	292.648773193
4.46113378685	292.648773193
4.46403628118	292.648773193
4.46693877551	292.648773193
4.46984126984	292.648773193
4.47274376417	292.648773193
4.4756462585	292.648773193
4.47854875283	292.479766846
4.48145124717	292.648773193
4.4843537415	292.648773193
4.48725623583	292.648773193
4.49015873016	292.648773193
4.49306122449	292.648773193
4.49596371882	292.479766846
4.49886621315	292.479766846
4.50176870748	292.479766846
4.50467120181	292.648773193
4.50757369615	292.648773193
4.51047619048	292.648773193
4.51337868481	292.648773193
4.51628117914	292.648773193
4.51918367347	292.648773193
4.5220861678	292.648773193
4.52498866213	292.648773193
4.52789115646	292.648773193
4.53079365079	292.479766846
4.53369614512	292.479766846
4.53659863946	292.479766846
4.53950113379	292.479766846
4.54240362812	292.479766846
4.54530612245	292.479766846
4.54820861678	292.479766846
4.55111111111	292.479766846
4.55401360544	292.648773193
4.55691609977	292.648773193
4.5598185941	292.648773193
4.56272108844	292.648773193
4.56562358277	292.648773193
4.5685260771	292.648773193
4.57142857143	292.648773193
4.57433106576	292.648773193
4.57723356009	292.648773193
4.58013605442	292.648773193
4.58303854875	292.648773193
4.58594104308	292.648773193
4.58884353741	292.648773193
4.59174603175	292.648773193
4.59464852608	292.648773193
4.59755102041	292.648773193
4.60045351474	292.648773193
4.60335600907	292.648773193
4.6062585034	292.648773193
4.60916099773	292.648773193
4.61206349206	292.648773193
4.61496598639	292.648773193
4.61786848073	292.817840576
4.62077097506	292.817840576
4.62367346939	292.817840576
4.62657596372	292.817840576
4.62947845805	292.648773193
4.63238095238	292.648773193
4.63528344671	292.648773193
4.63818594104	292.648773193
4.64108843537	292.648773193
4.64399092971	292.817840576
4.64689342404	292.817840576
4.64979591837	292.817840576
4.6526984127	292.817840576
4.65560090703	292.817840576
4.65850340136	292.817840576
4.66140589569	292.817840576
4.66430839002	292.817840576
4.66721088435	292.648773193
4.67011337868	292.817840576
4.67301587302	292.817840576
4.67591836735	292.817840576
4.67882086168	292.817840576
4.68172335601	292.817840576
4.68462585034	292.817840576
4.68752834467	292.648773193
4.690430839	292.648773193
4.69333333333	292.648773193
4.69623582766	292.648773193
4.699138322	292.648773193
4.70204081633	292.817840576
4.70494331066	292.817840576
4.70784580499	292.817840576
4.71074829932	292.817840576
4.71365079365	292.817840576
4.71655328798	292.817840576
4.71945578231	292.817840576
4.72235827664	292.817840576
4.72526077098	292.817840576
4.72816326531	292.817840576
4.73106575964	292.817840576
4.73396825397	292.817840576
4.7368707483	292.648773193
4.73977324263	292.648773193
4.74267573696	292.479766846
4.74557823129	292.648773193
4.74848072562	292.479766846
4.75138321995	292.479766846
4.75428571429	292.648773193
4.75718820862	292.479766846
4.76009070295	292.648773193
4.76299319728	292.648773193
4.76589569161	292.817840576
4.76879818594	292.817840576
4.77170068027	292.817840576
4.7746031746	292.648773193
4.77750566893	292.648773193
4.78040816327	292.648773193
4.7833106576	292.479766846
4.78621315193	292.648773193
4.78911564626	292.479766846
4.79201814059	292.479766846
4.79492063492	292.648773193
4.79782312925	292.648773193
4.80072562358	292.648773193
4.80362811791	292.648773193
4.80653061224	292.648773193
4.80943310658	292.648773193
4.81233560091	292.648773193
4.81523809524	292.648773193
4.81814058957	292.648773193
4.8210430839	292.648773193
4.82394557823	292.479766846
4.82684807256	292.479766846
4.82975056689	292.479766846
4.83265306122	292.479766846
4.83555555556	292.648773193
4.83845804989	292.648773193
4.84136054422	292.648773193
4.84426303855	292.648773193
4.84716553288	292.648773193
4.85006802721	292.648773193
4.85297052154	292.648773193
4.85587301587	292.479766846
4.8587755102	292.648773193
4.86167800454	292.648773193
4.86458049887	292.648773193
4.8674829932	292.648773193
4.87038548753	292.648773193
4.87328798186	292.648773193
4.87619047619	292.648773193
4.87909297052	292.648773193
4.88199546485	292.648773193
4.88489795918	292.648773193
4.88780045351	292.817840576
4.89070294785	292.817840576
4.89360544218	292.817840576
4.89650793651	292.817840576
4.89941043084	292.648773193
4.90231292517	292.648773193
4.9052154195	292.648773193
4.90811791383	292.648773193
4.91102040816	292.648773193
4.91392290249	292.479766846
4.91682539683	292.479766846
4.91972789116	292.648773193
4.92263038549	292.648773193
4.92553287982	292.648773193
4.92843537415	292.648773193
4.93133786848	292.648773193
4.93424036281	292.648773193
4.93714285714	292.479766846
4.94004535147	292.479766846
4.9429478458	292.648773193
4.94585034014	292.648773193
4.94875283447	292.648773193
4.9516553288	292.479766846
4.95455782313	292.648773193
4.95746031746	292.648773193
4.96036281179	292.648773193
4.96326530612	292.648773193
4.96616780045	292.648773193
4.96907029478	292.648773193
4.97197278912	292.648773193
4.97487528345	292.648773193
4.97777777778	292.648773193
4.98068027211	292.648773193
4.98358276644	292.648773193
4.98648526077	292.648773193
4.9893877551	292.648773193
4.99229024943	292.648773193
4.99519274376	292.648773193
4.9980952381	292.648773193
5.00099773243	292.648773193
5.00390022676	292.648773193
5.00680272109	292.648773193
5.00970521542	292.648773193
5.01260770975	292.648773193
5.01551020408	292.479766846
5.01841269841	292.648773193
5.02131519274	292.648773193
5.02421768707	292.648773193
5.02712018141	292.479766846
5.03002267574	292.648773193
5.03292517007	292.479766846
5.0358276644	292.479766846
5.03873015873	292.479766846
5.04163265306	292.479766846
5.04453514739	292.479766846
5.04743764172	292.479766846
5.05034013605	292.648773193
5.05324263039	292.648773193
5.05614512472	292.817840576
5.05904761905	292.817840576
5.06195011338	292.817840576
5.06485260771	292.817840576
5.06775510204	292.648773193
5.07065759637	292.648773193
5.0735600907	292.479766846
5.07646258503	292.479766846
5.07936507937	292.479766846
5.0822675737	292.479766846
5.08517006803	292.479766846
5.08807256236	292.648773193
5.09097505669	292.648773193
5.09387755102	292.648773193
5.09678004535	292.648773193
5.09968253968	292.648773193
5.10258503401	292.648773193
5.10548752834	292.648773193
5.10839002268	292.648773193
5.11129251701	292.648773193
5.11419501134	292.648773193
5.11709750567	292.648773193
5.12	292.648773193
5.12290249433	292.648773193
5.12580498866	292.648773193
5.12870748299	292.648773193
5.13160997732	292.817840576
5.13451247166	292.817840576
5.13741496599	292.817840576
5.14031746032	292.648773193
5.14321995465	292.648773193
5.14612244898	292.648773193
5.14902494331	292.648773193
5.15192743764	292.479766846
5.15482993197	292.648773193
5.1577324263	292.648773193
5.16063492063	292.648773193
5.16353741497	292.817840576
5.1664399093	292.817840576
5.16934240363	292.817840576
5.17224489796	292.817840576
5.17514739229	292.817840576
5.17804988662	292.648773193
5.18095238095	292.648773193
5.18385487528	292.648773193
5.18675736961	292.648773193
5.18965986395	292.648773193
5.19256235828	292.648773193
5.19546485261	292.648773193
5.19836734694	292.648773193
5.20126984127	292.648773193
5.2041723356	292.648773193
5.20707482993	292.648773193
5.20997732426	292.817840576
5.21287981859	292.817840576
5.21578231293	292.648773193
5.21868480726	292.648773193
5.22158730159	292.817840576
5.22448979592	292.817840576
5.22739229025	292.817840576
5.23029478458	292.817840576
5.23319727891	292.817840576
5.23609977324	292.817840576
5.23900226757	292.817840576
5.2419047619	292.817840576
5.24480725624	292.817840576
5.24770975057	292.817840576
5.2506122449	292.817840576
5.25351473923	292.817840576
5.25641723356	292.817840576
5.25931972789	292.817840576
5.26222222222	292.817840576
5.26512471655	292.817840576
5.26802721088	292.817840576
5.27092970522	292.987030029
5.27383219955	293.156341553
5.27673469388	293.156341553
5.27963718821	293.495178223
5.28253968254	293.664764404
5.28544217687	294.004211426
5.2883446712	294.174102783
5.29124716553	294.344055176
5.29414965986	294.514129639
5.2970521542	294.344055176
5.29995464853	294.344055176
5.30285714286	294.174102783
5.30575963719	293.834442139
5.30866213152	293.495178223
5.31156462585	293.156341553
5.31446712018	292.479766846
5.31736961451	291.973388672
5.32027210884	291.636291504
5.32317460317	291.46786499
5.32607709751	0.0
5.32897959184	0.0
5.33188208617	0.0
5.3347845805	0.0
5.33768707483	0.0
5.34058956916	0.0
5.34349206349	0.0
5.34639455782	0.0
5.34929705215	0.0
5.35219954649	0.0
5.35510204082	0.0
5.35800453515	0.0
5.36090702948	0.0
5.36380952381	0.0
5.36671201814	0.0
5.36961451247	0.0
5.3725170068	0.0
5.37541950113	0.0
5.37832199546	0.0
5.3812244898	0.0
5.38412698413	0.0
5.38702947846	0.0
5.38993197279	0.0
5.39283446712	0.0
5.39573696145	0.0
5.39863945578	0.0
5.40154195011	0.0
5.40444444444	0.0
5.40734693878	0.0
5.41024943311	0.0
5.41315192744	0.0
5.41605442177	0.0
5.4189569161	0.0
5.42185941043	0.0
5.42476190476	0.0
5.42766439909	0.0
5.43056689342	0.0
5.43346938776	0.0
5.43637188209	0.0
5.43927437642	0.0
5.44217687075	0.0
5.44507936508	0.0
5.44798185941	0.0
5.45088435374	0.0
5.45378684807	0.0
5.4566893424	0.0
5.45959183673	0.0
5.46249433107	0.0
5.4653968254	0.0
5.46829931973	0.0
5.47120181406	0.0
5.47410430839	0.0
5.47700680272	0.0
5.47990929705	0.0
5.48281179138	0.0
5.48571428571	0.0
5.48861678005	0.0
5.49151927438	0.0
5.49442176871	0.0
5.49732426304	0.0
5.50022675737	0.0
5.5031292517	0.0
5.50603174603	0.0
5.50893424036	0.0
5.51183673469	0.0
5.51473922902	0.0
5.51764172336	0.0
5.52054421769	0.0
5.52344671202	0.0
5.52634920635	0.0
5.52925170068	0.0
5.53215419501	0.0
5.53505668934	0.0
5.53795918367	0.0
5.540861678	0.0
5.54376417234	0.0
5.54666666667	0.0
5.549569161	0.0
5.55247165533	0.0
5.55537414966	0.0
5.55827664399	0.0
5.56117913832	0.0
5.56408163265	0.0
5.56698412698	0.0
5.56988662132	0.0
5.57278911565	0.0
5.57569160998	0.0
5.57859410431	0.0
5.58149659864	0.0
5.58439909297	0.0
5.5873015873	0.0
5.59020408163	0.0
5.59310657596	0.0
5.59600907029	0.0
5.59891156463	0.0
5.60181405896	0.0
5.60471655329	0.0
5.60761904762	0.0
5.61052154195	0.0
5.61342403628	0.0
5.61632653061	0.0
5.61922902494	0.0
5.62213151927	0.0
5.62503401361	0.0
5.62793650794	0.0
5.63083900227	0.0
5.6337414966	0.0
5.63664399093	0.0
5.63954648526	0.0
5.64244897959	0.0
5.64535147392	0.0
5.64825396825	0.0
5.65115646259	0.0
