0.0	0.0
0.00290249433107	0.0
0.00580498866213	0.0
0.0087074829932	0.0
0.0116099773243	0.0
0.0145124716553	0.0
0.0174149659864	0.0
0.0203174603175	0.0
0.0232199546485	0.0
0.0261224489796	0.0
0.0290249433107	0.0
0.0319274376417	0.0
0.0348299319728	0.0
0.0377324263039	0.0
0.0406349206349	0.0
0.043537414966	0.0
0.0464399092971	0.0
0.0493424036281	0.0
0.0522448979592	0.0
0.0551473922902	0.0
0.0580498866213	0.0
0.0609523809524	0.0
0.0638548752834	0.0
0.0667573696145	0.0
0.0696598639456	0.0
0.0725623582766	0.0
0.0754648526077	0.0
0.0783673469388	0.0
0.0812698412698	0.0
0.0841723356009	0.0
0.087074829932	0.0
0.089977324263	0.0
0.0928798185941	0.0
0.0957823129252	0.0
0.0986848072562	0.0
0.101587301587	0.0
0.104489795918	297.592224121
0.107392290249	297.764160156
0.11029478458	297.420379639
0.113197278912	297.248626709
0.116099773243	296.905426025
0.119002267574	297.420379639
0.121904761905	298.10836792
0.124807256236	299.143310547
0.127709750567	300.008544922
0.130612244898	300.528869629
0.133514739229	300.702484131
0.13641723356	300.876251221
0.139319727891	301.398071289
0.142222222222	297.248626709
0.145124716553	296.049194336
0.148027210884	294.514129639
0.150929705215	293.664764404
0.153832199546	293.325714111
0.156734693878	293.156341553
0.159637188209	293.664764404
0.16253968254	293.664764404
0.165442176871	293.325714111
0.168344671202	293.495178223
0.171247165533	293.664764404
0.174149659864	294.004211426
0.177052154195	294.174102783
0.179954648526	295.024932861
0.182857142857	295.707366943
0.185759637188	295.707366943
0.188662131519	295.536621094
0.19156462585	295.365936279
0.194467120181	295.365936279
0.197369614512	295.195404053
0.200272108844	295.195404053
0.203174603175	295.024932861
0.206077097506	294.854553223
0.208979591837	294.684295654
0.211882086168	294.344055176
0.214784580499	294.174102783
0.21768707483	294.174102783
0.220589569161	294.174102783
0.223492063492	294.514129639
0.226394557823	294.684295654
0.229297052154	294.854553223
0.232199546485	295.024932861
0.235102040816	295.024932861
0.238004535147	295.024932861
0.240907029478	294.854553223
0.24380952381	294.854553223
0.246712018141	294.854553223
0.249614512472	294.854553223
0.252517006803	294.854553223
0.255419501134	294.854553223
0.258321995465	295.024932861
0.261224489796	295.024932861
0.264126984127	295.195404053
0.267029478458	295.195404053
0.269931972789	295.365936279
0.27283446712	295.536621094
0.275736961451	295.707366943
0.278639455782	295.536621094
0.281541950113	295.536621094
0.284444444444	295.536621094
0.287346938776	295.195404053
0.290249433107	294.854553223
0.293151927438	294.684295654
0.296054421769	294.514129639
0.2989569161	294.514129639
0.301859410431	294.514129639
0.304761904762	294.344055176
0.307664399093	294.344055176
0.310566893424	294.174102783
0.313469387755	294.344055176
0.316371882086	294.174102783
0.319274376417	294.174102783
0.322176870748	294.174102783
0.325079365079	294.344055176
0.32798185941	294.514129639
0.330884353741	294.684295654
0.333786848073	294.684295654
0.336689342404	294.684295654
0.339591836735	294.684295654
0.342494331066	294.684295654
0.345396825397	294.514129639
0.348299319728	294.514129639
0.351201814059	294.514129639
0.35410430839	294.344055176
0.357006802721	294.344055176
0.359909297052	294.174102783
0.362811791383	293.834442139
0.365714285714	293.834442139
0.368616780045	293.834442139
0.371519274376	293.834442139
0.374421768707	294.004211426
0.377324263039	294.344055176
0.38022675737	294.514129639
0.383129251701	294.514129639
0.386031746032	294.684295654
0.388934240363	294.684295654
0.391836734694	294.684295654
0.394739229025	294.514129639
0.397641723356	294.684295654
0.400544217687	294.684295654
0.403446712018	294.684295654
0.406349206349	294.854553223
0.40925170068	294.854553223
0.412154195011	294.684295654
0.415056689342	294.684295654
0.417959183673	294.514129639
0.420861678005	294.344055176
0.423764172336	294.344055176
0.426666666667	294.344055176
0.429569160998	294.344055176
0.432471655329	294.344055176
0.43537414966	294.344055176
0.438276643991	294.514129639
0.441179138322	294.684295654
0.444081632653	294.684295654
0.446984126984	294.854553223
0.449886621315	294.854553223
0.452789115646	295.024932861
0.455691609977	295.024932861
0.458594104308	294.854553223
0.461496598639	294.854553223
0.464399092971	294.854553223
0.467301587302	294.684295654
0.470204081633	294.684295654
0.473106575964	294.684295654
0.476009070295	294.514129639
0.478911564626	294.684295654
0.481814058957	294.684295654
0.484716553288	294.684295654
0.487619047619	294.684295654
0.49052154195	294.684295654
0.493424036281	294.514129639
0.496326530612	294.514129639
0.499229024943	294.684295654
0.502131519274	294.684295654
0.505034013605	294.684295654
0.507936507937	294.854553223
0.510839002268	294.854553223
0.513741496599	294.854553223
0.51664399093	294.684295654
0.519546485261	294.684295654
0.522448979592	294.684295654
0.525351473923	294.684295654
0.528253968254	294.684295654
0.531156462585	294.684295654
0.534058956916	294.684295654
0.536961451247	294.684295654
0.539863945578	294.854553223
0.542766439909	294.684295654
0.54566893424	294.684295654
0.548571428571	294.684295654
0.551473922902	294.684295654
0.554376417234	294.684295654
0.557278911565	294.684295654
0.560181405896	294.684295654
0.563083900227	294.684295654
0.565986394558	294.684295654
0.568888888889	294.684295654
0.57179138322	294.684295654
0.574693877551	294.684295654
0.577596371882	294.514129639
0.580498866213	294.684295654
0.583401360544	294.684295654
0.586303854875	294.684295654
0.589206349206	294.684295654
0.592108843537	294.684295654
0.595011337868	294.684295654
0.5979138322	294.514129639
0.600816326531	294.514129639
0.603718820862	294.344055176
0.606621315193	294.344055176
0.609523809524	294.344055176
0.612426303855	294.344055176
0.615328798186	294.344055176
0.618231292517	294.344055176
0.621133786848	294.344055176
0.624036281179	294.344055176
0.62693877551	294.174102783
0.629841269841	294.174102783
0.632743764172	294.344055176
0.635646258503	294.344055176
0.638548752834	294.344055176
0.641451247166	294.344055176
0.644353741497	294.174102783
0.647256235828	294.174102783
0.650158730159	294.004211426
0.65306122449	293.834442139
0.655963718821	293.664764404
0.658866213152	293.664764404
0.661768707483	293.495178223
0.664671201814	293.495178223
0.667573696145	293.495178223
0.670476190476	293.495178223
0.673378684807	293.664764404
0.676281179138	293.834442139
0.679183673469	293.834442139
0.6820861678	293.834442139
0.684988662132	293.834442139
0.687891156463	294.004211426
0.690793650794	294.514129639
0.693696145125	295.024932861
0.696598639456	295.024932861
0.699501133787	295.707366943
0.702403628118	296.220245361
0.705306122449	396.550201416
0.70820861678	392.448547363
0.711111111111	389.512664795
0.714013605442	387.940887451
0.716916099773	387.045593262
0.719818594104	386.375488281
0.722721088435	384.816375732
0.725623582766	385.929382324
0.728526077098	386.152374268
0.731428571429	387.492980957
0.73433106576	389.512664795
0.737233560091	391.769073486
0.740136054422	393.583618164
0.743038548753	394.950042725
0.745941043084	396.092346191
0.748843537415	396.092346191
0.751746031746	396.092346191
0.754648526077	394.950042725
0.757551020408	392.902191162
0.760453514739	391.090789795
0.76335600907	389.287719727
0.766258503401	388.613739014
0.769160997732	388.838256836
0.772063492063	389.962890625
0.774965986395	391.090789795
0.777868480726	391.995422363
0.780770975057	393.129211426
0.783673469388	393.811035156
0.786575963719	394.721984863
0.78947845805	395.406585693
0.792380952381	395.863616943
0.795283446712	396.550201416
0.798185941043	397.237976074
0.801088435374	397.697143555
0.803990929705	397.697143555
0.806893424036	397.237976074
0.809795918367	396.550201416
0.812698412698	395.406585693
0.815600907029	394.038574219
0.818503401361	392.902191162
0.821405895692	392.675292969
0.824308390023	392.675292969
0.827210884354	392.448547363
0.830113378685	391.995422363
0.833015873016	391.54284668
0.835918367347	391.316741943
0.838820861678	391.54284668
0.841723356009	391.995422363
0.84462585034	392.448547363
0.847528344671	393.129211426
0.850430839002	393.129211426
0.853333333333	393.35635376
0.856235827664	393.35635376
0.859138321995	393.129211426
0.862040816327	392.448547363
0.864943310658	391.995422363
0.867845804989	391.090789795
0.87074829932	390.639221191
0.873650793651	390.639221191
0.876553287982	391.090789795
0.879455782313	391.769073486
0.882358276644	392.902191162
0.885260770975	393.811035156
0.888163265306	394.494049072
0.891065759637	394.950042725
0.893968253968	395.178253174
0.896870748299	394.950042725
0.89977324263	394.721984863
0.902675736961	394.494049072
0.905578231293	394.266235352
0.908480725624	393.811035156
0.911383219955	393.35635376
0.914285714286	393.129211426
0.917188208617	392.902191162
0.920090702948	392.675292969
0.922993197279	392.448547363
0.92589569161	392.448547363
0.928798185941	392.221923828
0.931700680272	391.995422363
0.934603174603	391.995422363
0.937505668934	392.221923828
0.940408163265	392.448547363
0.943310657596	392.902191162
0.946213151927	393.129211426
0.949115646259	393.583618164
0.95201814059	393.583618164
0.954920634921	393.811035156
0.957823129252	393.811035156
0.960725623583	393.811035156
0.963628117914	393.583618164
0.966530612245	393.583618164
0.969433106576	393.583618164
0.972335600907	393.583618164
0.975238095238	393.583618164
0.978140589569	393.811035156
0.9810430839	393.811035156
0.983945578231	393.811035156
0.986848072562	393.811035156
0.989750566893	393.811035156
0.992653061224	393.583618164
0.995555555556	393.35635376
0.998458049887	392.902191162
1.00136054422	392.675292969
1.00426303855	392.448547363
1.00716553288	392.221923828
1.01006802721	391.995422363
1.01297052154	392.221923828
1.01587301587	392.221923828
1.0187755102	392.448547363
1.02167800454	392.675292969
1.02458049887	392.902191162
1.0274829932	393.35635376
1.03038548753	393.35635376
1.03328798186	393.583618164
1.03619047619	393.35635376
1.03909297052	393.129211426
1.04199546485	392.902191162
1.04489795918	392.448547363
1.04780045351	392.448547363
1.05070294785	392.448547363
1.05360544218	392.448547363
1.05650793651	392.448547363
1.05941043084	392.675292969
1.06231292517	392.902191162
1.0652154195	393.129211426
1.06811791383	393.129211426
1.07102040816	392.902191162
1.07392290249	392.902191162
1.07682539683	392.675292969
1.07972789116	392.448547363
1.08263038549	392.448547363
1.08553287982	392.221923828
1.08843537415	392.221923828
1.09133786848	392.221923828
1.09424036281	392.221923828
1.09714285714	392.221923828
1.10004535147	392.221923828
1.1029478458	392.221923828
1.10585034014	392.221923828
1.10875283447	392.448547363
1.1116553288	392.448547363
1.11455782313	392.448547363
1.11746031746	392.448547363
1.12036281179	392.448547363
1.12326530612	392.448547363
1.12616780045	392.675292969
1.12907029478	392.675292969
1.13197278912	392.675292969
1.13487528345	392.675292969
1.13777777778	392.675292969
1.14068027211	392.675292969
1.14358276644	392.675292969
1.14648526077	392.448547363
1.1493877551	392.448547363
1.15229024943	392.448547363
1.15519274376	392.448547363
1.1580952381	392.448547363
1.16099773243	392.448547363
1.16390022676	392.448547363
1.16680272109	392.448547363
1.16970521542	392.448547363
1.17260770975	392.448547363
1.17551020408	392.675292969
1.17841269841	392.675292969
1.18131519274	392.448547363
1.18421768707	392.448547363
1.18712018141	392.675292969
1.19002267574	392.675292969
1.19292517007	392.675292969
1.1958276644	392.675292969
1.19873015873	392.675292969
1.20163265306	392.675292969
1.20453514739	392.448547363
1.20743764172	392.448547363
1.21034013605	392.448547363
1.21324263039	392.221923828
1.21614512472	391.54284668
1.21904761905	390.413665771
1.22195011338	389.062927246
1.22485260771	387.492980957
1.22775510204	384.594146729
1.23065759637	380.176727295
1.2335600907	374.726196289
1.23646258503	370.636138916
1.23936507937	368.714324951
1.2422675737	368.075958252
1.24517006803	368.288635254
1.24807256236	369.140533447
1.25097505669	370.850280762
1.25387755102	372.352783203
1.25678004535	373.429748535
1.25968253968	373.86138916
1.26258503401	373.645507812
1.26548752834	373.429748535
1.26839002268	373.214111328
1.27129251701	372.998596191
1.27419501134	372.567932129
1.27709750567	371.92288208
1.28	371.278961182
1.28290249433	370.636138916
1.28580498866	370.208190918
1.28870748299	370.208190918
1.29160997732	370.208190918
1.29451247166	370.636138916
1.29741496599	371.493469238
1.30031746032	372.137786865
1.30321995465	372.783203125
1.30612244898	372.998596191
1.30902494331	372.998596191
1.31192743764	372.783203125
1.31482993197	372.352783203
1.3177324263	371.92288208
1.32063492063	371.493469238
1.32353741497	371.493469238
1.3264399093	371.708129883
1.32934240363	372.137786865
1.33224489796	372.567932129
1.33514739229	372.998596191
1.33804988662	373.214111328
1.34095238095	372.998596191
1.34385487528	372.567932129
1.34675736961	372.137786865
1.34965986395	371.493469238
1.35256235828	371.064544678
1.35546485261	371.064544678
1.35836734694	371.064544678
1.36126984127	371.278961182
1.3641723356	371.708129883
1.36707482993	372.352783203
1.36997732426	372.998596191
1.37287981859	373.429748535
1.37578231293	373.86138916
1.37868480726	373.645507812
1.38158730159	373.214111328
1.38448979592	372.137786865
1.38739229025	371.064544678
1.39029478458	370.208190918
1.39319727891	369.567230225
1.39609977324	369.353820801
1.39900226757	369.780761719
1.4019047619	370.422119141
1.40480725624	371.278961182
1.40770975057	371.92288208
1.4106122449	372.567932129
1.41351473923	372.998596191
1.41641723356	372.998596191
1.41931972789	372.998596191
1.42222222222	372.567932129
1.42512471655	372.352783203
1.42802721088	371.92288208
1.43092970522	371.278961182
1.43383219955	370.850280762
1.43673469388	370.636138916
1.43963718821	370.636138916
1.44253968254	370.850280762
1.44544217687	371.064544678
1.4483446712	371.493469238
1.45124716553	372.137786865
1.45414965986	372.352783203
1.4570521542	372.567932129
1.45995464853	372.567932129
1.46285714286	372.352783203
1.46575963719	372.137786865
1.46866213152	371.493469238
1.47156462585	371.064544678
1.47446712018	370.850280762
1.47736961451	370.850280762
1.48027210884	370.850280762
1.48317460317	371.278961182
1.48607709751	371.708129883
1.48897959184	372.137786865
1.49188208617	372.567932129
1.4947845805	372.783203125
1.49768707483	372.783203125
1.50058956916	372.352783203
1.50349206349	371.493469238
1.50639455782	370.636138916
1.50929705215	369.994415283
1.51219954649	369.994415283
1.51510204082	371.064544678
1.51800453515	372.137786865
1.52090702948	372.998596191
1.52380952381	373.429748535
1.52671201814	313.653167725
1.52961451247	312.748626709
1.5325170068	311.846679688
1.53541950113	311.666595459
1.53832199546	312.026855469
1.5412244898	312.387542725
1.54412698413	312.026855469
1.54702947846	311.486633301
1.54993197279	311.306762695
1.55283446712	311.486633301
1.55573696145	312.20715332
1.55863945578	312.929321289
1.56154195011	313.291046143
1.56444444444	313.472045898
1.56734693878	313.472045898
1.57024943311	313.653167725
1.57315192744	313.653167725
1.57605442177	313.653167725
1.5789569161	313.110137939
1.58185941043	312.748626709
1.58476190476	312.568023682
1.58766439909	312.929321289
1.59056689342	313.110137939
1.59346938776	313.110137939
1.59637188209	312.568023682
1.59927437642	312.20715332
1.60217687075	312.026855469
1.60507936508	312.026855469
1.60798185941	312.20715332
1.61088435374	312.20715332
1.61378684807	312.387542725
1.6166893424	312.748626709
1.61959183673	313.110137939
1.62249433107	313.653167725
1.6253968254	314.197174072
1.62829931973	314.56036377
1.63120181406	314.197174072
1.63410430839	314.01574707
1.63700680272	313.472045898
1.63990929705	312.929321289
1.64281179138	312.20715332
1.64571428571	311.846679688
1.64861678005	311.666595459
1.65151927438	311.666595459
1.65442176871	311.846679688
1.65732426304	312.20715332
1.66022675737	312.387542725
1.6631292517	312.387542725
1.66603174603	312.20715332
1.66893424036	311.846679688
1.67183673469	311.666595459
1.67473922902	311.486633301
1.67764172336	311.126983643
1.68054421769	310.76776123
1.68344671202	310.76776123
1.68634920635	310.94732666
1.68925170068	311.306762695
1.69215419501	311.486633301
1.69505668934	311.486633301
1.69795918367	311.666595459
1.700861678	311.846679688
1.70376417234	312.026855469
1.70666666667	312.026855469
1.709569161	312.026855469
1.71247165533	312.20715332
1.71537414966	312.387542725
1.71827664399	312.748626709
1.72117913832	312.748626709
1.72408163265	312.568023682
1.72698412698	312.387542725
1.72988662132	312.20715332
1.73278911565	311.846679688
1.73569160998	311.666595459
1.73859410431	311.666595459
1.74149659864	311.486633301
1.74439909297	311.666595459
1.7473015873	311.846679688
1.75020408163	312.20715332
1.75310657596	312.387542725
1.75600907029	312.387542725
1.75891156463	312.568023682
1.76181405896	312.568023682
1.76471655329	312.568023682
1.76761904762	312.568023682
1.77052154195	312.748626709
1.77342403628	313.653167725
1.77632653061	314.56036377
1.77922902494	313.653167725
1.78213151927	313.653167725
1.78503401361	314.01574707
1.78793650794	306.843597412
1.79083900227	294.174102783
1.7937414966	296.049194336
1.79664399093	297.764160156
1.79954648526	299.316162109
1.80244897959	300.355316162
1.80535147392	301.050079346
1.80825396825	301.398071289
1.81115646259	301.050079346
1.81405895692	300.181884766
1.81696145125	298.10836792
1.81986394558	295.878234863
1.82276643991	294.004211426
1.82566893424	293.156341553
1.82857142857	292.648773193
1.8314739229	292.817840576
1.83437641723	293.156341553
1.83727891156	293.664764404
1.8401814059	293.834442139
1.84308390023	294.344055176
1.84598639456	294.854553223
1.84888888889	295.195404053
1.85179138322	296.220245361
1.85469387755	296.391387939
1.85759637188	296.562652588
1.86049886621	296.391387939
1.86340136054	296.562652588
1.86630385488	296.733978271
1.86920634921	296.905426025
1.87210884354	296.220245361
1.87501133787	295.365936279
1.8779138322	294.514129639
1.88081632653	294.004211426
1.88371882086	293.495178223
1.88662131519	293.156341553
1.88952380952	293.325714111
1.89242630385	294.514129639
1.89532879819	295.878234863
1.89823129252	296.905426025
1.90113378685	297.592224121
1.90403628118	297.936218262
1.90693877551	297.936218262
1.90984126984	297.592224121
1.91274376417	296.905426025
1.9156462585	296.391387939
1.91854875283	295.878234863
1.92145124717	295.195404053
1.9243537415	294.684295654
1.92725623583	294.004211426
1.93015873016	293.664764404
1.93306122449	293.495178223
1.93596371882	293.325714111
1.93886621315	293.325714111
1.94176870748	293.834442139
1.94467120181	294.854553223
1.94757369615	295.707366943
1.95047619048	296.733978271
1.95337868481	297.420379639
1.95628117914	297.936218262
1.95918367347	298.280609131
1.9620861678	298.10836792
1.96498866213	297.592224121
1.96789115646	296.905426025
1.97079365079	296.049194336
1.97369614512	295.024932861
1.97659863946	294.174102783
1.97950113379	293.495178223
1.98240362812	293.156341553
1.98530612245	292.817840576
1.98820861678	292.817840576
1.99111111111	292.987030029
1.99401360544	293.325714111
1.99691609977	294.004211426
1.9998185941	294.514129639
2.00272108844	295.024932861
2.00562358277	295.536621094
2.0085260771	295.707366943
2.01142857143	295.878234863
2.01433106576	295.536621094
2.01723356009	295.195404053
2.02013605442	294.854553223
2.02303854875	294.514129639
2.02594104308	294.174102783
2.02884353741	294.174102783
2.03174603175	294.004211426
2.03464852608	294.004211426
2.03755102041	294.004211426
2.04045351474	294.004211426
2.04335600907	293.834442139
2.0462585034	293.834442139
2.04916099773	294.684295654
2.05206349206	294.514129639
2.05496598639	291.131347656
2.05786848073	289.120361328
2.06077097506	320.243713379
2.06367346939	312.026855469
2.06657596372	310.76776123
2.06947845805	309.871520996
2.07238095238	315.470153809
2.07528344671	311.666595459
2.07818594104	310.408966064
2.08108843537	309.692596436
2.08399092971	309.156402588
2.08689342404	308.442932129
2.08979591837	308.264801025
2.0926984127	308.264801025
2.09560090703	308.621124268
2.09850340136	309.335021973
2.10140589569	310.588317871
2.10430839002	312.387542725
2.10721088435	314.01574707
2.11011337868	315.105926514
2.11301587302	315.83480835
2.11591836735	315.652435303
2.11882086168	315.105926514
2.12172335601	314.01574707
2.12462585034	312.929321289
2.12752834467	312.026855469
2.130430839	311.486633301
2.13333333333	311.486633301
2.13623582766	311.306762695
2.139138322	311.126983643
2.14204081633	311.126983643
2.14494331066	310.76776123
2.14784580499	310.588317871
2.15074829932	310.408966064
2.15365079365	310.408966064
2.15655328798	310.94732666
2.15945578231	311.666595459
2.16235827664	312.929321289
2.16526077098	314.378723145
2.16816326531	315.287994385
2.17106575964	316.017303467
2.17396825397	316.199890137
2.1768707483	315.652435303
2.17977324263	314.56036377
2.18267573696	313.110137939
2.18557823129	311.666595459
2.18848072562	310.76776123
2.19138321995	310.229705811
2.19428571429	310.050567627
2.19718820862	310.408966064
2.20009070295	310.76776123
2.20299319728	311.126983643
2.20589569161	311.486633301
2.20879818594	311.666595459
2.21170068027	311.666595459
2.2146031746	311.486633301
2.21750566893	311.306762695
2.22040816327	311.486633301
2.2233106576	311.666595459
2.22621315193	312.026855469
2.22911564626	312.568023682
2.23201814059	312.748626709
2.23492063492	312.748626709
2.23782312925	312.929321289
2.24072562358	312.568023682
2.24362811791	312.20715332
2.24653061224	311.666595459
2.24943310658	311.306762695
2.25233560091	310.94732666
2.25523809524	310.94732666
2.25814058957	310.76776123
2.2610430839	310.76776123
2.26394557823	310.588317871
2.26684807256	310.408966064
2.26975056689	310.050567627
2.27265306122	309.692596436
2.27555555556	309.513763428
2.27845804989	309.692596436
2.28136054422	309.871520996
2.28426303855	309.871520996
2.28716553288	310.229705811
2.29006802721	310.76776123
2.29297052154	311.486633301
2.29587301587	312.387542725
2.2987755102	313.291046143
2.30167800454	313.472045898
2.30458049887	313.653167725
2.3074829932	313.653167725
2.31038548753	313.472045898
2.31328798186	312.929321289
2.31619047619	312.20715332
2.31909297052	311.846679688
2.32199546485	311.666595459
2.32489795918	312.20715332
2.32780045351	314.742095947
2.33070294785	374.726196289
2.33360544218	373.214111328
2.33650793651	372.567932129
2.33941043084	372.352783203
2.34231292517	372.352783203
2.3452154195	372.998596191
2.34811791383	373.429748535
2.35102040816	373.645507812
2.35392290249	373.86138916
2.35682539683	373.429748535
2.35972789116	373.429748535
2.36263038549	372.998596191
2.36553287982	372.567932129
2.36843537415	371.92288208
2.37133786848	371.493469238
2.37424036281	371.278961182
2.37714285714	371.064544678
2.38004535147	370.850280762
2.3829478458	370.636138916
2.38585034014	370.422119141
2.38875283447	370.422119141
2.3916553288	370.422119141
2.39455782313	370.850280762
2.39746031746	371.278961182
2.40036281179	371.92288208
2.40326530612	372.567932129
2.40616780045	372.567932129
2.40907029478	372.783203125
2.41197278912	372.783203125
2.41487528345	372.783203125
2.41777777778	372.567932129
2.42068027211	372.567932129
2.42358276644	372.352783203
2.42648526077	372.352783203
2.4293877551	372.352783203
2.43229024943	372.352783203
2.43519274376	372.352783203
2.4380952381	372.137786865
2.44099773243	371.92288208
2.44390022676	371.708129883
2.44680272109	371.708129883
2.44970521542	371.708129883
2.45260770975	371.92288208
2.45551020408	371.92288208
2.45841269841	372.137786865
2.46131519274	372.352783203
2.46421768707	372.352783203
2.46712018141	372.567932129
2.47002267574	372.352783203
2.47292517007	372.137786865
2.4758276644	371.92288208
2.47873015873	371.708129883
2.48163265306	371.493469238
2.48453514739	371.278961182
2.48743764172	370.850280762
2.49034013605	370.636138916
2.49324263039	370.636138916
2.49614512472	370.850280762
2.49904761905	371.278961182
2.50195011338	371.493469238
2.50485260771	371.708129883
2.50775510204	371.92288208
2.51065759637	371.92288208
2.5135600907	371.708129883
2.51646258503	371.708129883
2.51936507937	371.278961182
2.5222675737	371.278961182
2.52517006803	371.278961182
2.52807256236	371.278961182
2.53097505669	371.493469238
2.53387755102	371.708129883
2.53678004535	371.92288208
2.53968253968	371.92288208
2.54258503401	371.708129883
2.54548752834	371.493469238
2.54839002268	371.493469238
2.55129251701	371.493469238
2.55419501134	371.493469238
2.55709750567	371.493469238
2.56	371.493469238
2.56290249433	371.708129883
2.56580498866	371.708129883
2.56870748299	371.708129883
2.57160997732	371.708129883
2.57451247166	371.708129883
2.57741496599	371.708129883
2.58031746032	371.708129883
2.58321995465	371.708129883
2.58612244898	371.92288208
2.58902494331	371.92288208
2.59192743764	371.92288208
2.59482993197	371.92288208
2.5977324263	371.708129883
2.60063492063	371.278961182
2.60353741497	370.636138916
2.6064399093	369.994415283
2.60934240363	369.140533447
2.61224489796	366.802520752
2.61514739229	366.378997803
2.61804988662	366.590698242
2.62095238095	367.86340332
2.62385487528	369.994415283
2.62675736961	372.567932129
2.62965986395	377.768798828
2.63256235828	379.957183838
2.63546485261	381.937561035
2.63836734694	383.928283691
2.64126984127	385.929382324
2.6441723356	387.940887451
2.64707482993	390.188201904
2.64997732426	392.902191162
2.65287981859	395.178253174
2.65578231293	396.779327393
2.65868480726	397.237976074
2.66158730159	397.926940918
2.66448979592	394.950042725
2.66739229025	393.583618164
2.67029478458	391.995422363
2.67319727891	390.864929199
2.67609977324	390.188201904
2.67900226757	389.962890625
2.6819047619	389.737701416
2.68480725624	389.512664795
2.68770975057	389.737701416
2.6906122449	390.188201904
2.69351473923	391.090789795
2.69641723356	392.902191162
2.69931972789	395.406585693
2.70222222222	397.237976074
2.70512471655	398.386901855
2.70802721088	398.156829834
2.71092970522	398.156829834
2.71383219955	397.467498779
2.71673469388	395.863616943
2.71963718821	393.35635376
2.72253968254	391.995422363
2.72544217687	391.090789795
2.7283446712	390.639221191
2.73124716553	390.413665771
2.73414965986	390.188201904
2.7370521542	389.962890625
2.73995464853	389.287719727
2.74285714286	389.287719727
2.74575963719	389.512664795
2.74866213152	390.188201904
2.75156462585	391.316741943
2.75446712018	391.995422363
2.75736961451	392.675292969
2.76027210884	392.902191162
2.76317460317	393.129211426
2.76607709751	392.902191162
2.76897959184	392.675292969
2.77188208617	391.995422363
2.7747845805	391.54284668
2.77768707483	391.54284668
2.78058956916	391.769073486
2.78349206349	392.221923828
2.78639455782	393.129211426
2.78929705215	393.811035156
2.79219954649	394.266235352
2.79510204082	394.494049072
2.79800453515	394.494049072
2.80090702948	394.266235352
2.80380952381	394.038574219
2.80671201814	393.811035156
2.80961451247	393.583618164
2.8125170068	393.129211426
2.81541950113	392.902191162
2.81832199546	392.675292969
2.8212244898	392.448547363
2.82412698413	392.448547363
2.82702947846	392.221923828
2.82993197279	392.221923828
2.83283446712	392.221923828
2.83573696145	392.221923828
2.83863945578	392.448547363
2.84154195011	392.675292969
2.84444444444	393.129211426
2.84734693878	393.583618164
2.85024943311	394.266235352
2.85315192744	394.721984863
2.85605442177	394.721984863
2.8589569161	394.721984863
2.86185941043	394.494049072
2.86476190476	394.038574219
2.86766439909	393.583618164
2.87056689342	393.129211426
2.87346938776	392.902191162
2.87637188209	392.902191162
2.87927437642	392.675292969
2.88217687075	392.448547363
2.88507936508	392.448547363
2.88798185941	392.221923828
2.89088435374	392.448547363
2.89378684807	392.448547363
2.8966893424	392.448547363
2.89959183673	392.448547363
2.90249433107	392.675292969
2.9053968254	392.675292969
2.90829931973	392.902191162
2.91120181406	393.129211426
2.91410430839	393.129211426
2.91700680272	393.35635376
2.91990929705	393.583618164
2.92281179138	393.811035156
2.92571428571	394.038574219
2.92861678005	394.038574219
2.93151927438	394.266235352
2.93442176871	393.811035156
2.93732426304	393.35635376
2.94022675737	392.902191162
2.9431292517	392.221923828
2.94603174603	391.995422363
2.94893424036	391.54284668
2.95183673469	391.316741943
2.95473922902	391.316741943
2.95764172336	391.54284668
2.96054421769	391.769073486
2.96344671202	391.995422363
2.96634920635	392.221923828
2.96925170068	392.448547363
2.97215419501	392.675292969
2.97505668934	392.902191162
2.97795918367	392.902191162
2.980861678	392.902191162
2.98376417234	392.675292969
2.98666666667	392.675292969
2.989569161	392.448547363
2.99247165533	392.448547363
2.99537414966	392.221923828
2.99827664399	392.221923828
3.00117913832	392.221923828
3.00408163265	392.221923828
3.00698412698	391.995422363
3.00988662132	392.221923828
3.01278911565	392.221923828
3.01569160998	392.221923828
3.01859410431	392.221923828
3.02149659864	392.221923828
3.02439909297	392.448547363
3.0273015873	392.448547363
3.03020408163	392.675292969
3.03310657596	392.675292969
3.03600907029	392.902191162
3.03891156463	392.902191162
3.04181405896	392.902191162
3.04471655329	392.902191162
3.04761904762	392.902191162
3.05052154195	392.675292969
3.05342403628	392.675292969
3.05632653061	392.675292969
3.05922902494	392.448547363
3.06213151927	392.221923828
3.06503401361	392.221923828
3.06793650794	392.221923828
3.07083900227	392.448547363
3.0737414966	392.448547363
3.07664399093	392.448547363
3.07954648526	392.448547363
3.08244897959	392.675292969
3.08535147392	392.675292969
3.08825396825	392.675292969
3.09115646259	392.675292969
3.09405895692	392.902191162
3.09696145125	392.902191162
3.09986394558	392.675292969
3.10276643991	392.675292969
3.10566893424	392.902191162
3.10857142857	393.35635376
3.1114739229	394.038574219
3.11437641723	394.721984863
3.11727891156	394.266235352
3.1201814059	393.583618164
3.12308390023	391.090789795
3.12598639456	389.062927246
3.12888888889	384.816375732
3.13179138322	380.61618042
3.13469387755	378.205474854
3.13759637188	377.332641602
3.14049886621	376.244415283
3.14340136054	376.027160645
3.14630385488	375.159362793
3.14920634921	374.293548584
3.15210884354	372.998596191
3.15501133787	371.708129883
3.1579138322	370.636138916
3.16081632653	370.208190918
3.16371882086	369.994415283
3.16662131519	369.994415283
3.16952380952	370.208190918
3.17242630385	370.636138916
3.17532879819	371.064544678
3.17823129252	371.278961182
3.18113378685	371.708129883
3.18403628118	371.92288208
3.18693877551	371.92288208
3.18984126984	371.92288208
3.19274376417	371.92288208
3.1956462585	371.92288208
3.19854875283	371.92288208
3.20145124717	372.137786865
3.2043537415	372.352783203
3.20725623583	372.567932129
3.21015873016	372.998596191
3.21306122449	373.214111328
3.21596371882	373.214111328
3.21886621315	372.998596191
3.22176870748	372.567932129
3.22467120181	372.137786865
3.22757369615	371.493469238
3.23047619048	371.064544678
3.23337868481	371.064544678
3.23628117914	371.064544678
3.23918367347	371.708129883
3.2420861678	372.137786865
3.24498866213	372.998596191
3.24789115646	373.645507812
3.25079365079	373.86138916
3.25369614512	373.645507812
3.25659863946	373.214111328
3.25950113379	372.352783203
3.26240362812	371.493469238
3.26530612245	370.850280762
3.26820861678	370.208190918
3.27111111111	369.994415283
3.27401360544	369.994415283
3.27691609977	370.208190918
3.2798185941	370.636138916
3.28272108844	371.493469238
3.28562358277	372.137786865
3.2885260771	372.783203125
3.29142857143	373.214111328
3.29433106576	373.214111328
3.29723356009	372.783203125
3.30013605442	372.137786865
3.30303854875	371.278961182
3.30594104308	370.422119141
3.30884353741	369.994415283
3.31174603175	370.208190918
3.31464852608	370.422119141
3.31755102041	371.278961182
3.32045351474	372.137786865
3.32335600907	372.783203125
3.3262585034	373.214111328
3.32916099773	373.214111328
3.33206349206	372.998596191
3.33496598639	372.352783203
3.33786848073	371.708129883
3.34077097506	371.278961182
3.34367346939	370.850280762
3.34657596372	370.636138916
3.34947845805	370.422119141
3.35238095238	370.636138916
3.35528344671	371.278961182
3.35818594104	371.493469238
3.36108843537	371.92288208
3.36399092971	372.352783203
3.36689342404	372.567932129
3.36979591837	372.567932129
3.3726984127	372.352783203
3.37560090703	372.137786865
3.37850340136	371.708129883
3.38140589569	371.278961182
3.38430839002	371.064544678
3.38721088435	371.064544678
3.39011337868	370.850280762
3.39301587302	370.636138916
3.39591836735	370.422119141
3.39882086168	370.850280762
3.40172335601	371.708129883
3.40462585034	372.783203125
3.40752834467	373.429748535
3.410430839	373.429748535
3.41333333333	373.214111328
3.41623582766	372.567932129
3.419138322	312.387542725
3.42204081633	311.666595459
3.42494331066	311.666595459
3.42784580499	312.026855469
3.43074829932	312.20715332
3.43365079365	311.666595459
3.43655328798	311.126983643
3.43945578231	311.126983643
3.44235827664	311.846679688
3.44526077098	312.748626709
3.44816326531	313.291046143
3.45106575964	313.472045898
3.45396825397	313.472045898
3.4568707483	313.472045898
3.45977324263	313.653167725
3.46267573696	313.834411621
3.46557823129	313.472045898
3.46848072562	313.110137939
3.47138321995	312.748626709
3.47428571429	312.748626709
3.47718820862	312.929321289
3.48009070295	313.110137939
3.48299319728	312.748626709
3.48589569161	312.387542725
3.48879818594	312.026855469
3.49170068027	312.026855469
3.4946031746	312.20715332
3.49750566893	312.20715332
3.50040816327	312.387542725
3.5033106576	312.568023682
3.50621315193	312.929321289
3.50911564626	313.291046143
3.51201814059	313.834411621
3.51492063492	314.378723145
3.51782312925	314.378723145
3.52072562358	314.197174072
3.52362811791	313.653167725
3.52653061224	313.110137939
3.52943310658	312.568023682
3.53233560091	312.20715332
3.53523809524	312.026855469
3.53814058957	311.666595459
3.5410430839	311.666595459
3.54394557823	311.846679688
3.54684807256	312.20715332
3.54975056689	312.387542725
3.55265306122	312.387542725
3.55555555556	312.026855469
3.55845804989	311.846679688
3.56136054422	311.486633301
3.56426303855	311.306762695
3.56716553288	310.94732666
3.57006802721	310.76776123
3.57297052154	310.76776123
3.57587301587	310.94732666
3.5787755102	311.306762695
3.58167800454	311.486633301
3.58458049887	311.486633301
3.5874829932	311.666595459
3.59038548753	311.666595459
3.59328798186	311.846679688
3.59619047619	312.026855469
3.59909297052	312.026855469
3.60199546485	312.387542725
3.60489795918	312.568023682
3.60780045351	312.748626709
3.61070294785	312.929321289
3.61360544218	312.748626709
3.61650793651	312.568023682
3.61941043084	312.387542725
3.62231292517	312.20715332
3.6252154195	311.846679688
3.62811791383	311.846679688
3.63102040816	311.846679688
3.63392290249	312.026855469
3.63682539683	312.20715332
3.63972789116	312.20715332
3.64263038549	312.387542725
3.64553287982	312.387542725
3.64843537415	312.387542725
3.65133786848	312.387542725
3.65424036281	312.20715332
3.65714285714	312.20715332
3.66004535147	312.026855469
3.6629478458	311.846679688
3.66585034014	311.666595459
3.66875283447	311.306762695
3.6716553288	312.20715332
3.67455782313	312.387542725
3.67746031746	311.306762695
3.68036281179	310.588317871
3.68326530612	287.621246338
3.68616780045	290.459472656
3.68907029478	291.973388672
3.69197278912	293.664764404
3.69487528345	295.024932861
3.69777777778	296.562652588
3.70068027211	298.10836792
3.70358276644	299.316162109
3.70648526077	299.835296631
3.7093877551	300.008544922
3.71229024943	299.835296631
3.71519274376	299.316162109
3.7180952381	297.592224121
3.72099773243	295.536621094
3.72390022676	294.004211426
3.72680272109	292.987030029
3.72970521542	293.495178223
3.73260770975	292.479766846
3.73551020408	292.648773193
3.73841269841	292.987030029
3.74131519274	293.495178223
3.74421768707	294.174102783
3.74712018141	295.536621094
3.75002267574	296.562652588
3.75292517007	297.592224121
3.7558276644	297.764160156
3.75873015873	297.764160156
3.76163265306	297.07699585
3.76453514739	297.07699585
3.76743764172	296.905426025
3.77034013605	296.905426025
3.77324263039	296.733978271
3.77614512472	295.707366943
3.77904761905	294.684295654
3.78195011338	294.344055176
3.78485260771	293.834442139
3.78775510204	293.325714111
3.79065759637	293.156341553
3.7935600907	294.004211426
3.79646258503	295.707366943
3.79936507937	296.733978271
3.8022675737	297.248626709
3.80517006803	297.764160156
3.80807256236	297.764160156
3.81097505669	297.592224121
3.81387755102	297.07699585
3.81678004535	296.391387939
3.81968253968	295.707366943
3.82258503401	295.195404053
3.82548752834	294.514129639
3.82839002268	294.004211426
3.83129251701	293.834442139
3.83419501134	293.834442139
3.83709750567	293.834442139
3.84	294.004211426
3.84290249433	294.344055176
3.84580498866	295.024932861
3.84870748299	295.707366943
3.85160997732	296.391387939
3.85451247166	296.905426025
3.85741496599	297.248626709
3.86031746032	297.420379639
3.86321995465	297.248626709
3.86612244898	296.905426025
3.86902494331	296.220245361
3.87192743764	295.536621094
3.87482993197	294.854553223
3.8777324263	294.174102783
3.88063492063	293.834442139
3.88353741497	293.495178223
3.8864399093	293.325714111
3.88934240363	293.325714111
3.89224489796	293.495178223
3.89514739229	293.664764404
3.89804988662	294.004211426
3.90095238095	294.344055176
3.90385487528	294.514129639
3.90675736961	294.684295654
3.90965986395	294.854553223
3.91256235828	295.024932861
3.91546485261	295.024932861
3.91836734694	294.854553223
3.92126984127	294.854553223
3.9241723356	294.684295654
3.92707482993	294.684295654
3.92997732426	294.684295654
3.93287981859	294.854553223
3.93578231293	294.684295654
3.93868480726	294.684295654
3.94158730159	294.514129639
3.94448979592	294.174102783
3.94739229025	293.834442139
3.95029478458	294.004211426
3.95319727891	293.834442139
3.95609977324	294.004211426
3.95900226757	294.174102783
3.9619047619	294.174102783
3.96480725624	294.344055176
3.96770975057	294.514129639
3.9706122449	294.514129639
3.97351473923	294.684295654
3.97641723356	294.854553223
3.97931972789	295.195404053
3.98222222222	295.195404053
3.98512471655	295.195404053
3.98802721088	295.024932861
3.99092970522	294.854553223
3.99383219955	294.514129639
3.99673469388	294.344055176
3.99963718821	294.174102783
4.00253968254	294.174102783
4.00544217687	294.174102783
4.0083446712	294.344055176
4.01124716553	294.514129639
4.01414965986	294.514129639
4.0170521542	294.684295654
4.01995464853	294.854553223
4.02285714286	294.854553223
4.02575963719	294.854553223
4.02866213152	294.854553223
4.03156462585	294.854553223
4.03446712018	294.854553223
4.03736961451	295.024932861
4.04027210884	294.854553223
4.04317460317	294.854553223
4.04607709751	294.854553223
4.04897959184	294.684295654
4.05188208617	294.514129639
4.0547845805	294.344055176
4.05768707483	294.344055176
4.06058956916	294.344055176
4.06349206349	294.344055176
4.06639455782	294.514129639
4.06929705215	294.684295654
4.07219954649	294.684295654
4.07510204082	294.854553223
4.07800453515	294.854553223
4.08090702948	294.854553223
4.08380952381	294.854553223
4.08671201814	294.854553223
4.08961451247	294.684295654
4.0925170068	294.684295654
4.09541950113	294.684295654
4.09832199546	294.684295654
4.1012244898	294.514129639
4.10412698413	294.514129639
4.10702947846	294.684295654
4.10993197279	294.684295654
4.11283446712	294.854553223
4.11573696145	294.854553223
4.11863945578	294.854553223
4.12154195011	294.854553223
4.12444444444	294.854553223
4.12734693878	294.854553223
4.13024943311	294.854553223
4.13315192744	294.854553223
4.13605442177	294.684295654
4.1389569161	294.684295654
4.14185941043	294.514129639
4.14476190476	294.514129639
4.14766439909	294.344055176
4.15056689342	294.514129639
4.15346938776	294.514129639
4.15637188209	294.514129639
4.15927437642	294.514129639
4.16217687075	294.514129639
4.16507936508	294.684295654
4.16798185941	294.684295654
4.17088435374	294.684295654
4.17378684807	294.684295654
4.1766893424	294.684295654
4.17959183673	294.684295654
4.18249433107	294.514129639
4.1853968254	294.514129639
4.18829931973	294.344055176
4.19120181406	294.344055176
4.19410430839	294.174102783
4.19700680272	294.174102783
4.19990929705	294.344055176
4.20281179138	294.344055176
4.20571428571	294.344055176
4.20861678005	294.174102783
4.21151927438	294.174102783
4.21442176871	294.174102783
4.21732426304	294.174102783
4.22022675737	294.174102783
4.2231292517	294.174102783
4.22603174603	294.174102783
4.22893424036	294.174102783
4.23183673469	294.174102783
4.23473922902	294.004211426
4.23764172336	294.004211426
4.24054421769	293.834442139
4.24344671202	293.834442139
4.24634920635	293.834442139
4.24925170068	293.834442139
4.25215419501	293.834442139
4.25505668934	293.664764404
4.25795918367	293.834442139
4.260861678	293.834442139
4.26376417234	293.834442139
4.26666666667	294.004211426
4.269569161	294.004211426
4.27247165533	294.174102783
4.27537414966	294.174102783
4.27827664399	294.174102783
4.28117913832	294.174102783
4.28408163265	294.174102783
4.28698412698	294.004211426
4.28988662132	294.004211426
4.29278911565	294.004211426
4.29569160998	294.174102783
4.29859410431	294.004211426
4.30149659864	294.174102783
4.30439909297	294.174102783
4.3073015873	294.174102783
4.31020408163	294.174102783
4.31310657596	294.174102783
4.31600907029	294.344055176
4.31891156463	294.344055176
4.32181405896	294.344055176
4.32471655329	294.514129639
4.32761904762	294.344055176
4.33052154195	294.344055176
4.33342403628	294.344055176
4.33632653061	294.174102783
4.33922902494	294.174102783
4.34213151927	294.174102783
4.34503401361	294.174102783
4.34793650794	294.344055176
4.35083900227	294.344055176
4.3537414966	294.514129639
4.35664399093	294.514129639
4.35954648526	294.514129639
4.36244897959	294.684295654
4.36535147392	294.684295654
4.36825396825	294.684295654
4.37115646259	294.684295654
4.37405895692	294.684295654
4.37696145125	294.514129639
4.37986394558	294.684295654
4.38276643991	294.684295654
4.38566893424	294.684295654
4.38857142857	294.684295654
4.3914739229	294.684295654
4.39437641723	294.684295654
4.39727891156	294.684295654
4.4001814059	294.684295654
4.40308390023	294.684295654
4.40598639456	294.684295654
4.40888888889	294.684295654
4.41179138322	294.684295654
4.41469387755	294.684295654
4.41759637188	294.684295654
4.42049886621	294.684295654
4.42340136054	294.854553223
4.42630385488	294.854553223
4.42920634921	294.854553223
4.43210884354	294.684295654
4.43501133787	294.684295654
4.4379138322	294.684295654
4.44081632653	294.684295654
4.44371882086	294.684295654
4.44662131519	294.684295654
4.44952380952	294.684295654
4.45242630385	294.684295654
4.45532879819	294.684295654
4.45823129252	294.684295654
4.46113378685	294.684295654
4.46403628118	294.514129639
4.46693877551	294.514129639
4.46984126984	294.344055176
4.47274376417	294.344055176
4.4756462585	294.344055176
4.47854875283	294.514129639
4.48145124717	294.684295654
4.4843537415	294.684295654
4.48725623583	294.854553223
4.49015873016	294.854553223
4.49306122449	294.854553223
4.49596371882	294.684295654
4.49886621315	294.514129639
4.50176870748	294.514129639
4.50467120181	294.514129639
4.50757369615	294.684295654
4.51047619048	294.684295654
4.51337868481	294.684295654
4.51628117914	294.684295654
4.51918367347	294.684295654
4.5220861678	294.684295654
4.52498866213	294.684295654
4.52789115646	294.684295654
4.53079365079	294.684295654
4.53369614512	294.684295654
4.53659863946	294.854553223
4.53950113379	294.684295654
4.54240362812	294.684295654
4.54530612245	294.684295654
4.54820861678	294.684295654
4.55111111111	294.684295654
4.55401360544	294.684295654
4.55691609977	294.854553223
4.5598185941	294.854553223
4.56272108844	294.854553223
4.56562358277	294.854553223
4.5685260771	294.854553223
4.57142857143	294.854553223
4.57433106576	294.854553223
4.57723356009	294.684295654
4.58013605442	294.684295654
4.58303854875	294.684295654
4.58594104308	294.684295654
4.58884353741	294.684295654
4.59174603175	294.684295654
4.59464852608	294.684295654
4.59755102041	294.684295654
4.60045351474	294.684295654
4.60335600907	294.684295654
4.6062585034	294.684295654
4.60916099773	294.684295654
4.61206349206	294.684295654
4.61496598639	294.684295654
4.61786848073	294.684295654
4.62077097506	294.684295654
4.62367346939	294.684295654
4.62657596372	294.684295654
4.62947845805	294.684295654
4.63238095238	294.684295654
4.63528344671	294.684295654
4.63818594104	294.684295654
4.64108843537	294.684295654
4.64399092971	294.684295654
4.64689342404	294.684295654
4.64979591837	294.684295654
4.6526984127	294.684295654
4.65560090703	294.684295654
4.65850340136	294.684295654
4.66140589569	294.684295654
4.66430839002	294.684295654
4.66721088435	294.854553223
4.67011337868	294.854553223
4.67301587302	294.854553223
4.67591836735	294.684295654
4.67882086168	294.684295654
4.68172335601	294.684295654
4.68462585034	294.684295654
4.68752834467	294.684295654
4.690430839	294.684295654
4.69333333333	294.514129639
4.69623582766	294.514129639
4.699138322	294.514129639
4.70204081633	294.514129639
4.70494331066	294.514129639
4.70784580499	294.514129639
4.71074829932	294.514129639
4.71365079365	294.514129639
4.71655328798	294.344055176
4.71945578231	294.174102783
4.72235827664	294.344055176
4.72526077098	294.344055176
4.72816326531	294.344055176
4.73106575964	294.514129639
4.73396825397	294.514129639
4.7368707483	294.514129639
4.73977324263	294.514129639
4.74267573696	294.684295654
4.74557823129	294.684295654
4.74848072562	294.514129639
4.75138321995	294.514129639
4.75428571429	294.344055176
4.75718820862	294.344055176
4.76009070295	294.344055176
4.76299319728	294.174102783
4.76589569161	294.174102783
4.76879818594	294.174102783
4.77170068027	294.004211426
4.7746031746	294.004211426
4.77750566893	294.174102783
4.78040816327	294.174102783
4.7833106576	294.174102783
4.78621315193	294.174102783
4.78911564626	294.174102783
4.79201814059	294.174102783
4.79492063492	294.004211426
4.79782312925	293.834442139
4.80072562358	293.664764404
4.80362811791	293.495178223
4.80653061224	293.495178223
4.80943310658	293.834442139
4.81233560091	293.834442139
4.81523809524	293.664764404
4.81814058957	293.834442139
4.8210430839	294.004211426
4.82394557823	294.344055176
4.82684807256	295.024932861
4.82975056689	295.024932861
4.83265306122	295.195404053
4.83555555556	295.024932861
4.83845804989	295.195404053
4.84136054422	295.365936279
4.84426303855	295.365936279
4.84716553288	295.365936279
4.85006802721	295.195404053
4.85297052154	295.195404053
4.85587301587	295.024932861
4.8587755102	295.024932861
4.86167800454	294.854553223
4.86458049887	294.854553223
4.8674829932	295.024932861
4.87038548753	295.195404053
4.87328798186	295.365936279
4.87619047619	295.707366943
4.87909297052	295.707366943
4.88199546485	296.049194336
4.88489795918	295.878234863
4.88780045351	296.049194336
4.89070294785	296.049194336
4.89360544218	296.220245361
4.89650793651	296.391387939
4.89941043084	296.562652588
4.90231292517	296.905426025
4.9052154195	297.07699585
4.90811791383	297.248626709
4.91102040816	297.248626709
4.91392290249	297.07699585
4.91682539683	296.733978271
4.91972789116	296.562652588
4.92263038549	296.562652588
4.92553287982	296.733978271
4.92843537415	297.07699585
4.93133786848	0.0
4.93424036281	0.0
4.93714285714	0.0
4.94004535147	0.0
4.9429478458	0.0
4.94585034014	0.0
4.94875283447	0.0
4.9516553288	0.0
4.95455782313	0.0
4.95746031746	0.0
4.96036281179	0.0
4.96326530612	0.0
4.96616780045	0.0
4.96907029478	0.0
4.97197278912	0.0
4.97487528345	0.0
4.97777777778	0.0
4.98068027211	0.0
4.98358276644	0.0
4.98648526077	0.0
4.9893877551	0.0
4.99229024943	0.0
4.99519274376	0.0
4.9980952381	0.0
5.00099773243	0.0
5.00390022676	0.0
5.00680272109	0.0
5.00970521542	0.0
5.01260770975	0.0
5.01551020408	0.0
5.01841269841	0.0
5.02131519274	0.0
5.02421768707	0.0
5.02712018141	0.0
5.03002267574	0.0
5.03292517007	0.0
5.0358276644	0.0
5.03873015873	0.0
5.04163265306	0.0
5.04453514739	0.0
5.04743764172	0.0
5.05034013605	0.0
5.05324263039	0.0
5.05614512472	0.0
5.05904761905	0.0
5.06195011338	0.0
5.06485260771	0.0
5.06775510204	0.0
5.07065759637	0.0
5.0735600907	0.0
5.07646258503	0.0
5.07936507937	0.0
5.0822675737	0.0
5.08517006803	0.0
5.08807256236	0.0
5.09097505669	0.0
5.09387755102	0.0
5.09678004535	0.0
5.09968253968	0.0
5.10258503401	0.0
5.10548752834	0.0
5.10839002268	0.0
5.11129251701	0.0
5.11419501134	0.0
5.11709750567	0.0
5.12	0.0
5.12290249433	0.0
5.12580498866	0.0
5.12870748299	0.0
5.13160997732	0.0
5.13451247166	0.0
5.13741496599	0.0
