0.0	0.0
0.00290249433107	0.0
0.00580498866213	0.0
0.0087074829932	0.0
0.0116099773243	0.0
0.0145124716553	0.0
0.0174149659864	0.0
0.0203174603175	0.0
0.0232199546485	0.0
0.0261224489796	0.0
0.0290249433107	0.0
0.0319274376417	0.0
0.0348299319728	0.0
0.0377324263039	0.0
0.0406349206349	0.0
0.043537414966	0.0
0.0464399092971	0.0
0.0493424036281	0.0
0.0522448979592	0.0
0.0551473922902	0.0
0.0580498866213	0.0
0.0609523809524	0.0
0.0638548752834	0.0
0.0667573696145	0.0
0.0696598639456	0.0
0.0725623582766	0.0
0.0754648526077	0.0
0.0783673469388	0.0
0.0812698412698	0.0
0.0841723356009	0.0
0.087074829932	0.0
0.089977324263	0.0
0.0928798185941	0.0
0.0957823129252	0.0
0.0986848072562	0.0
0.101587301587	0.0
0.104489795918	0.0
0.107392290249	0.0
0.11029478458	0.0
0.113197278912	0.0
0.116099773243	0.0
0.119002267574	0.0
0.121904761905	0.0
0.124807256236	0.0
0.127709750567	0.0
0.130612244898	0.0
0.133514739229	0.0
0.13641723356	0.0
0.139319727891	0.0
0.142222222222	0.0
0.145124716553	272.26348877
0.148027210884	272.893280029
0.150929705215	273.524536133
0.153832199546	277.182617188
0.156734693878	278.788330078
0.159637188209	280.079589844
0.16253968254	282.027709961
0.165442176871	283.825378418
0.168344671202	285.799530029
0.171247165533	287.45513916
0.174149659864	289.287414551
0.177052154195	290.291748047
0.179954648526	290.963226318
0.182857142857	292.987030029
0.185759637188	292.987030029
0.188662131519	292.479766846
0.19156462585	291.804779053
0.194467120181	291.131347656
0.197369614512	291.636291504
0.200272108844	291.299560547
0.203174603175	291.299560547
0.206077097506	291.636291504
0.208979591837	292.479766846
0.211882086168	292.817840576
0.214784580499	293.156341553
0.21768707483	293.325714111
0.220589569161	292.987030029
0.223492063492	292.142089844
0.226394557823	292.817840576
0.229297052154	293.325714111
0.232199546485	293.495178223
0.235102040816	293.834442139
0.238004535147	292.310882568
0.240907029478	292.648773193
0.24380952381	292.479766846
0.246712018141	292.310882568
0.249614512472	292.310882568
0.252517006803	292.479766846
0.255419501134	292.648773193
0.258321995465	292.817840576
0.261224489796	292.987030029
0.264126984127	292.987030029
0.267029478458	293.156341553
0.269931972789	292.987030029
0.27283446712	292.987030029
0.275736961451	292.987030029
0.278639455782	292.987030029
0.281541950113	292.817840576
0.284444444444	292.817840576
0.287346938776	292.817840576
0.290249433107	292.817840576
0.293151927438	292.817840576
0.296054421769	292.987030029
0.2989569161	293.325714111
0.301859410431	293.495178223
0.304761904762	293.664764404
0.307664399093	293.664764404
0.310566893424	293.834442139
0.313469387755	293.834442139
0.316371882086	293.834442139
0.319274376417	293.834442139
0.322176870748	293.834442139
0.325079365079	293.834442139
0.32798185941	293.834442139
0.330884353741	293.834442139
0.333786848073	293.834442139
0.336689342404	293.834442139
0.339591836735	293.664764404
0.342494331066	293.834442139
0.345396825397	293.834442139
0.348299319728	293.664764404
0.351201814059	293.664764404
0.35410430839	293.664764404
0.357006802721	293.664764404
0.359909297052	293.834442139
0.362811791383	293.834442139
0.365714285714	293.834442139
0.368616780045	293.834442139
0.371519274376	293.834442139
0.374421768707	293.834442139
0.377324263039	293.834442139
0.38022675737	293.495178223
0.383129251701	293.495178223
0.386031746032	293.325714111
0.388934240363	293.156341553
0.391836734694	293.156341553
0.394739229025	293.156341553
0.397641723356	293.156341553
0.400544217687	293.325714111
0.403446712018	293.325714111
0.406349206349	293.325714111
0.40925170068	293.325714111
0.412154195011	293.325714111
0.415056689342	293.156341553
0.417959183673	293.156341553
0.420861678005	292.987030029
0.423764172336	293.156341553
0.426666666667	293.156341553
0.429569160998	293.325714111
0.432471655329	293.495178223
0.43537414966	293.495178223
0.438276643991	293.664764404
0.441179138322	293.834442139
0.444081632653	293.834442139
0.446984126984	293.834442139
0.449886621315	293.664764404
0.452789115646	293.495178223
0.455691609977	293.495178223
0.458594104308	293.325714111
0.461496598639	293.325714111
0.464399092971	293.325714111
0.467301587302	293.325714111
0.470204081633	293.495178223
0.473106575964	293.664764404
0.476009070295	293.834442139
0.478911564626	293.834442139
0.481814058957	293.834442139
0.484716553288	293.834442139
0.487619047619	293.834442139
0.49052154195	293.664764404
0.493424036281	293.664764404
0.496326530612	293.664764404
0.499229024943	293.664764404
0.502131519274	293.834442139
0.505034013605	293.834442139
0.507936507937	293.834442139
0.510839002268	293.664764404
0.513741496599	293.664764404
0.51664399093	293.664764404
0.519546485261	293.664764404
0.522448979592	293.664764404
0.525351473923	293.664764404
0.528253968254	293.834442139
0.531156462585	293.834442139
0.534058956916	293.834442139
0.536961451247	293.834442139
0.539863945578	294.004211426
0.542766439909	294.004211426
0.54566893424	293.834442139
0.548571428571	293.834442139
0.551473922902	293.834442139
0.554376417234	293.834442139
0.557278911565	293.834442139
0.560181405896	293.664764404
0.563083900227	293.664764404
0.565986394558	293.495178223
0.568888888889	293.495178223
0.57179138322	293.495178223
0.574693877551	293.664764404
0.577596371882	293.664764404
0.580498866213	293.834442139
0.583401360544	294.004211426
0.586303854875	294.004211426
0.589206349206	294.174102783
0.592108843537	294.344055176
0.595011337868	294.344055176
0.5979138322	294.514129639
0.600816326531	294.514129639
0.603718820862	295.024932861
0.606621315193	294.684295654
0.609523809524	294.344055176
0.612426303855	294.174102783
0.615328798186	293.834442139
0.618231292517	292.987030029
0.621133786848	292.479766846
0.624036281179	292.817840576
0.62693877551	293.664764404
0.629841269841	294.514129639
0.632743764172	295.878234863
0.635646258503	296.220245361
0.638548752834	295.878234863
0.641451247166	294.174102783
0.644353741497	329.056854248
0.647256235828	331.537078857
0.650158730159	333.265075684
0.65306122449	334.228973389
0.655963718821	336.165161133
0.658866213152	336.748199463
0.661768707483	336.359375
0.664671201814	335.971038818
0.667573696145	335.583129883
0.670476190476	335.195678711
0.673378684807	334.035980225
0.676281179138	332.303955078
0.679183673469	329.24697876
0.6820861678	329.056854248
0.684988662132	329.24697876
0.687891156463	329.627563477
0.690793650794	330.008575439
0.693696145125	330.390045166
0.696598639456	330.963043213
0.699501133787	330.580932617
0.702403628118	332.303955078
0.705306122449	332.688079834
0.70820861678	332.112091064
0.711111111111	330.771942139
0.714013605442	330.963043213
0.716916099773	330.963043213
0.719818594104	330.963043213
0.722721088435	327.729034424
0.725623582766	326.972686768
0.728526077098	329.24697876
0.731428571429	331.154296875
0.73433106576	332.112091064
0.737233560091	332.49597168
0.740136054422	331.920288086
0.743038548753	331.154296875
0.745941043084	330.008575439
0.748843537415	329.24697876
0.751746031746	329.437225342
0.754648526077	330.008575439
0.757551020408	330.771942139
0.760453514739	331.345611572
0.76335600907	331.728637695
0.766258503401	332.112091064
0.769160997732	331.920288086
0.772063492063	331.537078857
0.774965986395	330.963043213
0.777868480726	330.771942139
0.780770975057	330.199249268
0.783673469388	329.627563477
0.786575963719	328.866821289
0.78947845805	327.918395996
0.792380952381	327.161621094
0.795283446712	326.406585693
0.798185941043	326.218109131
0.801088435374	326.406585693
0.803990929705	327.350646973
0.806893424036	328.676940918
0.809795918367	330.008575439
0.812698412698	331.154296875
0.815600907029	332.112091064
0.818503401361	332.880310059
0.821405895692	332.880310059
0.824308390023	332.112091064
0.827210884354	331.537078857
0.830113378685	330.771942139
0.833015873016	330.199249268
0.835918367347	329.818023682
0.838820861678	329.437225342
0.841723356009	329.437225342
0.84462585034	329.627563477
0.847528344671	330.199249268
0.850430839002	330.771942139
0.853333333333	331.154296875
0.856235827664	331.154296875
0.859138321995	330.771942139
0.862040816327	330.199249268
0.864943310658	329.437225342
0.867845804989	328.866821289
0.87074829932	328.676940918
0.873650793651	329.056854248
0.876553287982	329.627563477
0.879455782313	330.580932617
0.882358276644	330.963043213
0.885260770975	331.154296875
0.888163265306	330.963043213
0.891065759637	330.199249268
0.893968253968	329.24697876
0.896870748299	328.866821289
0.89977324263	328.676940918
0.902675736961	328.676940918
0.905578231293	329.24697876
0.908480725624	329.818023682
0.911383219955	330.008575439
0.914285714286	330.199249268
0.917188208617	330.390045166
0.920090702948	330.199249268
0.922993197279	330.008575439
0.92589569161	329.818023682
0.928798185941	329.627563477
0.931700680272	329.437225342
0.934603174603	329.437225342
0.937505668934	329.627563477
0.940408163265	329.627563477
0.943310657596	329.818023682
0.946213151927	330.008575439
0.949115646259	330.199249268
0.95201814059	330.199249268
0.954920634921	330.199249268
0.957823129252	330.008575439
0.960725623583	330.008575439
0.963628117914	329.818023682
0.966530612245	329.627563477
0.969433106576	329.627563477
0.972335600907	329.627563477
0.975238095238	329.818023682
0.978140589569	330.008575439
0.9810430839	330.199249268
0.983945578231	330.390045166
0.986848072562	330.390045166
0.989750566893	330.580932617
0.992653061224	330.580932617
0.995555555556	330.580932617
0.998458049887	330.580932617
1.00136054422	330.390045166
1.00426303855	330.390045166
1.00716553288	330.390045166
1.01006802721	330.390045166
1.01297052154	330.580932617
1.01587301587	330.580932617
1.0187755102	330.390045166
1.02167800454	330.199249268
1.02458049887	330.008575439
1.0274829932	329.627563477
1.03038548753	329.437225342
1.03328798186	329.437225342
1.03619047619	329.627563477
1.03909297052	330.008575439
1.04199546485	330.390045166
1.04489795918	330.580932617
1.04780045351	330.771942139
1.05070294785	330.771942139
1.05360544218	330.580932617
1.05650793651	330.390045166
1.05941043084	330.199249268
1.06231292517	330.199249268
1.0652154195	330.199249268
1.06811791383	330.199249268
1.07102040816	330.199249268
1.07392290249	330.390045166
1.07682539683	330.199249268
1.07972789116	330.008575439
1.08263038549	329.818023682
1.08553287982	329.627563477
1.08843537415	329.437225342
1.09133786848	329.437225342
1.09424036281	329.627563477
1.09714285714	330.008575439
1.10004535147	330.199249268
1.1029478458	330.390045166
1.10585034014	330.199249268
1.10875283447	330.008575439
1.1116553288	329.818023682
1.11455782313	329.627563477
1.11746031746	329.437225342
1.12036281179	329.437225342
1.12326530612	329.627563477
1.12616780045	329.627563477
1.12907029478	329.818023682
1.13197278912	330.008575439
1.13487528345	330.008575439
1.13777777778	330.199249268
1.14068027211	330.199249268
1.14358276644	330.008575439
1.14648526077	329.818023682
1.1493877551	329.818023682
1.15229024943	329.818023682
1.15519274376	329.818023682
1.1580952381	329.818023682
1.16099773243	329.818023682
1.16390022676	329.818023682
1.16680272109	329.818023682
1.16970521542	329.818023682
1.17260770975	330.008575439
1.17551020408	330.008575439
1.17841269841	330.199249268
1.18131519274	330.199249268
1.18421768707	330.199249268
1.18712018141	330.199249268
1.19002267574	330.008575439
1.19292517007	330.008575439
1.1958276644	329.818023682
1.19873015873	329.627563477
1.20163265306	329.437225342
1.20453514739	329.627563477
1.20743764172	329.627563477
1.21034013605	329.627563477
1.21324263039	329.818023682
1.21614512472	329.818023682
1.21904761905	329.818023682
1.22195011338	329.627563477
1.22485260771	329.627563477
1.22775510204	329.437225342
1.23065759637	329.437225342
1.2335600907	329.627563477
1.23646258503	329.627563477
1.23936507937	329.818023682
1.2422675737	329.818023682
1.24517006803	329.818023682
1.24807256236	329.818023682
1.25097505669	329.627563477
1.25387755102	329.437225342
1.25678004535	329.437225342
1.25968253968	329.24697876
1.26258503401	329.437225342
1.26548752834	329.437225342
1.26839002268	329.437225342
1.27129251701	329.437225342
1.27419501134	329.437225342
1.27709750567	329.24697876
1.28	329.24697876
1.28290249433	329.056854248
1.28580498866	329.056854248
1.28870748299	329.24697876
1.29160997732	329.437225342
1.29451247166	329.437225342
1.29741496599	329.437225342
1.30031746032	329.627563477
1.30321995465	329.627563477
1.30612244898	329.437225342
1.30902494331	329.437225342
1.31192743764	329.24697876
1.31482993197	329.24697876
1.3177324263	329.24697876
1.32063492063	329.24697876
1.32353741497	329.24697876
1.3264399093	329.24697876
1.32934240363	329.24697876
1.33224489796	329.056854248
1.33514739229	329.056854248
1.33804988662	328.866821289
1.34095238095	328.866821289
1.34385487528	328.866821289
1.34675736961	328.866821289
1.34965986395	329.056854248
1.35256235828	329.056854248
1.35546485261	329.056854248
1.35836734694	328.866821289
1.36126984127	328.866821289
1.3641723356	328.866821289
1.36707482993	328.866821289
1.36997732426	328.866821289
1.37287981859	329.056854248
1.37578231293	329.056854248
1.37868480726	329.24697876
1.38158730159	329.437225342
1.38448979592	329.24697876
1.38739229025	329.24697876
1.39029478458	329.056854248
1.39319727891	328.866821289
1.39609977324	328.866821289
1.39900226757	329.056854248
1.4019047619	329.24697876
1.40480725624	329.24697876
1.40770975057	329.437225342
1.4106122449	329.437225342
1.41351473923	329.437225342
1.41641723356	329.437225342
1.41931972789	329.24697876
1.42222222222	329.056854248
1.42512471655	328.866821289
1.42802721088	328.676940918
1.43092970522	328.676940918
1.43383219955	328.866821289
1.43673469388	329.056854248
1.43963718821	329.056854248
1.44253968254	329.056854248
1.44544217687	329.056854248
1.4483446712	329.24697876
1.45124716553	329.437225342
1.45414965986	329.627563477
1.4570521542	329.627563477
1.45995464853	329.627563477
1.46285714286	329.627563477
1.46575963719	329.627563477
1.46866213152	329.627563477
1.47156462585	329.437225342
1.47446712018	329.24697876
1.47736961451	329.24697876
1.48027210884	329.056854248
1.48317460317	329.056854248
1.48607709751	329.24697876
1.48897959184	329.24697876
1.49188208617	329.24697876
1.4947845805	329.24697876
1.49768707483	329.24697876
1.50058956916	329.056854248
1.50349206349	328.866821289
1.50639455782	328.107879639
1.50929705215	327.729034424
1.51219954649	328.107879639
1.51510204082	329.627563477
1.51800453515	331.920288086
1.52090702948	335.777038574
1.52380952381	341.251861572
1.52671201814	353.082061768
1.52961451247	358.839050293
1.5325170068	360.917785645
1.53541950113	361.543731689
1.53832199546	361.543731689
1.5412244898	361.334960938
1.54412698413	360.917785645
1.54702947846	358.631835938
1.54993197279	357.597564697
1.55283446712	356.772277832
1.55573696145	354.922363281
1.55863945578	352.063781738
1.56154195011	349.83392334
1.56444444444	348.825012207
1.56734693878	349.026580811
1.57024943311	349.83392334
1.57315192744	351.048461914
1.57605442177	352.267211914
1.5789569161	352.878173828
1.58185941043	351.45425415
1.58476190476	349.631896973
1.58766439909	347.216827393
1.59056689342	345.61605835
1.59346938776	344.81842041
1.59637188209	344.420288086
1.59927437642	345.017669678
1.60217687075	345.61605835
1.60507936508	346.615661621
1.60798185941	347.417449951
1.61088435374	348.019989014
1.61378684807	348.623596191
1.6166893424	348.825012207
1.61959183673	349.228240967
1.62249433107	349.430023193
1.6253968254	349.83392334
1.62829931973	350.03604126
1.63120181406	350.238311768
1.63410430839	350.03604126
1.63700680272	350.03604126
1.63990929705	349.83392334
1.64281179138	349.430023193
1.64571428571	349.228240967
1.64861678005	348.825012207
1.65151927438	348.623596191
1.65442176871	348.221069336
1.65732426304	347.819030762
1.66022675737	347.819030762
1.6631292517	348.019989014
1.66603174603	348.422271729
1.66893424036	348.825012207
1.67183673469	349.228240967
1.67473922902	349.631896973
1.67764172336	349.631896973
1.68054421769	349.631896973
1.68344671202	349.430023193
1.68634920635	349.228240967
1.68925170068	349.026580811
1.69215419501	349.026580811
1.69505668934	348.825012207
1.69795918367	348.623596191
1.700861678	348.623596191
1.70376417234	348.422271729
1.70666666667	348.623596191
1.709569161	348.825012207
1.71247165533	348.825012207
1.71537414966	349.026580811
1.71827664399	349.430023193
1.72117913832	349.631896973
1.72408163265	349.631896973
1.72698412698	349.631896973
1.72988662132	349.430023193
1.73278911565	349.430023193
1.73569160998	349.228240967
1.73859410431	349.026580811
1.74149659864	349.026580811
1.74439909297	349.026580811
1.7473015873	349.026580811
1.75020408163	348.825012207
1.75310657596	348.825012207
1.75600907029	348.825012207
1.75891156463	348.623596191
1.76181405896	348.623596191
1.76471655329	348.623596191
1.76761904762	348.825012207
1.77052154195	348.825012207
1.77342403628	349.026580811
1.77632653061	349.228240967
1.77922902494	349.430023193
1.78213151927	349.631896973
1.78503401361	349.631896973
1.78793650794	349.631896973
1.79083900227	349.631896973
1.7937414966	349.430023193
1.79664399093	349.228240967
1.79954648526	349.228240967
1.80244897959	349.228240967
1.80535147392	349.228240967
1.80825396825	349.228240967
1.81115646259	349.228240967
1.81405895692	349.228240967
1.81696145125	349.228240967
1.81986394558	349.228240967
1.82276643991	349.228240967
1.82566893424	349.228240967
1.82857142857	349.228240967
1.8314739229	349.228240967
1.83437641723	349.026580811
1.83727891156	349.026580811
1.8401814059	349.228240967
1.84308390023	349.026580811
1.84598639456	349.026580811
1.84888888889	348.825012207
1.85179138322	348.825012207
1.85469387755	348.825012207
1.85759637188	349.026580811
1.86049886621	349.026580811
1.86340136054	349.228240967
1.86630385488	349.228240967
1.86920634921	349.430023193
1.87210884354	349.631896973
1.87501133787	350.03604126
1.8779138322	350.238311768
1.88081632653	350.440673828
1.88371882086	350.440673828
1.88662131519	350.440673828
1.88952380952	350.238311768
1.89242630385	349.83392334
1.89532879819	349.430023193
1.89823129252	349.026580811
1.90113378685	348.623596191
1.90403628118	348.422271729
1.90693877551	348.221069336
1.90984126984	348.221069336
1.91274376417	348.019989014
1.9156462585	348.221069336
1.91854875283	348.221069336
1.92145124717	348.623596191
1.9243537415	348.825012207
1.92725623583	349.228240967
1.93015873016	349.631896973
1.93306122449	350.440673828
1.93596371882	351.048461914
1.93886621315	351.657318115
1.94176870748	351.657318115
1.94467120181	351.048461914
1.94757369615	350.03604126
1.95047619048	349.026580811
1.95337868481	348.221069336
1.95628117914	347.216827393
1.95918367347	346.415496826
1.9620861678	346.215484619
1.96498866213	346.815948486
1.96789115646	348.221069336
1.97079365079	350.03604126
1.97369614512	408.877929688
1.97659863946	408.877929688
1.97950113379	408.877929688
1.98240362812	409.35055542
1.98530612245	409.823730469
1.98820861678	410.534515381
1.99111111111	411.484161377
1.99401360544	412.435974121
1.99691609977	413.151306152
1.9998185941	413.390014648
2.00272108844	413.151306152
2.00562358277	412.435974121
2.0085260771	412.197814941
2.01142857143	411.721893311
2.01433106576	411.484161377
2.01723356009	411.484161377
2.02013605442	411.484161377
2.02303854875	411.959777832
2.02594104308	412.912719727
2.02884353741	413.628875732
2.03174603175	414.346252441
2.03464852608	414.585662842
2.03755102041	414.825195312
2.04045351474	415.064880371
2.04335600907	415.3046875
2.0462585034	415.3046875
2.04916099773	415.3046875
2.05206349206	415.064880371
2.05496598639	414.825195312
2.05786848073	414.825195312
2.06077097506	414.825195312
2.06367346939	414.346252441
2.06657596372	414.346252441
2.06947845805	413.867858887
2.07238095238	413.628875732
2.07528344671	413.390014648
2.07818594104	413.390014648
2.08108843537	413.151306152
2.08399092971	413.151306152
2.08689342404	413.151306152
2.08979591837	413.151306152
2.0926984127	413.628875732
2.09560090703	413.867858887
2.09850340136	414.106994629
2.10140589569	414.106994629
2.10430839002	414.106994629
2.10721088435	414.106994629
2.11011337868	414.346252441
2.11301587302	414.346252441
2.11591836735	414.106994629
2.11882086168	413.867858887
2.12172335601	413.628875732
2.12462585034	413.628875732
2.12752834467	413.628875732
2.130430839	413.628875732
2.13333333333	413.628875732
2.13623582766	413.867858887
2.139138322	414.346252441
2.14204081633	414.585662842
2.14494331066	415.064880371
2.14784580499	415.064880371
2.15074829932	415.064880371
2.15365079365	415.064880371
2.15655328798	415.064880371
2.15945578231	415.064880371
2.16235827664	414.825195312
2.16526077098	414.585662842
2.16816326531	414.585662842
2.17106575964	414.346252441
2.17396825397	414.346252441
2.1768707483	414.346252441
2.17977324263	414.106994629
2.18267573696	414.346252441
2.18557823129	414.346252441
2.18848072562	414.585662842
2.19138321995	415.064880371
2.19428571429	415.064880371
2.19718820862	415.3046875
2.20009070295	415.3046875
2.20299319728	415.3046875
2.20589569161	415.3046875
2.20879818594	415.064880371
2.21170068027	414.825195312
2.2146031746	414.825195312
2.21750566893	414.825195312
2.22040816327	414.825195312
2.2233106576	414.825195312
2.22621315193	415.064880371
2.22911564626	415.544647217
2.23201814059	415.784759521
2.23492063492	416.024993896
2.23782312925	416.024993896
2.24072562358	415.784759521
2.24362811791	415.544647217
2.24653061224	415.544647217
2.24943310658	415.544647217
2.25233560091	415.3046875
2.25523809524	415.3046875
2.25814058957	415.3046875
2.2610430839	415.544647217
2.26394557823	415.784759521
2.26684807256	415.544647217
2.26975056689	415.3046875
2.27265306122	415.064880371
2.27555555556	414.825195312
2.27845804989	415.064880371
2.28136054422	414.825195312
2.28426303855	414.825195312
2.28716553288	414.585662842
2.29006802721	414.585662842
2.29297052154	414.825195312
2.29587301587	414.825195312
2.2987755102	414.825195312
2.30167800454	414.585662842
2.30458049887	414.585662842
2.3074829932	414.585662842
2.31038548753	414.585662842
2.31328798186	414.825195312
2.31619047619	415.3046875
2.31909297052	415.544647217
2.32199546485	416.024993896
2.32489795918	416.265350342
2.32780045351	416.505889893
2.33070294785	416.265350342
2.33360544218	416.265350342
2.33650793651	416.024993896
2.33941043084	416.024993896
2.34231292517	415.784759521
2.3452154195	415.784759521
2.34811791383	416.024993896
2.35102040816	415.784759521
2.35392290249	415.784759521
2.35682539683	415.544647217
2.35972789116	415.064880371
2.36263038549	415.064880371
2.36553287982	415.064880371
2.36843537415	415.3046875
2.37133786848	415.544647217
2.37424036281	415.544647217
2.37714285714	415.544647217
2.38004535147	415.544647217
2.3829478458	415.544647217
2.38585034014	415.3046875
2.38875283447	415.3046875
2.3916553288	415.3046875
2.39455782313	415.784759521
2.39746031746	415.784759521
2.40036281179	415.784759521
2.40326530612	415.544647217
2.40616780045	415.064880371
2.40907029478	414.825195312
2.41197278912	414.585662842
2.41487528345	414.585662842
2.41777777778	414.585662842
2.42068027211	414.825195312
2.42358276644	415.064880371
2.42648526077	415.3046875
2.4293877551	415.544647217
2.43229024943	415.3046875
2.43519274376	415.064880371
2.4380952381	414.825195312
2.44099773243	414.825195312
2.44390022676	414.825195312
2.44680272109	414.825195312
2.44970521542	414.825195312
2.45260770975	414.825195312
2.45551020408	415.064880371
2.45841269841	415.3046875
2.46131519274	415.544647217
2.46421768707	415.784759521
2.46712018141	415.784759521
2.47002267574	415.784759521
2.47292517007	415.544647217
2.4758276644	415.3046875
2.47873015873	415.064880371
2.48163265306	415.064880371
2.48453514739	415.064880371
2.48743764172	415.064880371
2.49034013605	415.064880371
2.49324263039	415.064880371
2.49614512472	415.3046875
2.49904761905	415.544647217
2.50195011338	415.3046875
2.50485260771	415.3046875
2.50775510204	415.3046875
2.51065759637	415.3046875
2.5135600907	415.3046875
2.51646258503	415.3046875
2.51936507937	415.064880371
2.5222675737	415.064880371
2.52517006803	415.064880371
2.52807256236	415.064880371
2.53097505669	414.825195312
2.53387755102	414.825195312
2.53678004535	414.585662842
2.53968253968	414.585662842
2.54258503401	414.585662842
2.54548752834	414.825195312
2.54839002268	414.825195312
2.55129251701	414.825195312
2.55419501134	414.825195312
2.55709750567	414.825195312
2.56	414.585662842
2.56290249433	414.346252441
2.56580498866	414.346252441
2.56870748299	414.106994629
2.57160997732	414.346252441
2.57451247166	414.585662842
2.57741496599	414.585662842
2.58031746032	414.585662842
2.58321995465	414.585662842
2.58612244898	414.825195312
2.58902494331	414.585662842
2.59192743764	414.585662842
2.59482993197	414.346252441
2.5977324263	414.346252441
2.60063492063	414.346252441
2.60353741497	414.346252441
2.6064399093	414.585662842
2.60934240363	414.585662842
2.61224489796	414.825195312
2.61514739229	414.585662842
2.61804988662	414.585662842
2.62095238095	414.585662842
2.62385487528	414.346252441
2.62675736961	414.346252441
2.62965986395	414.346252441
2.63256235828	414.585662842
2.63546485261	414.346252441
2.63836734694	414.346252441
2.64126984127	414.106994629
2.6441723356	414.106994629
2.64707482993	414.346252441
2.64997732426	414.346252441
2.65287981859	414.585662842
2.65578231293	414.825195312
2.65868480726	414.825195312
2.66158730159	414.825195312
2.66448979592	414.585662842
2.66739229025	414.346252441
2.67029478458	414.106994629
2.67319727891	413.867858887
2.67609977324	413.867858887
2.67900226757	414.106994629
2.6819047619	414.346252441
2.68480725624	414.346252441
2.68770975057	414.346252441
2.6906122449	414.106994629
2.69351473923	414.106994629
2.69641723356	413.867858887
2.69931972789	413.628875732
2.70222222222	413.867858887
2.70512471655	414.106994629
2.70802721088	414.346252441
2.71092970522	414.585662842
2.71383219955	414.585662842
2.71673469388	414.346252441
2.71963718821	413.867858887
2.72253968254	413.628875732
2.72544217687	413.390014648
2.7283446712	413.390014648
2.73124716553	413.628875732
2.73414965986	413.867858887
2.7370521542	414.106994629
2.73995464853	414.106994629
2.74285714286	414.106994629
2.74575963719	414.106994629
2.74866213152	413.867858887
2.75156462585	413.867858887
2.75446712018	413.628875732
2.75736961451	413.867858887
2.76027210884	413.867858887
2.76317460317	413.867858887
2.76607709751	413.867858887
2.76897959184	413.867858887
2.77188208617	413.867858887
2.7747845805	413.867858887
2.77768707483	413.867858887
2.78058956916	414.106994629
2.78349206349	414.346252441
2.78639455782	414.585662842
2.78929705215	414.825195312
2.79219954649	414.825195312
2.79510204082	414.585662842
2.79800453515	414.585662842
2.80090702948	413.867858887
2.80380952381	413.628875732
2.80671201814	413.867858887
2.80961451247	416.024993896
2.8125170068	423.296966553
2.81541950113	428.710418701
2.81832199546	432.441070557
2.8212244898	435.197479248
2.82412698413	435.197479248
2.82702947846	437.718536377
2.82993197279	437.971466064
2.83283446712	438.224517822
2.83573696145	437.971466064
2.83863945578	437.465789795
2.84154195011	436.708374023
2.84444444444	434.946166992
2.84734693878	433.942382812
2.85024943311	432.940917969
2.85315192744	430.696075439
2.85605442177	431.193939209
2.8589569161	432.191345215
2.86185941043	433.942382812
2.86476190476	435.952270508
2.86766439909	437.971466064
2.87056689342	439.238189697
2.87346938776	440.508605957
2.87637188209	440.763122559
2.87927437642	440.763122559
2.88217687075	440.508605957
2.88507936508	439.745910645
2.88798185941	438.984558105
2.89088435374	438.477722168
2.89378684807	437.465789795
2.8966893424	437.213165283
2.89959183673	437.213165283
2.90249433107	437.718536377
2.9053968254	438.731048584
2.90829931973	439.491973877
2.91120181406	440.0
2.91410430839	440.0
2.91700680272	440.0
2.91990929705	440.254241943
2.92281179138	440.508605957
2.92571428571	440.763122559
2.92861678005	441.017791748
2.93151927438	441.527557373
2.93442176871	441.272613525
2.93732426304	441.272613525
2.94022675737	439.745910645
2.9431292517	438.477722168
2.94603174603	437.465789795
2.94893424036	435.952270508
2.95183673469	434.695007324
2.95473922902	433.441375732
2.95764172336	431.443054199
2.96054421769	430.198822021
2.96344671202	429.453979492
2.96634920635	429.950378418
2.96925170068	429.453979492
2.97215419501	430.696075439
2.97505668934	431.941772461
2.97795918367	432.690917969
2.980861678	433.691802979
2.98376417234	434.444000244
2.98666666667	434.946166992
2.989569161	435.197479248
2.99247165533	435.700531006
2.99537414966	436.456207275
2.99827664399	438.224517822
3.00117913832	439.238189697
3.00408163265	440.0
3.00698412698	440.254241943
3.00988662132	440.508605957
3.01278911565	440.508605957
3.01569160998	440.254241943
3.01859410431	440.0
3.02149659864	439.238189697
3.02439909297	438.731048584
3.0273015873	437.718536377
3.03020408163	436.960693359
3.03310657596	436.204162598
3.03600907029	435.448913574
3.03891156463	435.197479248
3.04181405896	434.946166992
3.04471655329	435.197479248
3.04761904762	435.448913574
3.05052154195	435.448913574
3.05342403628	435.700531006
3.05632653061	435.952270508
3.05922902494	436.204162598
3.06213151927	436.708374023
3.06503401361	437.718536377
3.06793650794	438.224517822
3.07083900227	438.984558105
3.0737414966	439.745910645
3.07664399093	440.0
3.07954648526	439.745910645
3.08244897959	438.984558105
3.08535147392	438.224517822
3.08825396825	437.718536377
3.09115646259	437.213165283
3.09405895692	436.708374023
3.09696145125	436.456207275
3.09986394558	436.456207275
3.10276643991	436.204162598
3.10566893424	436.204162598
3.10857142857	436.204162598
3.1114739229	436.204162598
3.11437641723	436.456207275
3.11727891156	436.456207275
3.1201814059	436.708374023
3.12308390023	436.960693359
3.12598639456	437.465789795
3.12888888889	437.718536377
3.13179138322	437.971466064
3.13469387755	438.224517822
3.13759637188	438.731048584
3.14049886621	438.984558105
3.14340136054	439.238189697
3.14630385488	439.238189697
3.14920634921	439.238189697
3.15210884354	438.984558105
3.15501133787	438.477722168
3.1579138322	438.477722168
3.16081632653	437.971466064
3.16371882086	437.718536377
3.16662131519	437.465789795
3.16952380952	437.213165283
3.17242630385	437.718536377
3.17532879819	437.718536377
3.17823129252	437.718536377
3.18113378685	437.465789795
3.18403628118	437.465789795
3.18693877551	437.465789795
3.18984126984	437.465789795
3.19274376417	437.465789795
3.1956462585	437.718536377
3.19854875283	437.718536377
3.20145124717	437.971466064
3.2043537415	437.971466064
3.20725623583	438.224517822
3.21015873016	437.971466064
3.21306122449	437.971466064
3.21596371882	437.465789795
3.21886621315	437.465789795
3.22176870748	437.213165283
3.22467120181	437.213165283
3.22757369615	436.960693359
3.23047619048	437.213165283
3.23337868481	437.213165283
3.23628117914	436.960693359
3.23918367347	437.213165283
3.2420861678	437.213165283
3.24498866213	437.213165283
3.24789115646	437.213165283
3.25079365079	437.718536377
3.25369614512	437.971466064
3.25659863946	437.971466064
3.25950113379	437.971466064
3.26240362812	437.971466064
3.26530612245	437.971466064
3.26820861678	437.718536377
3.27111111111	437.718536377
3.27401360544	437.718536377
3.27691609977	437.718536377
3.2798185941	437.718536377
3.28272108844	437.971466064
3.28562358277	437.718536377
3.2885260771	437.971466064
3.29142857143	437.971466064
3.29433106576	437.971466064
3.29723356009	437.971466064
3.30013605442	437.971466064
3.30303854875	437.971466064
3.30594104308	437.971466064
3.30884353741	437.971466064
3.31174603175	437.971466064
3.31464852608	438.224517822
3.31755102041	438.224517822
3.32045351474	437.971466064
3.32335600907	437.971466064
3.3262585034	437.971466064
3.32916099773	437.971466064
3.33206349206	437.971466064
3.33496598639	437.971466064
3.33786848073	437.971466064
3.34077097506	437.971466064
3.34367346939	438.224517822
3.34657596372	438.224517822
3.34947845805	438.224517822
3.35238095238	438.224517822
3.35528344671	438.224517822
3.35818594104	438.224517822
3.36108843537	438.224517822
3.36399092971	438.224517822
3.36689342404	438.224517822
3.36979591837	438.224517822
3.3726984127	438.224517822
3.37560090703	437.971466064
3.37850340136	438.224517822
3.38140589569	438.224517822
3.38430839002	438.224517822
3.38721088435	438.224517822
3.39011337868	438.224517822
3.39301587302	438.224517822
3.39591836735	438.224517822
3.39882086168	438.224517822
3.40172335601	438.224517822
3.40462585034	438.224517822
3.40752834467	438.224517822
3.410430839	438.224517822
3.41333333333	438.224517822
3.41623582766	438.224517822
3.419138322	438.224517822
3.42204081633	438.224517822
3.42494331066	438.224517822
3.42784580499	438.224517822
3.43074829932	438.224517822
3.43365079365	438.477722168
3.43655328798	438.477722168
3.43945578231	438.477722168
3.44235827664	438.477722168
3.44526077098	438.224517822
3.44816326531	438.224517822
3.45106575964	438.224517822
3.45396825397	438.224517822
3.4568707483	438.224517822
3.45977324263	438.224517822
3.46267573696	438.224517822
3.46557823129	438.224517822
3.46848072562	438.477722168
3.47138321995	438.477722168
3.47428571429	438.224517822
3.47718820862	437.971466064
3.48009070295	437.718536377
3.48299319728	437.718536377
3.48589569161	437.465789795
3.48879818594	437.465789795
3.49170068027	437.465789795
3.4946031746	437.718536377
3.49750566893	437.718536377
3.50040816327	437.971466064
3.5033106576	437.971466064
3.50621315193	437.971466064
3.50911564626	437.971466064
3.51201814059	437.971466064
3.51492063492	437.971466064
3.51782312925	437.971466064
3.52072562358	437.971466064
3.52362811791	437.718536377
3.52653061224	437.971466064
3.52943310658	437.718536377
3.53233560091	437.971466064
3.53523809524	437.971466064
3.53814058957	437.971466064
3.5410430839	438.224517822
3.54394557823	437.971466064
3.54684807256	437.718536377
3.54975056689	437.971466064
3.55265306122	437.718536377
3.55555555556	437.465789795
3.55845804989	437.465789795
3.56136054422	437.465789795
3.56426303855	437.718536377
3.56716553288	437.718536377
3.57006802721	437.718536377
3.57297052154	437.465789795
3.57587301587	437.718536377
3.5787755102	437.465789795
3.58167800454	437.465789795
3.58458049887	437.465789795
3.5874829932	437.465789795
3.59038548753	437.718536377
3.59328798186	437.718536377
3.59619047619	437.971466064
3.59909297052	437.971466064
3.60199546485	437.971466064
3.60489795918	437.971466064
3.60780045351	437.971466064
3.61070294785	437.971466064
3.61360544218	437.971466064
3.61650793651	437.718536377
3.61941043084	437.718536377
3.62231292517	437.213165283
3.6252154195	437.213165283
3.62811791383	437.213165283
3.63102040816	437.213165283
3.63392290249	437.465789795
3.63682539683	437.465789795
3.63972789116	437.465789795
3.64263038549	437.465789795
3.64553287982	437.718536377
3.64843537415	437.718536377
3.65133786848	437.718536377
3.65424036281	437.971466064
3.65714285714	437.971466064
3.66004535147	437.971466064
3.6629478458	437.971466064
3.66585034014	437.971466064
3.66875283447	437.718536377
3.6716553288	437.718536377
3.67455782313	437.465789795
3.67746031746	437.213165283
3.68036281179	436.708374023
3.68326530612	436.204162598
3.68616780045	435.448913574
3.68907029478	434.695007324
3.69197278912	434.193115234
3.69487528345	433.942382812
3.69777777778	434.444000244
3.70068027211	435.448913574
3.70358276644	437.465789795
3.70648526077	439.238189697
3.7093877551	438.224517822
3.71229024943	436.456207275
3.71519274376	430.447357178
3.7180952381	421.102142334
3.72099773243	415.544647217
3.72390022676	411.484161377
3.72680272109	409.58706665
3.72970521542	409.11416626
3.73260770975	409.11416626
3.73551020408	409.35055542
3.73841269841	409.823730469
3.74131519274	410.534515381
3.74421768707	411.009063721
3.74712018141	411.009063721
3.75002267574	410.297454834
3.75292517007	409.58706665
3.7558276644	409.11416626
3.75873015873	409.11416626
3.76163265306	409.35055542
3.76453514739	409.58706665
3.76743764172	409.823730469
3.77034013605	410.297454834
3.77324263039	411.009063721
3.77614512472	411.721893311
3.77904761905	412.435974121
3.78195011338	412.674285889
3.78485260771	412.674285889
3.78775510204	412.674285889
3.79065759637	412.435974121
3.7935600907	412.435974121
3.79646258503	412.435974121
3.79936507937	412.435974121
3.8022675737	412.912719727
3.80517006803	413.151306152
3.80807256236	413.867858887
3.81097505669	414.106994629
3.81387755102	414.585662842
3.81678004535	415.064880371
3.81968253968	415.064880371
3.82258503401	415.3046875
3.82548752834	415.544647217
3.82839002268	415.544647217
3.83129251701	415.3046875
3.83419501134	415.064880371
3.83709750567	414.825195312
3.84	414.585662842
3.84290249433	414.346252441
3.84580498866	413.867858887
3.84870748299	413.628875732
3.85160997732	413.151306152
3.85451247166	413.151306152
3.85741496599	412.912719727
3.86031746032	413.151306152
3.86321995465	413.390014648
3.86612244898	413.628875732
3.86902494331	413.867858887
3.87192743764	414.106994629
3.87482993197	414.346252441
3.8777324263	414.346252441
3.88063492063	414.346252441
3.88353741497	414.346252441
3.8864399093	414.346252441
3.88934240363	414.346252441
3.89224489796	414.346252441
3.89514739229	414.106994629
3.89804988662	413.867858887
3.90095238095	413.628875732
3.90385487528	413.390014648
3.90675736961	413.628875732
3.90965986395	413.867858887
3.91256235828	414.106994629
3.91546485261	414.346252441
3.91836734694	414.585662842
3.92126984127	414.825195312
3.9241723356	415.064880371
3.92707482993	415.064880371
3.92997732426	415.064880371
3.93287981859	415.064880371
3.93578231293	415.064880371
3.93868480726	414.825195312
3.94158730159	414.346252441
3.94448979592	414.106994629
3.94739229025	413.867858887
3.95029478458	413.867858887
3.95319727891	413.867858887
3.95609977324	414.346252441
3.95900226757	414.585662842
3.9619047619	415.064880371
3.96480725624	415.3046875
3.96770975057	415.544647217
3.9706122449	415.544647217
3.97351473923	415.784759521
3.97641723356	415.544647217
3.97931972789	415.544647217
3.98222222222	415.544647217
3.98512471655	415.3046875
3.98802721088	415.3046875
3.99092970522	415.3046875
3.99383219955	415.3046875
3.99673469388	415.3046875
3.99963718821	415.3046875
4.00253968254	415.544647217
4.00544217687	415.784759521
4.0083446712	416.265350342
4.01124716553	416.505889893
4.01414965986	416.987335205
4.0170521542	416.987335205
4.01995464853	416.746520996
4.02285714286	416.265350342
4.02575963719	415.544647217
4.02866213152	415.064880371
4.03156462585	414.825195312
4.03446712018	414.825195312
4.03736961451	414.825195312
4.04027210884	415.064880371
4.04317460317	415.3046875
4.04607709751	415.3046875
4.04897959184	415.3046875
4.05188208617	415.3046875
4.0547845805	415.3046875
4.05768707483	415.064880371
4.06058956916	414.825195312
4.06349206349	414.825195312
4.06639455782	414.825195312
4.06929705215	414.825195312
4.07219954649	414.825195312
4.07510204082	414.825195312
4.07800453515	414.825195312
4.08090702948	414.825195312
4.08380952381	414.585662842
4.08671201814	414.585662842
4.08961451247	415.064880371
4.0925170068	415.3046875
4.09541950113	415.544647217
4.09832199546	415.784759521
4.1012244898	415.784759521
4.10412698413	415.784759521
4.10702947846	415.784759521
4.10993197279	415.544647217
4.11283446712	415.3046875
4.11573696145	415.3046875
4.11863945578	415.064880371
4.12154195011	415.064880371
4.12444444444	415.064880371
4.12734693878	415.064880371
4.13024943311	415.064880371
4.13315192744	415.064880371
4.13605442177	415.064880371
4.1389569161	415.064880371
4.14185941043	415.064880371
4.14476190476	415.064880371
4.14766439909	415.064880371
4.15056689342	415.3046875
4.15346938776	415.064880371
4.15637188209	415.064880371
4.15927437642	415.064880371
4.16217687075	415.064880371
4.16507936508	415.064880371
4.16798185941	415.064880371
4.17088435374	415.3046875
4.17378684807	415.3046875
4.1766893424	415.3046875
4.17959183673	415.3046875
4.18249433107	415.3046875
4.1853968254	415.064880371
4.18829931973	415.064880371
4.19120181406	415.064880371
4.19410430839	415.064880371
4.19700680272	415.064880371
4.19990929705	415.3046875
4.20281179138	415.3046875
4.20571428571	415.3046875
4.20861678005	415.3046875
4.21151927438	415.064880371
4.21442176871	414.825195312
4.21732426304	414.585662842
4.22022675737	414.346252441
4.2231292517	414.346252441
4.22603174603	414.585662842
4.22893424036	414.825195312
4.23183673469	415.064880371
4.23473922902	415.3046875
4.23764172336	415.544647217
4.24054421769	415.544647217
4.24344671202	415.3046875
4.24634920635	415.544647217
4.24925170068	415.3046875
4.25215419501	415.3046875
4.25505668934	415.064880371
4.25795918367	415.064880371
4.260861678	415.064880371
4.26376417234	415.3046875
4.26666666667	415.3046875
4.269569161	415.544647217
4.27247165533	415.784759521
4.27537414966	415.784759521
4.27827664399	415.784759521
4.28117913832	415.544647217
4.28408163265	415.544647217
4.28698412698	415.3046875
4.28988662132	414.825195312
4.29278911565	414.825195312
4.29569160998	414.825195312
4.29859410431	414.825195312
4.30149659864	415.064880371
4.30439909297	415.064880371
4.3073015873	415.3046875
4.31020408163	415.064880371
4.31310657596	415.064880371
4.31600907029	415.064880371
4.31891156463	415.064880371
4.32181405896	415.064880371
4.32471655329	415.064880371
4.32761904762	414.825195312
4.33052154195	414.825195312
4.33342403628	414.825195312
4.33632653061	414.825195312
4.33922902494	414.825195312
4.34213151927	414.825195312
4.34503401361	414.825195312
4.34793650794	414.825195312
4.35083900227	414.825195312
4.3537414966	414.825195312
4.35664399093	414.825195312
4.35954648526	414.825195312
4.36244897959	415.064880371
4.36535147392	415.3046875
4.36825396825	415.784759521
4.37115646259	415.064880371
4.37405895692	413.628875732
4.37696145125	410.771728516
4.37986394558	405.584777832
4.38276643991	363.638153076
4.38566893424	361.334960938
4.38857142857	358.631835938
4.3914739229	357.597564697
4.39437641723	357.597564697
4.39727891156	357.597564697
4.4001814059	357.597564697
4.40308390023	358.21774292
4.40598639456	360.084838867
4.40888888889	362.170776367
4.41179138322	361.543731689
4.41469387755	358.424743652
4.41759637188	354.922363281
4.42049886621	351.86050415
4.42340136054	349.430023193
4.42630385488	347.618164062
4.42920634921	347.016326904
4.43210884354	347.016326904
4.43501133787	347.819030762
4.4379138322	347.819030762
4.44081632653	347.216827393
4.44371882086	346.615661621
4.44662131519	346.215484619
4.44952380952	345.61605835
4.45242630385	346.015533447
4.45532879819	346.615661621
4.45823129252	347.417449951
4.46113378685	348.422271729
4.46403628118	349.228240967
4.46693877551	349.631896973
4.46984126984	349.83392334
4.47274376417	349.631896973
4.4756462585	349.430023193
4.47854875283	349.228240967
4.48145124717	349.026580811
4.4843537415	349.026580811
4.48725623583	349.026580811
4.49015873016	348.825012207
4.49306122449	349.026580811
4.49596371882	349.026580811
4.49886621315	349.228240967
4.50176870748	349.228240967
4.50467120181	349.228240967
4.50757369615	349.228240967
4.51047619048	349.228240967
4.51337868481	349.026580811
4.51628117914	349.026580811
4.51918367347	348.825012207
4.5220861678	349.026580811
4.52498866213	349.026580811
4.52789115646	349.228240967
4.53079365079	349.228240967
4.53369614512	349.026580811
4.53659863946	349.026580811
4.53950113379	349.026580811
4.54240362812	349.026580811
4.54530612245	348.825012207
4.54820861678	348.825012207
4.55111111111	348.825012207
4.55401360544	349.026580811
4.55691609977	349.026580811
4.5598185941	349.228240967
4.56272108844	349.228240967
4.56562358277	349.430023193
4.5685260771	349.430023193
4.57142857143	349.631896973
4.57433106576	349.631896973
4.57723356009	349.631896973
4.58013605442	349.430023193
4.58303854875	349.228240967
4.58594104308	349.026580811
4.58884353741	348.825012207
4.59174603175	348.825012207
4.59464852608	348.825012207
4.59755102041	348.825012207
4.60045351474	348.623596191
4.60335600907	348.623596191
4.6062585034	348.422271729
4.60916099773	348.221069336
4.61206349206	348.422271729
4.61496598639	348.422271729
4.61786848073	349.026580811
4.62077097506	349.83392334
4.62367346939	350.643157959
4.62657596372	351.86050415
4.62947845805	352.267211914
4.63238095238	352.267211914
4.63528344671	352.063781738
4.63818594104	350.643157959
4.64108843537	349.026580811
4.64399092971	347.016326904
4.64689342404	345.416473389
4.64979591837	344.420288086
4.6526984127	343.823974609
4.65560090703	343.625427246
4.65850340136	343.625427246
4.66140589569	344.221405029
4.66430839002	343.823974609
4.66721088435	344.619293213
4.67011337868	342.832427979
4.67301587302	343.823974609
4.67591836735	342.634429932
4.67882086168	340.267700195
4.68172335601	334.422088623
4.68462585034	326.972686768
4.68752834467	325.465240479
4.690430839	325.841461182
4.69333333333	326.406585693
4.69623582766	326.406585693
4.699138322	328.107879639
4.70204081633	331.728637695
4.70494331066	334.035980225
4.70784580499	335.002105713
4.71074829932	335.971038818
4.71365079365	335.195678711
4.71655328798	335.389343262
4.71945578231	335.389343262
4.72235827664	334.615325928
4.72526077098	332.688079834
4.72816326531	330.008575439
4.73106575964	328.866821289
4.73396825397	328.487121582
4.7368707483	328.107879639
4.73977324263	327.918395996
4.74267573696	328.487121582
4.74557823129	330.580932617
4.74848072562	332.303955078
4.75138321995	332.880310059
4.75428571429	333.265075684
4.75718820862	334.228973389
4.76009070295	334.615325928
4.76299319728	335.195678711
4.76589569161	335.389343262
4.76879818594	334.808654785
4.77170068027	334.615325928
4.7746031746	334.228973389
4.77750566893	333.265075684
4.78040816327	331.537078857
4.7833106576	329.437225342
4.78621315193	327.729034424
4.78911564626	326.595184326
4.79201814059	326.218109131
4.79492063492	326.218109131
4.79782312925	326.972686768
4.80072562358	328.676940918
4.80362811791	330.199249268
4.80653061224	331.537078857
4.80943310658	331.728637695
4.81233560091	331.920288086
4.81523809524	331.728637695
4.81814058957	331.537078857
4.8210430839	331.154296875
4.82394557823	330.390045166
4.82684807256	330.008575439
4.82975056689	329.627563477
4.83265306122	329.437225342
4.83555555556	329.627563477
4.83845804989	329.818023682
4.84136054422	330.199249268
4.84426303855	330.771942139
4.84716553288	331.345611572
4.85006802721	331.728637695
4.85297052154	331.728637695
4.85587301587	331.345611572
4.8587755102	330.963043213
4.86167800454	330.199249268
4.86458049887	329.437225342
4.8674829932	328.676940918
4.87038548753	328.487121582
4.87328798186	328.297454834
4.87619047619	328.676940918
4.87909297052	329.24697876
4.88199546485	329.818023682
4.88489795918	330.390045166
4.88780045351	330.580932617
4.89070294785	330.771942139
4.89360544218	330.771942139
4.89650793651	330.580932617
4.89941043084	330.390045166
4.90231292517	330.390045166
4.9052154195	330.199249268
4.90811791383	330.008575439
4.91102040816	329.627563477
4.91392290249	329.24697876
4.91682539683	328.866821289
4.91972789116	328.866821289
4.92263038549	328.676940918
4.92553287982	329.056854248
4.92843537415	329.437225342
4.93133786848	329.818023682
4.93424036281	330.199249268
4.93714285714	330.390045166
4.94004535147	330.580932617
4.9429478458	330.580932617
4.94585034014	330.580932617
4.94875283447	330.580932617
4.9516553288	330.771942139
4.95455782313	330.771942139
4.95746031746	330.963043213
4.96036281179	330.580932617
4.96326530612	330.390045166
4.96616780045	329.818023682
4.96907029478	329.437225342
4.97197278912	329.056854248
4.97487528345	328.866821289
4.97777777778	328.866821289
4.98068027211	329.056854248
4.98358276644	329.437225342
4.98648526077	330.008575439
4.9893877551	330.390045166
4.99229024943	330.963043213
4.99519274376	331.537078857
4.9980952381	331.920288086
5.00099773243	332.303955078
5.00390022676	332.49597168
5.00680272109	332.303955078
5.00970521542	332.112091064
5.01260770975	331.537078857
5.01551020408	330.771942139
5.01841269841	330.008575439
5.02131519274	329.24697876
5.02421768707	328.676940918
5.02712018141	328.487121582
5.03002267574	328.676940918
5.03292517007	329.24697876
5.0358276644	330.390045166
5.03873015873	331.537078857
5.04163265306	333.265075684
5.04453514739	335.971038818
5.04743764172	346.215484619
5.05034013605	356.360351562
5.05324263039	361.126312256
5.05614512472	363.638153076
5.05904761905	364.900604248
5.06195011338	363.848236084
5.06485260771	361.961639404
5.06775510204	359.87689209
5.07065759637	358.010894775
5.0735600907	357.391052246
5.07646258503	357.597564697
5.07936507937	357.804168701
5.0822675737	358.21774292
5.08517006803	357.391052246
5.08807256236	356.360351562
5.09097505669	354.922363281
5.09387755102	352.267211914
5.09678004535	349.631896973
5.09968253968	347.016326904
5.10258503401	346.615661621
5.10548752834	346.215484619
5.10839002268	346.815948486
5.11129251701	347.216827393
5.11419501134	347.216827393
5.11709750567	346.415496826
5.12	346.015533447
5.12290249433	345.61605835
5.12580498866	345.416473389
5.12870748299	346.015533447
5.13160997732	346.815948486
5.13451247166	347.819030762
5.13741496599	348.825012207
5.14031746032	349.430023193
5.14321995465	349.83392334
5.14612244898	350.03604126
5.14902494331	349.631896973
5.15192743764	349.430023193
5.15482993197	349.430023193
5.1577324263	349.026580811
5.16063492063	348.825012207
5.16353741497	348.623596191
5.1664399093	348.825012207
5.16934240363	348.825012207
5.17224489796	348.825012207
5.17514739229	349.026580811
5.17804988662	349.228240967
5.18095238095	349.228240967
5.18385487528	349.228240967
5.18675736961	349.228240967
5.18965986395	349.026580811
5.19256235828	349.026580811
5.19546485261	349.228240967
5.19836734694	349.228240967
5.20126984127	349.228240967
5.2041723356	349.228240967
5.20707482993	349.026580811
5.20997732426	349.026580811
5.21287981859	348.825012207
5.21578231293	348.623596191
5.21868480726	348.623596191
5.22158730159	348.623596191
5.22448979592	348.623596191
5.22739229025	348.825012207
5.23029478458	349.026580811
5.23319727891	349.228240967
5.23609977324	349.430023193
5.23900226757	349.631896973
5.2419047619	349.83392334
5.24480725624	349.83392334
5.24770975057	349.83392334
5.2506122449	349.631896973
5.25351473923	349.430023193
5.25641723356	349.228240967
5.25931972789	349.026580811
5.26222222222	348.825012207
5.26512471655	348.623596191
5.26802721088	348.623596191
5.27092970522	348.422271729
5.27383219955	348.623596191
5.27673469388	348.623596191
5.27963718821	349.026580811
5.28253968254	349.026580811
5.28544217687	349.228240967
5.2883446712	349.430023193
5.29124716553	349.430023193
5.29414965986	349.430023193
5.2970521542	349.228240967
5.29995464853	349.228240967
5.30285714286	349.228240967
5.30575963719	349.026580811
5.30866213152	349.026580811
5.31156462585	349.026580811
5.31446712018	348.825012207
5.31736961451	349.026580811
5.32027210884	348.825012207
5.32317460317	348.825012207
5.32607709751	348.825012207
5.32897959184	348.825012207
5.33188208617	349.026580811
5.3347845805	349.228240967
5.33768707483	349.430023193
5.34058956916	349.631896973
5.34349206349	349.631896973
5.34639455782	349.631896973
5.34929705215	349.631896973
5.35219954649	349.631896973
5.35510204082	349.430023193
5.35800453515	349.430023193
5.36090702948	349.228240967
5.36380952381	349.026580811
5.36671201814	349.026580811
5.36961451247	348.825012207
5.3725170068	348.825012207
5.37541950113	348.825012207
5.37832199546	348.825012207
5.3812244898	348.825012207
5.38412698413	349.026580811
5.38702947846	349.228240967
5.38993197279	349.228240967
5.39283446712	349.228240967
5.39573696145	349.228240967
5.39863945578	349.430023193
5.40154195011	349.228240967
5.40444444444	349.228240967
5.40734693878	349.228240967
5.41024943311	349.228240967
5.41315192744	349.228240967
5.41605442177	349.228240967
5.4189569161	349.228240967
5.42185941043	349.228240967
5.42476190476	349.228240967
5.42766439909	349.228240967
5.43056689342	349.228240967
5.43346938776	349.228240967
5.43637188209	349.228240967
5.43927437642	349.228240967
5.44217687075	349.228240967
5.44507936508	349.228240967
5.44798185941	349.228240967
5.45088435374	349.228240967
5.45378684807	349.228240967
5.4566893424	349.430023193
5.45959183673	349.430023193
5.46249433107	349.631896973
5.4653968254	349.631896973
5.46829931973	349.631896973
5.47120181406	349.631896973
5.47410430839	349.631896973
5.47700680272	349.631896973
5.47990929705	349.430023193
5.48281179138	349.430023193
5.48571428571	349.430023193
5.48861678005	349.228240967
5.49151927438	349.430023193
5.49442176871	349.430023193
5.49732426304	349.430023193
5.50022675737	349.83392334
5.5031292517	350.440673828
5.50603174603	350.845733643
5.50893424036	351.251281738
5.51183673469	351.45425415
5.51473922902	351.251281738
5.51764172336	351.048461914
5.52054421769	350.845733643
5.52344671202	350.440673828
5.52634920635	349.631896973
5.52925170068	348.825012207
5.53215419501	294.004211426
5.53505668934	293.664764404
5.53795918367	292.142089844
5.540861678	290.963226318
5.54376417234	291.131347656
5.54666666667	292.142089844
5.549569161	291.973388672
5.55247165533	291.973388672
5.55537414966	292.142089844
5.55827664399	292.648773193
5.56117913832	293.495178223
5.56408163265	294.684295654
5.56698412698	294.684295654
5.56988662132	292.142089844
5.57278911565	292.479766846
5.57569160998	292.817840576
5.57859410431	292.817840576
5.58149659864	292.142089844
5.58439909297	293.495178223
5.5873015873	293.325714111
5.59020408163	292.987030029
5.59310657596	292.817840576
5.59600907029	292.648773193
5.59891156463	292.479766846
5.60181405896	292.479766846
5.60471655329	292.648773193
5.60761904762	292.817840576
5.61052154195	292.987030029
5.61342403628	293.325714111
5.61632653061	293.156341553
5.61922902494	293.156341553
5.62213151927	292.987030029
5.62503401361	292.987030029
5.62793650794	292.817840576
5.63083900227	292.817840576
5.6337414966	292.648773193
5.63664399093	292.479766846
5.63954648526	292.479766846
5.64244897959	292.648773193
5.64535147392	292.987030029
5.64825396825	293.495178223
5.65115646259	293.664764404
5.65405895692	293.834442139
5.65696145125	293.834442139
5.65986394558	294.004211426
5.66276643991	294.004211426
5.66566893424	294.004211426
5.66857142857	293.834442139
5.6714739229	293.834442139
5.67437641723	293.664764404
5.67727891156	293.834442139
5.6801814059	293.834442139
5.68308390023	293.834442139
5.68598639456	293.834442139
5.68888888889	293.664764404
5.69179138322	293.664764404
5.69469387755	293.495178223
5.69759637188	293.664764404
5.70049886621	293.664764404
5.70340136054	293.664764404
5.70630385488	293.664764404
5.70920634921	293.664764404
5.71210884354	293.664764404
5.71501133787	293.834442139
5.7179138322	293.834442139
5.72081632653	293.834442139
5.72371882086	293.664764404
5.72662131519	293.664764404
5.72952380952	293.495178223
5.73242630385	293.495178223
5.73532879819	293.325714111
5.73823129252	293.156341553
5.74113378685	292.987030029
5.74403628118	292.987030029
5.74693877551	293.156341553
5.74984126984	293.156341553
5.75274376417	293.156341553
5.7556462585	293.325714111
5.75854875283	293.156341553
5.76145124717	293.156341553
5.7643537415	293.156341553
5.76725623583	293.156341553
5.77015873016	293.156341553
5.77306122449	293.156341553
5.77596371882	293.156341553
5.77886621315	293.325714111
5.78176870748	293.495178223
5.78467120181	293.495178223
5.78757369615	293.664764404
5.79047619048	293.664764404
5.79337868481	293.664764404
5.79628117914	293.664764404
5.79918367347	293.664764404
5.8020861678	293.495178223
5.80498866213	293.495178223
5.80789115646	293.495178223
5.81079365079	293.325714111
5.81369614512	293.325714111
5.81659863946	293.495178223
5.81950113379	293.664764404
5.82240362812	293.834442139
5.82530612245	294.004211426
5.82820861678	294.004211426
5.83111111111	293.834442139
5.83401360544	293.834442139
5.83691609977	293.664764404
5.8398185941	293.664764404
5.84272108844	293.664764404
5.84562358277	293.664764404
5.8485260771	293.664764404
5.85142857143	293.834442139
5.85433106576	293.834442139
5.85723356009	293.834442139
5.86013605442	293.834442139
5.86303854875	293.834442139
5.86594104308	293.664764404
5.86884353741	293.495178223
5.87174603175	293.495178223
5.87464852608	293.664764404
5.87755102041	293.834442139
5.88045351474	293.834442139
5.88335600907	293.834442139
5.8862585034	293.834442139
5.88916099773	293.834442139
5.89206349206	293.834442139
5.89496598639	293.834442139
5.89786848073	293.664764404
5.90077097506	293.834442139
5.90367346939	293.664764404
5.90657596372	293.664764404
5.90947845805	293.664764404
5.91238095238	293.664764404
5.91528344671	293.664764404
5.91818594104	293.495178223
5.92108843537	293.495178223
5.92399092971	293.664764404
5.92689342404	293.834442139
5.92979591837	294.004211426
5.9326984127	294.174102783
5.93560090703	294.174102783
5.93850340136	294.174102783
5.94140589569	294.004211426
5.94430839002	294.004211426
5.94721088435	293.834442139
5.95011337868	293.664764404
5.95301587302	293.834442139
5.95591836735	294.004211426
5.95882086168	294.174102783
5.96172335601	294.174102783
5.96462585034	294.174102783
5.96752834467	294.174102783
5.970430839	294.174102783
5.97333333333	294.004211426
5.97623582766	293.834442139
5.979138322	293.834442139
5.98204081633	293.664764404
5.98494331066	293.664764404
5.98784580499	293.834442139
5.99074829932	293.834442139
5.99365079365	294.004211426
5.99655328798	294.004211426
5.99945578231	294.004211426
6.00235827664	294.004211426
6.00526077098	294.004211426
6.00816326531	293.834442139
6.01106575964	293.834442139
6.01396825397	293.834442139
6.0168707483	293.834442139
6.01977324263	293.664764404
6.02267573696	293.664764404
6.02557823129	293.834442139
6.02848072562	293.834442139
6.03138321995	293.834442139
6.03428571429	293.834442139
6.03718820862	293.664764404
6.04009070295	293.664764404
6.04299319728	293.834442139
6.04589569161	293.664764404
6.04879818594	293.664764404
6.05170068027	293.664764404
6.0546031746	293.664764404
6.05750566893	293.664764404
6.06040816327	293.834442139
6.0633106576	293.834442139
6.06621315193	293.664764404
6.06911564626	293.664764404
6.07201814059	293.664764404
6.07492063492	293.664764404
6.07782312925	293.664764404
6.08072562358	293.664764404
6.08362811791	293.664764404
6.08653061224	293.834442139
6.08943310658	293.834442139
6.09233560091	293.834442139
6.09523809524	294.004211426
6.09814058957	294.004211426
6.1010430839	294.004211426
6.10394557823	293.834442139
6.10684807256	293.834442139
6.10975056689	293.834442139
6.11265306122	293.834442139
6.11555555556	293.664764404
6.11845804989	293.834442139
6.12136054422	293.834442139
6.12426303855	294.004211426
6.12716553288	294.004211426
6.13006802721	293.834442139
6.13297052154	293.834442139
6.13587301587	293.664764404
6.1387755102	293.664764404
6.14167800454	293.664764404
6.14458049887	293.664764404
6.1474829932	293.834442139
6.15038548753	294.004211426
6.15328798186	294.004211426
6.15619047619	294.004211426
6.15909297052	294.004211426
6.16199546485	294.004211426
6.16489795918	293.834442139
6.16780045351	293.834442139
6.17070294785	293.834442139
6.17360544218	293.664764404
6.17650793651	293.664764404
6.17941043084	293.664764404
6.18231292517	293.834442139
6.1852154195	293.664764404
6.18811791383	293.834442139
6.19102040816	293.834442139
6.19392290249	294.004211426
6.19682539683	294.004211426
6.19972789116	294.004211426
6.20263038549	294.174102783
6.20553287982	294.174102783
6.20843537415	294.174102783
6.21133786848	294.174102783
6.21424036281	294.004211426
6.21714285714	294.004211426
6.22004535147	293.834442139
6.2229478458	293.834442139
6.22585034014	294.004211426
6.22875283447	294.004211426
6.2316553288	293.834442139
6.23455782313	293.834442139
6.23746031746	293.834442139
6.24036281179	293.834442139
6.24326530612	293.834442139
6.24616780045	293.834442139
6.24907029478	293.834442139
6.25197278912	294.004211426
6.25487528345	294.004211426
6.25777777778	294.004211426
6.26068027211	294.004211426
6.26358276644	294.004211426
6.26648526077	294.004211426
6.2693877551	294.004211426
6.27229024943	294.004211426
6.27519274376	294.004211426
6.2780952381	294.004211426
6.28099773243	294.004211426
6.28390022676	293.834442139
6.28680272109	293.664764404
6.28970521542	293.664764404
6.29260770975	293.664764404
6.29551020408	293.664764404
6.29841269841	293.834442139
6.30131519274	293.834442139
6.30421768707	294.004211426
6.30712018141	294.004211426
6.31002267574	294.004211426
6.31292517007	294.004211426
6.3158276644	293.834442139
6.31873015873	293.834442139
6.32163265306	293.834442139
6.32453514739	293.664764404
6.32743764172	293.664764404
6.33034013605	293.664764404
6.33324263039	293.664764404
6.33614512472	293.664764404
6.33904761905	293.834442139
6.34195011338	293.834442139
6.34485260771	294.004211426
6.34775510204	294.004211426
6.35065759637	294.004211426
6.3535600907	294.004211426
6.35646258503	294.004211426
6.35936507937	293.834442139
6.3622675737	293.664764404
6.36517006803	293.664764404
6.36807256236	293.495178223
6.37097505669	293.495178223
6.37387755102	293.495178223
6.37678004535	293.664764404
6.37968253968	293.664764404
6.38258503401	293.664764404
6.38548752834	293.834442139
6.38839002268	293.834442139
6.39129251701	293.664764404
6.39419501134	293.664764404
6.39709750567	293.664764404
6.4	293.664764404
6.40290249433	293.664764404
6.40580498866	293.495178223
6.40870748299	293.664764404
6.41160997732	293.664764404
6.41451247166	293.664764404
6.41741496599	293.664764404
6.42031746032	293.664764404
6.42321995465	293.664764404
6.42612244898	293.664764404
6.42902494331	293.495178223
6.43192743764	293.495178223
6.43482993197	293.495178223
6.4377324263	293.495178223
6.44063492063	293.495178223
6.44353741497	293.664764404
6.4464399093	293.664764404
6.44934240363	293.664764404
6.45224489796	293.664764404
6.45514739229	293.664764404
6.45804988662	293.664764404
6.46095238095	293.664764404
6.46385487528	293.664764404
6.46675736961	293.664764404
6.46965986395	293.664764404
6.47256235828	293.664764404
6.47546485261	293.495178223
6.47836734694	293.495178223
6.48126984127	293.495178223
6.4841723356	293.495178223
6.48707482993	293.664764404
6.48997732426	293.664764404
6.49287981859	293.664764404
6.49578231293	293.664764404
6.49868480726	293.664764404
6.50158730159	293.664764404
6.50448979592	293.664764404
6.50739229025	293.664764404
6.51029478458	293.495178223
6.51319727891	293.495178223
6.51609977324	293.495178223
6.51900226757	293.495178223
6.5219047619	293.495178223
6.52480725624	293.495178223
6.52770975057	293.495178223
6.5306122449	293.495178223
6.53351473923	293.495178223
6.53641723356	293.495178223
6.53931972789	293.664764404
6.54222222222	293.664764404
6.54512471655	293.664764404
6.54802721088	293.664764404
6.55092970522	293.664764404
6.55383219955	293.664764404
6.55673469388	293.495178223
6.55963718821	293.325714111
6.56253968254	293.325714111
6.56544217687	293.325714111
6.5683446712	293.325714111
6.57124716553	293.325714111
6.57414965986	293.325714111
6.5770521542	293.495178223
6.57995464853	293.495178223
6.58285714286	293.495178223
6.58575963719	293.495178223
6.58866213152	293.495178223
6.59156462585	293.495178223
6.59446712018	293.495178223
6.59736961451	293.325714111
6.60027210884	293.325714111
6.60317460317	293.325714111
6.60607709751	293.325714111
6.60897959184	293.325714111
6.61188208617	293.495178223
6.6147845805	293.495178223
6.61768707483	293.495178223
6.62058956916	293.495178223
6.62349206349	293.495178223
6.62639455782	293.495178223
6.62929705215	293.495178223
6.63219954649	293.664764404
6.63510204082	293.664764404
6.63800453515	293.664764404
6.64090702948	293.495178223
6.64380952381	293.495178223
6.64671201814	293.325714111
6.64961451247	293.325714111
6.6525170068	293.325714111
6.65541950113	293.325714111
6.65832199546	293.495178223
6.6612244898	293.495178223
6.66412698413	293.664764404
6.66702947846	293.664764404
6.66993197279	293.495178223
6.67283446712	293.495178223
6.67573696145	293.325714111
6.67863945578	293.156341553
6.68154195011	293.156341553
6.68444444444	292.987030029
6.68734693878	292.817840576
6.69024943311	292.817840576
6.69315192744	292.987030029
6.69605442177	293.156341553
6.6989569161	293.325714111
6.70185941043	293.495178223
6.70476190476	293.664764404
6.70766439909	293.664764404
6.71056689342	293.834442139
6.71346938776	293.834442139
6.71637188209	293.834442139
6.71927437642	293.834442139
6.72217687075	293.834442139
6.72507936508	293.834442139
6.72798185941	293.834442139
6.73088435374	294.004211426
6.73378684807	294.344055176
6.7366893424	294.344055176
6.73959183673	294.344055176
6.74249433107	294.684295654
6.7453968254	294.684295654
6.74829931973	294.684295654
6.75120181406	294.684295654
6.75410430839	294.514129639
6.75700680272	294.344055176
6.75990929705	294.514129639
6.76281179138	294.344055176
6.76571428571	294.344055176
6.76861678005	294.344055176
6.77151927438	294.344055176
6.77442176871	294.344055176
6.77732426304	294.174102783
6.78022675737	293.834442139
6.7831292517	293.495178223
6.78603174603	293.156341553
6.78893424036	292.817840576
6.79183673469	292.648773193
6.79473922902	292.648773193
6.79764172336	292.817840576
6.80054421769	292.987030029
6.80344671202	293.325714111
6.80634920635	293.834442139
6.80925170068	294.514129639
6.81215419501	295.195404053
6.81505668934	295.878234863
6.81795918367	296.562652588
6.820861678	297.07699585
6.82376417234	297.248626709
6.82666666667	297.420379639
6.829569161	297.07699585
6.83247165533	296.905426025
6.83537414966	296.733978271
6.83827664399	296.049194336
6.84117913832	295.878234863
6.84408163265	295.707366943
6.84698412698	295.536621094
6.84988662132	294.854553223
6.85278911565	294.344055176
6.85569160998	293.156341553
6.85859410431	292.142089844
6.86149659864	291.131347656
6.86439909297	289.789123535
6.8673015873	287.953704834
6.87020408163	286.295196533
6.87310657596	278.305633545
6.87600907029	277.182617188
6.87891156463	278.788330078
6.88181405896	283.825378418
6.88471655329	286.295196533
6.88761904762	287.787414551
6.89052154195	289.454559326
6.89342403628	290.459472656
6.89632653061	291.299560547
6.89922902494	292.479766846
6.90213151927	293.664764404
6.90503401361	294.684295654
6.90793650794	295.195404053
6.91083900227	295.707366943
6.9137414966	295.536621094
6.91664399093	295.195404053
6.91954648526	294.514129639
6.92244897959	294.004211426
6.92535147392	293.495178223
6.92825396825	293.325714111
6.93115646259	292.987030029
6.93405895692	292.817840576
6.93696145125	292.648773193
6.93986394558	292.648773193
6.94276643991	292.817840576
6.94566893424	292.817840576
6.94857142857	293.325714111
6.9514739229	293.495178223
6.95437641723	294.004211426
6.95727891156	294.344055176
6.9601814059	294.684295654
6.96308390023	295.024932861
6.96598639456	295.024932861
6.96888888889	294.854553223
6.97179138322	0.0
6.97469387755	0.0
6.97759637188	0.0
6.98049886621	0.0
6.98340136054	0.0
6.98630385488	0.0
6.98920634921	0.0
6.99210884354	0.0
6.99501133787	0.0
6.9979138322	0.0
7.00081632653	0.0
7.00371882086	0.0
7.00662131519	0.0
7.00952380952	0.0
7.01242630385	0.0
7.01532879819	0.0
7.01823129252	0.0
7.02113378685	0.0
7.02403628118	0.0
7.02693877551	0.0
7.02984126984	0.0
7.03274376417	0.0
7.0356462585	0.0
7.03854875283	0.0
7.04145124717	0.0
7.0443537415	0.0
7.04725623583	0.0
7.05015873016	0.0
7.05306122449	0.0
7.05596371882	0.0
7.05886621315	0.0
7.06176870748	0.0
7.06467120181	0.0
7.06757369615	0.0
7.07047619048	0.0
7.07337868481	0.0
7.07628117914	0.0
7.07918367347	0.0
7.0820861678	0.0
7.08498866213	0.0
7.08789115646	0.0
7.09079365079	0.0
7.09369614512	0.0
7.09659863946	0.0
7.09950113379	0.0
7.10240362812	0.0
7.10530612245	0.0
7.10820861678	0.0
7.11111111111	0.0
7.11401360544	0.0
7.11691609977	0.0
7.1198185941	0.0
7.12272108844	0.0
7.12562358277	0.0
7.1285260771	0.0
7.13142857143	0.0
7.13433106576	0.0
7.13723356009	0.0
7.14013605442	0.0
7.14303854875	0.0
7.14594104308	0.0
7.14884353741	0.0
7.15174603175	0.0
7.15464852608	0.0
7.15755102041	0.0
7.16045351474	0.0
7.16335600907	0.0
7.1662585034	0.0
7.16916099773	0.0
7.17206349206	0.0
7.17496598639	0.0
7.17786848073	0.0
7.18077097506	0.0
7.18367346939	0.0
7.18657596372	0.0
7.18947845805	0.0
