0.0	0.0
0.00290249433107	0.0
0.00580498866213	0.0
0.0087074829932	0.0
0.0116099773243	0.0
0.0145124716553	0.0
0.0174149659864	0.0
0.0203174603175	0.0
0.0232199546485	0.0
0.0261224489796	0.0
0.0290249433107	0.0
0.0319274376417	0.0
0.0348299319728	0.0
0.0377324263039	0.0
0.0406349206349	0.0
0.043537414966	0.0
0.0464399092971	0.0
0.0493424036281	0.0
0.0522448979592	0.0
0.0551473922902	0.0
0.0580498866213	0.0
0.0609523809524	0.0
0.0638548752834	0.0
0.0667573696145	0.0
0.0696598639456	0.0
0.0725623582766	0.0
0.0754648526077	0.0
0.0783673469388	0.0
0.0812698412698	0.0
0.0841723356009	0.0
0.087074829932	0.0
0.089977324263	0.0
0.0928798185941	0.0
0.0957823129252	0.0
0.0986848072562	0.0
0.101587301587	0.0
0.104489795918	0.0
0.107392290249	0.0
0.11029478458	0.0
0.113197278912	0.0
0.116099773243	0.0
0.119002267574	0.0
0.121904761905	0.0
0.124807256236	0.0
0.127709750567	0.0
0.130612244898	0.0
0.133514739229	0.0
0.13641723356	0.0
0.139319727891	0.0
0.142222222222	0.0
0.145124716553	0.0
0.148027210884	0.0
0.150929705215	299.316162109
0.153832199546	297.07699585
0.156734693878	294.854553223
0.159637188209	292.987030029
0.16253968254	292.142089844
0.165442176871	291.804779053
0.168344671202	291.973388672
0.171247165533	292.310882568
0.174149659864	292.648773193
0.177052154195	292.987030029
0.179954648526	293.325714111
0.182857142857	293.834442139
0.185759637188	294.174102783
0.188662131519	294.514129639
0.19156462585	294.854553223
0.194467120181	295.024932861
0.197369614512	295.707366943
0.200272108844	296.049194336
0.203174603175	296.220245361
0.206077097506	296.049194336
0.208979591837	295.024932861
0.211882086168	293.834442139
0.214784580499	293.325714111
0.21768707483	293.325714111
0.220589569161	293.325714111
0.223492063492	294.004211426
0.226394557823	294.514129639
0.229297052154	294.344055176
0.232199546485	293.325714111
0.235102040816	292.310882568
0.238004535147	291.973388672
0.240907029478	291.636291504
0.24380952381	291.46786499
0.246712018141	291.299560547
0.249614512472	291.46786499
0.252517006803	291.636291504
0.255419501134	291.973388672
0.258321995465	292.310882568
0.261224489796	292.648773193
0.264126984127	292.648773193
0.267029478458	292.648773193
0.269931972789	292.479766846
0.27283446712	292.310882568
0.275736961451	292.479766846
0.278639455782	292.479766846
0.281541950113	292.479766846
0.284444444444	292.479766846
0.287346938776	292.479766846
0.290249433107	292.310882568
0.293151927438	292.310882568
0.296054421769	292.310882568
0.2989569161	291.973388672
0.301859410431	292.142089844
0.304761904762	291.636291504
0.307664399093	291.46786499
0.310566893424	291.973388672
0.313469387755	292.479766846
0.316371882086	293.156341553
0.319274376417	293.664764404
0.322176870748	293.834442139
0.325079365079	293.834442139
0.32798185941	293.664764404
0.330884353741	293.325714111
0.333786848073	293.156341553
0.336689342404	293.325714111
0.339591836735	293.495178223
0.342494331066	293.834442139
0.345396825397	294.174102783
0.348299319728	294.514129639
0.351201814059	294.514129639
0.35410430839	294.514129639
0.357006802721	294.344055176
0.359909297052	294.004211426
0.362811791383	293.495178223
0.365714285714	292.987030029
0.368616780045	292.479766846
0.371519274376	292.310882568
0.374421768707	292.310882568
0.377324263039	292.648773193
0.38022675737	292.987030029
0.383129251701	293.325714111
0.386031746032	293.664764404
0.388934240363	293.834442139
0.391836734694	293.834442139
0.394739229025	293.664764404
0.397641723356	293.325714111
0.400544217687	292.817840576
0.403446712018	292.479766846
0.406349206349	292.142089844
0.40925170068	292.142089844
0.412154195011	292.142089844
0.415056689342	292.142089844
0.417959183673	292.479766846
0.420861678005	292.817840576
0.423764172336	292.987030029
0.426666666667	293.156341553
0.429569160998	293.325714111
0.432471655329	293.325714111
0.43537414966	293.325714111
0.438276643991	293.156341553
0.441179138322	292.817840576
0.444081632653	292.648773193
0.446984126984	292.479766846
0.449886621315	292.648773193
0.452789115646	293.156341553
0.455691609977	294.004211426
0.458594104308	295.365936279
0.461496598639	297.248626709
0.464399092971	299.662139893
0.467301587302	312.20715332
0.470204081633	321.355499268
0.473106575964	328.676940918
0.476009070295	331.728637695
0.478911564626	333.265075684
0.481814058957	334.035980225
0.484716553288	332.880310059
0.487619047619	331.537078857
0.49052154195	329.437225342
0.493424036281	327.729034424
0.496326530612	327.161621094
0.499229024943	328.107879639
0.502131519274	329.056854248
0.505034013605	330.771942139
0.507936507937	330.963043213
0.510839002268	330.771942139
0.513741496599	330.008575439
0.51664399093	328.676940918
0.519546485261	327.918395996
0.522448979592	328.487121582
0.525351473923	329.627563477
0.528253968254	331.728637695
0.531156462585	333.072631836
0.534058956916	333.843078613
0.536961451247	333.843078613
0.539863945578	333.265075684
0.542766439909	332.49597168
0.54566893424	331.537078857
0.548571428571	330.963043213
0.551473922902	330.390045166
0.554376417234	330.199249268
0.557278911565	330.008575439
0.560181405896	329.627563477
0.563083900227	328.866821289
0.565986394558	327.729034424
0.568888888889	326.595184326
0.57179138322	326.029724121
0.574693877551	326.783874512
0.577596371882	328.297454834
0.580498866213	330.199249268
0.583401360544	331.728637695
0.586303854875	332.112091064
0.589206349206	331.920288086
0.592108843537	330.771942139
0.595011337868	328.866821289
0.5979138322	327.350646973
0.600816326531	326.029724121
0.603718820862	326.218109131
0.606621315193	327.729034424
0.609523809524	329.627563477
0.612426303855	331.345611572
0.615328798186	332.49597168
0.618231292517	332.688079834
0.621133786848	332.112091064
0.624036281179	330.963043213
0.62693877551	329.818023682
0.629841269841	329.056854248
0.632743764172	328.866821289
0.635646258503	329.24697876
0.638548752834	330.199249268
0.641451247166	330.580932617
0.644353741497	330.963043213
0.647256235828	330.963043213
0.650158730159	330.771942139
0.65306122449	330.580932617
0.655963718821	330.390045166
0.658866213152	330.390045166
0.661768707483	330.963043213
0.664671201814	331.537078857
0.667573696145	331.920288086
0.670476190476	331.920288086
0.673378684807	331.728637695
0.676281179138	331.154296875
0.679183673469	330.771942139
0.6820861678	330.390045166
0.684988662132	330.008575439
0.687891156463	330.008575439
0.690793650794	330.199249268
0.693696145125	330.390045166
0.696598639456	330.199249268
0.699501133787	330.008575439
0.702403628118	329.818023682
0.705306122449	329.627563477
0.70820861678	329.437225342
0.711111111111	329.437225342
0.714013605442	329.818023682
0.716916099773	330.390045166
0.719818594104	330.580932617
0.722721088435	330.963043213
0.725623582766	330.771942139
0.728526077098	330.199249268
0.731428571429	329.627563477
0.73433106576	329.437225342
0.737233560091	329.437225342
0.740136054422	329.627563477
0.743038548753	330.199249268
0.745941043084	330.771942139
0.748843537415	331.154296875
0.751746031746	331.154296875
0.754648526077	330.580932617
0.757551020408	330.008575439
0.760453514739	329.437225342
0.76335600907	329.056854248
0.766258503401	329.056854248
0.769160997732	329.437225342
0.772063492063	330.008575439
0.774965986395	330.580932617
0.777868480726	331.154296875
0.780770975057	331.154296875
0.783673469388	331.154296875
0.786575963719	330.771942139
0.78947845805	330.390045166
0.792380952381	330.199249268
0.795283446712	330.008575439
0.798185941043	330.199249268
0.801088435374	330.199249268
0.803990929705	330.390045166
0.806893424036	330.199249268
0.809795918367	330.008575439
0.812698412698	329.818023682
0.815600907029	329.627563477
0.818503401361	329.627563477
0.821405895692	329.627563477
0.824308390023	329.627563477
0.827210884354	329.627563477
0.830113378685	329.627563477
0.833015873016	329.437225342
0.835918367347	329.24697876
0.838820861678	329.056854248
0.841723356009	329.24697876
0.84462585034	329.24697876
0.847528344671	329.437225342
0.850430839002	329.627563477
0.853333333333	329.818023682
0.856235827664	329.818023682
0.859138321995	329.627563477
0.862040816327	329.24697876
0.864943310658	329.056854248
0.867845804989	328.866821289
0.87074829932	328.866821289
0.873650793651	329.24697876
0.876553287982	329.627563477
0.879455782313	329.818023682
0.882358276644	330.199249268
0.885260770975	330.390045166
0.888163265306	330.199249268
0.891065759637	330.008575439
0.893968253968	329.818023682
0.896870748299	329.627563477
0.89977324263	329.627563477
0.902675736961	329.818023682
0.905578231293	330.199249268
0.908480725624	330.390045166
0.911383219955	330.580932617
0.914285714286	330.580932617
0.917188208617	330.390045166
0.920090702948	330.199249268
0.922993197279	330.008575439
0.92589569161	330.008575439
0.928798185941	330.008575439
0.931700680272	330.008575439
0.934603174603	330.199249268
0.937505668934	330.390045166
0.940408163265	330.390045166
0.943310657596	330.199249268
0.946213151927	330.008575439
0.949115646259	329.818023682
0.95201814059	329.627563477
0.954920634921	329.627563477
0.957823129252	329.627563477
0.960725623583	329.818023682
0.963628117914	329.818023682
0.966530612245	329.627563477
0.969433106576	329.437225342
0.972335600907	329.24697876
0.975238095238	329.056854248
0.978140589569	328.866821289
0.9810430839	328.866821289
0.983945578231	329.056854248
0.986848072562	329.24697876
0.989750566893	329.437225342
0.992653061224	329.627563477
0.995555555556	329.818023682
0.998458049887	329.818023682
1.00136054422	329.627563477
1.00426303855	329.627563477
1.00716553288	329.437225342
1.01006802721	329.437225342
1.01297052154	329.627563477
1.01587301587	329.818023682
1.0187755102	330.008575439
1.02167800454	330.008575439
1.02458049887	330.199249268
1.0274829932	330.008575439
1.03038548753	330.199249268
1.03328798186	330.390045166
1.03619047619	330.580932617
1.03909297052	330.771942139
1.04199546485	331.154296875
1.04489795918	331.920288086
1.04780045351	333.072631836
1.05070294785	334.422088623
1.05360544218	336.553741455
1.05650793651	339.482421875
1.05941043084	342.436584473
1.06231292517	345.61605835
1.0652154195	349.026580811
1.06811791383	352.063781738
1.07102040816	354.103271484
1.07392290249	355.53793335
1.07682539683	355.948913574
1.07972789116	355.127441406
1.08263038549	353.286071777
1.08553287982	351.45425415
1.08843537415	349.430023193
1.09133786848	347.417449951
1.09424036281	346.215484619
1.09714285714	345.416473389
1.10004535147	345.017669678
1.1029478458	344.81842041
1.10585034014	344.81842041
1.10875283447	345.217010498
1.1116553288	345.815734863
1.11455782313	346.615661621
1.11746031746	347.417449951
1.12036281179	348.422271729
1.12326530612	349.228240967
1.12616780045	349.83392334
1.12907029478	350.03604126
1.13197278912	350.03604126
1.13487528345	349.631896973
1.13777777778	349.430023193
1.14068027211	349.026580811
1.14358276644	349.026580811
1.14648526077	348.825012207
1.1493877551	348.623596191
1.15229024943	348.623596191
1.15519274376	348.019989014
1.1580952381	347.819030762
1.16099773243	347.417449951
1.16390022676	347.417449951
1.16680272109	347.819030762
1.16970521542	348.422271729
1.17260770975	349.228240967
1.17551020408	350.03604126
1.17841269841	350.643157959
1.18131519274	351.048461914
1.18421768707	350.845733643
1.18712018141	350.845733643
1.19002267574	350.440673828
1.19292517007	350.03604126
1.1958276644	349.83392334
1.19873015873	349.430023193
1.20163265306	349.228240967
1.20453514739	348.825012207
1.20743764172	348.623596191
1.21034013605	348.221069336
1.21324263039	347.819030762
1.21614512472	347.417449951
1.21904761905	347.417449951
1.22195011338	347.216827393
1.22485260771	347.417449951
1.22775510204	347.618164062
1.23065759637	347.618164062
1.2335600907	348.019989014
1.23646258503	348.221069336
1.23936507937	348.825012207
1.2422675737	349.026580811
1.24517006803	349.430023193
1.24807256236	349.83392334
1.25097505669	350.03604126
1.25387755102	350.238311768
1.25678004535	350.238311768
1.25968253968	350.03604126
1.26258503401	349.83392334
1.26548752834	349.631896973
1.26839002268	349.228240967
1.27129251701	348.825012207
1.27419501134	348.422271729
1.27709750567	348.221069336
1.28	347.819030762
1.28290249433	347.618164062
1.28580498866	347.618164062
1.28870748299	347.819030762
1.29160997732	348.019989014
1.29451247166	348.019989014
1.29741496599	348.221069336
1.30031746032	348.422271729
1.30321995465	348.825012207
1.30612244898	349.026580811
1.30902494331	349.430023193
1.31192743764	349.631896973
1.31482993197	349.631896973
1.3177324263	349.430023193
1.32063492063	349.228240967
1.32353741497	349.228240967
1.3264399093	348.825012207
1.32934240363	348.623596191
1.33224489796	348.623596191
1.33514739229	348.422271729
1.33804988662	348.221069336
1.34095238095	348.019989014
1.34385487528	348.221069336
1.34675736961	348.019989014
1.34965986395	348.221069336
1.35256235828	348.221069336
1.35546485261	348.422271729
1.35836734694	348.623596191
1.36126984127	349.026580811
1.3641723356	349.228240967
1.36707482993	349.430023193
1.36997732426	349.631896973
1.37287981859	349.83392334
1.37578231293	349.631896973
1.37868480726	349.430023193
1.38158730159	349.026580811
1.38448979592	348.623596191
1.38739229025	348.422271729
1.39029478458	348.221069336
1.39319727891	348.623596191
1.39609977324	349.026580811
1.39900226757	349.228240967
1.4019047619	349.026580811
1.40480725624	349.228240967
1.40770975057	349.83392334
1.4106122449	350.845733643
1.41351473923	351.45425415
1.41641723356	412.674285889
1.41931972789	413.628875732
1.42222222222	413.628875732
1.42512471655	412.912719727
1.42802721088	412.674285889
1.43092970522	413.151306152
1.43383219955	414.106994629
1.43673469388	414.825195312
1.43963718821	415.064880371
1.44253968254	415.3046875
1.44544217687	415.3046875
1.4483446712	415.544647217
1.45124716553	415.544647217
1.45414965986	415.3046875
1.4570521542	414.825195312
1.45995464853	414.346252441
1.46285714286	413.867858887
1.46575963719	414.346252441
1.46866213152	414.585662842
1.47156462585	415.3046875
1.47446712018	416.024993896
1.47736961451	416.746520996
1.48027210884	417.469329834
1.48317460317	417.710540771
1.48607709751	417.228240967
1.48897959184	416.505889893
1.49188208617	415.544647217
1.4947845805	414.585662842
1.49768707483	414.106994629
1.50058956916	414.106994629
1.50349206349	414.585662842
1.50639455782	415.3046875
1.50929705215	416.265350342
1.51219954649	417.228240967
1.51510204082	417.469329834
1.51800453515	417.228240967
1.52090702948	416.265350342
1.52380952381	415.064880371
1.52671201814	414.106994629
1.52961451247	413.628875732
1.5325170068	413.151306152
1.53541950113	412.912719727
1.53832199546	413.151306152
1.5412244898	413.628875732
1.54412698413	414.346252441
1.54702947846	414.825195312
1.54993197279	415.064880371
1.55283446712	415.064880371
1.55573696145	415.064880371
1.55863945578	415.064880371
1.56154195011	415.544647217
1.56444444444	415.784759521
1.56734693878	415.544647217
1.57024943311	415.544647217
1.57315192744	415.784759521
1.57605442177	416.024993896
1.5789569161	416.024993896
1.58185941043	415.784759521
1.58476190476	415.784759521
1.58766439909	416.024993896
1.59056689342	416.265350342
1.59346938776	416.746520996
1.59637188209	416.746520996
1.59927437642	416.987335205
1.60217687075	417.469329834
1.60507936508	417.710540771
1.60798185941	417.951873779
1.61088435374	417.951873779
1.61378684807	417.710540771
1.6166893424	417.469329834
1.61959183673	416.987335205
1.62249433107	416.746520996
1.6253968254	416.265350342
1.62829931973	415.784759521
1.63120181406	415.544647217
1.63410430839	415.3046875
1.63700680272	415.544647217
1.63990929705	415.544647217
1.64281179138	415.544647217
1.64571428571	415.784759521
1.64861678005	416.024993896
1.65151927438	416.265350342
1.65442176871	416.265350342
1.65732426304	416.024993896
1.66022675737	415.544647217
1.6631292517	415.3046875
1.66603174603	414.825195312
1.66893424036	414.825195312
1.67183673469	414.585662842
1.67473922902	415.064880371
1.67764172336	415.3046875
1.68054421769	415.784759521
1.68344671202	416.024993896
1.68634920635	416.265350342
1.68925170068	416.265350342
1.69215419501	416.024993896
1.69505668934	415.784759521
1.69795918367	415.544647217
1.700861678	415.544647217
1.70376417234	415.544647217
1.70666666667	415.544647217
1.709569161	415.784759521
1.71247165533	416.024993896
1.71537414966	416.265350342
1.71827664399	416.505889893
1.72117913832	416.746520996
1.72408163265	416.746520996
1.72698412698	416.505889893
1.72988662132	416.265350342
1.73278911565	416.024993896
1.73569160998	415.544647217
1.73859410431	415.3046875
1.74149659864	414.585662842
1.74439909297	414.106994629
1.7473015873	413.867858887
1.75020408163	413.867858887
1.75310657596	414.106994629
1.75600907029	414.106994629
1.75891156463	414.585662842
1.76181405896	414.825195312
1.76471655329	415.3046875
1.76761904762	415.544647217
1.77052154195	415.3046875
1.77342403628	415.3046875
1.77632653061	414.825195312
1.77922902494	414.825195312
1.78213151927	414.585662842
1.78503401361	414.346252441
1.78793650794	414.346252441
1.79083900227	414.346252441
1.7937414966	414.585662842
1.79664399093	415.064880371
1.79954648526	415.3046875
1.80244897959	415.544647217
1.80535147392	416.024993896
1.80825396825	416.265350342
1.81115646259	416.265350342
1.81405895692	416.024993896
1.81696145125	416.024993896
1.81986394558	415.544647217
1.82276643991	415.544647217
1.82566893424	415.544647217
1.82857142857	415.544647217
1.8314739229	415.784759521
1.83437641723	416.024993896
1.83727891156	416.265350342
1.8401814059	416.265350342
1.84308390023	416.265350342
1.84598639456	416.024993896
1.84888888889	415.784759521
1.85179138322	415.3046875
1.85469387755	414.585662842
1.85759637188	414.346252441
1.86049886621	414.346252441
1.86340136054	414.346252441
1.86630385488	414.585662842
1.86920634921	414.825195312
1.87210884354	414.825195312
1.87501133787	414.825195312
1.8779138322	414.825195312
1.88081632653	414.585662842
1.88371882086	414.106994629
1.88662131519	413.628875732
1.88952380952	413.628875732
1.89242630385	413.867858887
1.89532879819	414.346252441
1.89823129252	414.825195312
1.90113378685	415.544647217
1.90403628118	415.784759521
1.90693877551	416.265350342
1.90984126984	416.505889893
1.91274376417	416.505889893
1.9156462585	416.505889893
1.91854875283	416.024993896
1.92145124717	415.784759521
1.9243537415	416.024993896
1.92725623583	416.024993896
1.93015873016	416.024993896
1.93306122449	416.024993896
1.93596371882	416.024993896
1.93886621315	416.505889893
1.94176870748	416.746520996
1.94467120181	416.505889893
1.94757369615	416.505889893
1.95047619048	416.024993896
1.95337868481	415.784759521
1.95628117914	415.3046875
1.95918367347	414.825195312
1.9620861678	414.346252441
1.96498866213	414.346252441
1.96789115646	414.106994629
1.97079365079	414.346252441
1.97369614512	414.585662842
1.97659863946	414.585662842
1.97950113379	414.585662842
1.98240362812	414.585662842
1.98530612245	415.064880371
1.98820861678	415.064880371
1.99111111111	415.3046875
1.99401360544	415.3046875
1.99691609977	415.064880371
1.9998185941	414.585662842
2.00272108844	414.106994629
2.00562358277	413.867858887
2.0085260771	413.628875732
2.01142857143	413.867858887
2.01433106576	414.346252441
2.01723356009	415.3046875
2.02013605442	416.746520996
2.02303854875	418.918670654
2.02594104308	420.130310059
2.02884353741	421.832489014
2.03174603175	424.521270752
2.03464852608	433.942382812
2.03755102041	443.060455322
2.04045351474	447.174163818
2.04335600907	447.432556152
2.0462585034	447.432556152
2.04916099773	447.432556152
2.05206349206	445.627075195
2.05496598639	442.804595947
2.05786848073	438.984558105
2.06077097506	436.204162598
2.06367346939	434.946166992
2.06657596372	433.942382812
2.06947845805	433.691802979
2.07238095238	433.691802979
2.07528344671	434.193115234
2.07818594104	434.695007324
2.08108843537	435.952270508
2.08399092971	437.718536377
2.08689342404	439.238189697
2.08979591837	440.763122559
2.0926984127	441.527557373
2.09560090703	442.293334961
2.09850340136	442.54888916
2.10140589569	442.293334961
2.10430839002	441.527557373
2.10721088435	440.254241943
2.11011337868	438.731048584
2.11301587302	437.213165283
2.11591836735	435.700531006
2.11882086168	434.444000244
2.12172335601	433.942382812
2.12462585034	433.691802979
2.12752834467	434.444000244
2.130430839	435.448913574
2.13333333333	436.708374023
2.13623582766	438.224517822
2.139138322	439.491973877
2.14204081633	440.254241943
2.14494331066	440.763122559
2.14784580499	440.508605957
2.15074829932	440.254241943
2.15365079365	439.491973877
2.15655328798	438.731048584
2.15945578231	437.971466064
2.16235827664	437.718536377
2.16526077098	437.718536377
2.16816326531	437.971466064
2.17106575964	438.731048584
2.17396825397	439.238189697
2.1768707483	440.0
2.17977324263	440.254241943
2.18267573696	440.763122559
2.18557823129	440.254241943
2.18848072562	439.745910645
2.19138321995	438.984558105
2.19428571429	437.718536377
2.19718820862	436.708374023
2.20009070295	435.448913574
2.20299319728	434.946166992
2.20589569161	434.695007324
2.20879818594	434.946166992
2.21170068027	435.700531006
2.2146031746	436.708374023
2.21750566893	438.224517822
2.22040816327	439.491973877
2.2233106576	440.763122559
2.22621315193	441.527557373
2.22911564626	441.782684326
2.23201814059	441.272613525
2.23492063492	440.508605957
2.23782312925	438.984558105
2.24072562358	437.718536377
2.24362811791	436.960693359
2.24653061224	436.456207275
2.24943310658	435.952270508
2.25233560091	436.204162598
2.25523809524	436.708374023
2.25814058957	437.465789795
2.2610430839	438.224517822
2.26394557823	438.731048584
2.26684807256	439.238189697
2.26975056689	439.491973877
2.27265306122	439.491973877
2.27555555556	439.238189697
2.27845804989	438.984558105
2.28136054422	438.731048584
2.28426303855	438.224517822
2.28716553288	437.971466064
2.29006802721	437.465789795
2.29297052154	436.960693359
2.29587301587	436.960693359
2.2987755102	436.708374023
2.30167800454	436.960693359
2.30458049887	437.465789795
2.3074829932	437.971466064
2.31038548753	438.477722168
2.31328798186	438.731048584
2.31619047619	438.984558105
2.31909297052	439.238189697
2.32199546485	438.984558105
2.32489795918	438.731048584
2.32780045351	438.477722168
2.33070294785	438.224517822
2.33360544218	437.971466064
2.33650793651	437.971466064
2.33941043084	437.971466064
2.34231292517	437.971466064
2.3452154195	438.224517822
2.34811791383	438.224517822
2.35102040816	438.224517822
2.35392290249	438.477722168
2.35682539683	438.477722168
2.35972789116	438.731048584
2.36263038549	438.731048584
2.36553287982	438.477722168
2.36843537415	438.477722168
2.37133786848	438.224517822
2.37424036281	438.224517822
2.37714285714	438.224517822
2.38004535147	438.224517822
2.3829478458	438.477722168
2.38585034014	438.477722168
2.38875283447	438.731048584
2.3916553288	438.731048584
2.39455782313	438.731048584
2.39746031746	438.731048584
2.40036281179	438.731048584
2.40326530612	438.731048584
2.40616780045	438.477722168
2.40907029478	438.224517822
2.41197278912	438.224517822
2.41487528345	437.971466064
2.41777777778	437.465789795
2.42068027211	436.960693359
2.42358276644	436.708374023
2.42648526077	436.960693359
2.4293877551	436.960693359
2.43229024943	436.960693359
2.43519274376	437.213165283
2.4380952381	437.718536377
2.44099773243	437.971466064
2.44390022676	438.224517822
2.44680272109	438.224517822
2.44970521542	438.224517822
2.45260770975	437.971466064
2.45551020408	437.718536377
2.45841269841	437.718536377
2.46131519274	437.465789795
2.46421768707	437.213165283
2.46712018141	437.213165283
2.47002267574	437.213165283
2.47292517007	437.213165283
2.4758276644	437.465789795
2.47873015873	437.718536377
2.48163265306	437.971466064
2.48453514739	437.971466064
2.48743764172	438.224517822
2.49034013605	438.477722168
2.49324263039	438.477722168
2.49614512472	438.477722168
2.49904761905	438.224517822
2.50195011338	437.971466064
2.50485260771	437.718536377
2.50775510204	437.465789795
2.51065759637	436.960693359
2.5135600907	436.708374023
2.51646258503	436.456207275
2.51936507937	436.204162598
2.5222675737	436.456207275
2.52517006803	436.456207275
2.52807256236	436.960693359
2.53097505669	437.213165283
2.53387755102	437.718536377
2.53678004535	437.718536377
2.53968253968	437.971466064
2.54258503401	437.718536377
2.54548752834	437.718536377
2.54839002268	437.465789795
2.55129251701	436.960693359
2.55419501134	436.960693359
2.55709750567	436.708374023
2.56	436.960693359
2.56290249433	436.960693359
2.56580498866	437.465789795
2.56870748299	437.718536377
2.57160997732	437.718536377
2.57451247166	438.224517822
2.57741496599	438.731048584
2.58031746032	438.731048584
2.58321995465	438.731048584
2.58612244898	438.984558105
2.58902494331	438.984558105
2.59192743764	438.984558105
2.59482993197	438.731048584
2.5977324263	438.477722168
2.60063492063	438.224517822
2.60353741497	437.971466064
2.6064399093	437.971466064
2.60934240363	437.718536377
2.61224489796	437.465789795
2.61514739229	437.213165283
2.61804988662	437.213165283
2.62095238095	437.213165283
2.62385487528	437.213165283
2.62675736961	437.465789795
2.62965986395	437.465789795
2.63256235828	437.718536377
2.63546485261	438.224517822
2.63836734694	438.477722168
2.64126984127	438.731048584
2.6441723356	439.238189697
2.64707482993	439.491973877
2.64997732426	439.491973877
2.65287981859	439.745910645
2.65578231293	439.491973877
2.65868480726	439.238189697
2.66158730159	438.984558105
2.66448979592	438.731048584
2.66739229025	438.731048584
2.67029478458	438.477722168
2.67319727891	438.731048584
2.67609977324	437.971466064
2.67900226757	436.708374023
2.6819047619	434.444000244
2.68480725624	426.733947754
2.68770975057	416.265350342
2.6906122449	411.721893311
2.69351473923	408.641815186
2.69641723356	407.698760986
2.69931972789	407.698760986
2.70222222222	408.877929688
2.70512471655	410.771728516
2.70802721088	412.435974121
2.71092970522	413.628875732
2.71383219955	414.585662842
2.71673469388	415.3046875
2.71963718821	416.024993896
2.72253968254	416.024993896
2.72544217687	416.024993896
2.7283446712	415.544647217
2.73124716553	415.064880371
2.73414965986	414.585662842
2.7370521542	414.106994629
2.73995464853	414.106994629
2.74285714286	413.867858887
2.74575963719	414.106994629
2.74866213152	414.346252441
2.75156462585	414.825195312
2.75446712018	415.544647217
2.75736961451	416.265350342
2.76027210884	417.469329834
2.76317460317	418.434997559
2.76607709751	418.918670654
2.76897959184	418.918670654
2.77188208617	417.710540771
2.7747845805	416.265350342
2.77768707483	414.825195312
2.78058956916	413.628875732
2.78349206349	413.151306152
2.78639455782	413.390014648
2.78929705215	414.585662842
2.79219954649	416.505889893
2.79510204082	418.193359375
2.79800453515	418.918670654
2.80090702948	418.918670654
2.80380952381	418.193359375
2.80671201814	416.746520996
2.80961451247	415.064880371
2.8125170068	413.151306152
2.81541950113	411.959777832
2.81832199546	411.484161377
2.8212244898	411.246520996
2.82412698413	411.721893311
2.82702947846	412.435974121
2.82993197279	413.390014648
2.83283446712	414.106994629
2.83573696145	414.825195312
2.83863945578	415.544647217
2.84154195011	416.265350342
2.84444444444	416.505889893
2.84734693878	416.746520996
2.85024943311	416.987335205
2.85315192744	416.987335205
2.85605442177	416.746520996
2.8589569161	416.265350342
2.86185941043	416.024993896
2.86476190476	415.784759521
2.86766439909	415.3046875
2.87056689342	415.3046875
2.87346938776	415.3046875
2.87637188209	415.3046875
2.87927437642	415.784759521
2.88217687075	416.505889893
2.88507936508	417.228240967
2.88798185941	417.710540771
2.89088435374	418.193359375
2.89378684807	418.434997559
2.8966893424	418.434997559
2.89959183673	417.951873779
2.90249433107	417.228240967
2.9053968254	416.505889893
2.90829931973	415.544647217
2.91120181406	414.825195312
2.91410430839	414.346252441
2.91700680272	414.106994629
2.91990929705	413.867858887
2.92281179138	414.106994629
2.92571428571	414.346252441
2.92861678005	415.064880371
2.93151927438	415.3046875
2.93442176871	416.024993896
2.93732426304	416.265350342
2.94022675737	416.987335205
2.9431292517	416.987335205
2.94603174603	416.987335205
2.94893424036	416.746520996
2.95183673469	416.265350342
2.95473922902	415.544647217
2.95764172336	414.825195312
2.96054421769	414.585662842
2.96344671202	414.585662842
2.96634920635	414.825195312
2.96925170068	415.064880371
2.97215419501	415.544647217
2.97505668934	416.024993896
2.97795918367	416.265350342
2.980861678	416.505889893
2.98376417234	416.746520996
2.98666666667	416.505889893
2.989569161	416.746520996
2.99247165533	416.505889893
2.99537414966	416.265350342
2.99827664399	415.784759521
3.00117913832	415.064880371
3.00408163265	414.825195312
3.00698412698	414.585662842
3.00988662132	414.585662842
3.01278911565	414.825195312
3.01569160998	415.3046875
3.01859410431	415.784759521
3.02149659864	416.024993896
3.02439909297	415.784759521
3.0273015873	415.3046875
3.03020408163	414.825195312
3.03310657596	414.346252441
3.03600907029	414.106994629
3.03891156463	413.867858887
3.04181405896	414.106994629
3.04471655329	414.346252441
3.04761904762	414.825195312
3.05052154195	415.3046875
3.05342403628	415.544647217
3.05632653061	415.784759521
3.05922902494	416.024993896
3.06213151927	416.265350342
3.06503401361	416.265350342
3.06793650794	416.024993896
3.07083900227	415.784759521
3.0737414966	415.544647217
3.07664399093	415.544647217
3.07954648526	415.3046875
3.08244897959	415.064880371
3.08535147392	414.825195312
3.08825396825	414.825195312
3.09115646259	414.825195312
3.09405895692	414.825195312
3.09696145125	414.825195312
3.09986394558	415.064880371
3.10276643991	415.3046875
3.10566893424	415.3046875
3.10857142857	415.544647217
3.1114739229	416.024993896
3.11437641723	416.505889893
3.11727891156	416.505889893
3.1201814059	416.265350342
3.12308390023	415.784759521
3.12598639456	415.064880371
3.12888888889	414.585662842
3.13179138322	413.867858887
3.13469387755	413.628875732
3.13759637188	413.628875732
3.14049886621	413.867858887
3.14340136054	414.106994629
3.14630385488	415.3046875
3.14920634921	417.469329834
3.15210884354	419.402893066
3.15501133787	419.887695312
3.1579138322	420.130310059
3.16081632653	419.887695312
3.16371882086	347.216827393
3.16662131519	348.623596191
3.16952380952	349.228240967
3.17242630385	349.83392334
3.17532879819	350.643157959
3.17823129252	350.845733643
3.18113378685	350.643157959
3.18403628118	350.238311768
3.18693877551	350.03604126
3.18984126984	349.83392334
3.19274376417	349.631896973
3.1956462585	349.430023193
3.19854875283	349.026580811
3.20145124717	348.825012207
3.2043537415	348.825012207
3.20725623583	348.825012207
3.21015873016	348.623596191
3.21306122449	348.221069336
3.21596371882	347.819030762
3.21886621315	347.819030762
3.22176870748	347.819030762
3.22467120181	348.019989014
3.22757369615	348.221069336
3.23047619048	348.422271729
3.23337868481	348.825012207
3.23628117914	349.228240967
3.23918367347	349.228240967
3.2420861678	348.825012207
3.24498866213	348.623596191
3.24789115646	348.623596191
3.25079365079	348.623596191
3.25369614512	348.623596191
3.25659863946	348.825012207
3.25950113379	349.026580811
3.26240362812	348.825012207
3.26530612245	348.825012207
3.26820861678	348.623596191
3.27111111111	348.422271729
3.27401360544	348.422271729
3.27691609977	348.623596191
3.2798185941	349.228240967
3.28272108844	349.631896973
3.28562358277	350.03604126
3.2885260771	350.03604126
3.29142857143	350.03604126
3.29433106576	349.83392334
3.29723356009	350.03604126
3.30013605442	350.238311768
3.30303854875	350.643157959
3.30594104308	351.048461914
3.30884353741	351.45425415
3.31174603175	351.251281738
3.31464852608	350.643157959
3.31755102041	349.430023193
3.32045351474	348.019989014
3.32335600907	346.615661621
3.3262585034	346.015533447
3.32916099773	345.017669678
3.33206349206	344.81842041
3.33496598639	344.81842041
3.33786848073	344.81842041
3.34077097506	344.81842041
3.34367346939	344.81842041
3.34657596372	345.61605835
3.34947845805	350.03604126
3.35238095238	354.512573242
3.35528344671	356.360351562
3.35818594104	356.566253662
3.36108843537	355.948913574
3.36399092971	353.898803711
3.36689342404	349.228240967
3.36979591837	343.427001953
3.3726984127	341.64630127
3.37560090703	340.661010742
3.37850340136	340.07119751
3.38140589569	339.090454102
3.38430839002	337.917297363
3.38721088435	336.553741455
3.39011337868	334.808654785
3.39301587302	331.920288086
3.39591836735	329.627563477
3.39882086168	327.729034424
3.40172335601	326.595184326
3.40462585034	326.029724121
3.40752834467	326.029724121
3.410430839	326.595184326
3.41333333333	327.918395996
3.41623582766	329.627563477
3.419138322	330.771942139
3.42204081633	331.537078857
3.42494331066	331.920288086
3.42784580499	331.537078857
3.43074829932	330.771942139
3.43365079365	329.818023682
3.43655328798	328.866821289
3.43945578231	327.539794922
3.44235827664	326.595184326
3.44526077098	326.218109131
3.44816326531	326.218109131
3.45106575964	326.972686768
3.45396825397	328.487121582
3.4568707483	330.390045166
3.45977324263	332.112091064
3.46267573696	333.265075684
3.46557823129	334.035980225
3.46848072562	334.422088623
3.47138321995	334.228973389
3.47428571429	333.265075684
3.47718820862	332.303955078
3.48009070295	330.580932617
3.48299319728	329.056854248
3.48589569161	327.918395996
3.48879818594	327.161621094
3.49170068027	326.972686768
3.4946031746	327.350646973
3.49750566893	328.487121582
3.50040816327	329.627563477
3.5033106576	330.771942139
3.50621315193	331.920288086
3.50911564626	332.688079834
3.51201814059	333.457641602
3.51492063492	333.650299072
3.51782312925	333.650299072
3.52072562358	333.457641602
3.52362811791	333.265075684
3.52653061224	332.880310059
3.52943310658	332.303955078
3.53233560091	331.537078857
3.53523809524	330.390045166
3.53814058957	329.24697876
3.5410430839	328.487121582
3.54394557823	327.729034424
3.54684807256	327.539794922
3.54975056689	327.729034424
3.55265306122	328.107879639
3.55555555556	328.866821289
3.55845804989	329.437225342
3.56136054422	330.390045166
3.56426303855	330.963043213
3.56716553288	331.728637695
3.57006802721	332.112091064
3.57297052154	332.303955078
3.57587301587	332.303955078
3.5787755102	332.112091064
3.58167800454	331.920288086
3.58458049887	331.537078857
3.5874829932	331.154296875
3.59038548753	330.771942139
3.59328798186	330.580932617
3.59619047619	330.008575439
3.59909297052	329.627563477
3.60199546485	329.24697876
3.60489795918	329.056854248
3.60780045351	328.866821289
3.61070294785	328.676940918
3.61360544218	328.866821289
3.61650793651	329.056854248
3.61941043084	329.24697876
3.62231292517	329.437225342
3.6252154195	329.818023682
3.62811791383	329.818023682
3.63102040816	329.818023682
3.63392290249	329.437225342
3.63682539683	328.866821289
3.63972789116	328.487121582
3.64263038549	328.676940918
3.64553287982	329.056854248
3.64843537415	330.580932617
3.65133786848	333.072631836
3.65424036281	335.971038818
3.65714285714	337.917297363
3.66004535147	339.286376953
3.6629478458	340.07119751
3.66585034014	340.857849121
3.66875283447	342.041229248
3.6716553288	343.625427246
3.67455782313	345.61605835
3.67746031746	347.618164062
3.68036281179	349.83392334
3.68326530612	352.267211914
3.68616780045	353.490203857
3.68907029478	354.103271484
3.69197278912	353.69442749
3.69487528345	352.267211914
3.69777777778	350.440673828
3.70068027211	348.623596191
3.70358276644	347.417449951
3.70648526077	346.015533447
3.7093877551	345.61605835
3.71229024943	345.416473389
3.71519274376	345.61605835
3.7180952381	345.815734863
3.72099773243	346.015533447
3.72390022676	346.215484619
3.72680272109	346.615661621
3.72970521542	347.417449951
3.73260770975	348.019989014
3.73551020408	349.026580811
3.73841269841	349.631896973
3.74131519274	350.03604126
3.74421768707	350.03604126
3.74712018141	350.03604126
3.75002267574	349.83392334
3.75292517007	349.631896973
3.7558276644	349.631896973
3.75873015873	349.430023193
3.76163265306	349.430023193
3.76453514739	349.430023193
3.76743764172	349.228240967
3.77034013605	348.825012207
3.77324263039	348.422271729
3.77614512472	348.221069336
3.77904761905	348.019989014
3.78195011338	348.019989014
3.78485260771	348.221069336
3.78775510204	348.623596191
3.79065759637	349.228240967
3.7935600907	349.631896973
3.79646258503	350.238311768
3.79936507937	350.440673828
3.8022675737	350.440673828
3.80517006803	350.440673828
3.80807256236	350.03604126
3.81097505669	349.430023193
3.81387755102	349.026580811
3.81678004535	348.422271729
3.81968253968	347.819030762
3.82258503401	347.417449951
3.82548752834	347.216827393
3.82839002268	347.016326904
3.83129251701	347.016326904
3.83419501134	347.016326904
3.83709750567	347.216827393
3.84	347.618164062
3.84290249433	347.819030762
3.84580498866	348.221069336
3.84870748299	348.623596191
3.85160997732	349.026580811
3.85451247166	349.430023193
3.85741496599	349.83392334
3.86031746032	350.03604126
3.86321995465	350.238311768
3.86612244898	350.238311768
3.86902494331	350.238311768
3.87192743764	350.03604126
3.87482993197	349.631896973
3.8777324263	349.430023193
3.88063492063	349.026580811
3.88353741497	348.623596191
3.8864399093	348.623596191
3.88934240363	348.422271729
3.89224489796	348.422271729
3.89514739229	348.422271729
3.89804988662	348.623596191
3.90095238095	348.825012207
3.90385487528	349.026580811
3.90675736961	348.825012207
3.90965986395	349.026580811
3.91256235828	349.026580811
3.91546485261	348.825012207
3.91836734694	348.825012207
3.92126984127	348.825012207
3.9241723356	348.825012207
3.92707482993	348.422271729
3.92997732426	348.422271729
3.93287981859	348.221069336
3.93578231293	348.019989014
3.93868480726	348.019989014
3.94158730159	348.019989014
3.94448979592	348.221069336
3.94739229025	348.221069336
3.95029478458	348.221069336
3.95319727891	348.221069336
3.95609977324	348.221069336
3.95900226757	348.623596191
3.9619047619	348.825012207
3.96480725624	349.430023193
3.96770975057	350.03604126
3.9706122449	350.440673828
3.97351473923	350.440673828
3.97641723356	350.03604126
3.97931972789	349.026580811
3.98222222222	348.422271729
3.98512471655	347.819030762
3.98802721088	348.221069336
3.99092970522	348.623596191
3.99383219955	349.228240967
3.99673469388	349.430023193
3.99963718821	349.631896973
4.00253968254	292.310882568
4.00544217687	292.310882568
4.0083446712	292.817840576
4.01124716553	293.834442139
4.01414965986	294.344055176
4.0170521542	294.514129639
4.01995464853	294.344055176
4.02285714286	294.514129639
4.02575963719	295.195404053
4.02866213152	296.220245361
4.03156462585	296.391387939
4.03446712018	296.220245361
4.03736961451	295.707366943
4.04027210884	295.195404053
4.04317460317	293.325714111
4.04607709751	293.325714111
4.04897959184	293.156341553
4.05188208617	292.987030029
4.0547845805	294.174102783
4.05768707483	294.344055176
4.06058956916	293.834442139
4.06349206349	292.817840576
4.06639455782	292.142089844
4.06929705215	291.973388672
4.07219954649	291.636291504
4.07510204082	291.46786499
4.07800453515	291.299560547
4.08090702948	291.299560547
4.08380952381	291.636291504
4.08671201814	292.310882568
4.08961451247	292.987030029
4.0925170068	293.495178223
4.09541950113	293.325714111
4.09832199546	293.156341553
4.1012244898	292.987030029
4.10412698413	293.156341553
4.10702947846	293.156341553
4.10993197279	292.817840576
4.11283446712	292.648773193
4.11573696145	292.648773193
4.11863945578	292.648773193
4.12154195011	292.648773193
4.12444444444	293.325714111
4.12734693878	293.495178223
4.13024943311	293.325714111
4.13315192744	293.156341553
4.13605442177	292.987030029
4.1389569161	292.987030029
4.14185941043	292.142089844
4.14476190476	292.479766846
4.14766439909	293.495178223
4.15056689342	293.834442139
4.15346938776	294.004211426
4.15637188209	294.004211426
4.15927437642	293.834442139
4.16217687075	294.344055176
4.16507936508	294.344055176
4.16798185941	294.344055176
4.17088435374	294.344055176
4.17378684807	294.344055176
4.1766893424	294.514129639
4.17959183673	294.684295654
4.18249433107	294.684295654
4.1853968254	294.514129639
4.18829931973	294.004211426
4.19120181406	293.495178223
4.19410430839	292.817840576
4.19700680272	292.142089844
4.19990929705	291.46786499
4.20281179138	291.46786499
4.20571428571	291.973388672
4.20861678005	292.479766846
4.21151927438	292.817840576
4.21442176871	292.987030029
4.21732426304	293.495178223
4.22022675737	293.664764404
4.2231292517	293.664764404
4.22603174603	293.664764404
4.22893424036	293.325714111
4.23183673469	292.648773193
4.23473922902	291.973388672
4.23764172336	291.804779053
4.24054421769	291.636291504
4.24344671202	291.804779053
4.24634920635	292.142089844
4.24925170068	292.310882568
4.25215419501	292.648773193
4.25505668934	293.156341553
4.25795918367	293.495178223
4.260861678	293.495178223
4.26376417234	293.325714111
4.26666666667	292.987030029
4.269569161	292.817840576
4.27247165533	292.648773193
4.27537414966	292.479766846
4.27827664399	292.648773193
4.28117913832	292.648773193
4.28408163265	292.479766846
4.28698412698	292.310882568
4.28988662132	292.310882568
4.29278911565	292.310882568
4.29569160998	292.479766846
4.29859410431	292.817840576
4.30149659864	293.156341553
4.30439909297	293.325714111
4.3073015873	293.495178223
4.31020408163	293.664764404
4.31310657596	293.664764404
4.31600907029	293.664764404
4.31891156463	293.664764404
4.32181405896	293.834442139
4.32471655329	293.834442139
4.32761904762	294.174102783
4.33052154195	294.514129639
4.33342403628	294.514129639
4.33632653061	294.514129639
4.33922902494	294.514129639
4.34213151927	294.174102783
4.34503401361	294.004211426
4.34793650794	293.834442139
4.35083900227	293.834442139
4.3537414966	293.834442139
4.35664399093	294.004211426
4.35954648526	294.004211426
4.36244897959	294.004211426
4.36535147392	294.004211426
4.36825396825	294.004211426
4.37115646259	293.834442139
4.37405895692	293.834442139
4.37696145125	293.495178223
4.37986394558	293.156341553
4.38276643991	292.648773193
4.38566893424	292.142089844
4.38857142857	291.973388672
4.3914739229	292.142089844
4.39437641723	292.310882568
4.39727891156	292.648773193
4.4001814059	292.987030029
4.40308390023	293.325714111
4.40598639456	293.495178223
4.40888888889	293.495178223
4.41179138322	293.156341553
4.41469387755	292.817840576
4.41759637188	292.817840576
4.42049886621	292.817840576
4.42340136054	292.987030029
4.42630385488	293.325714111
4.42920634921	293.664764404
4.43210884354	293.834442139
4.43501133787	294.174102783
4.4379138322	294.174102783
4.44081632653	294.174102783
4.44371882086	294.174102783
4.44662131519	294.004211426
4.44952380952	294.004211426
4.45242630385	293.834442139
4.45532879819	293.834442139
4.45823129252	293.664764404
4.46113378685	293.495178223
4.46403628118	293.664764404
4.46693877551	293.664764404
4.46984126984	293.834442139
4.47274376417	294.004211426
4.4756462585	294.004211426
4.47854875283	294.174102783
4.48145124717	294.514129639
4.4843537415	294.684295654
4.48725623583	294.854553223
4.49015873016	295.024932861
4.49306122449	295.024932861
4.49596371882	295.024932861
4.49886621315	294.684295654
4.50176870748	294.684295654
4.50467120181	294.514129639
4.50757369615	294.514129639
4.51047619048	294.344055176
4.51337868481	294.344055176
4.51628117914	294.004211426
4.51918367347	293.834442139
4.5220861678	293.664764404
4.52498866213	293.495178223
4.52789115646	293.325714111
4.53079365079	293.156341553
4.53369614512	292.987030029
4.53659863946	292.987030029
4.53950113379	293.156341553
4.54240362812	293.156341553
4.54530612245	293.156341553
4.54820861678	292.987030029
4.55111111111	292.987030029
4.55401360544	292.987030029
4.55691609977	293.156341553
4.5598185941	293.156341553
4.56272108844	293.156341553
4.56562358277	292.987030029
4.5685260771	292.817840576
4.57142857143	292.648773193
4.57433106576	292.648773193
4.57723356009	292.648773193
4.58013605442	292.648773193
4.58303854875	292.817840576
4.58594104308	292.817840576
4.58884353741	292.987030029
4.59174603175	293.156341553
4.59464852608	293.156341553
4.59755102041	293.156341553
4.60045351474	293.156341553
4.60335600907	293.156341553
4.6062585034	293.156341553
4.60916099773	293.156341553
4.61206349206	293.156341553
4.61496598639	293.156341553
4.61786848073	293.156341553
4.62077097506	293.156341553
4.62367346939	293.325714111
4.62657596372	293.495178223
4.62947845805	293.664764404
4.63238095238	293.664764404
4.63528344671	293.834442139
4.63818594104	293.834442139
4.64108843537	293.834442139
4.64399092971	294.004211426
4.64689342404	294.004211426
4.64979591837	294.004211426
4.6526984127	294.004211426
4.65560090703	293.834442139
4.65850340136	293.664764404
4.66140589569	293.495178223
4.66430839002	293.495178223
4.66721088435	293.325714111
4.67011337868	293.156341553
4.67301587302	293.156341553
4.67591836735	293.156341553
4.67882086168	293.156341553
4.68172335601	293.156341553
4.68462585034	293.325714111
4.68752834467	293.325714111
4.690430839	293.325714111
4.69333333333	293.325714111
4.69623582766	293.156341553
4.699138322	293.156341553
4.70204081633	293.156341553
4.70494331066	292.987030029
4.70784580499	292.987030029
4.71074829932	292.987030029
4.71365079365	292.817840576
4.71655328798	0.0
4.71945578231	0.0
4.72235827664	0.0
4.72526077098	0.0
