0.0	0.0
0.00290249433107	0.0
0.00580498866213	0.0
0.0087074829932	0.0
0.0116099773243	0.0
0.0145124716553	0.0
0.0174149659864	0.0
0.0203174603175	0.0
0.0232199546485	0.0
0.0261224489796	287.289154053
0.0290249433107	289.120361328
0.0319274376417	290.12411499
0.0348299319728	290.795227051
0.0377324263039	291.299560547
0.0406349206349	291.46786499
0.043537414966	291.636291504
0.0464399092971	291.636291504
0.0493424036281	291.46786499
0.0522448979592	291.299560547
0.0551473922902	291.299560547
0.0580498866213	291.299560547
0.0609523809524	291.46786499
0.0638548752834	292.142089844
0.0667573696145	292.479766846
0.0696598639456	292.817840576
0.0725623582766	292.987030029
0.0754648526077	292.987030029
0.0783673469388	292.987030029
0.0812698412698	292.648773193
0.0841723356009	292.648773193
0.087074829932	292.479766846
0.089977324263	292.310882568
0.0928798185941	292.142089844
0.0957823129252	291.804779053
0.0986848072562	291.46786499
0.101587301587	291.131347656
0.104489795918	290.963226318
0.107392290249	290.963226318
0.11029478458	290.963226318
0.113197278912	291.131347656
0.116099773243	291.636291504
0.119002267574	291.973388672
0.121904761905	292.479766846
0.124807256236	292.648773193
0.127709750567	292.817840576
0.130612244898	292.817840576
0.133514739229	292.817840576
0.13641723356	292.648773193
0.139319727891	292.479766846
0.142222222222	292.479766846
0.145124716553	292.479766846
0.148027210884	292.479766846
0.150929705215	292.817840576
0.153832199546	292.987030029
0.156734693878	292.987030029
0.159637188209	293.156341553
0.16253968254	292.987030029
0.165442176871	292.817840576
0.168344671202	292.648773193
0.171247165533	292.479766846
0.174149659864	292.479766846
0.177052154195	292.479766846
0.179954648526	292.648773193
0.182857142857	292.648773193
0.185759637188	292.648773193
0.188662131519	292.648773193
0.19156462585	292.310882568
0.194467120181	292.142089844
0.197369614512	291.973388672
0.200272108844	291.973388672
0.203174603175	291.973388672
0.206077097506	292.142089844
0.208979591837	292.142089844
0.211882086168	292.479766846
0.214784580499	292.479766846
0.21768707483	292.648773193
0.220589569161	292.648773193
0.223492063492	292.648773193
0.226394557823	292.648773193
0.229297052154	292.648773193
0.232199546485	292.817840576
0.235102040816	292.987030029
0.238004535147	293.156341553
0.240907029478	293.156341553
0.24380952381	293.156341553
0.246712018141	293.325714111
0.249614512472	293.156341553
0.252517006803	293.156341553
0.255419501134	293.156341553
0.258321995465	293.156341553
0.261224489796	293.156341553
0.264126984127	293.156341553
0.267029478458	293.156341553
0.269931972789	293.156341553
0.27283446712	293.156341553
0.275736961451	293.156341553
0.278639455782	293.156341553
0.281541950113	292.987030029
0.284444444444	292.987030029
0.287346938776	292.987030029
0.290249433107	292.817840576
0.293151927438	292.817840576
0.296054421769	292.817840576
0.2989569161	292.987030029
0.301859410431	292.987030029
0.304761904762	292.987030029
0.307664399093	292.987030029
0.310566893424	292.987030029
0.313469387755	292.987030029
0.316371882086	292.987030029
0.319274376417	292.987030029
0.322176870748	292.987030029
0.325079365079	292.987030029
0.32798185941	292.817840576
0.330884353741	292.817840576
0.333786848073	292.817840576
0.336689342404	292.817840576
0.339591836735	292.817840576
0.342494331066	292.817840576
0.345396825397	292.817840576
0.348299319728	292.817840576
0.351201814059	292.817840576
0.35410430839	292.987030029
0.357006802721	292.987030029
0.359909297052	292.987030029
0.362811791383	292.987030029
0.365714285714	292.987030029
0.368616780045	292.817840576
0.371519274376	292.817840576
0.374421768707	292.817840576
0.377324263039	292.817840576
0.38022675737	292.817840576
0.383129251701	292.817840576
0.386031746032	292.817840576
0.388934240363	292.817840576
0.391836734694	292.817840576
0.394739229025	292.817840576
0.397641723356	292.817840576
0.400544217687	292.817840576
0.403446712018	292.987030029
0.406349206349	293.156341553
0.40925170068	293.495178223
0.412154195011	293.664764404
0.415056689342	293.495178223
0.417959183673	292.987030029
0.420861678005	291.636291504
0.423764172336	290.291748047
0.426666666667	289.621795654
0.429569160998	330.963043213
0.432471655329	330.963043213
0.43537414966	330.580932617
0.438276643991	329.818023682
0.441179138322	328.107879639
0.444081632653	326.783874512
0.446984126984	326.783874512
0.449886621315	327.350646973
0.452789115646	328.107879639
0.455691609977	328.297454834
0.458594104308	328.107879639
0.461496598639	327.918395996
0.464399092971	327.350646973
0.467301587302	326.406585693
0.470204081633	325.841461182
0.473106575964	325.277313232
0.476009070295	325.465240479
0.478911564626	326.595184326
0.481814058957	327.539794922
0.484716553288	328.297454834
0.487619047619	328.676940918
0.49052154195	328.866821289
0.493424036281	328.866821289
0.496326530612	328.487121582
0.499229024943	327.729034424
0.502131519274	327.350646973
0.505034013605	326.972686768
0.507936507937	326.972686768
0.510839002268	327.161621094
0.513741496599	327.350646973
0.51664399093	327.350646973
0.519546485261	327.161621094
0.522448979592	327.161621094
0.525351473923	326.783874512
0.528253968254	326.406585693
0.531156462585	326.218109131
0.534058956916	326.218109131
0.536961451247	326.218109131
0.539863945578	326.783874512
0.542766439909	327.161621094
0.54566893424	327.539794922
0.548571428571	327.729034424
0.551473922902	327.918395996
0.554376417234	327.918395996
0.557278911565	327.918395996
0.560181405896	327.918395996
0.563083900227	328.107879639
0.565986394558	328.487121582
0.568888888889	328.866821289
0.57179138322	329.056854248
0.574693877551	329.24697876
0.577596371882	329.056854248
0.580498866213	328.866821289
0.583401360544	328.487121582
0.586303854875	328.107879639
0.589206349206	328.107879639
0.592108843537	328.107879639
0.595011337868	328.297454834
0.5979138322	328.487121582
0.600816326531	328.487121582
0.603718820862	328.487121582
0.606621315193	328.297454834
0.609523809524	328.107879639
0.612426303855	328.107879639
0.615328798186	327.918395996
0.618231292517	327.918395996
0.621133786848	327.918395996
0.624036281179	328.297454834
0.62693877551	328.487121582
0.629841269841	328.676940918
0.632743764172	328.866821289
0.635646258503	328.866821289
0.638548752834	328.676940918
0.641451247166	328.487121582
0.644353741497	328.107879639
0.647256235828	327.729034424
0.650158730159	327.350646973
0.65306122449	327.350646973
0.655963718821	327.350646973
0.658866213152	327.539794922
0.661768707483	327.729034424
0.664671201814	327.918395996
0.667573696145	328.107879639
0.670476190476	328.107879639
0.673378684807	327.918395996
0.676281179138	327.918395996
0.679183673469	327.729034424
0.6820861678	327.539794922
0.684988662132	327.539794922
0.687891156463	327.539794922
0.690793650794	327.539794922
0.693696145125	327.729034424
0.696598639456	327.918395996
0.699501133787	327.918395996
0.702403628118	327.918395996
0.705306122449	327.729034424
0.70820861678	327.539794922
0.711111111111	327.350646973
0.714013605442	327.350646973
0.716916099773	327.539794922
0.719818594104	327.539794922
0.722721088435	327.539794922
0.725623582766	327.539794922
0.728526077098	327.539794922
0.731428571429	327.350646973
0.73433106576	327.161621094
0.737233560091	327.161621094
0.740136054422	326.972686768
0.743038548753	327.161621094
0.745941043084	327.350646973
0.748843537415	327.539794922
0.751746031746	327.729034424
0.754648526077	327.918395996
0.757551020408	327.729034424
0.760453514739	327.350646973
0.76335600907	326.972686768
0.766258503401	326.783874512
0.769160997732	326.783874512
0.772063492063	326.972686768
0.774965986395	327.161621094
0.777868480726	327.729034424
0.780770975057	328.107879639
0.783673469388	328.487121582
0.786575963719	328.676940918
0.78947845805	328.487121582
0.792380952381	328.107879639
0.795283446712	327.729034424
0.798185941043	327.539794922
0.801088435374	327.350646973
0.803990929705	327.539794922
0.806893424036	327.918395996
0.809795918367	328.107879639
0.812698412698	328.107879639
0.815600907029	328.107879639
0.818503401361	327.918395996
0.821405895692	327.729034424
0.824308390023	327.350646973
0.827210884354	327.161621094
0.830113378685	327.161621094
0.833015873016	327.350646973
0.835918367347	327.539794922
0.838820861678	327.918395996
0.841723356009	327.918395996
0.84462585034	327.918395996
0.847528344671	327.729034424
0.850430839002	327.539794922
0.853333333333	327.350646973
0.856235827664	327.350646973
0.859138321995	327.350646973
0.862040816327	327.539794922
0.864943310658	327.539794922
0.867845804989	327.539794922
0.87074829932	327.539794922
0.873650793651	327.350646973
0.876553287982	327.161621094
0.879455782313	327.161621094
0.882358276644	326.972686768
0.885260770975	327.161621094
0.888163265306	327.350646973
0.891065759637	327.539794922
0.893968253968	327.729034424
0.896870748299	327.729034424
0.89977324263	327.729034424
0.902675736961	327.729034424
0.905578231293	327.539794922
0.908480725624	327.350646973
0.911383219955	327.161621094
0.914285714286	327.161621094
0.917188208617	327.161621094
0.920090702948	327.539794922
0.922993197279	327.539794922
0.92589569161	327.729034424
0.928798185941	327.729034424
0.931700680272	327.729034424
0.934603174603	327.539794922
0.937505668934	327.350646973
0.940408163265	327.161621094
0.943310657596	327.161621094
0.946213151927	327.161621094
0.949115646259	327.350646973
0.95201814059	327.539794922
0.954920634921	327.539794922
0.957823129252	327.729034424
0.960725623583	327.729034424
0.963628117914	327.539794922
0.966530612245	327.350646973
0.969433106576	327.350646973
0.972335600907	327.161621094
0.975238095238	327.161621094
0.978140589569	327.161621094
0.9810430839	327.161621094
0.983945578231	327.350646973
0.986848072562	327.350646973
0.989750566893	327.350646973
0.992653061224	327.350646973
0.995555555556	327.350646973
0.998458049887	327.161621094
1.00136054422	327.161621094
1.00426303855	327.161621094
1.00716553288	327.161621094
1.01006802721	327.161621094
1.01297052154	327.350646973
1.01587301587	327.350646973
1.0187755102	327.539794922
1.02167800454	327.539794922
1.02458049887	327.350646973
1.0274829932	327.350646973
1.03038548753	327.350646973
1.03328798186	327.350646973
1.03619047619	327.350646973
1.03909297052	327.350646973
1.04199546485	327.539794922
1.04489795918	327.539794922
1.04780045351	327.729034424
1.05070294785	327.729034424
1.05360544218	327.539794922
1.05650793651	327.539794922
1.05941043084	327.539794922
1.06231292517	327.350646973
1.0652154195	327.161621094
1.06811791383	327.161621094
1.07102040816	327.161621094
1.07392290249	327.350646973
1.07682539683	327.350646973
1.07972789116	327.539794922
1.08263038549	327.539794922
1.08553287982	327.539794922
1.08843537415	327.539794922
1.09133786848	327.350646973
1.09424036281	327.350646973
1.09714285714	327.350646973
1.10004535147	327.350646973
1.1029478458	327.350646973
1.10585034014	327.539794922
1.10875283447	327.539794922
1.1116553288	327.539794922
1.11455782313	327.539794922
1.11746031746	327.539794922
1.12036281179	327.539794922
1.12326530612	327.539794922
1.12616780045	327.350646973
1.12907029478	327.350646973
1.13197278912	327.350646973
1.13487528345	327.350646973
1.13777777778	327.350646973
1.14068027211	327.539794922
1.14358276644	327.539794922
1.14648526077	327.729034424
1.1493877551	327.729034424
1.15229024943	327.729034424
1.15519274376	327.729034424
1.1580952381	327.729034424
1.16099773243	327.729034424
1.16390022676	327.729034424
1.16680272109	327.729034424
1.16970521542	327.918395996
1.17260770975	327.918395996
1.17551020408	327.918395996
1.17841269841	327.539794922
1.18131519274	327.539794922
1.18421768707	327.729034424
1.18712018141	328.107879639
1.19002267574	329.24697876
1.19292517007	329.437225342
1.1958276644	335.389343262
1.19873015873	335.583129883
1.20163265306	338.112548828
1.20453514739	339.482421875
1.20743764172	341.054779053
1.21034013605	342.041229248
1.21324263039	343.427001953
1.21614512472	344.420288086
1.21904761905	345.416473389
1.22195011338	346.215484619
1.22485260771	346.415496826
1.22775510204	346.415496826
1.23065759637	346.215484619
1.2335600907	346.215484619
1.23646258503	346.415496826
1.23936507937	346.415496826
1.2422675737	346.215484619
1.24517006803	345.815734863
1.24807256236	345.416473389
1.25097505669	345.217010498
1.25387755102	345.017669678
1.25678004535	345.217010498
1.25968253968	345.416473389
1.26258503401	345.815734863
1.26548752834	346.215484619
1.26839002268	346.815948486
1.27129251701	347.016326904
1.27419501134	347.216827393
1.27709750567	347.016326904
1.28	346.615661621
1.28290249433	346.415496826
1.28580498866	345.815734863
1.28870748299	345.61605835
1.29160997732	345.61605835
1.29451247166	345.61605835
1.29741496599	345.815734863
1.30031746032	346.215484619
1.30321995465	346.815948486
1.30612244898	347.417449951
1.30902494331	348.019989014
1.31192743764	348.422271729
1.31482993197	348.422271729
1.3177324263	348.221069336
1.32063492063	347.819030762
1.32353741497	347.618164062
1.3264399093	347.417449951
1.32934240363	347.016326904
1.33224489796	347.016326904
1.33514739229	347.216827393
1.33804988662	347.216827393
1.34095238095	347.618164062
1.34385487528	348.019989014
1.34675736961	348.422271729
1.34965986395	348.623596191
1.35256235828	348.623596191
1.35546485261	348.422271729
1.35836734694	348.019989014
1.36126984127	347.618164062
1.3641723356	347.016326904
1.36707482993	346.815948486
1.36997732426	346.415496826
1.37287981859	346.215484619
1.37578231293	346.015533447
1.37868480726	346.015533447
1.38158730159	346.215484619
1.38448979592	346.415496826
1.38739229025	346.615661621
1.39029478458	347.016326904
1.39319727891	347.216827393
1.39609977324	347.417449951
1.39900226757	347.819030762
1.4019047619	347.819030762
1.40480725624	348.019989014
1.40770975057	348.019989014
1.4106122449	347.819030762
1.41351473923	347.819030762
1.41641723356	347.618164062
1.41931972789	347.417449951
1.42222222222	347.216827393
1.42512471655	347.016326904
1.42802721088	346.815948486
1.43092970522	346.815948486
1.43383219955	346.815948486
1.43673469388	347.016326904
1.43963718821	347.016326904
1.44253968254	347.216827393
1.44544217687	347.417449951
1.4483446712	347.417449951
1.45124716553	347.618164062
1.45414965986	347.618164062
1.4570521542	347.618164062
1.45995464853	347.819030762
1.46285714286	347.819030762
1.46575963719	347.618164062
1.46866213152	347.417449951
1.47156462585	347.417449951
1.47446712018	347.216827393
1.47736961451	346.815948486
1.48027210884	346.815948486
1.48317460317	346.615661621
1.48607709751	346.615661621
1.48897959184	346.615661621
1.49188208617	346.615661621
1.4947845805	346.815948486
1.49768707483	347.016326904
1.50058956916	347.216827393
1.50349206349	347.417449951
1.50639455782	347.417449951
1.50929705215	347.618164062
1.51219954649	347.417449951
1.51510204082	347.216827393
1.51800453515	347.216827393
1.52090702948	347.216827393
1.52380952381	347.016326904
1.52671201814	347.016326904
1.52961451247	347.216827393
1.5325170068	347.216827393
1.53541950113	347.216827393
1.53832199546	347.216827393
1.5412244898	347.216827393
1.54412698413	347.016326904
1.54702947846	347.016326904
1.54993197279	347.016326904
1.55283446712	347.016326904
1.55573696145	347.016326904
1.55863945578	347.216827393
1.56154195011	347.216827393
1.56444444444	347.216827393
1.56734693878	347.417449951
1.57024943311	347.618164062
1.57315192744	347.618164062
1.57605442177	347.417449951
1.5789569161	347.216827393
1.58185941043	347.216827393
1.58476190476	347.016326904
1.58766439909	346.815948486
1.59056689342	346.415496826
1.59346938776	346.415496826
1.59637188209	346.615661621
1.59927437642	346.415496826
1.60217687075	345.815734863
1.60507936508	346.215484619
1.60798185941	347.016326904
1.61088435374	418.918670654
1.61378684807	416.746520996
1.6166893424	414.346252441
1.61959183673	412.435974121
1.62249433107	410.771728516
1.6253968254	409.35055542
1.62829931973	408.405853271
1.63120181406	408.170013428
1.63410430839	408.641815186
1.63700680272	409.35055542
1.63990929705	410.060516357
1.64281179138	411.246520996
1.64571428571	412.197814941
1.64861678005	413.151306152
1.65151927438	414.585662842
1.65442176871	415.3046875
1.65732426304	415.544647217
1.66022675737	415.544647217
1.6631292517	415.3046875
1.66603174603	414.825195312
1.66893424036	414.106994629
1.67183673469	413.390014648
1.67473922902	412.197814941
1.67764172336	411.246520996
1.68054421769	410.060516357
1.68344671202	409.35055542
1.68634920635	408.877929688
1.68925170068	408.405853271
1.69215419501	409.11416626
1.69505668934	409.823730469
1.69795918367	411.009063721
1.700861678	411.959777832
1.70376417234	412.435974121
1.70666666667	412.912719727
1.709569161	413.390014648
1.71247165533	413.628875732
1.71537414966	413.628875732
1.71827664399	413.390014648
1.72117913832	413.390014648
1.72408163265	412.912719727
1.72698412698	412.674285889
1.72988662132	412.435974121
1.73278911565	412.435974121
1.73569160998	412.435974121
1.73859410431	412.435974121
1.74149659864	412.674285889
1.74439909297	412.912719727
1.7473015873	413.151306152
1.75020408163	413.151306152
1.75310657596	413.151306152
1.75600907029	413.151306152
1.75891156463	412.912719727
1.76181405896	412.912719727
1.76471655329	412.912719727
1.76761904762	412.912719727
1.77052154195	412.674285889
1.77342403628	412.435974121
1.77632653061	412.197814941
1.77922902494	411.959777832
1.78213151927	411.721893311
1.78503401361	411.721893311
1.78793650794	411.721893311
1.79083900227	411.721893311
1.7937414966	411.721893311
1.79664399093	411.959777832
1.79954648526	412.197814941
1.80244897959	412.435974121
1.80535147392	412.674285889
1.80825396825	413.151306152
1.81115646259	413.151306152
1.81405895692	413.151306152
1.81696145125	413.151306152
1.81986394558	412.912719727
1.82276643991	412.674285889
1.82566893424	412.435974121
1.82857142857	411.959777832
1.8314739229	411.959777832
1.83437641723	411.959777832
1.83727891156	411.959777832
1.8401814059	411.959777832
1.84308390023	411.959777832
1.84598639456	411.959777832
1.84888888889	412.197814941
1.85179138322	412.435974121
1.85469387755	412.674285889
1.85759637188	412.674285889
1.86049886621	412.674285889
1.86340136054	412.435974121
1.86630385488	412.435974121
1.86920634921	412.197814941
1.87210884354	412.197814941
1.87501133787	412.197814941
1.8779138322	411.959777832
1.88081632653	411.959777832
1.88371882086	411.959777832
1.88662131519	412.197814941
1.88952380952	412.197814941
1.89242630385	412.435974121
1.89532879819	412.435974121
1.89823129252	412.674285889
1.90113378685	412.912719727
1.90403628118	412.912719727
1.90693877551	412.912719727
1.90984126984	412.674285889
1.91274376417	412.674285889
1.9156462585	412.435974121
1.91854875283	412.435974121
1.92145124717	412.197814941
1.9243537415	411.959777832
1.92725623583	411.959777832
1.93015873016	411.959777832
1.93306122449	411.959777832
1.93596371882	411.959777832
1.93886621315	411.959777832
1.94176870748	411.959777832
1.94467120181	412.197814941
1.94757369615	412.197814941
1.95047619048	412.197814941
1.95337868481	412.197814941
1.95628117914	412.197814941
1.95918367347	412.197814941
1.9620861678	412.197814941
1.96498866213	412.197814941
1.96789115646	412.197814941
1.97079365079	412.197814941
1.97369614512	412.197814941
1.97659863946	412.197814941
1.97950113379	412.197814941
1.98240362812	412.197814941
1.98530612245	412.197814941
1.98820861678	412.197814941
1.99111111111	412.435974121
1.99401360544	412.435974121
1.99691609977	412.435974121
1.9998185941	412.435974121
2.00272108844	412.435974121
2.00562358277	412.435974121
2.0085260771	412.435974121
2.01142857143	412.435974121
2.01433106576	412.435974121
2.01723356009	412.435974121
2.02013605442	412.435974121
2.02303854875	412.197814941
2.02594104308	412.197814941
2.02884353741	412.197814941
2.03174603175	412.197814941
2.03464852608	412.197814941
2.03755102041	412.197814941
2.04045351474	412.197814941
2.04335600907	412.197814941
2.0462585034	412.197814941
2.04916099773	412.197814941
2.05206349206	412.197814941
2.05496598639	412.197814941
2.05786848073	412.197814941
2.06077097506	412.197814941
2.06367346939	412.197814941
2.06657596372	412.197814941
2.06947845805	412.197814941
2.07238095238	412.197814941
2.07528344671	412.197814941
2.07818594104	412.435974121
2.08108843537	412.435974121
2.08399092971	412.435974121
2.08689342404	412.435974121
2.08979591837	412.435974121
2.0926984127	412.435974121
2.09560090703	412.435974121
2.09850340136	412.435974121
2.10140589569	412.435974121
2.10430839002	412.435974121
2.10721088435	412.435974121
2.11011337868	412.435974121
2.11301587302	412.435974121
2.11591836735	412.435974121
2.11882086168	412.435974121
2.12172335601	412.435974121
2.12462585034	412.435974121
2.12752834467	412.435974121
2.130430839	412.435974121
2.13333333333	412.435974121
2.13623582766	412.435974121
2.139138322	412.435974121
2.14204081633	412.674285889
2.14494331066	412.674285889
2.14784580499	412.435974121
2.15074829932	412.435974121
2.15365079365	412.435974121
2.15655328798	412.435974121
2.15945578231	412.674285889
2.16235827664	412.674285889
2.16526077098	412.674285889
2.16816326531	412.912719727
2.17106575964	412.912719727
2.17396825397	412.912719727
2.1768707483	412.912719727
2.17977324263	412.912719727
2.18267573696	412.912719727
2.18557823129	412.912719727
2.18848072562	412.912719727
2.19138321995	412.674285889
2.19428571429	412.674285889
2.19718820862	412.674285889
2.20009070295	412.674285889
2.20299319728	412.674285889
2.20589569161	412.912719727
2.20879818594	412.912719727
2.21170068027	0.0
2.2146031746	0.0
2.21750566893	0.0
2.22040816327	0.0
2.2233106576	0.0
2.22621315193	0.0
2.22911564626	0.0
2.23201814059	0.0
2.23492063492	0.0
2.23782312925	0.0
2.24072562358	0.0
2.24362811791	0.0
2.24653061224	0.0
2.24943310658	0.0
2.25233560091	0.0
2.25523809524	0.0
2.25814058957	0.0
2.2610430839	0.0
2.26394557823	0.0
2.26684807256	0.0
2.26975056689	0.0
2.27265306122	0.0
2.27555555556	0.0
2.27845804989	0.0
2.28136054422	0.0
2.28426303855	0.0
2.28716553288	0.0
2.29006802721	0.0
2.29297052154	0.0
2.29587301587	0.0
2.2987755102	0.0
2.30167800454	0.0
2.30458049887	0.0
2.3074829932	0.0
2.31038548753	0.0
2.31328798186	0.0
2.31619047619	0.0
2.31909297052	0.0
2.32199546485	0.0
2.32489795918	0.0
2.32780045351	0.0
2.33070294785	0.0
2.33360544218	0.0
2.33650793651	437.213165283
2.33941043084	442.03793335
2.34231292517	444.855529785
2.3452154195	444.855529785
2.34811791383	444.341888428
2.35102040816	442.804595947
2.35392290249	441.527557373
2.35682539683	439.745910645
2.35972789116	437.718536377
2.36263038549	436.708374023
2.36553287982	436.204162598
2.36843537415	436.204162598
2.37133786848	436.708374023
2.37424036281	437.465789795
2.37714285714	438.224517822
2.38004535147	438.477722168
2.3829478458	438.477722168
2.38585034014	438.477722168
2.38875283447	438.477722168
2.3916553288	438.477722168
2.39455782313	438.731048584
2.39746031746	438.477722168
2.40036281179	438.731048584
2.40326530612	438.731048584
2.40616780045	438.477722168
2.40907029478	437.971466064
2.41197278912	437.971466064
2.41487528345	437.465789795
2.41777777778	437.465789795
2.42068027211	437.213165283
2.42358276644	437.213165283
2.42648526077	437.213165283
2.4293877551	437.213165283
2.43229024943	437.213165283
2.43519274376	437.213165283
2.4380952381	437.465789795
2.44099773243	437.465789795
2.44390022676	437.718536377
2.44680272109	437.971466064
2.44970521542	438.224517822
2.45260770975	438.224517822
2.45551020408	438.731048584
2.45841269841	438.984558105
2.46131519274	438.984558105
2.46421768707	439.238189697
2.46712018141	438.984558105
2.47002267574	438.984558105
2.47292517007	438.477722168
2.4758276644	438.224517822
2.47873015873	437.971466064
2.48163265306	437.718536377
2.48453514739	437.465789795
2.48743764172	437.213165283
2.49034013605	437.213165283
2.49324263039	436.960693359
2.49614512472	436.960693359
2.49904761905	436.960693359
2.50195011338	436.960693359
2.50485260771	437.213165283
2.50775510204	437.213165283
2.51065759637	437.465789795
2.5135600907	437.465789795
2.51646258503	437.465789795
2.51936507937	437.213165283
2.5222675737	437.213165283
2.52517006803	437.465789795
2.52807256236	437.465789795
2.53097505669	437.718536377
2.53387755102	437.971466064
2.53678004535	437.971466064
2.53968253968	437.971466064
2.54258503401	437.718536377
2.54548752834	437.718536377
2.54839002268	437.465789795
2.55129251701	437.465789795
2.55419501134	437.465789795
2.55709750567	437.465789795
2.56	437.465789795
2.56290249433	437.718536377
2.56580498866	437.718536377
2.56870748299	437.465789795
2.57160997732	437.465789795
2.57451247166	437.213165283
2.57741496599	437.213165283
2.58031746032	437.213165283
2.58321995465	436.960693359
2.58612244898	437.213165283
2.58902494331	436.960693359
2.59192743764	436.708374023
2.59482993197	436.960693359
2.5977324263	436.960693359
2.60063492063	436.960693359
2.60353741497	436.960693359
2.6064399093	436.960693359
2.60934240363	436.960693359
2.61224489796	436.960693359
2.61514739229	437.213165283
2.61804988662	437.213165283
2.62095238095	437.465789795
2.62385487528	437.465789795
2.62675736961	437.465789795
2.62965986395	437.718536377
2.63256235828	437.718536377
2.63546485261	437.718536377
2.63836734694	437.718536377
2.64126984127	437.718536377
2.6441723356	437.718536377
2.64707482993	437.465789795
2.64997732426	437.213165283
2.65287981859	437.213165283
2.65578231293	437.213165283
2.65868480726	437.213165283
2.66158730159	437.213165283
2.66448979592	437.213165283
2.66739229025	437.465789795
2.67029478458	437.465789795
2.67319727891	437.465789795
2.67609977324	437.718536377
2.67900226757	437.718536377
2.6819047619	437.718536377
2.68480725624	437.718536377
2.68770975057	437.718536377
2.6906122449	437.718536377
2.69351473923	437.971466064
2.69641723356	437.971466064
2.69931972789	437.718536377
2.70222222222	437.465789795
2.70512471655	437.465789795
2.70802721088	437.465789795
2.71092970522	437.213165283
2.71383219955	437.213165283
2.71673469388	437.213165283
2.71963718821	437.213165283
2.72253968254	437.213165283
2.72544217687	437.213165283
2.7283446712	437.213165283
2.73124716553	437.213165283
2.73414965986	437.213165283
2.7370521542	437.213165283
2.73995464853	437.213165283
2.74285714286	437.213165283
2.74575963719	437.213165283
2.74866213152	437.213165283
2.75156462585	437.213165283
2.75446712018	437.213165283
2.75736961451	437.213165283
2.76027210884	437.213165283
2.76317460317	437.213165283
2.76607709751	437.213165283
2.76897959184	437.213165283
2.77188208617	436.960693359
2.7747845805	436.960693359
2.77768707483	437.213165283
2.78058956916	437.213165283
2.78349206349	437.213165283
2.78639455782	436.960693359
2.78929705215	437.213165283
2.79219954649	437.213165283
2.79510204082	437.213165283
2.79800453515	437.213165283
2.80090702948	437.213165283
2.80380952381	437.465789795
2.80671201814	437.465789795
2.80961451247	437.465789795
2.8125170068	437.213165283
2.81541950113	437.465789795
2.81832199546	437.465789795
2.8212244898	437.213165283
2.82412698413	437.213165283
2.82702947846	437.213165283
2.82993197279	437.213165283
2.83283446712	437.213165283
2.83573696145	437.213165283
2.83863945578	437.465789795
2.84154195011	437.465789795
2.84444444444	437.465789795
2.84734693878	437.465789795
2.85024943311	437.465789795
2.85315192744	437.718536377
2.85605442177	437.465789795
2.8589569161	437.465789795
2.86185941043	437.465789795
2.86476190476	437.465789795
2.86766439909	437.465789795
2.87056689342	437.465789795
2.87346938776	437.465789795
2.87637188209	437.465789795
2.87927437642	437.465789795
2.88217687075	437.718536377
2.88507936508	437.718536377
2.88798185941	437.718536377
2.89088435374	437.718536377
2.89378684807	437.718536377
2.8966893424	437.718536377
2.89959183673	437.718536377
2.90249433107	437.718536377
2.9053968254	437.718536377
2.90829931973	437.718536377
2.91120181406	437.718536377
2.91410430839	437.718536377
2.91700680272	437.718536377
2.91990929705	437.718536377
2.92281179138	437.465789795
2.92571428571	437.465789795
2.92861678005	437.718536377
2.93151927438	437.718536377
2.93442176871	437.465789795
2.93732426304	437.465789795
2.94022675737	437.465789795
2.9431292517	437.718536377
2.94603174603	437.718536377
2.94893424036	437.718536377
2.95183673469	437.718536377
2.95473922902	437.718536377
2.95764172336	437.718536377
2.96054421769	437.465789795
2.96344671202	437.718536377
2.96634920635	437.718536377
2.96925170068	437.718536377
2.97215419501	437.718536377
2.97505668934	437.718536377
2.97795918367	437.718536377
2.980861678	437.718536377
2.98376417234	437.718536377
2.98666666667	437.718536377
2.989569161	437.718536377
2.99247165533	437.465789795
2.99537414966	437.465789795
2.99827664399	437.465789795
3.00117913832	437.465789795
3.00408163265	437.465789795
3.00698412698	437.465789795
3.00988662132	437.465789795
3.01278911565	437.465789795
3.01569160998	437.718536377
3.01859410431	437.718536377
3.02149659864	437.718536377
3.02439909297	437.718536377
3.0273015873	438.224517822
3.03020408163	438.984558105
3.03310657596	440.0
3.03600907029	441.017791748
3.03891156463	442.293334961
3.04181405896	442.804595947
3.04471655329	443.060455322
3.04761904762	441.527557373
3.05052154195	438.984558105
3.05342403628	436.204162598
3.05632653061	433.691802979
3.05922902494	431.443054199
3.06213151927	429.70211792
3.06503401361	427.968170166
3.06793650794	424.521270752
3.07083900227	421.345428467
3.0737414966	417.710540771
3.07664399093	414.585662842
3.07954648526	412.197814941
3.08244897959	410.771728516
3.08535147392	410.060516357
3.08825396825	409.823730469
3.09115646259	409.823730469
3.09405895692	409.823730469
3.09696145125	410.534515381
3.09986394558	411.009063721
3.10276643991	411.721893311
3.10566893424	412.197814941
3.10857142857	412.912719727
3.1114739229	413.390014648
3.11437641723	413.867858887
3.11727891156	414.106994629
3.1201814059	414.106994629
3.12308390023	413.628875732
3.12598639456	413.151306152
3.12888888889	412.435974121
3.13179138322	411.484161377
3.13469387755	410.060516357
3.13759637188	409.11416626
3.14049886621	407.934326172
3.14340136054	407.228027344
3.14630385488	406.992858887
3.14920634921	407.698760986
3.15210884354	408.877929688
3.15501133787	410.060516357
3.1579138322	411.484161377
3.16081632653	412.674285889
3.16371882086	413.390014648
3.16662131519	413.628875732
3.16952380952	413.628875732
3.17242630385	413.628875732
3.17532879819	413.390014648
3.17823129252	413.390014648
3.18113378685	413.151306152
3.18403628118	412.912719727
3.18693877551	412.674285889
3.18984126984	412.435974121
3.19274376417	412.674285889
3.1956462585	412.435974121
3.19854875283	412.674285889
3.20145124717	412.674285889
3.2043537415	412.912719727
3.20725623583	412.912719727
3.21015873016	413.151306152
3.21306122449	412.912719727
3.21596371882	412.912719727
3.21886621315	412.674285889
3.22176870748	412.912719727
3.22467120181	412.674285889
3.22757369615	412.674285889
3.23047619048	412.435974121
3.23337868481	412.435974121
3.23628117914	412.197814941
3.23918367347	412.197814941
3.2420861678	411.959777832
3.24498866213	411.721893311
3.24789115646	411.721893311
3.25079365079	411.721893311
3.25369614512	411.721893311
3.25659863946	411.959777832
3.25950113379	412.197814941
3.26240362812	412.435974121
3.26530612245	412.674285889
3.26820861678	412.912719727
3.27111111111	413.151306152
3.27401360544	413.151306152
3.27691609977	413.151306152
3.2798185941	412.912719727
3.28272108844	412.674285889
3.28562358277	412.435974121
3.2885260771	412.197814941
3.29142857143	411.721893311
3.29433106576	411.959777832
3.29723356009	411.721893311
3.30013605442	411.721893311
3.30303854875	411.959777832
3.30594104308	411.959777832
3.30884353741	412.197814941
3.31174603175	412.435974121
3.31464852608	412.674285889
3.31755102041	412.674285889
3.32045351474	412.674285889
3.32335600907	412.435974121
3.3262585034	412.435974121
3.32916099773	412.197814941
3.33206349206	412.197814941
3.33496598639	412.197814941
3.33786848073	412.197814941
3.34077097506	412.197814941
3.34367346939	412.197814941
3.34657596372	412.197814941
3.34947845805	412.197814941
3.35238095238	412.435974121
3.35528344671	412.674285889
3.35818594104	412.674285889
3.36108843537	412.674285889
3.36399092971	412.674285889
3.36689342404	412.674285889
3.36979591837	412.674285889
3.3726984127	412.435974121
3.37560090703	412.435974121
3.37850340136	412.197814941
3.38140589569	412.197814941
3.38430839002	411.959777832
3.38721088435	411.959777832
3.39011337868	411.959777832
3.39301587302	411.959777832
3.39591836735	411.959777832
3.39882086168	411.959777832
3.40172335601	411.959777832
3.40462585034	412.197814941
3.40752834467	412.197814941
3.410430839	412.197814941
3.41333333333	412.197814941
3.41623582766	412.197814941
3.419138322	412.197814941
3.42204081633	412.197814941
3.42494331066	412.197814941
3.42784580499	412.197814941
3.43074829932	412.197814941
3.43365079365	412.197814941
3.43655328798	412.197814941
3.43945578231	412.197814941
3.44235827664	412.197814941
3.44526077098	412.197814941
3.44816326531	412.197814941
3.45106575964	412.435974121
3.45396825397	412.435974121
3.4568707483	412.435974121
3.45977324263	412.435974121
3.46267573696	412.435974121
3.46557823129	412.435974121
3.46848072562	412.435974121
3.47138321995	412.435974121
3.47428571429	412.435974121
3.47718820862	412.435974121
3.48009070295	412.197814941
3.48299319728	412.197814941
3.48589569161	412.197814941
3.48879818594	412.197814941
3.49170068027	412.197814941
3.4946031746	412.197814941
3.49750566893	412.197814941
3.50040816327	412.197814941
3.5033106576	412.197814941
3.50621315193	412.197814941
3.50911564626	412.197814941
3.51201814059	412.435974121
3.51492063492	412.435974121
3.51782312925	412.435974121
3.52072562358	412.435974121
3.52362811791	412.435974121
3.52653061224	412.435974121
3.52943310658	412.435974121
3.53233560091	412.197814941
3.53523809524	412.197814941
3.53814058957	412.197814941
3.5410430839	412.435974121
3.54394557823	412.912719727
3.54684807256	413.390014648
3.54975056689	413.628875732
3.55265306122	413.151306152
3.55555555556	413.390014648
3.55845804989	413.390014648
3.56136054422	412.912719727
3.56426303855	412.197814941
3.56716553288	341.843719482
3.57006802721	343.427001953
3.57297052154	344.619293213
3.57587301587	345.217010498
3.5787755102	346.215484619
3.58167800454	347.216827393
3.58458049887	347.819030762
3.5874829932	347.819030762
3.59038548753	347.417449951
3.59328798186	347.016326904
3.59619047619	347.016326904
3.59909297052	347.016326904
3.60199546485	346.815948486
3.60489795918	346.215484619
3.60780045351	345.61605835
3.61070294785	345.217010498
3.61360544218	345.217010498
3.61650793651	345.217010498
3.61941043084	345.61605835
3.62231292517	345.815734863
3.6252154195	346.415496826
3.62811791383	347.016326904
3.63102040816	347.417449951
3.63392290249	347.417449951
3.63682539683	347.216827393
3.63972789116	347.016326904
3.64263038549	346.415496826
3.64553287982	346.015533447
3.64843537415	345.61605835
3.65133786848	345.416473389
3.65424036281	345.416473389
3.65714285714	345.61605835
3.66004535147	345.815734863
3.6629478458	346.615661621
3.66585034014	347.216827393
3.66875283447	347.618164062
3.6716553288	348.221069336
3.67455782313	348.422271729
3.67746031746	348.422271729
3.68036281179	348.019989014
3.68326530612	348.019989014
3.68616780045	347.618164062
3.68907029478	347.417449951
3.69197278912	347.216827393
3.69487528345	347.216827393
3.69777777778	347.216827393
3.70068027211	347.417449951
3.70358276644	347.819030762
3.70648526077	348.221069336
3.7093877551	348.221069336
3.71229024943	348.422271729
3.71519274376	348.422271729
3.7180952381	348.221069336
3.72099773243	348.019989014
3.72390022676	348.019989014
3.72680272109	347.618164062
3.72970521542	347.016326904
3.73260770975	345.815734863
3.73551020408	344.420288086
3.73841269841	342.041229248
3.74131519274	339.67855835
3.74421768707	337.917297363
3.74712018141	337.332244873
3.75002267574	335.777038574
3.75292517007	335.195678711
3.7558276644	334.422088623
3.75873015873	333.457641602
3.76163265306	330.390045166
3.76453514739	328.676940918
3.76743764172	327.539794922
3.77034013605	327.729034424
3.77324263039	327.161621094
3.77614512472	325.465240479
3.77904761905	328.107879639
3.78195011338	330.390045166
3.78485260771	330.771942139
3.78775510204	330.963043213
3.79065759637	330.771942139
3.7935600907	330.580932617
3.79646258503	330.008575439
3.79936507937	329.056854248
3.8022675737	328.487121582
3.80517006803	328.107879639
3.80807256236	327.729034424
3.81097505669	327.918395996
3.81387755102	327.918395996
3.81678004535	328.107879639
3.81968253968	327.918395996
3.82258503401	327.918395996
3.82548752834	327.918395996
3.82839002268	327.918395996
3.83129251701	328.297454834
3.83419501134	328.487121582
3.83709750567	328.676940918
3.84	328.487121582
3.84290249433	327.729034424
3.84580498866	326.783874512
3.84870748299	326.029724121
3.85160997732	325.653289795
3.85451247166	325.841461182
3.85741496599	326.218109131
3.86031746032	326.783874512
3.86321995465	327.729034424
3.86612244898	328.487121582
3.86902494331	329.24697876
3.87192743764	329.627563477
3.87482993197	329.818023682
3.8777324263	329.818023682
3.88063492063	330.008575439
3.88353741497	329.818023682
3.8864399093	329.818023682
3.88934240363	329.437225342
3.89224489796	329.24697876
3.89514739229	328.676940918
3.89804988662	328.297454834
3.90095238095	328.107879639
3.90385487528	327.729034424
3.90675736961	327.539794922
3.90965986395	327.350646973
3.91256235828	327.350646973
3.91546485261	327.539794922
3.91836734694	327.729034424
3.92126984127	327.918395996
3.9241723356	328.487121582
3.92707482993	328.866821289
3.92997732426	329.056854248
3.93287981859	329.437225342
3.93578231293	329.627563477
3.93868480726	329.627563477
3.94158730159	329.437225342
3.94448979592	329.056854248
3.94739229025	328.676940918
3.95029478458	328.107879639
3.95319727891	327.729034424
3.95609977324	327.350646973
3.95900226757	327.161621094
3.9619047619	327.161621094
3.96480725624	327.350646973
3.96770975057	327.539794922
3.9706122449	327.729034424
3.97351473923	327.918395996
3.97641723356	328.107879639
3.97931972789	328.297454834
3.98222222222	328.487121582
3.98512471655	328.676940918
3.98802721088	328.487121582
3.99092970522	328.487121582
3.99383219955	328.107879639
3.99673469388	327.918395996
3.99963718821	327.539794922
4.00253968254	327.350646973
4.00544217687	327.161621094
4.0083446712	327.161621094
4.01124716553	327.161621094
4.01414965986	327.161621094
4.0170521542	327.350646973
4.01995464853	327.350646973
4.02285714286	327.350646973
4.02575963719	327.350646973
4.02866213152	327.350646973
4.03156462585	327.539794922
4.03446712018	327.539794922
4.03736961451	327.729034424
4.04027210884	327.918395996
4.04317460317	327.918395996
4.04607709751	327.729034424
4.04897959184	327.539794922
4.05188208617	327.539794922
4.0547845805	327.350646973
4.05768707483	327.350646973
4.06058956916	327.161621094
4.06349206349	327.350646973
4.06639455782	327.161621094
4.06929705215	327.161621094
4.07219954649	326.972686768
4.07510204082	326.972686768
4.07800453515	326.783874512
4.08090702948	325.841461182
4.08380952381	325.089477539
4.08671201814	323.403839111
4.08961451247	322.471160889
4.0925170068	321.912841797
4.09541950113	341.054779053
4.09832199546	341.054779053
4.1012244898	340.07119751
4.10412698413	336.165161133
4.10702947846	336.165161133
4.10993197279	337.722167969
4.11283446712	339.67855835
4.11573696145	341.251861572
4.11863945578	342.634429932
4.12154195011	343.823974609
4.12444444444	344.420288086
4.12734693878	345.416473389
4.13024943311	346.015533447
4.13315192744	346.615661621
4.13605442177	346.815948486
4.1389569161	346.815948486
4.14185941043	346.415496826
4.14476190476	346.015533447
4.14766439909	345.61605835
4.15056689342	345.416473389
4.15346938776	345.815734863
4.15637188209	346.215484619
4.15927437642	346.615661621
4.16217687075	347.216827393
4.16507936508	347.417449951
4.16798185941	347.417449951
4.17088435374	347.216827393
4.17378684807	346.615661621
4.1766893424	346.215484619
4.17959183673	345.61605835
4.18249433107	345.217010498
4.1853968254	344.81842041
4.18829931973	344.81842041
4.19120181406	345.017669678
4.19410430839	345.416473389
4.19700680272	346.215484619
4.19990929705	347.016326904
4.20281179138	348.019989014
4.20571428571	348.623596191
4.20861678005	349.026580811
4.21151927438	349.026580811
4.21442176871	349.026580811
4.21732426304	348.623596191
4.22022675737	348.221069336
4.2231292517	347.417449951
4.22603174603	346.815948486
4.22893424036	346.415496826
4.23183673469	346.215484619
4.23473922902	346.215484619
4.23764172336	346.615661621
4.24054421769	347.016326904
4.24344671202	347.618164062
4.24634920635	348.019989014
4.24925170068	348.422271729
4.25215419501	348.623596191
4.25505668934	348.623596191
4.25795918367	348.221069336
4.260861678	348.019989014
4.26376417234	347.618164062
4.26666666667	347.216827393
4.269569161	346.815948486
4.27247165533	346.615661621
4.27537414966	346.415496826
4.27827664399	346.215484619
4.28117913832	346.215484619
4.28408163265	346.215484619
4.28698412698	346.215484619
4.28988662132	346.415496826
4.29278911565	346.615661621
4.29569160998	347.016326904
4.29859410431	347.216827393
4.30149659864	347.417449951
4.30439909297	347.819030762
4.3073015873	348.019989014
4.31020408163	348.019989014
4.31310657596	348.019989014
4.31600907029	348.019989014
4.31891156463	347.618164062
4.32181405896	347.417449951
4.32471655329	347.216827393
4.32761904762	347.016326904
4.33052154195	347.016326904
4.33342403628	346.815948486
4.33632653061	347.016326904
4.33922902494	347.016326904
4.34213151927	347.216827393
4.34503401361	347.417449951
4.34793650794	347.417449951
4.35083900227	347.417449951
4.3537414966	347.618164062
4.35664399093	347.819030762
4.35954648526	347.819030762
4.36244897959	347.819030762
4.36535147392	347.618164062
4.36825396825	347.417449951
4.37115646259	347.216827393
4.37405895692	347.016326904
4.37696145125	346.815948486
4.37986394558	346.815948486
4.38276643991	346.615661621
4.38566893424	346.615661621
4.38857142857	346.615661621
4.3914739229	346.815948486
4.39437641723	347.016326904
4.39727891156	347.216827393
4.4001814059	347.417449951
4.40308390023	347.417449951
4.40598639456	347.618164062
4.40888888889	347.618164062
4.41179138322	347.417449951
4.41469387755	347.417449951
4.41759637188	347.417449951
4.42049886621	347.417449951
4.42340136054	347.417449951
4.42630385488	347.417449951
4.42920634921	347.216827393
4.43210884354	347.216827393
4.43501133787	347.216827393
4.4379138322	347.016326904
4.44081632653	346.815948486
4.44371882086	347.016326904
4.44662131519	347.016326904
4.44952380952	347.016326904
4.45242630385	347.417449951
4.45532879819	347.819030762
4.45823129252	348.422271729
4.46113378685	348.623596191
4.46403628118	348.221069336
4.46693877551	347.618164062
4.46984126984	346.615661621
4.47274376417	293.834442139
4.4756462585	293.664764404
4.47854875283	293.495178223
4.48145124717	293.495178223
4.4843537415	293.325714111
4.48725623583	292.648773193
4.49015873016	291.973388672
4.49306122449	291.299560547
4.49596371882	291.299560547
4.49886621315	291.804779053
4.50176870748	292.310882568
4.50467120181	292.648773193
4.50757369615	292.817840576
4.51047619048	292.648773193
4.51337868481	292.648773193
4.51628117914	292.648773193
4.51918367347	292.817840576
4.5220861678	292.817840576
4.52498866213	292.479766846
4.52789115646	292.310882568
4.53079365079	292.142089844
4.53369614512	292.142089844
4.53659863946	291.804779053
4.53950113379	291.636291504
4.54240362812	291.636291504
4.54530612245	291.46786499
4.54820861678	291.636291504
4.55111111111	291.973388672
4.55401360544	292.142089844
4.55691609977	292.648773193
4.5598185941	292.817840576
4.56272108844	292.817840576
4.56562358277	292.648773193
4.5685260771	292.648773193
4.57142857143	292.648773193
4.57433106576	292.648773193
4.57723356009	292.648773193
4.58013605442	292.648773193
4.58303854875	292.817840576
4.58594104308	292.987030029
4.58884353741	293.156341553
4.59174603175	293.325714111
4.59464852608	293.325714111
4.59755102041	293.156341553
4.60045351474	292.817840576
4.60335600907	292.648773193
4.6062585034	292.479766846
4.60916099773	292.648773193
4.61206349206	292.648773193
4.61496598639	292.817840576
4.61786848073	292.817840576
4.62077097506	292.817840576
4.62367346939	292.648773193
4.62657596372	292.479766846
4.62947845805	292.142089844
4.63238095238	291.973388672
4.63528344671	291.804779053
4.63818594104	291.804779053
4.64108843537	292.142089844
4.64399092971	292.310882568
4.64689342404	292.648773193
4.64979591837	292.648773193
4.6526984127	292.817840576
4.65560090703	292.817840576
4.65850340136	292.817840576
4.66140589569	292.987030029
4.66430839002	292.987030029
4.66721088435	293.156341553
4.67011337868	293.156341553
4.67301587302	293.325714111
4.67591836735	293.495178223
4.67882086168	293.664764404
4.68172335601	293.664764404
4.68462585034	293.664764404
4.68752834467	293.495178223
4.690430839	293.495178223
4.69333333333	293.495178223
4.69623582766	293.325714111
4.699138322	293.325714111
4.70204081633	293.495178223
4.70494331066	293.495178223
4.70784580499	293.495178223
4.71074829932	293.495178223
4.71365079365	293.325714111
4.71655328798	293.325714111
4.71945578231	292.987030029
4.72235827664	292.987030029
4.72526077098	292.817840576
4.72816326531	292.817840576
4.73106575964	292.817840576
4.73396825397	292.987030029
4.7368707483	292.987030029
4.73977324263	292.987030029
4.74267573696	292.817840576
4.74557823129	292.817840576
4.74848072562	292.817840576
4.75138321995	292.817840576
4.75428571429	292.987030029
4.75718820862	292.987030029
4.76009070295	292.987030029
4.76299319728	292.817840576
4.76589569161	292.817840576
4.76879818594	292.817840576
4.77170068027	292.817840576
4.7746031746	292.648773193
4.77750566893	292.648773193
4.78040816327	292.648773193
4.7833106576	292.648773193
4.78621315193	292.817840576
4.78911564626	292.817840576
4.79201814059	292.817840576
4.79492063492	292.987030029
4.79782312925	292.987030029
4.80072562358	292.987030029
4.80362811791	292.987030029
4.80653061224	292.987030029
4.80943310658	292.817840576
4.81233560091	292.817840576
4.81523809524	292.817840576
4.81814058957	292.817840576
4.8210430839	292.817840576
4.82394557823	292.817840576
4.82684807256	292.817840576
4.82975056689	292.817840576
4.83265306122	292.817840576
4.83555555556	292.987030029
4.83845804989	292.987030029
4.84136054422	293.156341553
4.84426303855	293.156341553
4.84716553288	293.156341553
4.85006802721	293.156341553
4.85297052154	292.987030029
4.85587301587	292.987030029
4.8587755102	292.817840576
4.86167800454	292.817840576
4.86458049887	292.817840576
4.8674829932	292.648773193
4.87038548753	292.648773193
4.87328798186	292.648773193
4.87619047619	292.648773193
4.87909297052	292.648773193
4.88199546485	292.648773193
4.88489795918	292.648773193
4.88780045351	292.648773193
4.89070294785	292.648773193
4.89360544218	292.648773193
4.89650793651	292.648773193
4.89941043084	292.817840576
4.90231292517	292.817840576
4.9052154195	292.817840576
4.90811791383	292.817840576
4.91102040816	292.817840576
4.91392290249	292.648773193
4.91682539683	292.479766846
4.91972789116	292.479766846
4.92263038549	292.479766846
4.92553287982	292.648773193
4.92843537415	292.479766846
4.93133786848	292.479766846
4.93424036281	292.310882568
4.93714285714	292.310882568
4.94004535147	292.310882568
4.9429478458	292.310882568
4.94585034014	292.310882568
4.94875283447	292.310882568
4.9516553288	292.310882568
4.95455782313	292.479766846
4.95746031746	292.479766846
4.96036281179	292.479766846
4.96326530612	292.479766846
4.96616780045	292.479766846
4.96907029478	292.479766846
4.97197278912	292.479766846
4.97487528345	292.479766846
4.97777777778	292.479766846
4.98068027211	292.479766846
4.98358276644	292.479766846
4.98648526077	292.648773193
4.9893877551	292.648773193
4.99229024943	292.648773193
4.99519274376	292.648773193
4.9980952381	292.648773193
5.00099773243	292.648773193
5.00390022676	292.479766846
5.00680272109	292.479766846
5.00970521542	292.479766846
5.01260770975	292.648773193
5.01551020408	292.648773193
5.01841269841	292.648773193
5.02131519274	292.648773193
5.02421768707	292.817840576
5.02712018141	292.817840576
5.03002267574	292.817840576
5.03292517007	292.817840576
5.0358276644	292.817840576
5.03873015873	292.817840576
5.04163265306	292.817840576
5.04453514739	292.817840576
5.04743764172	292.648773193
5.05034013605	292.648773193
5.05324263039	292.648773193
5.05614512472	292.648773193
5.05904761905	292.648773193
5.06195011338	292.648773193
5.06485260771	292.817840576
5.06775510204	292.817840576
5.07065759637	292.817840576
5.0735600907	292.817840576
5.07646258503	292.817840576
5.07936507937	292.817840576
5.0822675737	292.817840576
5.08517006803	292.817840576
5.08807256236	292.987030029
5.09097505669	292.987030029
5.09387755102	292.817840576
5.09678004535	292.817840576
5.09968253968	292.817840576
5.10258503401	292.817840576
5.10548752834	292.817840576
5.10839002268	292.817840576
5.11129251701	292.817840576
5.11419501134	292.987030029
5.11709750567	292.987030029
5.12	292.987030029
5.12290249433	292.987030029
5.12580498866	292.987030029
5.12870748299	292.987030029
5.13160997732	292.987030029
5.13451247166	292.987030029
5.13741496599	292.987030029
5.14031746032	292.987030029
5.14321995465	292.987030029
5.14612244898	292.817840576
5.14902494331	292.817840576
5.15192743764	292.817840576
5.15482993197	292.987030029
5.1577324263	292.987030029
5.16063492063	292.817840576
5.16353741497	292.817840576
5.1664399093	292.817840576
5.16934240363	292.817840576
5.17224489796	292.817840576
5.17514739229	292.817840576
5.17804988662	292.648773193
5.18095238095	292.648773193
5.18385487528	292.648773193
5.18675736961	292.648773193
5.18965986395	292.648773193
5.19256235828	292.648773193
5.19546485261	292.817840576
5.19836734694	292.817840576
5.20126984127	292.817840576
5.2041723356	292.817840576
5.20707482993	292.817840576
5.20997732426	292.817840576
5.21287981859	292.648773193
5.21578231293	292.648773193
5.21868480726	292.648773193
5.22158730159	292.648773193
5.22448979592	292.648773193
5.22739229025	292.648773193
5.23029478458	292.648773193
5.23319727891	292.648773193
5.23609977324	292.648773193
5.23900226757	292.817840576
5.2419047619	292.817840576
5.24480725624	292.817840576
5.24770975057	292.817840576
5.2506122449	292.817840576
5.25351473923	292.987030029
5.25641723356	292.987030029
5.25931972789	292.987030029
5.26222222222	292.817840576
5.26512471655	292.817840576
5.26802721088	292.648773193
5.27092970522	292.648773193
5.27383219955	292.648773193
5.27673469388	292.648773193
5.27963718821	292.648773193
5.28253968254	292.817840576
5.28544217687	292.817840576
5.2883446712	292.987030029
5.29124716553	293.156341553
5.29414965986	293.325714111
5.2970521542	293.325714111
5.29995464853	293.325714111
5.30285714286	293.495178223
5.30575963719	293.495178223
5.30866213152	293.664764404
5.31156462585	293.495178223
5.31446712018	293.495178223
5.31736961451	0.0
5.32027210884	0.0
5.32317460317	0.0
5.32607709751	0.0
5.32897959184	0.0
5.33188208617	0.0
5.3347845805	0.0
5.33768707483	0.0
5.34058956916	0.0
5.34349206349	0.0
5.34639455782	0.0
5.34929705215	0.0
5.35219954649	0.0
5.35510204082	0.0
5.35800453515	0.0
5.36090702948	0.0
5.36380952381	0.0
5.36671201814	0.0
5.36961451247	0.0
5.3725170068	0.0
5.37541950113	0.0
5.37832199546	0.0
5.3812244898	0.0
5.38412698413	0.0
5.38702947846	0.0
