0.0	0.0
0.00290249433107	0.0
0.00580498866213	0.0
0.0087074829932	0.0
0.0116099773243	0.0
0.0145124716553	0.0
0.0174149659864	0.0
0.0203174603175	319.135742188
0.0232199546485	320.058776855
0.0261224489796	321.169952393
0.0290249433107	322.284973145
0.0319274376417	323.217102051
0.0348299319728	324.714141846
0.0377324263039	325.841461182
0.0406349206349	327.161621094
0.043537414966	328.107879639
0.0464399092971	328.676940918
0.0493424036281	329.056854248
0.0522448979592	328.487121582
0.0551473922902	327.729034424
0.0580498866213	326.972686768
0.0609523809524	326.406585693
0.0638548752834	326.029724121
0.0667573696145	326.029724121
0.0696598639456	326.029724121
0.0725623582766	326.595184326
0.0754648526077	327.350646973
0.0783673469388	328.107879639
0.0812698412698	328.487121582
0.0841723356009	328.676940918
0.087074829932	328.487121582
0.089977324263	328.297454834
0.0928798185941	328.297454834
0.0957823129252	328.297454834
0.0986848072562	328.487121582
0.101587301587	328.487121582
0.104489795918	328.487121582
0.107392290249	328.676940918
0.11029478458	328.676940918
0.113197278912	328.297454834
0.116099773243	327.918395996
0.119002267574	327.729034424
0.121904761905	327.350646973
0.124807256236	327.161621094
0.127709750567	327.161621094
0.130612244898	327.161621094
0.133514739229	327.161621094
0.13641723356	327.161621094
0.139319727891	327.350646973
0.142222222222	327.539794922
0.145124716553	327.729034424
0.148027210884	327.729034424
0.150929705215	327.918395996
0.153832199546	327.918395996
0.156734693878	328.107879639
0.159637188209	327.918395996
0.16253968254	328.107879639
0.165442176871	328.107879639
0.168344671202	328.107879639
0.171247165533	328.297454834
0.174149659864	328.107879639
0.177052154195	328.297454834
0.179954648526	328.297454834
0.182857142857	328.297454834
0.185759637188	328.297454834
0.188662131519	328.107879639
0.19156462585	327.918395996
0.194467120181	327.729034424
0.197369614512	327.539794922
0.200272108844	327.539794922
0.203174603175	327.539794922
0.206077097506	327.539794922
0.208979591837	327.539794922
0.211882086168	327.539794922
0.214784580499	327.539794922
0.21768707483	327.539794922
0.220589569161	327.729034424
0.223492063492	327.918395996
0.226394557823	327.918395996
0.229297052154	327.918395996
0.232199546485	327.918395996
0.235102040816	327.918395996
0.238004535147	327.729034424
0.240907029478	327.539794922
0.24380952381	327.539794922
0.246712018141	327.350646973
0.249614512472	327.350646973
0.252517006803	327.539794922
0.255419501134	327.539794922
0.258321995465	327.539794922
0.261224489796	327.539794922
0.264126984127	327.539794922
0.267029478458	327.539794922
0.269931972789	327.539794922
0.27283446712	327.350646973
0.275736961451	327.350646973
0.278639455782	327.350646973
0.281541950113	327.161621094
0.284444444444	327.161621094
0.287346938776	327.161621094
0.290249433107	326.972686768
0.293151927438	326.972686768
0.296054421769	327.161621094
0.2989569161	327.350646973
0.301859410431	327.350646973
0.304761904762	327.350646973
0.307664399093	327.350646973
0.310566893424	327.350646973
0.313469387755	327.161621094
0.316371882086	327.350646973
0.319274376417	327.350646973
0.322176870748	327.350646973
0.325079365079	327.539794922
0.32798185941	327.350646973
0.330884353741	327.350646973
0.333786848073	327.350646973
0.336689342404	327.350646973
0.339591836735	327.161621094
0.342494331066	327.161621094
0.345396825397	327.161621094
0.348299319728	327.161621094
0.351201814059	327.161621094
0.35410430839	327.161621094
0.357006802721	327.161621094
0.359909297052	327.161621094
0.362811791383	327.161621094
0.365714285714	327.161621094
0.368616780045	327.161621094
0.371519274376	327.161621094
0.374421768707	327.161621094
0.377324263039	327.350646973
0.38022675737	327.539794922
0.383129251701	327.539794922
0.386031746032	327.729034424
0.388934240363	327.729034424
0.391836734694	327.729034424
0.394739229025	327.729034424
0.397641723356	327.729034424
0.400544217687	327.729034424
0.403446712018	327.729034424
0.406349206349	327.729034424
0.40925170068	327.918395996
0.412154195011	327.918395996
0.415056689342	327.918395996
0.417959183673	327.918395996
0.420861678005	327.729034424
0.423764172336	327.729034424
0.426666666667	327.729034424
0.429569160998	327.729034424
0.432471655329	327.539794922
0.43537414966	327.539794922
0.438276643991	327.539794922
0.441179138322	327.539794922
0.444081632653	327.729034424
0.446984126984	327.729034424
0.449886621315	327.729034424
0.452789115646	327.918395996
0.455691609977	328.297454834
0.458594104308	328.866821289
0.461496598639	329.627563477
0.464399092971	330.963043213
0.467301587302	333.265075684
0.470204081633	336.748199463
0.473106575964	341.054779053
0.476009070295	344.022644043
0.478911564626	345.217010498
0.481814058957	346.215484619
0.484716553288	347.216827393
0.487619047619	347.819030762
0.49052154195	347.016326904
0.493424036281	345.416473389
0.496326530612	344.420288086
0.499229024943	343.823974609
0.502131519274	343.625427246
0.505034013605	343.625427246
0.507936507937	343.823974609
0.510839002268	344.619293213
0.513741496599	345.217010498
0.51664399093	346.215484619
0.519546485261	346.615661621
0.522448979592	347.216827393
0.525351473923	347.618164062
0.528253968254	347.819030762
0.531156462585	348.221069336
0.534058956916	348.422271729
0.536961451247	348.422271729
0.539863945578	348.221069336
0.542766439909	348.019989014
0.54566893424	347.618164062
0.548571428571	347.016326904
0.551473922902	346.415496826
0.554376417234	345.815734863
0.557278911565	345.416473389
0.560181405896	345.017669678
0.563083900227	345.017669678
0.565986394558	345.017669678
0.568888888889	345.217010498
0.57179138322	345.815734863
0.574693877551	346.215484619
0.577596371882	346.815948486
0.580498866213	347.618164062
0.583401360544	348.019989014
0.586303854875	348.221069336
0.589206349206	348.422271729
0.592108843537	348.422271729
0.595011337868	348.019989014
0.5979138322	347.618164062
0.600816326531	347.016326904
0.603718820862	346.615661621
0.606621315193	346.415496826
0.609523809524	346.415496826
0.612426303855	346.215484619
0.615328798186	346.615661621
0.618231292517	347.016326904
0.621133786848	347.417449951
0.624036281179	347.819030762
0.62693877551	348.019989014
0.629841269841	348.221069336
0.632743764172	348.221069336
0.635646258503	348.221069336
0.638548752834	348.019989014
0.641451247166	347.618164062
0.644353741497	347.417449951
0.647256235828	347.216827393
0.650158730159	347.016326904
0.65306122449	346.815948486
0.655963718821	346.615661621
0.658866213152	346.615661621
0.661768707483	346.815948486
0.664671201814	346.815948486
0.667573696145	347.016326904
0.670476190476	347.216827393
0.673378684807	347.216827393
0.676281179138	347.417449951
0.679183673469	347.618164062
0.6820861678	347.417449951
0.684988662132	347.417449951
0.687891156463	347.417449951
0.690793650794	347.216827393
0.693696145125	347.216827393
0.696598639456	347.216827393
0.699501133787	347.216827393
0.702403628118	347.417449951
0.705306122449	347.618164062
0.70820861678	347.618164062
0.711111111111	347.618164062
0.714013605442	347.618164062
0.716916099773	347.417449951
0.719818594104	347.216827393
0.722721088435	347.016326904
0.725623582766	347.016326904
0.728526077098	347.016326904
0.731428571429	346.815948486
0.73433106576	346.815948486
0.737233560091	346.815948486
0.740136054422	347.016326904
0.743038548753	347.216827393
0.745941043084	347.216827393
0.748843537415	347.216827393
0.751746031746	347.216827393
0.754648526077	347.216827393
0.757551020408	347.216827393
0.760453514739	347.216827393
0.76335600907	347.216827393
0.766258503401	347.216827393
0.769160997732	347.216827393
0.772063492063	347.016326904
0.774965986395	347.016326904
0.777868480726	346.815948486
0.780770975057	346.815948486
0.783673469388	346.815948486
0.786575963719	346.815948486
0.78947845805	347.016326904
0.792380952381	347.016326904
0.795283446712	347.016326904
0.798185941043	347.216827393
0.801088435374	347.216827393
0.803990929705	347.216827393
0.806893424036	347.216827393
0.809795918367	347.216827393
0.812698412698	347.016326904
0.815600907029	347.016326904
0.818503401361	347.016326904
0.821405895692	347.016326904
0.824308390023	347.016326904
0.827210884354	347.216827393
0.830113378685	347.216827393
0.833015873016	347.417449951
0.835918367347	347.417449951
0.838820861678	347.417449951
0.841723356009	347.417449951
0.84462585034	347.417449951
0.847528344671	347.417449951
0.850430839002	347.216827393
0.853333333333	347.216827393
0.856235827664	347.216827393
0.859138321995	347.016326904
0.862040816327	347.016326904
0.864943310658	347.016326904
0.867845804989	347.016326904
0.87074829932	347.016326904
0.873650793651	347.016326904
0.876553287982	347.216827393
0.879455782313	347.216827393
0.882358276644	347.216827393
0.885260770975	347.216827393
0.888163265306	347.417449951
0.891065759637	347.618164062
0.893968253968	348.019989014
0.896870748299	348.422271729
0.89977324263	348.825012207
0.902675736961	349.228240967
0.905578231293	348.825012207
0.908480725624	348.019989014
0.911383219955	346.815948486
0.914285714286	345.416473389
0.917188208617	345.416473389
0.920090702948	346.015533447
0.922993197279	392.902191162
0.92589569161	392.448547363
0.928798185941	392.448547363
0.931700680272	393.35635376
0.934603174603	394.038574219
0.937505668934	394.721984863
0.940408163265	394.721984863
0.943310657596	394.950042725
0.946213151927	394.266235352
0.949115646259	393.583618164
0.95201814059	392.902191162
0.954920634921	392.675292969
0.957823129252	392.675292969
0.960725623583	392.448547363
0.963628117914	392.221923828
0.966530612245	391.769073486
0.969433106576	391.090789795
0.972335600907	390.864929199
0.975238095238	390.864929199
0.978140589569	390.639221191
0.9810430839	390.864929199
0.983945578231	391.090789795
0.986848072562	391.316741943
0.989750566893	391.090789795
0.992653061224	391.090789795
0.995555555556	391.316741943
0.998458049887	391.54284668
1.00136054422	391.769073486
1.00426303855	391.769073486
1.00716553288	391.769073486
1.01006802721	391.54284668
1.01297052154	391.316741943
1.01587301587	391.090789795
1.0187755102	390.639221191
1.02167800454	390.639221191
1.02458049887	390.639221191
1.0274829932	390.639221191
1.03038548753	390.864929199
1.03328798186	391.090789795
1.03619047619	391.316741943
1.03909297052	391.54284668
1.04199546485	391.54284668
1.04489795918	391.54284668
1.04780045351	391.54284668
1.05070294785	391.769073486
1.05360544218	391.769073486
1.05650793651	391.54284668
1.05941043084	391.316741943
1.06231292517	391.090789795
1.0652154195	390.864929199
1.06811791383	390.864929199
1.07102040816	390.639221191
1.07392290249	390.639221191
1.07682539683	390.864929199
1.07972789116	390.864929199
1.08263038549	391.090789795
1.08553287982	391.316741943
1.08843537415	391.54284668
1.09133786848	391.769073486
1.09424036281	391.769073486
1.09714285714	391.769073486
1.10004535147	391.54284668
1.1029478458	391.54284668
1.10585034014	391.316741943
1.10875283447	391.090789795
1.1116553288	391.090789795
1.11455782313	391.090789795
1.11746031746	391.316741943
1.12036281179	391.316741943
1.12326530612	391.316741943
1.12616780045	391.54284668
1.12907029478	391.54284668
1.13197278912	391.769073486
1.13487528345	391.769073486
1.13777777778	391.769073486
1.14068027211	391.995422363
1.14358276644	391.995422363
1.14648526077	391.995422363
1.1493877551	391.995422363
1.15229024943	391.995422363
1.15519274376	391.995422363
1.1580952381	391.995422363
1.16099773243	391.995422363
1.16390022676	391.769073486
1.16680272109	391.769073486
1.16970521542	391.769073486
1.17260770975	391.54284668
1.17551020408	391.54284668
1.17841269841	391.54284668
1.18131519274	391.54284668
1.18421768707	391.54284668
1.18712018141	391.54284668
1.19002267574	391.316741943
1.19292517007	391.316741943
1.1958276644	391.090789795
1.19873015873	391.090789795
1.20163265306	391.090789795
1.20453514739	391.090789795
1.20743764172	390.864929199
1.21034013605	390.864929199
1.21324263039	390.639221191
1.21614512472	390.639221191
1.21904761905	390.639221191
1.22195011338	390.639221191
1.22485260771	390.864929199
1.22775510204	391.090789795
1.23065759637	391.090789795
1.2335600907	391.316741943
1.23646258503	391.090789795
1.23936507937	391.090789795
1.2422675737	391.090789795
1.24517006803	391.090789795
1.24807256236	391.090789795
1.25097505669	391.090789795
1.25387755102	391.316741943
1.25678004535	391.316741943
1.25968253968	391.090789795
1.26258503401	391.090789795
1.26548752834	391.090789795
1.26839002268	391.090789795
1.27129251701	391.090789795
1.27419501134	391.316741943
1.27709750567	391.316741943
1.28	391.54284668
1.28290249433	391.316741943
1.28580498866	391.316741943
1.28870748299	391.316741943
1.29160997732	391.316741943
1.29451247166	391.54284668
1.29741496599	391.54284668
1.30031746032	391.316741943
1.30321995465	391.316741943
1.30612244898	391.316741943
1.30902494331	391.316741943
1.31192743764	391.090789795
1.31482993197	391.090789795
1.3177324263	391.090789795
1.32063492063	391.090789795
1.32353741497	391.54284668
1.3264399093	391.995422363
1.32934240363	392.221923828
1.33224489796	392.221923828
1.33514739229	391.54284668
1.33804988662	391.316741943
1.34095238095	327.350646973
1.34385487528	327.161621094
1.34675736961	327.539794922
1.34965986395	328.676940918
1.35256235828	329.627563477
1.35546485261	330.008575439
1.35836734694	329.818023682
1.36126984127	329.437225342
1.3641723356	329.056854248
1.36707482993	328.297454834
1.36997732426	327.161621094
1.37287981859	326.218109131
1.37578231293	325.841461182
1.37868480726	325.653289795
1.38158730159	325.653289795
1.38448979592	326.406585693
1.38739229025	327.161621094
1.39029478458	327.918395996
1.39319727891	328.676940918
1.39609977324	329.056854248
1.39900226757	329.056854248
1.4019047619	328.866821289
1.40480725624	328.487121582
1.40770975057	328.297454834
1.4106122449	328.297454834
1.41351473923	328.297454834
1.41641723356	328.487121582
1.41931972789	328.487121582
1.42222222222	328.487121582
1.42512471655	328.297454834
1.42802721088	328.107879639
1.43092970522	327.729034424
1.43383219955	327.161621094
1.43673469388	326.972686768
1.43963718821	326.972686768
1.44253968254	326.972686768
1.44544217687	326.972686768
1.4483446712	327.161621094
1.45124716553	327.161621094
1.45414965986	327.350646973
1.4570521542	327.539794922
1.45995464853	327.729034424
1.46285714286	327.918395996
1.46575963719	327.918395996
1.46866213152	328.107879639
1.47156462585	328.107879639
1.47446712018	328.107879639
1.47736961451	328.107879639
1.48027210884	328.107879639
1.48317460317	328.107879639
1.48607709751	328.107879639
1.48897959184	328.297454834
1.49188208617	328.487121582
1.4947845805	328.297454834
1.49768707483	328.297454834
1.50058956916	328.107879639
1.50349206349	328.107879639
1.50639455782	327.918395996
1.50929705215	327.729034424
1.51219954649	327.729034424
1.51510204082	327.539794922
1.51800453515	327.539794922
1.52090702948	327.729034424
1.52380952381	327.729034424
1.52671201814	327.729034424
1.52961451247	327.729034424
1.5325170068	327.729034424
1.53541950113	327.729034424
1.53832199546	327.918395996
1.5412244898	327.918395996
1.54412698413	327.918395996
1.54702947846	327.729034424
1.54993197279	327.539794922
1.55283446712	327.539794922
1.55573696145	327.350646973
1.55863945578	327.350646973
1.56154195011	327.350646973
1.56444444444	327.350646973
1.56734693878	327.539794922
1.57024943311	327.539794922
1.57315192744	327.539794922
1.57605442177	327.539794922
1.5789569161	327.539794922
1.58185941043	327.539794922
1.58476190476	327.539794922
1.58766439909	327.350646973
1.59056689342	327.350646973
1.59346938776	327.161621094
1.59637188209	327.161621094
1.59927437642	327.161621094
1.60217687075	327.161621094
1.60507936508	327.161621094
1.60798185941	327.161621094
1.61088435374	327.161621094
1.61378684807	327.350646973
1.6166893424	327.350646973
1.61959183673	327.350646973
1.62249433107	327.350646973
1.6253968254	327.539794922
1.62829931973	327.539794922
1.63120181406	327.539794922
1.63410430839	327.539794922
1.63700680272	327.539794922
1.63990929705	327.539794922
1.64281179138	327.539794922
1.64571428571	327.539794922
1.64861678005	327.539794922
1.65151927438	327.539794922
1.65442176871	327.350646973
1.65732426304	327.350646973
1.66022675737	327.350646973
1.6631292517	327.350646973
1.66603174603	327.350646973
1.66893424036	327.350646973
1.67183673469	327.350646973
1.67473922902	327.539794922
1.67764172336	327.350646973
1.68054421769	327.350646973
1.68344671202	327.350646973
1.68634920635	327.350646973
1.68925170068	327.539794922
1.69215419501	327.539794922
1.69505668934	327.729034424
1.69795918367	327.729034424
1.700861678	327.918395996
1.70376417234	327.918395996
1.70666666667	327.918395996
1.709569161	327.918395996
1.71247165533	327.729034424
1.71537414966	327.918395996
1.71827664399	327.918395996
1.72117913832	328.107879639
1.72408163265	328.297454834
1.72698412698	328.297454834
1.72988662132	328.297454834
1.73278911565	328.107879639
1.73569160998	327.539794922
1.73859410431	327.350646973
1.74149659864	327.161621094
1.74439909297	326.783874512
1.7473015873	326.783874512
1.75020408163	326.972686768
1.75310657596	327.161621094
1.75600907029	327.539794922
1.75891156463	327.918395996
1.76181405896	328.487121582
1.76471655329	328.866821289
1.76761904762	329.627563477
1.77052154195	330.390045166
1.77342403628	330.771942139
1.77632653061	332.880310059
1.77922902494	335.195678711
1.78213151927	337.917297363
1.78503401361	340.07119751
1.78793650794	341.449005127
1.79083900227	343.625427246
1.7937414966	345.416473389
1.79664399093	347.016326904
1.79954648526	347.819030762
1.80244897959	348.221069336
1.80535147392	348.422271729
1.80825396825	348.422271729
1.81115646259	348.422271729
1.81405895692	348.221069336
1.81696145125	347.417449951
1.81986394558	346.615661621
1.82276643991	346.015533447
1.82566893424	345.416473389
1.82857142857	345.217010498
1.8314739229	345.217010498
1.83437641723	345.416473389
1.83727891156	346.015533447
1.8401814059	346.415496826
1.84308390023	347.016326904
1.84598639456	347.417449951
1.84888888889	347.618164062
1.85179138322	347.618164062
1.85469387755	347.618164062
1.85759637188	347.417449951
1.86049886621	347.216827393
1.86340136054	347.016326904
1.86630385488	346.615661621
1.86920634921	346.215484619
1.87210884354	346.215484619
1.87501133787	346.015533447
1.8779138322	346.215484619
1.88081632653	346.415496826
1.88371882086	346.615661621
1.88662131519	347.016326904
1.88952380952	347.216827393
1.89242630385	347.417449951
1.89532879819	347.417449951
1.89823129252	347.417449951
1.90113378685	347.216827393
1.90403628118	347.216827393
1.90693877551	347.216827393
1.90984126984	347.417449951
1.91274376417	347.618164062
1.9156462585	347.819030762
1.91854875283	348.221069336
1.92145124717	348.221069336
1.9243537415	348.422271729
1.92725623583	348.422271729
1.93015873016	348.221069336
1.93306122449	347.819030762
1.93596371882	347.618164062
1.93886621315	347.216827393
1.94176870748	346.815948486
1.94467120181	346.815948486
1.94757369615	346.615661621
1.95047619048	346.615661621
1.95337868481	346.615661621
1.95628117914	346.815948486
1.95918367347	347.016326904
1.9620861678	347.216827393
1.96498866213	347.417449951
1.96789115646	347.417449951
1.97079365079	347.618164062
1.97369614512	347.618164062
1.97659863946	347.618164062
1.97950113379	347.618164062
1.98240362812	347.618164062
1.98530612245	347.618164062
1.98820861678	347.618164062
1.99111111111	347.417449951
1.99401360544	347.417449951
1.99691609977	347.216827393
1.9998185941	347.216827393
2.00272108844	347.216827393
2.00562358277	347.417449951
2.0085260771	347.417449951
2.01142857143	347.618164062
2.01433106576	347.618164062
2.01723356009	347.618164062
2.02013605442	347.417449951
2.02303854875	347.216827393
2.02594104308	347.216827393
2.02884353741	347.016326904
2.03174603175	346.815948486
2.03464852608	347.016326904
2.03755102041	346.815948486
2.04045351474	347.016326904
2.04335600907	347.016326904
2.0462585034	347.016326904
2.04916099773	347.216827393
2.05206349206	347.216827393
2.05496598639	347.216827393
2.05786848073	347.216827393
2.06077097506	347.417449951
2.06367346939	347.216827393
2.06657596372	347.216827393
2.06947845805	347.216827393
2.07238095238	347.216827393
2.07528344671	347.216827393
2.07818594104	347.216827393
2.08108843537	347.216827393
2.08399092971	347.016326904
2.08689342404	347.016326904
2.08979591837	347.016326904
2.0926984127	347.016326904
2.09560090703	347.016326904
2.09850340136	347.016326904
2.10140589569	347.216827393
2.10430839002	347.216827393
2.10721088435	347.216827393
2.11011337868	347.216827393
2.11301587302	347.216827393
2.11591836735	347.216827393
2.11882086168	347.216827393
2.12172335601	347.216827393
2.12462585034	347.216827393
2.12752834467	347.216827393
2.130430839	347.216827393
2.13333333333	347.216827393
2.13623582766	347.216827393
2.139138322	347.216827393
2.14204081633	347.216827393
2.14494331066	347.216827393
2.14784580499	347.216827393
2.15074829932	347.016326904
2.15365079365	347.016326904
2.15655328798	347.016326904
2.15945578231	347.016326904
2.16235827664	347.016326904
2.16526077098	347.016326904
2.16816326531	347.016326904
2.17106575964	347.016326904
2.17396825397	347.016326904
2.1768707483	347.216827393
2.17977324263	347.216827393
2.18267573696	347.016326904
2.18557823129	347.016326904
2.18848072562	347.016326904
2.19138321995	347.016326904
2.19428571429	347.016326904
2.19718820862	347.016326904
2.20009070295	347.016326904
2.20299319728	347.016326904
2.20589569161	347.016326904
2.20879818594	347.016326904
2.21170068027	347.016326904
2.2146031746	347.216827393
2.21750566893	347.216827393
2.22040816327	347.216827393
2.2233106576	347.216827393
2.22621315193	347.417449951
2.22911564626	347.417449951
2.23201814059	347.417449951
2.23492063492	347.216827393
2.23782312925	347.216827393
2.24072562358	347.016326904
2.24362811791	346.815948486
2.24653061224	347.016326904
2.24943310658	347.016326904
2.25233560091	347.016326904
2.25523809524	347.016326904
2.25814058957	347.016326904
2.2610430839	347.016326904
2.26394557823	347.016326904
2.26684807256	347.216827393
2.26975056689	347.216827393
2.27265306122	347.216827393
2.27555555556	347.216827393
2.27845804989	347.216827393
2.28136054422	347.216827393
2.28426303855	347.216827393
2.28716553288	347.016326904
2.29006802721	347.016326904
2.29297052154	347.216827393
2.29587301587	347.216827393
2.2987755102	347.216827393
2.30167800454	347.216827393
2.30458049887	347.016326904
2.3074829932	347.016326904
2.31038548753	347.016326904
2.31328798186	347.016326904
2.31619047619	347.016326904
2.31909297052	347.016326904
2.32199546485	347.016326904
2.32489795918	347.016326904
2.32780045351	347.016326904
2.33070294785	347.016326904
2.33360544218	347.016326904
2.33650793651	347.016326904
2.33941043084	347.016326904
2.34231292517	347.016326904
2.3452154195	347.016326904
2.34811791383	347.016326904
2.35102040816	347.016326904
2.35392290249	347.016326904
2.35682539683	347.016326904
2.35972789116	347.016326904
2.36263038549	347.016326904
2.36553287982	347.016326904
2.36843537415	347.016326904
2.37133786848	347.016326904
2.37424036281	347.016326904
2.37714285714	347.016326904
2.38004535147	347.016326904
2.3829478458	347.016326904
2.38585034014	347.216827393
2.38875283447	347.016326904
2.3916553288	347.016326904
2.39455782313	347.016326904
2.39746031746	347.016326904
2.40036281179	347.016326904
2.40326530612	347.016326904
2.40616780045	347.016326904
2.40907029478	347.016326904
2.41197278912	347.016326904
2.41487528345	347.016326904
2.41777777778	346.815948486
2.42068027211	347.016326904
2.42358276644	347.016326904
2.42648526077	347.016326904
2.4293877551	347.016326904
2.43229024943	347.016326904
2.43519274376	347.016326904
2.4380952381	347.016326904
2.44099773243	347.016326904
2.44390022676	347.016326904
2.44680272109	347.016326904
2.44970521542	347.016326904
2.45260770975	347.016326904
2.45551020408	347.016326904
2.45841269841	347.016326904
2.46131519274	347.016326904
2.46421768707	347.016326904
2.46712018141	346.815948486
2.47002267574	346.815948486
2.47292517007	346.815948486
2.4758276644	346.815948486
2.47873015873	346.815948486
2.48163265306	346.815948486
2.48453514739	346.815948486
2.48743764172	346.815948486
2.49034013605	346.815948486
2.49324263039	346.815948486
2.49614512472	347.016326904
2.49904761905	347.016326904
2.50195011338	347.016326904
2.50485260771	347.016326904
2.50775510204	347.016326904
2.51065759637	346.815948486
2.5135600907	346.815948486
2.51646258503	346.815948486
2.51936507937	346.815948486
2.5222675737	346.815948486
2.52517006803	346.815948486
2.52807256236	346.815948486
2.53097505669	347.016326904
2.53387755102	347.016326904
2.53678004535	346.815948486
2.53968253968	346.615661621
2.54258503401	346.815948486
2.54548752834	346.815948486
2.54839002268	346.815948486
2.55129251701	347.016326904
2.55419501134	347.016326904
2.55709750567	347.016326904
2.56	347.016326904
2.56290249433	347.016326904
2.56580498866	346.815948486
2.56870748299	346.815948486
2.57160997732	346.615661621
2.57451247166	346.615661621
2.57741496599	346.815948486
2.58031746032	346.815948486
2.58321995465	347.016326904
2.58612244898	347.016326904
2.58902494331	346.815948486
2.59192743764	346.815948486
2.59482993197	346.615661621
2.5977324263	346.615661621
2.60063492063	346.815948486
2.60353741497	346.615661621
2.6064399093	346.615661621
2.60934240363	347.016326904
2.61224489796	347.016326904
2.61514739229	347.216827393
2.61804988662	347.417449951
2.62095238095	347.417449951
2.62385487528	347.216827393
2.62675736961	347.216827393
2.62965986395	347.016326904
2.63256235828	347.016326904
2.63546485261	346.815948486
2.63836734694	346.615661621
2.64126984127	347.216827393
2.6441723356	348.825012207
2.64707482993	349.228240967
2.64997732426	294.854553223
2.65287981859	295.024932861
2.65578231293	294.854553223
2.65868480726	294.684295654
2.66158730159	294.344055176
2.66448979592	293.664764404
2.66739229025	292.987030029
2.67029478458	292.310882568
2.67319727891	291.804779053
2.67609977324	291.299560547
2.67900226757	291.131347656
2.6819047619	291.299560547
2.68480725624	291.973388672
2.68770975057	292.648773193
2.6906122449	293.156341553
2.69351473923	293.664764404
2.69641723356	293.834442139
2.69931972789	293.834442139
2.70222222222	293.834442139
2.70512471655	293.664764404
2.70802721088	293.495178223
2.71092970522	293.325714111
2.71383219955	292.987030029
2.71673469388	292.817840576
2.71963718821	292.479766846
2.72253968254	292.479766846
2.72544217687	292.479766846
2.7283446712	292.479766846
2.73124716553	292.479766846
2.73414965986	292.648773193
2.7370521542	292.987030029
2.73995464853	293.156341553
2.74285714286	293.325714111
2.74575963719	293.325714111
2.74866213152	293.325714111
2.75156462585	293.156341553
2.75446712018	292.817840576
2.75736961451	292.648773193
2.76027210884	292.479766846
2.76317460317	292.479766846
2.76607709751	292.648773193
2.76897959184	292.817840576
2.77188208617	293.156341553
2.7747845805	293.495178223
2.77768707483	293.495178223
2.78058956916	293.495178223
2.78349206349	293.495178223
2.78639455782	293.325714111
2.78929705215	292.987030029
2.79219954649	292.987030029
2.79510204082	292.817840576
2.79800453515	292.817840576
2.80090702948	292.817840576
2.80380952381	292.817840576
2.80671201814	292.648773193
2.80961451247	292.648773193
2.8125170068	292.479766846
2.81541950113	292.310882568
2.81832199546	292.310882568
2.8212244898	292.310882568
2.82412698413	292.479766846
2.82702947846	292.479766846
2.82993197279	292.648773193
2.83283446712	292.817840576
2.83573696145	292.817840576
2.83863945578	292.817840576
2.84154195011	292.817840576
2.84444444444	292.817840576
2.84734693878	292.817840576
2.85024943311	292.817840576
2.85315192744	292.817840576
2.85605442177	292.987030029
2.8589569161	292.987030029
2.86185941043	293.156341553
2.86476190476	293.156341553
2.86766439909	293.325714111
2.87056689342	293.325714111
2.87346938776	293.325714111
2.87637188209	293.325714111
2.87927437642	293.325714111
2.88217687075	293.156341553
2.88507936508	293.156341553
2.88798185941	292.987030029
2.89088435374	292.987030029
2.89378684807	292.817840576
2.8966893424	292.817840576
2.89959183673	292.817840576
2.90249433107	292.648773193
2.9053968254	292.648773193
2.90829931973	292.648773193
2.91120181406	292.648773193
2.91410430839	292.817840576
2.91700680272	292.817840576
2.91990929705	292.817840576
2.92281179138	292.987030029
2.92571428571	292.987030029
2.92861678005	292.817840576
2.93151927438	292.817840576
2.93442176871	292.817840576
2.93732426304	292.817840576
2.94022675737	292.817840576
2.9431292517	292.817840576
2.94603174603	292.817840576
2.94893424036	292.817840576
2.95183673469	292.817840576
2.95473922902	292.648773193
2.95764172336	292.648773193
2.96054421769	292.648773193
2.96344671202	292.648773193
2.96634920635	292.648773193
2.96925170068	292.648773193
2.97215419501	292.648773193
2.97505668934	292.817840576
2.97795918367	292.817840576
2.980861678	292.817840576
2.98376417234	292.817840576
2.98666666667	292.817840576
2.989569161	292.648773193
2.99247165533	292.648773193
2.99537414966	292.648773193
2.99827664399	292.817840576
3.00117913832	292.817840576
3.00408163265	292.817840576
3.00698412698	292.648773193
3.00988662132	292.648773193
3.01278911565	292.648773193
3.01569160998	292.648773193
3.01859410431	292.648773193
3.02149659864	292.648773193
3.02439909297	292.648773193
3.0273015873	292.648773193
3.03020408163	292.648773193
3.03310657596	292.817840576
3.03600907029	292.648773193
3.03891156463	292.648773193
3.04181405896	292.648773193
3.04471655329	292.648773193
3.04761904762	292.648773193
3.05052154195	292.648773193
3.05342403628	292.817840576
3.05632653061	292.817840576
3.05922902494	292.817840576
3.06213151927	292.648773193
3.06503401361	292.648773193
3.06793650794	292.648773193
3.07083900227	292.648773193
3.0737414966	292.648773193
3.07664399093	292.648773193
3.07954648526	292.648773193
3.08244897959	292.648773193
3.08535147392	292.817840576
3.08825396825	292.817840576
3.09115646259	292.648773193
3.09405895692	292.648773193
3.09696145125	292.648773193
3.09986394558	292.648773193
3.10276643991	292.648773193
3.10566893424	292.817840576
3.10857142857	292.817840576
3.1114739229	292.817840576
3.11437641723	292.817840576
3.11727891156	292.817840576
3.1201814059	292.817840576
3.12308390023	292.817840576
3.12598639456	292.817840576
3.12888888889	292.817840576
3.13179138322	292.648773193
3.13469387755	292.648773193
3.13759637188	292.648773193
3.14049886621	292.648773193
3.14340136054	292.648773193
3.14630385488	292.648773193
3.14920634921	292.648773193
3.15210884354	292.648773193
3.15501133787	292.648773193
3.1579138322	292.648773193
3.16081632653	292.817840576
3.16371882086	292.817840576
3.16662131519	292.817840576
3.16952380952	292.817840576
3.17242630385	292.817840576
3.17532879819	292.648773193
3.17823129252	292.648773193
3.18113378685	292.648773193
3.18403628118	292.648773193
3.18693877551	292.648773193
3.18984126984	292.817840576
3.19274376417	292.817840576
3.1956462585	292.817840576
3.19854875283	292.817840576
3.20145124717	292.817840576
3.2043537415	292.987030029
3.20725623583	292.987030029
3.21015873016	292.817840576
3.21306122449	292.817840576
3.21596371882	292.817840576
3.21886621315	292.817840576
3.22176870748	292.817840576
3.22467120181	292.987030029
3.22757369615	292.987030029
3.23047619048	292.987030029
3.23337868481	292.817840576
3.23628117914	292.817840576
3.23918367347	292.648773193
3.2420861678	292.648773193
3.24498866213	292.648773193
3.24789115646	292.648773193
3.25079365079	292.648773193
3.25369614512	292.648773193
3.25659863946	292.648773193
3.25950113379	292.648773193
3.26240362812	292.648773193
3.26530612245	292.648773193
3.26820861678	292.817840576
3.27111111111	292.648773193
3.27401360544	292.648773193
3.27691609977	292.648773193
3.2798185941	292.817840576
3.28272108844	292.817840576
3.28562358277	292.817840576
3.2885260771	292.817840576
3.29142857143	292.817840576
3.29433106576	292.648773193
3.29723356009	292.648773193
3.30013605442	292.817840576
3.30303854875	292.817840576
3.30594104308	292.817840576
3.30884353741	292.817840576
3.31174603175	292.817840576
3.31464852608	292.817840576
3.31755102041	292.817840576
3.32045351474	292.817840576
3.32335600907	292.817840576
3.3262585034	292.817840576
3.32916099773	292.817840576
3.33206349206	292.817840576
3.33496598639	292.817840576
3.33786848073	292.648773193
3.34077097506	292.648773193
3.34367346939	292.648773193
3.34657596372	292.648773193
3.34947845805	292.648773193
3.35238095238	292.648773193
3.35528344671	292.648773193
3.35818594104	292.648773193
3.36108843537	292.648773193
3.36399092971	292.648773193
3.36689342404	292.648773193
3.36979591837	292.648773193
3.3726984127	292.648773193
3.37560090703	292.648773193
3.37850340136	292.648773193
3.38140589569	292.817840576
3.38430839002	292.817840576
3.38721088435	292.817840576
3.39011337868	292.817840576
3.39301587302	292.648773193
3.39591836735	292.648773193
3.39882086168	292.648773193
3.40172335601	292.648773193
3.40462585034	292.648773193
3.40752834467	292.648773193
3.410430839	292.479766846
3.41333333333	292.479766846
3.41623582766	292.648773193
3.419138322	292.648773193
3.42204081633	292.648773193
3.42494331066	292.648773193
3.42784580499	292.648773193
3.43074829932	292.648773193
3.43365079365	292.817840576
3.43655328798	292.817840576
3.43945578231	292.817840576
3.44235827664	292.987030029
3.44526077098	292.987030029
3.44816326531	293.156341553
3.45106575964	293.156341553
3.45396825397	293.156341553
3.4568707483	293.156341553
3.45977324263	293.325714111
3.46267573696	293.664764404
3.46557823129	294.174102783
3.46848072562	294.684295654
3.47138321995	295.195404053
3.47428571429	0.0
3.47718820862	0.0
3.48009070295	0.0
3.48299319728	0.0
3.48589569161	0.0
3.48879818594	0.0
3.49170068027	0.0
3.4946031746	0.0
3.49750566893	0.0
3.50040816327	0.0
3.5033106576	0.0
3.50621315193	0.0
3.50911564626	0.0
3.51201814059	0.0
3.51492063492	0.0
3.51782312925	0.0
3.52072562358	0.0
3.52362811791	0.0
3.52653061224	0.0
3.52943310658	0.0
3.53233560091	0.0
3.53523809524	0.0
3.53814058957	0.0
3.5410430839	0.0
3.54394557823	0.0
3.54684807256	0.0
3.54975056689	0.0
3.55265306122	0.0
3.55555555556	0.0
3.55845804989	0.0
3.56136054422	0.0
3.56426303855	0.0
3.56716553288	0.0
3.57006802721	0.0
3.57297052154	0.0
3.57587301587	0.0
3.5787755102	0.0
3.58167800454	0.0
3.58458049887	0.0
3.5874829932	0.0
3.59038548753	0.0
3.59328798186	0.0
3.59619047619	0.0
3.59909297052	0.0
3.60199546485	0.0
3.60489795918	0.0
3.60780045351	0.0
3.61070294785	0.0
3.61360544218	0.0
3.61650793651	0.0
3.61941043084	0.0
3.62231292517	0.0
3.6252154195	0.0
3.62811791383	0.0
3.63102040816	0.0
3.63392290249	0.0
3.63682539683	0.0
3.63972789116	0.0
3.64263038549	0.0
3.64553287982	0.0
3.64843537415	0.0
3.65133786848	0.0
3.65424036281	0.0
3.65714285714	0.0
3.66004535147	0.0
3.6629478458	0.0
3.66585034014	0.0
3.66875283447	0.0
3.6716553288	0.0
3.67455782313	0.0
3.67746031746	0.0
3.68036281179	0.0
3.68326530612	0.0
3.68616780045	0.0
3.68907029478	0.0
3.69197278912	0.0
3.69487528345	0.0
3.69777777778	0.0
3.70068027211	0.0
3.70358276644	0.0
3.70648526077	0.0
3.7093877551	0.0
3.71229024943	0.0
3.71519274376	0.0
3.7180952381	0.0
3.72099773243	0.0
3.72390022676	0.0
3.72680272109	0.0
3.72970521542	0.0
3.73260770975	0.0
3.73551020408	0.0
3.73841269841	0.0
3.74131519274	0.0
3.74421768707	0.0
3.74712018141	0.0
3.75002267574	0.0
3.75292517007	0.0
3.7558276644	0.0
3.75873015873	0.0
3.76163265306	0.0
3.76453514739	0.0
3.76743764172	0.0
3.77034013605	0.0
3.77324263039	0.0
3.77614512472	0.0
3.77904761905	0.0
3.78195011338	0.0
3.78485260771	0.0
3.78775510204	0.0
3.79065759637	0.0
3.7935600907	0.0
3.79646258503	0.0
3.79936507937	0.0
3.8022675737	0.0
3.80517006803	0.0
3.80807256236	0.0
3.81097505669	0.0
3.81387755102	0.0
3.81678004535	0.0
3.81968253968	0.0
3.82258503401	0.0
3.82548752834	0.0
3.82839002268	0.0
3.83129251701	0.0
3.83419501134	0.0
3.83709750567	0.0
3.84	0.0
3.84290249433	0.0
3.84580498866	0.0
3.84870748299	0.0
3.85160997732	0.0
3.85451247166	0.0
3.85741496599	0.0
3.86031746032	0.0
3.86321995465	0.0
3.86612244898	0.0
3.86902494331	0.0
3.87192743764	0.0
3.87482993197	0.0
3.8777324263	0.0
3.88063492063	0.0
3.88353741497	0.0
3.8864399093	0.0
3.88934240363	0.0
3.89224489796	391.769073486
3.89514739229	391.54284668
3.89804988662	390.864929199
3.90095238095	389.962890625
3.90385487528	389.512664795
3.90675736961	389.062927246
3.90965986395	389.287719727
3.91256235828	389.962890625
3.91546485261	390.639221191
3.91836734694	391.090789795
3.92126984127	391.090789795
3.9241723356	391.090789795
3.92707482993	391.316741943
3.92997732426	391.54284668
3.93287981859	391.769073486
3.93578231293	391.995422363
3.93868480726	391.995422363
3.94158730159	391.769073486
3.94448979592	391.54284668
3.94739229025	391.090789795
3.95029478458	390.639221191
3.95319727891	390.413665771
3.95609977324	390.413665771
3.95900226757	390.639221191
3.9619047619	390.864929199
3.96480725624	391.090789795
3.96770975057	391.090789795
3.9706122449	391.54284668
3.97351473923	391.769073486
3.97641723356	391.769073486
3.97931972789	391.769073486
3.98222222222	391.769073486
3.98512471655	391.316741943
3.98802721088	391.090789795
3.99092970522	390.864929199
3.99383219955	390.639221191
3.99673469388	390.413665771
3.99963718821	390.413665771
4.00253968254	390.413665771
4.00544217687	390.639221191
4.0083446712	390.639221191
4.01124716553	390.864929199
4.01414965986	391.090789795
4.0170521542	391.54284668
4.01995464853	391.54284668
4.02285714286	391.54284668
4.02575963719	391.54284668
4.02866213152	391.54284668
4.03156462585	391.54284668
4.03446712018	391.316741943
4.03736961451	391.316741943
4.04027210884	391.090789795
4.04317460317	390.864929199
4.04607709751	390.639221191
4.04897959184	390.413665771
4.05188208617	390.413665771
4.0547845805	390.639221191
4.05768707483	390.864929199
4.06058956916	391.090789795
4.06349206349	391.54284668
4.06639455782	391.54284668
4.06929705215	391.54284668
4.07219954649	391.54284668
4.07510204082	391.769073486
4.07800453515	391.54284668
4.08090702948	391.54284668
4.08380952381	391.54284668
4.08671201814	391.316741943
4.08961451247	391.316741943
4.0925170068	391.316741943
4.09541950113	391.316741943
4.09832199546	391.316741943
4.1012244898	391.54284668
4.10412698413	391.769073486
4.10702947846	391.769073486
4.10993197279	391.769073486
4.11283446712	391.54284668
4.11573696145	391.54284668
4.11863945578	391.54284668
4.12154195011	391.769073486
4.12444444444	391.995422363
4.12734693878	392.221923828
4.13024943311	392.221923828
4.13315192744	392.221923828
4.13605442177	391.995422363
4.1389569161	391.769073486
4.14185941043	391.769073486
4.14476190476	391.769073486
4.14766439909	391.769073486
4.15056689342	391.769073486
4.15346938776	391.54284668
4.15637188209	391.54284668
4.15927437642	391.54284668
4.16217687075	391.54284668
4.16507936508	391.54284668
4.16798185941	391.54284668
4.17088435374	391.316741943
4.17378684807	391.316741943
4.1766893424	391.090789795
4.17959183673	390.864929199
4.18249433107	390.639221191
4.1853968254	390.639221191
4.18829931973	390.639221191
4.19120181406	390.639221191
4.19410430839	390.639221191
4.19700680272	390.639221191
4.19990929705	390.639221191
4.20281179138	390.639221191
4.20571428571	390.639221191
4.20861678005	390.864929199
4.21151927438	390.864929199
4.21442176871	390.864929199
4.21732426304	390.864929199
4.22022675737	390.864929199
4.2231292517	390.864929199
4.22603174603	391.090789795
4.22893424036	391.090789795
4.23183673469	391.316741943
4.23473922902	391.316741943
4.23764172336	391.316741943
4.24054421769	391.090789795
4.24344671202	391.090789795
4.24634920635	390.864929199
4.24925170068	390.864929199
4.25215419501	391.090789795
4.25505668934	391.316741943
4.25795918367	391.316741943
4.260861678	391.54284668
4.26376417234	391.54284668
4.26666666667	391.316741943
4.269569161	391.090789795
4.27247165533	390.188201904
4.27537414966	389.287719727
4.27827664399	388.838256836
4.28117913832	388.613739014
4.28408163265	389.737701416
4.28698412698	391.090789795
4.28988662132	340.857849121
4.29278911565	341.251861572
4.29569160998	342.041229248
4.29859410431	343.030487061
4.30149659864	344.022644043
4.30439909297	346.215484619
4.3073015873	347.417449951
4.31020408163	347.216827393
4.31310657596	346.815948486
4.31600907029	346.615661621
4.31891156463	346.815948486
4.32181405896	347.216827393
4.32471655329	348.019989014
4.32761904762	348.623596191
4.33052154195	348.623596191
4.33342403628	347.819030762
4.33632653061	347.016326904
4.33922902494	346.415496826
4.34213151927	346.215484619
4.34503401361	346.215484619
4.34793650794	346.415496826
4.35083900227	346.815948486
4.3537414966	347.016326904
4.35664399093	347.216827393
4.35954648526	347.016326904
4.36244897959	346.815948486
4.36535147392	346.815948486
4.36825396825	346.815948486
4.37115646259	346.615661621
4.37405895692	346.415496826
4.37696145125	346.415496826
4.37986394558	346.015533447
4.38276643991	346.015533447
4.38566893424	346.215484619
4.38857142857	346.215484619
4.3914739229	346.815948486
4.39437641723	347.016326904
4.39727891156	347.417449951
4.4001814059	347.618164062
4.40308390023	347.819030762
4.40598639456	347.819030762
4.40888888889	347.819030762
4.41179138322	347.618164062
4.41469387755	347.216827393
4.41759637188	347.016326904
4.42049886621	346.815948486
4.42340136054	346.815948486
4.42630385488	346.815948486
4.42920634921	347.417449951
4.43210884354	347.618164062
4.43501133787	348.019989014
4.4379138322	348.422271729
4.44081632653	348.422271729
4.44371882086	348.221069336
4.44662131519	348.221069336
4.44952380952	347.819030762
4.45242630385	347.417449951
4.45532879819	347.216827393
4.45823129252	346.815948486
4.46113378685	346.615661621
4.46403628118	346.615661621
4.46693877551	346.615661621
4.46984126984	346.615661621
4.47274376417	346.815948486
4.4756462585	347.016326904
4.47854875283	347.417449951
4.48145124717	347.417449951
4.4843537415	347.618164062
4.48725623583	347.618164062
4.49015873016	347.618164062
4.49306122449	347.618164062
4.49596371882	347.417449951
4.49886621315	347.417449951
4.50176870748	347.417449951
4.50467120181	347.618164062
4.50757369615	347.417449951
4.51047619048	347.417449951
4.51337868481	347.417449951
4.51628117914	347.417449951
4.51918367347	347.417449951
4.5220861678	347.417449951
4.52498866213	347.417449951
4.52789115646	347.417449951
4.53079365079	347.417449951
4.53369614512	347.417449951
4.53659863946	347.216827393
4.53950113379	347.016326904
4.54240362812	347.016326904
4.54530612245	346.815948486
4.54820861678	347.016326904
4.55111111111	347.016326904
4.55401360544	347.016326904
4.55691609977	347.216827393
4.5598185941	347.216827393
4.56272108844	347.216827393
4.56562358277	347.216827393
4.5685260771	347.216827393
4.57142857143	347.216827393
4.57433106576	347.417449951
4.57723356009	347.417449951
4.58013605442	347.417449951
4.58303854875	347.417449951
4.58594104308	347.216827393
4.58884353741	347.216827393
4.59174603175	347.016326904
4.59464852608	347.016326904
4.59755102041	347.016326904
4.60045351474	347.016326904
4.60335600907	347.016326904
4.6062585034	347.216827393
4.60916099773	347.216827393
4.61206349206	347.216827393
4.61496598639	347.216827393
4.61786848073	347.216827393
4.62077097506	347.016326904
4.62367346939	347.016326904
4.62657596372	347.016326904
4.62947845805	347.016326904
4.63238095238	347.016326904
4.63528344671	347.016326904
4.63818594104	347.016326904
4.64108843537	347.016326904
4.64399092971	347.216827393
4.64689342404	347.216827393
4.64979591837	347.216827393
4.6526984127	347.216827393
4.65560090703	347.216827393
4.65850340136	347.216827393
4.66140589569	347.016326904
4.66430839002	347.016326904
4.66721088435	347.016326904
4.67011337868	347.016326904
4.67301587302	347.016326904
4.67591836735	347.016326904
4.67882086168	347.016326904
4.68172335601	347.016326904
4.68462585034	347.016326904
4.68752834467	347.016326904
4.690430839	347.016326904
4.69333333333	347.016326904
4.69623582766	347.216827393
4.699138322	346.815948486
4.70204081633	348.019989014
4.70494331066	349.228240967
4.70784580499	350.440673828
4.71074829932	351.657318115
4.71365079365	352.470733643
4.71655328798	352.470733643
4.71945578231	350.845733643
4.72235827664	335.389343262
4.72526077098	336.165161133
4.72816326531	334.808654785
4.73106575964	333.650299072
4.73396825397	333.072631836
4.7368707483	331.537078857
4.73977324263	330.008575439
4.74267573696	327.918395996
4.74557823129	325.653289795
4.74848072562	324.714141846
4.75138321995	324.714141846
4.75428571429	324.901763916
4.75718820862	325.089477539
4.76009070295	326.218109131
4.76299319728	327.918395996
4.76589569161	329.437225342
4.76879818594	330.199249268
4.77170068027	330.580932617
4.7746031746	330.580932617
4.77750566893	330.580932617
4.78040816327	330.390045166
4.7833106576	330.199249268
4.78621315193	330.199249268
4.78911564626	330.008575439
4.79201814059	329.627563477
4.79492063492	328.866821289
4.79782312925	328.107879639
4.80072562358	327.350646973
4.80362811791	326.972686768
4.80653061224	326.783874512
4.80943310658	326.972686768
4.81233560091	327.161621094
4.81523809524	327.729034424
4.81814058957	328.487121582
4.8210430839	328.866821289
4.82394557823	329.056854248
4.82684807256	329.056854248
4.82975056689	328.866821289
4.83265306122	328.676940918
4.83555555556	328.487121582
4.83845804989	328.107879639
4.84136054422	327.918395996
4.84426303855	327.539794922
4.84716553288	327.350646973
4.85006802721	327.350646973
4.85297052154	327.539794922
4.85587301587	327.729034424
4.8587755102	328.107879639
4.86167800454	328.297454834
4.86458049887	328.297454834
4.8674829932	328.487121582
4.87038548753	328.297454834
4.87328798186	328.297454834
4.87619047619	328.107879639
4.87909297052	327.918395996
4.88199546485	327.918395996
4.88489795918	327.918395996
4.88780045351	327.729034424
4.89070294785	327.539794922
4.89360544218	327.350646973
4.89650793651	327.350646973
4.89941043084	327.350646973
4.90231292517	327.350646973
4.9052154195	327.539794922
4.90811791383	327.539794922
4.91102040816	327.539794922
4.91392290249	327.729034424
4.91682539683	327.729034424
4.91972789116	327.539794922
4.92263038549	327.539794922
4.92553287982	327.539794922
4.92843537415	327.539794922
4.93133786848	327.729034424
4.93424036281	327.729034424
4.93714285714	327.729034424
4.94004535147	327.729034424
4.9429478458	327.729034424
4.94585034014	327.539794922
4.94875283447	327.539794922
4.9516553288	327.350646973
4.95455782313	327.161621094
4.95746031746	326.972686768
4.96036281179	326.972686768
4.96326530612	326.783874512
4.96616780045	326.783874512
4.96907029478	326.783874512
4.97197278912	326.783874512
4.97487528345	326.972686768
4.97777777778	327.161621094
4.98068027211	327.350646973
4.98358276644	327.539794922
4.98648526077	327.539794922
4.9893877551	327.539794922
4.99229024943	327.539794922
4.99519274376	327.539794922
4.9980952381	327.350646973
5.00099773243	327.350646973
5.00390022676	327.161621094
5.00680272109	327.161621094
5.00970521542	327.161621094
5.01260770975	327.161621094
5.01551020408	327.161621094
5.01841269841	327.350646973
5.02131519274	327.350646973
5.02421768707	327.161621094
5.02712018141	327.350646973
5.03002267574	327.350646973
5.03292517007	327.350646973
5.0358276644	327.539794922
5.03873015873	327.539794922
5.04163265306	327.539794922
5.04453514739	327.539794922
5.04743764172	327.539794922
5.05034013605	327.539794922
5.05324263039	327.350646973
5.05614512472	327.350646973
5.05904761905	327.350646973
5.06195011338	327.350646973
5.06485260771	327.350646973
5.06775510204	327.350646973
5.07065759637	327.539794922
5.0735600907	327.539794922
5.07646258503	327.729034424
5.07936507937	327.729034424
5.0822675737	327.729034424
5.08517006803	327.729034424
5.08807256236	327.918395996
5.09097505669	327.918395996
5.09387755102	328.107879639
5.09678004535	328.107879639
5.09968253968	327.918395996
5.10258503401	327.918395996
5.10548752834	327.539794922
5.10839002268	327.539794922
5.11129251701	327.161621094
5.11419501134	326.783874512
5.11709750567	326.218109131
5.12	325.089477539
5.12290249433	323.217102051
5.12580498866	319.135742188
5.12870748299	291.973388672
5.13160997732	296.049194336
5.13451247166	293.664764404
5.13741496599	292.310882568
5.14031746032	291.804779053
5.14321995465	290.963226318
5.14612244898	290.459472656
5.14902494331	290.459472656
5.15192743764	290.459472656
5.15482993197	290.627288818
5.1577324263	290.795227051
5.16063492063	290.963226318
5.16353741497	291.299560547
5.1664399093	291.804779053
5.16934240363	292.479766846
5.17224489796	293.156341553
5.17514739229	293.664764404
5.17804988662	294.174102783
5.18095238095	294.344055176
5.18385487528	294.174102783
5.18675736961	293.664764404
5.18965986395	293.156341553
5.19256235828	292.479766846
5.19546485261	292.142089844
5.19836734694	292.142089844
5.20126984127	292.142089844
5.2041723356	292.479766846
5.20707482993	292.817840576
5.20997732426	292.987030029
5.21287981859	293.156341553
5.21578231293	293.325714111
5.21868480726	293.156341553
5.22158730159	292.987030029
5.22448979592	292.817840576
5.22739229025	292.648773193
5.23029478458	292.648773193
5.23319727891	292.648773193
5.23609977324	292.648773193
5.23900226757	292.817840576
5.2419047619	292.817840576
5.24480725624	292.817840576
5.24770975057	292.817840576
5.2506122449	292.817840576
5.25351473923	292.987030029
5.25641723356	293.156341553
5.25931972789	293.325714111
5.26222222222	293.495178223
5.26512471655	293.495178223
5.26802721088	293.495178223
5.27092970522	293.156341553
5.27383219955	293.156341553
5.27673469388	292.817840576
5.27963718821	292.648773193
5.28253968254	292.479766846
5.28544217687	292.479766846
5.2883446712	292.479766846
5.29124716553	292.479766846
5.29414965986	292.479766846
5.2970521542	292.310882568
5.29995464853	292.310882568
5.30285714286	292.479766846
5.30575963719	292.479766846
5.30866213152	292.479766846
5.31156462585	292.648773193
5.31446712018	292.648773193
5.31736961451	292.817840576
5.32027210884	292.817840576
5.32317460317	292.987030029
5.32607709751	292.987030029
5.32897959184	292.987030029
5.33188208617	292.817840576
5.3347845805	292.987030029
5.33768707483	292.987030029
5.34058956916	293.156341553
5.34349206349	293.325714111
5.34639455782	293.495178223
5.34929705215	293.495178223
5.35219954649	293.325714111
5.35510204082	293.325714111
5.35800453515	293.156341553
5.36090702948	293.156341553
5.36380952381	292.987030029
5.36671201814	292.817840576
5.36961451247	292.817840576
5.3725170068	292.817840576
5.37541950113	292.817840576
5.37832199546	292.648773193
5.3812244898	292.648773193
5.38412698413	292.479766846
5.38702947846	292.479766846
5.38993197279	292.479766846
5.39283446712	292.648773193
5.39573696145	292.648773193
5.39863945578	292.817840576
5.40154195011	292.987030029
5.40444444444	292.987030029
5.40734693878	292.987030029
5.41024943311	292.987030029
5.41315192744	292.817840576
5.41605442177	292.817840576
5.4189569161	292.817840576
5.42185941043	292.817840576
5.42476190476	292.648773193
5.42766439909	292.648773193
5.43056689342	292.648773193
5.43346938776	292.648773193
5.43637188209	292.648773193
5.43927437642	292.648773193
5.44217687075	292.648773193
5.44507936508	292.648773193
5.44798185941	292.648773193
5.45088435374	292.648773193
5.45378684807	292.648773193
5.4566893424	292.648773193
5.45959183673	292.648773193
5.46249433107	292.648773193
5.4653968254	292.817840576
5.46829931973	292.817840576
5.47120181406	292.817840576
5.47410430839	292.817840576
5.47700680272	292.648773193
5.47990929705	292.648773193
5.48281179138	292.648773193
5.48571428571	292.648773193
5.48861678005	292.648773193
5.49151927438	292.817840576
5.49442176871	292.648773193
5.49732426304	292.648773193
5.50022675737	292.817840576
5.5031292517	292.817840576
5.50603174603	292.648773193
5.50893424036	292.648773193
5.51183673469	292.648773193
5.51473922902	292.648773193
5.51764172336	292.479766846
5.52054421769	292.648773193
5.52344671202	292.648773193
5.52634920635	292.648773193
5.52925170068	292.817840576
5.53215419501	292.817840576
5.53505668934	292.817840576
5.53795918367	292.817840576
5.540861678	292.648773193
5.54376417234	292.648773193
5.54666666667	292.479766846
5.549569161	292.479766846
5.55247165533	292.479766846
5.55537414966	292.648773193
5.55827664399	292.648773193
5.56117913832	292.817840576
5.56408163265	292.817840576
5.56698412698	292.817840576
5.56988662132	292.817840576
5.57278911565	292.648773193
5.57569160998	292.648773193
5.57859410431	292.648773193
5.58149659864	292.648773193
5.58439909297	292.648773193
5.5873015873	292.648773193
5.59020408163	292.648773193
5.59310657596	292.648773193
5.59600907029	292.648773193
5.59891156463	292.648773193
5.60181405896	292.817840576
5.60471655329	292.817840576
5.60761904762	292.817840576
5.61052154195	292.817840576
5.61342403628	292.817840576
5.61632653061	292.817840576
5.61922902494	292.648773193
5.62213151927	292.648773193
5.62503401361	292.648773193
5.62793650794	292.648773193
5.63083900227	292.817840576
5.6337414966	292.817840576
5.63664399093	292.817840576
5.63954648526	292.817840576
5.64244897959	292.648773193
5.64535147392	292.648773193
5.64825396825	292.648773193
5.65115646259	292.817840576
5.65405895692	292.817840576
5.65696145125	292.817840576
5.65986394558	292.817840576
5.66276643991	292.817840576
5.66566893424	292.817840576
5.66857142857	292.817840576
5.6714739229	292.648773193
5.67437641723	292.817840576
5.67727891156	292.817840576
5.6801814059	292.817840576
5.68308390023	292.817840576
5.68598639456	292.817840576
5.68888888889	292.817840576
5.69179138322	292.817840576
5.69469387755	292.817840576
5.69759637188	292.817840576
5.70049886621	292.648773193
5.70340136054	292.648773193
5.70630385488	292.648773193
5.70920634921	292.648773193
5.71210884354	292.648773193
5.71501133787	292.648773193
5.7179138322	292.648773193
5.72081632653	292.648773193
5.72371882086	292.817840576
5.72662131519	292.817840576
5.72952380952	292.817840576
5.73242630385	292.817840576
5.73532879819	292.817840576
5.73823129252	292.817840576
5.74113378685	292.817840576
5.74403628118	292.817840576
5.74693877551	292.817840576
5.74984126984	292.817840576
5.75274376417	292.648773193
5.7556462585	292.648773193
5.75854875283	292.648773193
5.76145124717	292.817840576
5.7643537415	292.817840576
5.76725623583	292.987030029
5.77015873016	292.817840576
5.77306122449	292.817840576
5.77596371882	292.817840576
5.77886621315	292.648773193
5.78176870748	292.648773193
5.78467120181	292.479766846
5.78757369615	292.479766846
5.79047619048	292.648773193
5.79337868481	292.479766846
5.79628117914	292.648773193
5.79918367347	292.648773193
5.8020861678	292.479766846
5.80498866213	292.648773193
5.80789115646	292.648773193
5.81079365079	292.817840576
5.81369614512	292.817840576
5.81659863946	292.987030029
5.81950113379	292.987030029
5.82240362812	292.987030029
5.82530612245	292.817840576
5.82820861678	292.817840576
5.83111111111	292.817840576
5.83401360544	292.648773193
5.83691609977	292.648773193
5.8398185941	292.479766846
5.84272108844	292.479766846
5.84562358277	292.648773193
5.8485260771	292.479766846
5.85142857143	292.648773193
5.85433106576	292.648773193
5.85723356009	292.817840576
5.86013605442	292.817840576
5.86303854875	292.648773193
5.86594104308	292.648773193
5.86884353741	292.648773193
5.87174603175	292.648773193
5.87464852608	292.648773193
5.87755102041	292.648773193
5.88045351474	292.648773193
5.88335600907	292.817840576
5.8862585034	292.817840576
5.88916099773	292.817840576
5.89206349206	292.648773193
5.89496598639	292.648773193
5.89786848073	292.479766846
5.90077097506	292.648773193
5.90367346939	292.648773193
5.90657596372	292.648773193
5.90947845805	292.648773193
5.91238095238	292.648773193
5.91528344671	292.817840576
5.91818594104	292.817840576
5.92108843537	292.817840576
5.92399092971	292.987030029
5.92689342404	292.817840576
5.92979591837	292.987030029
5.9326984127	292.817840576
5.93560090703	292.817840576
5.93850340136	292.648773193
5.94140589569	292.479766846
5.94430839002	292.479766846
5.94721088435	292.479766846
5.95011337868	292.479766846
5.95301587302	292.648773193
5.95591836735	292.648773193
5.95882086168	292.648773193
5.96172335601	292.479766846
5.96462585034	292.479766846
5.96752834467	292.479766846
5.970430839	292.648773193
5.97333333333	292.648773193
5.97623582766	292.817840576
5.979138322	292.817840576
5.98204081633	292.987030029
5.98494331066	292.987030029
5.98784580499	292.987030029
5.99074829932	292.987030029
5.99365079365	292.817840576
5.99655328798	292.817840576
5.99945578231	292.817840576
6.00235827664	292.817840576
6.00526077098	292.987030029
6.00816326531	292.987030029
6.01106575964	292.987030029
6.01396825397	292.987030029
6.0168707483	292.987030029
6.01977324263	292.817840576
6.02267573696	292.817840576
6.02557823129	292.817840576
6.02848072562	292.817840576
6.03138321995	292.987030029
6.03428571429	292.987030029
6.03718820862	292.987030029
6.04009070295	292.987030029
6.04299319728	292.817840576
6.04589569161	292.817840576
6.04879818594	292.817840576
6.05170068027	292.817840576
6.0546031746	292.817840576
6.05750566893	292.648773193
6.06040816327	292.648773193
6.0633106576	292.648773193
6.06621315193	292.648773193
6.06911564626	292.648773193
6.07201814059	292.817840576
6.07492063492	292.817840576
6.07782312925	292.987030029
6.08072562358	292.817840576
6.08362811791	292.817840576
6.08653061224	292.817840576
6.08943310658	292.817840576
6.09233560091	292.817840576
6.09523809524	292.987030029
6.09814058957	293.156341553
6.1010430839	293.325714111
6.10394557823	293.325714111
6.10684807256	293.325714111
6.10975056689	293.325714111
6.11265306122	292.817840576
6.11555555556	292.479766846
6.11845804989	292.310882568
6.12136054422	292.310882568
6.12426303855	292.142089844
6.12716553288	292.479766846
6.13006802721	292.479766846
6.13297052154	292.648773193
6.13587301587	292.648773193
6.1387755102	292.817840576
6.14167800454	292.817840576
6.14458049887	292.817840576
6.1474829932	292.817840576
6.15038548753	292.987030029
6.15328798186	292.817840576
6.15619047619	292.817840576
6.15909297052	292.648773193
6.16199546485	292.648773193
6.16489795918	292.817840576
6.16780045351	292.817840576
6.17070294785	292.817840576
6.17360544218	292.817840576
6.17650793651	292.648773193
6.17941043084	292.479766846
6.18231292517	292.479766846
6.1852154195	292.479766846
6.18811791383	292.648773193
6.19102040816	292.648773193
6.19392290249	292.648773193
6.19682539683	292.817840576
6.19972789116	292.987030029
6.20263038549	292.987030029
6.20553287982	293.156341553
6.20843537415	292.987030029
6.21133786848	292.817840576
6.21424036281	292.817840576
6.21714285714	292.817840576
6.22004535147	292.648773193
6.2229478458	292.648773193
6.22585034014	292.817840576
6.22875283447	292.817840576
6.2316553288	292.648773193
6.23455782313	292.648773193
6.23746031746	292.648773193
6.24036281179	292.479766846
6.24326530612	292.479766846
6.24616780045	292.648773193
6.24907029478	292.648773193
6.25197278912	292.817840576
6.25487528345	292.817840576
6.25777777778	292.817840576
6.26068027211	292.817840576
6.26358276644	292.648773193
6.26648526077	292.648773193
6.2693877551	292.648773193
6.27229024943	292.648773193
6.27519274376	292.817840576
6.2780952381	292.817840576
6.28099773243	292.817840576
6.28390022676	292.817840576
6.28680272109	292.817840576
6.28970521542	292.817840576
6.29260770975	292.817840576
6.29551020408	292.817840576
6.29841269841	292.817840576
6.30131519274	292.817840576
6.30421768707	292.817840576
6.30712018141	292.648773193
6.31002267574	292.648773193
6.31292517007	292.648773193
6.3158276644	292.817840576
6.31873015873	292.648773193
6.32163265306	292.648773193
6.32453514739	292.648773193
6.32743764172	292.817840576
6.33034013605	292.817840576
6.33324263039	292.817840576
6.33614512472	292.817840576
6.33904761905	292.817840576
6.34195011338	292.817840576
6.34485260771	292.648773193
6.34775510204	292.648773193
6.35065759637	292.648773193
6.3535600907	292.648773193
6.35646258503	292.648773193
6.35936507937	292.648773193
6.3622675737	292.817840576
6.36517006803	292.817840576
6.36807256236	292.817840576
6.37097505669	292.817840576
6.37387755102	292.648773193
6.37678004535	292.648773193
6.37968253968	292.648773193
6.38258503401	292.648773193
6.38548752834	292.648773193
6.38839002268	292.648773193
6.39129251701	292.817840576
6.39419501134	292.817840576
6.39709750567	292.817840576
6.4	292.987030029
6.40290249433	292.987030029
6.40580498866	292.817840576
6.40870748299	292.817840576
6.41160997732	292.817840576
6.41451247166	292.648773193
6.41741496599	292.648773193
6.42031746032	292.648773193
6.42321995465	292.648773193
6.42612244898	292.648773193
6.42902494331	292.648773193
6.43192743764	292.648773193
6.43482993197	292.817840576
6.4377324263	292.817840576
6.44063492063	292.817840576
6.44353741497	292.987030029
6.4464399093	292.987030029
6.44934240363	292.987030029
6.45224489796	292.817840576
6.45514739229	292.817840576
6.45804988662	292.817840576
6.46095238095	292.817840576
6.46385487528	292.817840576
6.46675736961	292.817840576
6.46965986395	292.817840576
6.47256235828	292.648773193
6.47546485261	292.648773193
6.47836734694	292.648773193
6.48126984127	292.479766846
6.4841723356	292.479766846
6.48707482993	292.648773193
6.48997732426	292.648773193
6.49287981859	292.648773193
6.49578231293	292.648773193
6.49868480726	292.648773193
6.50158730159	292.648773193
6.50448979592	292.648773193
6.50739229025	292.648773193
6.51029478458	292.479766846
6.51319727891	292.648773193
6.51609977324	292.648773193
6.51900226757	292.987030029
6.5219047619	292.987030029
6.52480725624	293.156341553
6.52770975057	293.325714111
6.5306122449	293.156341553
6.53351473923	293.156341553
6.53641723356	292.817840576
6.53931972789	292.817840576
6.54222222222	292.479766846
6.54512471655	292.479766846
6.54802721088	292.479766846
6.55092970522	292.479766846
6.55383219955	292.648773193
6.55673469388	292.648773193
6.55963718821	292.648773193
6.56253968254	292.817840576
6.56544217687	292.817840576
6.5683446712	292.817840576
6.57124716553	292.817840576
6.57414965986	292.817840576
6.5770521542	292.817840576
6.57995464853	292.648773193
6.58285714286	292.648773193
6.58575963719	292.648773193
6.58866213152	292.648773193
6.59156462585	292.648773193
6.59446712018	292.648773193
6.59736961451	292.817840576
6.60027210884	292.817840576
6.60317460317	292.817840576
6.60607709751	292.817840576
6.60897959184	292.817840576
6.61188208617	292.648773193
6.6147845805	292.648773193
6.61768707483	292.648773193
6.62058956916	292.648773193
6.62349206349	292.817840576
6.62639455782	292.987030029
6.62929705215	292.987030029
6.63219954649	292.987030029
6.63510204082	292.987030029
6.63800453515	292.987030029
6.64090702948	292.817840576
6.64380952381	292.817840576
6.64671201814	292.648773193
6.64961451247	292.648773193
6.6525170068	292.648773193
6.65541950113	292.817840576
6.65832199546	292.817840576
6.6612244898	292.987030029
6.66412698413	292.987030029
6.66702947846	292.817840576
6.66993197279	292.817840576
6.67283446712	292.817840576
6.67573696145	292.817840576
6.67863945578	292.817840576
6.68154195011	292.817840576
6.68444444444	292.817840576
6.68734693878	292.987030029
6.69024943311	292.987030029
6.69315192744	292.987030029
6.69605442177	292.987030029
6.6989569161	292.817840576
6.70185941043	292.817840576
6.70476190476	292.817840576
6.70766439909	292.817840576
6.71056689342	292.817840576
6.71346938776	292.817840576
6.71637188209	292.817840576
6.71927437642	292.817840576
6.72217687075	292.817840576
6.72507936508	292.987030029
6.72798185941	292.817840576
6.73088435374	292.817840576
6.73378684807	292.817840576
6.7366893424	292.817840576
6.73959183673	292.817840576
6.74249433107	292.817840576
6.7453968254	292.817840576
6.74829931973	292.817840576
6.75120181406	292.817840576
6.75410430839	292.987030029
6.75700680272	292.987030029
6.75990929705	292.817840576
6.76281179138	292.987030029
6.76571428571	292.817840576
6.76861678005	292.817840576
6.77151927438	292.648773193
6.77442176871	292.648773193
6.77732426304	292.817840576
6.78022675737	292.817840576
6.7831292517	292.987030029
6.78603174603	293.156341553
6.78893424036	293.325714111
6.79183673469	293.664764404
6.79473922902	293.834442139
6.79764172336	294.004211426
6.80054421769	294.174102783
6.80344671202	294.344055176
6.80634920635	294.344055176
6.80925170068	294.344055176
6.81215419501	294.344055176
6.81505668934	294.004211426
6.81795918367	293.664764404
6.820861678	293.325714111
6.82376417234	292.817840576
6.82666666667	292.479766846
6.829569161	292.142089844
6.83247165533	291.804779053
6.83537414966	0.0
6.83827664399	0.0
6.84117913832	0.0
6.84408163265	0.0
6.84698412698	0.0
6.84988662132	0.0
6.85278911565	0.0
6.85569160998	0.0
6.85859410431	0.0
6.86149659864	0.0
6.86439909297	0.0
6.8673015873	0.0
6.87020408163	0.0
6.87310657596	0.0
6.87600907029	0.0
6.87891156463	0.0
6.88181405896	0.0
6.88471655329	0.0
6.88761904762	0.0
6.89052154195	0.0
6.89342403628	0.0
6.89632653061	0.0
6.89922902494	0.0
6.90213151927	0.0
6.90503401361	0.0
6.90793650794	0.0
6.91083900227	0.0
6.9137414966	0.0
6.91664399093	0.0
6.91954648526	0.0
6.92244897959	0.0
6.92535147392	0.0
6.92825396825	0.0
6.93115646259	0.0
6.93405895692	0.0
6.93696145125	0.0
6.93986394558	0.0
6.94276643991	0.0
6.94566893424	0.0
6.94857142857	0.0
6.9514739229	0.0
6.95437641723	0.0
6.95727891156	0.0
6.9601814059	0.0
6.96308390023	0.0
6.96598639456	0.0
6.96888888889	0.0
6.97179138322	0.0
6.97469387755	0.0
6.97759637188	0.0
6.98049886621	0.0
6.98340136054	0.0
6.98630385488	0.0
6.98920634921	0.0
6.99210884354	0.0
6.99501133787	0.0
6.9979138322	0.0
7.00081632653	0.0
7.00371882086	0.0
7.00662131519	0.0
7.00952380952	0.0
7.01242630385	0.0
7.01532879819	0.0
7.01823129252	0.0
7.02113378685	0.0
7.02403628118	0.0
7.02693877551	0.0
7.02984126984	0.0
7.03274376417	0.0
7.0356462585	0.0
7.03854875283	0.0
7.04145124717	0.0
7.0443537415	0.0
7.04725623583	0.0
7.05015873016	0.0
7.05306122449	0.0
7.05596371882	0.0
7.05886621315	0.0
7.06176870748	0.0
7.06467120181	0.0
7.06757369615	0.0
