0.0	0.0
0.00290249433107	0.0
0.00580498866213	0.0
0.0087074829932	0.0
0.0116099773243	0.0
0.0145124716553	0.0
0.0174149659864	340.857849121
0.0203174603175	340.267700195
0.0232199546485	339.874816895
0.0261224489796	340.07119751
0.0290249433107	340.267700195
0.0319274376417	340.661010742
0.0348299319728	341.449005127
0.0377324263039	342.436584473
0.0406349206349	343.22869873
0.043537414966	344.022644043
0.0464399092971	344.221405029
0.0493424036281	344.022644043
0.0522448979592	343.625427246
0.0551473922902	342.832427979
0.0580498866213	341.843719482
0.0609523809524	340.857849121
0.0638548752834	340.07119751
0.0667573696145	339.286376953
0.0696598639456	338.698944092
0.0725623582766	338.112548828
0.0754648526077	337.722167969
0.0783673469388	337.332244873
0.0812698412698	336.942749023
0.0841723356009	336.553741455
0.087074829932	336.359375
0.089977324263	336.165161133
0.0928798185941	336.165161133
0.0957823129252	335.971038818
0.0986848072562	335.971038818
0.101587301587	335.971038818
0.104489795918	335.777038574
0.107392290249	335.389343262
0.11029478458	334.615325928
0.113197278912	334.035980225
0.116099773243	333.650299072
0.119002267574	333.265075684
0.121904761905	333.072631836
0.124807256236	333.457641602
0.127709750567	333.650299072
0.130612244898	334.035980225
0.133514739229	334.228973389
0.13641723356	334.422088623
0.139319727891	334.422088623
0.142222222222	334.228973389
0.145124716553	334.228973389
0.148027210884	334.035980225
0.150929705215	334.035980225
0.153832199546	333.843078613
0.156734693878	334.035980225
0.159637188209	334.422088623
0.16253968254	334.615325928
0.165442176871	335.002105713
0.168344671202	335.195678711
0.171247165533	335.583129883
0.174149659864	335.777038574
0.177052154195	335.777038574
0.179954648526	335.971038818
0.182857142857	335.777038574
0.185759637188	335.777038574
0.188662131519	335.583129883
0.19156462585	335.583129883
0.194467120181	335.389343262
0.197369614512	335.002105713
0.200272108844	334.808654785
0.203174603175	334.808654785
0.206077097506	334.422088623
0.208979591837	334.228973389
0.211882086168	333.843078613
0.214784580499	333.457641602
0.21768707483	333.265075684
0.220589569161	332.880310059
0.223492063492	332.49597168
0.226394557823	332.303955078
0.229297052154	331.920288086
0.232199546485	331.920288086
0.235102040816	331.537078857
0.238004535147	331.537078857
0.240907029478	331.537078857
0.24380952381	331.345611572
0.246712018141	331.154296875
0.249614512472	330.771942139
0.252517006803	330.771942139
0.255419501134	330.390045166
0.258321995465	330.390045166
0.261224489796	330.199249268
0.264126984127	330.008575439
0.267029478458	330.008575439
0.269931972789	329.818023682
0.27283446712	329.627563477
0.275736961451	329.437225342
0.278639455782	329.24697876
0.281541950113	329.627563477
0.284444444444	329.437225342
0.287346938776	329.818023682
0.290249433107	329.437225342
0.293151927438	329.627563477
0.296054421769	330.199249268
0.2989569161	330.390045166
0.301859410431	330.580932617
0.304761904762	330.771942139
0.307664399093	330.963043213
0.310566893424	331.537078857
0.313469387755	331.728637695
0.316371882086	332.112091064
0.319274376417	332.303955078
0.322176870748	332.112091064
0.325079365079	332.303955078
0.32798185941	332.49597168
0.330884353741	332.880310059
0.333786848073	333.072631836
0.336689342404	333.457641602
0.339591836735	333.650299072
0.342494331066	334.035980225
0.345396825397	334.615325928
0.348299319728	335.002105713
0.351201814059	335.583129883
0.35410430839	335.971038818
0.357006802721	336.359375
0.359909297052	336.748199463
0.362811791383	336.748199463
0.365714285714	335.777038574
0.368616780045	335.389343262
0.371519274376	334.808654785
0.374421768707	334.228973389
0.377324263039	334.422088623
0.38022675737	333.650299072
0.383129251701	333.265075684
0.386031746032	332.880310059
0.388934240363	332.49597168
0.391836734694	332.112091064
0.394739229025	331.920288086
0.397641723356	331.728637695
0.400544217687	331.537078857
0.403446712018	331.537078857
0.406349206349	331.537078857
0.40925170068	331.537078857
0.412154195011	331.537078857
0.415056689342	331.537078857
0.417959183673	331.537078857
0.420861678005	331.537078857
0.423764172336	331.537078857
0.426666666667	331.345611572
0.429569160998	331.345611572
0.432471655329	331.345611572
0.43537414966	331.345611572
0.438276643991	331.154296875
0.441179138322	331.154296875
0.444081632653	331.154296875
0.446984126984	331.154296875
0.449886621315	331.345611572
0.452789115646	331.345611572
0.455691609977	331.537078857
0.458594104308	331.537078857
0.461496598639	331.728637695
0.464399092971	331.728637695
0.467301587302	331.920288086
0.470204081633	331.728637695
0.473106575964	331.728637695
0.476009070295	331.920288086
0.478911564626	331.920288086
0.481814058957	331.920288086
0.484716553288	332.112091064
0.487619047619	332.303955078
0.49052154195	332.303955078
0.493424036281	332.49597168
0.496326530612	332.688079834
0.499229024943	332.880310059
0.502131519274	332.880310059
0.505034013605	332.880310059
0.507936507937	333.265075684
0.510839002268	333.650299072
0.513741496599	334.035980225
0.51664399093	334.035980225
0.519546485261	333.457641602
0.522448979592	333.072631836
0.525351473923	332.880310059
0.528253968254	332.880310059
0.531156462585	332.880310059
0.534058956916	332.303955078
0.536961451247	331.345611572
0.539863945578	331.345611572
0.542766439909	332.112091064
0.54566893424	332.49597168
0.548571428571	332.49597168
0.551473922902	331.728637695
0.554376417234	330.963043213
0.557278911565	330.771942139
0.560181405896	331.154296875
0.563083900227	331.537078857
0.565986394558	331.345611572
0.568888888889	330.580932617
0.57179138322	329.818023682
0.574693877551	329.818023682
0.577596371882	330.580932617
0.580498866213	331.154296875
0.583401360544	331.154296875
0.586303854875	330.963043213
0.589206349206	330.963043213
0.592108843537	332.112091064
0.595011337868	332.880310059
0.5979138322	332.880310059
0.600816326531	332.49597168
0.603718820862	331.537078857
0.606621315193	330.771942139
0.609523809524	330.963043213
0.612426303855	331.537078857
0.615328798186	331.345611572
0.618231292517	330.390045166
0.621133786848	329.437225342
0.624036281179	329.24697876
0.62693877551	330.390045166
0.629841269841	331.154296875
0.632743764172	331.537078857
0.635646258503	331.345611572
0.638548752834	331.728637695
0.641451247166	332.688079834
0.644353741497	333.457641602
0.647256235828	333.650299072
0.650158730159	333.265075684
0.65306122449	332.880310059
0.655963718821	332.49597168
0.658866213152	332.303955078
0.661768707483	332.112091064
0.664671201814	331.920288086
0.667573696145	331.537078857
0.670476190476	330.963043213
0.673378684807	330.580932617
0.676281179138	330.771942139
0.679183673469	330.963043213
0.6820861678	331.154296875
0.684988662132	331.728637695
0.687891156463	332.112091064
0.690793650794	332.880310059
0.693696145125	333.457641602
0.696598639456	334.035980225
0.699501133787	333.843078613
0.702403628118	333.650299072
0.705306122449	333.265075684
0.70820861678	332.49597168
0.711111111111	331.154296875
0.714013605442	329.627563477
0.716916099773	328.297454834
0.719818594104	327.350646973
0.722721088435	327.161621094
0.725623582766	327.161621094
0.728526077098	327.539794922
0.731428571429	327.729034424
0.73433106576	328.297454834
0.737233560091	328.866821289
0.740136054422	329.437225342
0.743038548753	329.437225342
0.745941043084	329.437225342
0.748843537415	329.24697876
0.751746031746	328.866821289
0.754648526077	328.107879639
0.757551020408	326.972686768
0.760453514739	325.841461182
0.76335600907	325.089477539
0.766258503401	324.526641846
0.769160997732	329.24697876
0.772063492063	329.437225342
0.774965986395	329.627563477
0.777868480726	330.008575439
0.780770975057	302.794036865
0.783673469388	300.528869629
0.786575963719	298.625396729
0.78947845805	297.07699585
0.792380952381	295.707366943
0.795283446712	294.684295654
0.798185941043	293.834442139
0.801088435374	293.664764404
0.803990929705	293.834442139
0.806893424036	294.344055176
0.809795918367	295.195404053
0.812698412698	296.049194336
0.815600907029	297.420379639
0.818503401361	298.625396729
0.821405895692	299.835296631
0.824308390023	301.050079346
0.827210884354	302.61920166
0.830113378685	303.669830322
0.833015873016	305.076324463
0.835918367347	306.135467529
0.838820861678	307.375793457
0.841723356009	307.553375244
0.84462585034	307.908905029
0.847528344671	307.731079102
0.850430839002	307.553375244
0.853333333333	306.666412354
0.856235827664	306.312347412
0.859138321995	305.782012939
0.862040816327	306.666412354
0.864943310658	306.489318848
0.867845804989	306.489318848
0.87074829932	306.843597412
0.873650793651	307.375793457
0.876553287982	308.264801025
0.879455782313	308.442932129
0.882358276644	310.408966064
0.885260770975	311.126983643
0.888163265306	311.486633301
0.891065759637	312.20715332
0.893968253968	313.110137939
0.896870748299	314.378723145
0.89977324263	315.652435303
0.902675736961	316.017303467
0.905578231293	316.382598877
0.908480725624	315.83480835
0.911383219955	314.01574707
0.914285714286	312.026855469
0.917188208617	310.050567627
0.920090702948	308.264801025
0.922993197279	307.020904541
0.92589569161	306.135467529
0.928798185941	305.428955078
0.931700680272	304.724090576
0.934603174603	304.372253418
0.937505668934	304.372253418
0.940408163265	304.548126221
0.943310657596	305.076324463
0.946213151927	305.428955078
0.949115646259	305.782012939
0.95201814059	305.958679199
0.954920634921	305.605438232
0.957823129252	305.076324463
0.960725623583	304.372253418
0.963628117914	303.669830322
0.966530612245	302.968994141
0.969433106576	302.444458008
0.972335600907	302.095245361
0.975238095238	301.920806885
0.978140589569	301.57220459
0.9810430839	301.57220459
0.983945578231	301.57220459
0.986848072562	301.57220459
0.989750566893	301.746459961
0.992653061224	301.746459961
0.995555555556	302.095245361
0.998458049887	302.269805908
1.00136054422	302.444458008
1.00426303855	302.794036865
1.00716553288	302.794036865
1.01006802721	302.794036865
1.01297052154	302.61920166
1.01587301587	302.269805908
1.0187755102	301.920806885
1.02167800454	301.746459961
1.02458049887	301.746459961
1.0274829932	301.746459961
1.03038548753	302.095245361
1.03328798186	302.095245361
1.03619047619	302.444458008
1.03909297052	302.444458008
1.04199546485	302.794036865
1.04489795918	302.794036865
1.04780045351	302.794036865
1.05070294785	302.794036865
1.05360544218	302.61920166
1.05650793651	302.61920166
1.05941043084	302.444458008
1.06231292517	302.444458008
1.0652154195	302.61920166
1.06811791383	302.61920166
1.07102040816	302.794036865
1.07392290249	302.794036865
1.07682539683	302.968994141
1.07972789116	302.968994141
1.08263038549	303.144042969
1.08553287982	303.144042969
1.08843537415	303.144042969
1.09133786848	302.968994141
1.09424036281	302.968994141
1.09714285714	302.61920166
1.10004535147	302.269805908
1.1029478458	301.920806885
1.10585034014	301.050079346
1.10875283447	300.528869629
1.1116553288	299.835296631
1.11455782313	298.970581055
1.11746031746	298.10836792
1.12036281179	297.420379639
1.12326530612	296.733978271
1.12616780045	296.220245361
1.12907029478	295.536621094
1.13197278912	294.514129639
1.13487528345	292.648773193
1.13777777778	287.621246338
1.14068027211	281.702087402
1.14358276644	277.663360596
1.14648526077	275.745422363
1.1493877551	276.383239746
1.15229024943	277.823791504
1.15519274376	280.565338135
1.1580952381	283.989349365
1.16099773243	286.129882812
1.16390022676	287.289154053
1.16680272109	288.286560059
1.16970521542	290.459472656
1.17260770975	294.174102783
1.17551020408	296.905426025
1.17841269841	297.936218262
1.18131519274	297.592224121
1.18421768707	251.984832764
1.18712018141	253.151931763
1.19002267574	257.874694824
1.19292517007	264.054718018
1.1958276644	264.359924316
1.19873015873	263.293182373
1.20163265306	262.079315186
1.20453514739	260.569854736
1.20743764172	258.620544434
1.21034013605	254.030822754
1.21324263039	248.94670105
1.21614512472	245.661224365
1.21904761905	243.964324951
1.22195011338	243.541931152
1.22485260771	244.246322632
1.22775510204	246.087295532
1.23065759637	249.090530396
1.2335600907	251.693893433
1.23646258503	253.151931763
1.23936507937	253.884124756
1.2422675737	254.030822754
1.24517006803	253.884124756
1.24807256236	253.737518311
1.25097505669	253.884124756
1.25387755102	254.177597046
1.25678004535	254.618438721
1.25968253968	255.354858398
1.26258503401	256.389434814
1.26548752834	257.576965332
1.26839002268	259.818389893
1.27129251701	262.382263184
1.27419501134	266.352508545
1.27709750567	269.914703369
1.28	272.578186035
1.28290249433	274.315643311
1.28580498866	275.427032471
1.28870748299	275.427032471
1.29160997732	273.050964355
1.29451247166	269.291778564
1.29741496599	265.430999756
1.30031746032	262.685546875
1.30321995465	260.871063232
1.30612244898	260.269012451
1.30902494331	259.5184021
1.31192743764	260.269012451
1.31482993197	261.927978516
1.3177324263	264.359924316
1.32063492063	266.352508545
1.32353741497	267.27722168
1.3264399093	267.740783691
1.32934240363	267.431640625
1.33224489796	266.96862793
1.33514739229	266.506408691
1.33804988662	266.352508545
1.34095238095	266.352508545
1.34385487528	266.660400391
1.34675736961	267.12286377
1.34965986395	267.431640625
1.35256235828	267.740783691
1.35546485261	267.895477295
1.35836734694	267.586151123
1.36126984127	267.12286377
1.3641723356	266.352508545
1.36707482993	265.584350586
1.36997732426	264.971435547
1.37287981859	264.359924316
1.37578231293	263.90222168
1.37868480726	263.90222168
1.38158730159	263.90222168
1.38448979592	264.207275391
1.38739229025	264.359924316
1.39029478458	264.512664795
1.39319727891	264.81842041
1.39609977324	264.971435547
1.39900226757	265.277709961
1.4019047619	265.430999756
1.40480725624	265.891357422
1.40770975057	266.814453125
1.4106122449	268.360107422
1.41351473923	266.660400391
1.41641723356	263.4453125
1.41931972789	263.4453125
1.42222222222	263.59753418
1.42512471655	265.584350586
1.42802721088	265.124542236
1.43092970522	261.021789551
1.43383219955	258.919494629
1.43673469388	262.685546875
1.43963718821	263.4453125
1.44253968254	263.59753418
1.44544217687	263.90222168
1.4483446712	264.359924316
1.45124716553	264.665496826
1.45414965986	260.871063232
1.4570521542	261.927978516
1.45995464853	265.124542236
1.46285714286	267.431640625
1.46575963719	268.825531006
1.46866213152	270.3828125
1.47156462585	273.366577148
1.47446712018	278.305633545
1.47736961451	279.756225586
1.48027210884	279.756225586
1.48317460317	278.305633545
1.48607709751	275.268005371
1.48897959184	272.106262207
1.49188208617	268.050262451
1.4947845805	262.079315186
1.49768707483	258.620544434
1.50058956916	256.982513428
1.50349206349	256.537567139
1.50639455782	257.874694824
1.50929705215	260.569854736
1.51219954649	265.584350586
1.51510204082	271.321533203
1.51800453515	273.524536133
1.52090702948	273.050964355
1.52380952381	272.420806885
1.52671201814	271.321533203
1.52961451247	270.3828125
1.5325170068	269.603057861
1.53541950113	268.825531006
1.53832199546	268.515167236
1.5412244898	268.20513916
1.54412698413	268.050262451
1.54702947846	267.740783691
1.54993197279	266.506408691
1.55283446712	264.971435547
1.55573696145	263.749847412
1.55863945578	263.293182373
1.56154195011	263.4453125
1.56444444444	264.359924316
1.56734693878	266.04498291
1.57024943311	269.447387695
1.57315192744	273.050964355
1.57605442177	274.632720947
1.5789569161	273.524536133
1.58185941043	272.106262207
1.58476190476	271.008270264
1.58766439909	270.22668457
1.59056689342	270.22668457
1.59346938776	270.3828125
1.59637188209	271.008270264
1.59927437642	272.735687256
1.60217687075	271.792114258
1.60507936508	271.321533203
1.60798185941	271.008270264
1.61088435374	270.5390625
1.61378684807	270.695373535
1.6166893424	270.695373535
1.61959183673	270.5390625
1.62249433107	270.5390625
1.6253968254	270.3828125
1.62829931973	270.3828125
1.63120181406	270.695373535
1.63410430839	270.695373535
1.63700680272	407.934326172
1.63990929705	408.641815186
1.64281179138	408.877929688
1.64571428571	408.877929688
1.64861678005	408.641815186
1.65151927438	408.170013428
1.65442176871	407.698760986
1.65732426304	406.992858887
1.66022675737	406.053588867
1.6631292517	404.648773193
1.66603174603	403.248779297
1.66893424036	401.621612549
1.67183673469	399.769989014
1.67473922902	398.156829834
1.67764172336	398.156829834
1.68054421769	397.697143555
1.68344671202	397.926940918
1.68634920635	398.156829834
1.68925170068	397.697143555
1.69215419501	398.156829834
1.69505668934	397.926940918
1.69795918367	397.467498779
1.700861678	396.779327393
1.70376417234	395.406585693
1.70666666667	394.950042725
1.709569161	394.721984863
1.71247165533	394.950042725
1.71537414966	395.406585693
1.71827664399	394.950042725
1.72117913832	395.178253174
1.72408163265	395.863616943
1.72698412698	396.092346191
1.72988662132	396.092346191
1.73278911565	396.321228027
1.73569160998	396.321228027
1.73859410431	396.550201416
1.74149659864	396.092346191
1.74439909297	395.863616943
1.7473015873	395.178253174
1.75020408163	394.494049072
1.75310657596	394.038574219
1.75600907029	393.35635376
1.75891156463	392.675292969
1.76181405896	392.221923828
1.76471655329	391.769073486
1.76761904762	391.995422363
1.77052154195	391.995422363
1.77342403628	392.448547363
1.77632653061	392.675292969
1.77922902494	393.129211426
1.78213151927	393.811035156
1.78503401361	394.266235352
1.78793650794	394.950042725
1.79083900227	395.635040283
1.7937414966	396.092346191
1.79664399093	396.321228027
1.79954648526	396.550201416
1.80244897959	396.779327393
1.80535147392	397.008575439
1.80825396825	396.779327393
1.81115646259	396.779327393
1.81405895692	396.550201416
1.81696145125	396.550201416
1.81986394558	396.779327393
1.82276643991	397.008575439
1.82566893424	397.467498779
1.82857142857	397.926940918
1.8314739229	398.61706543
1.83437641723	398.847381592
1.83727891156	399.077850342
1.8401814059	398.847381592
1.84308390023	398.156829834
1.84598639456	397.467498779
1.84888888889	397.008575439
1.85179138322	395.863616943
1.85469387755	395.635040283
1.85759637188	394.950042725
1.86049886621	394.721984863
1.86340136054	395.406585693
1.86630385488	395.863616943
1.86920634921	395.863616943
1.87210884354	396.321228027
1.87501133787	396.321228027
1.8779138322	396.779327393
1.88081632653	397.237976074
1.88371882086	397.926940918
1.88662131519	397.697143555
1.88952380952	398.386901855
1.89242630385	398.847381592
1.89532879819	398.847381592
1.89823129252	399.539154053
1.90113378685	398.847381592
1.90403628118	398.61706543
1.90693877551	398.386901855
1.90984126984	398.156829834
1.91274376417	397.926940918
1.9156462585	397.697143555
1.91854875283	397.467498779
1.92145124717	397.237976074
1.9243537415	397.237976074
1.92725623583	397.237976074
1.93015873016	397.237976074
1.93306122449	397.237976074
1.93596371882	397.237976074
1.93886621315	397.237976074
1.94176870748	397.008575439
1.94467120181	396.779327393
1.94757369615	396.779327393
1.95047619048	396.321228027
1.95337868481	396.321228027
1.95628117914	396.092346191
1.95918367347	395.863616943
1.9620861678	395.406585693
1.96498866213	395.406585693
1.96789115646	395.178253174
1.97079365079	394.950042725
1.97369614512	394.721984863
1.97659863946	394.266235352
1.97950113379	393.811035156
1.98240362812	393.583618164
1.98530612245	393.583618164
1.98820861678	393.583618164
1.99111111111	393.583618164
1.99401360544	393.811035156
1.99691609977	394.038574219
1.9998185941	394.266235352
2.00272108844	394.494049072
2.00562358277	394.494049072
2.0085260771	394.721984863
2.01142857143	394.950042725
2.01433106576	394.950042725
2.01723356009	395.178253174
2.02013605442	394.950042725
2.02303854875	395.178253174
2.02594104308	395.178253174
2.02884353741	395.178253174
2.03174603175	395.178253174
2.03464852608	394.950042725
2.03755102041	394.950042725
2.04045351474	394.950042725
2.04335600907	394.950042725
2.0462585034	394.950042725
2.04916099773	394.950042725
2.05206349206	395.178253174
2.05496598639	395.178253174
2.05786848073	395.178253174
2.06077097506	395.406585693
2.06367346939	395.406585693
2.06657596372	395.635040283
2.06947845805	395.406585693
2.07238095238	395.406585693
2.07528344671	395.178253174
2.07818594104	395.178253174
2.08108843537	394.950042725
2.08399092971	394.950042725
2.08689342404	394.721984863
2.08979591837	394.494049072
2.0926984127	394.266235352
2.09560090703	394.266235352
2.09850340136	394.038574219
2.10140589569	393.811035156
2.10430839002	393.811035156
2.10721088435	393.35635376
2.11011337868	393.35635376
2.11301587302	392.902191162
2.11591836735	392.675292969
2.11882086168	392.221923828
2.12172335601	391.995422363
2.12462585034	391.769073486
2.12752834467	391.54284668
2.130430839	391.316741943
2.13333333333	391.090789795
2.13623582766	390.864929199
2.139138322	390.413665771
2.14204081633	390.188201904
2.14494331066	389.962890625
2.14784580499	389.737701416
2.15074829932	389.512664795
2.15365079365	389.062927246
2.15655328798	388.613739014
2.15945578231	388.389312744
2.16235827664	388.165039062
2.16526077098	388.389312744
2.16816326531	388.389312744
2.17106575964	388.389312744
2.17396825397	388.613739014
2.1768707483	388.613739014
2.17977324263	389.062927246
2.18267573696	389.287719727
2.18557823129	389.737701416
2.18848072562	390.188201904
2.19138321995	390.413665771
2.19428571429	391.090789795
2.19718820862	391.316741943
2.20009070295	391.54284668
2.20299319728	391.769073486
2.20589569161	391.769073486
2.20879818594	391.995422363
2.21170068027	392.221923828
2.2146031746	392.221923828
2.21750566893	391.995422363
2.22040816327	391.995422363
2.2233106576	391.769073486
2.22621315193	391.769073486
2.22911564626	391.769073486
2.23201814059	391.54284668
2.23492063492	391.54284668
2.23782312925	391.316741943
2.24072562358	391.090789795
2.24362811791	390.864929199
2.24653061224	389.962890625
2.24943310658	388.838256836
2.25233560091	389.287719727
2.25523809524	387.716888428
2.25814058957	385.929382324
2.2610430839	384.594146729
2.26394557823	382.15826416
2.26684807256	381.496612549
2.26975056689	380.836090088
2.27265306122	380.176727295
2.27555555556	379.518493652
2.27845804989	378.861419678
2.28136054422	377.987060547
2.28426303855	377.987060547
2.28716553288	381.276306152
2.29006802721	384.816375732
2.29297052154	386.375488281
2.29587301587	386.82208252
2.2987755102	386.375488281
2.30167800454	385.483795166
2.30458049887	383.042236328
2.3074829932	0.0
2.31038548753	0.0
2.31328798186	0.0
2.31619047619	0.0
2.31909297052	0.0
2.32199546485	0.0
2.32489795918	0.0
2.32780045351	0.0
2.33070294785	0.0
2.33360544218	0.0
2.33650793651	0.0
2.33941043084	0.0
2.34231292517	0.0
2.3452154195	0.0
2.34811791383	0.0
2.35102040816	0.0
2.35392290249	0.0
2.35682539683	0.0
2.35972789116	0.0
2.36263038549	0.0
2.36553287982	0.0
2.36843537415	0.0
2.37133786848	0.0
2.37424036281	0.0
2.37714285714	0.0
2.38004535147	0.0
2.3829478458	0.0
2.38585034014	0.0
2.38875283447	0.0
2.3916553288	0.0
2.39455782313	0.0
2.39746031746	0.0
2.40036281179	361.126312256
2.40326530612	361.752624512
2.40616780045	362.798919678
2.40907029478	363.638153076
2.41197278912	364.268829346
2.41487528345	364.689880371
2.41777777778	364.479309082
2.42068027211	364.05847168
2.42358276644	363.848236084
2.42648526077	363.848236084
2.4293877551	364.05847168
2.43229024943	364.479309082
2.43519274376	364.689880371
2.4380952381	365.111450195
2.44099773243	365.322387695
2.44390022676	365.533477783
2.44680272109	365.322387695
2.44970521542	364.689880371
2.45260770975	364.05847168
2.45551020408	363.218292236
2.45841269841	361.961639404
2.46131519274	360.709350586
2.46421768707	359.87689209
2.46712018141	359.253814697
2.47002267574	358.424743652
2.47292517007	358.010894775
2.4758276644	358.010894775
2.47873015873	358.424743652
2.48163265306	358.839050293
2.48453514739	359.046386719
2.48743764172	359.046386719
2.49034013605	359.461395264
2.49324263039	359.253814697
2.49614512472	358.839050293
2.49904761905	358.424743652
2.50195011338	357.597564697
2.50485260771	356.978424072
2.50775510204	356.566253662
2.51065759637	356.566253662
2.5135600907	356.360351562
2.51646258503	356.154571533
2.51936507937	355.332641602
2.5222675737	354.922363281
2.52517006803	355.127441406
2.52807256236	355.127441406
2.53097505669	354.307861328
2.53387755102	353.490203857
2.53678004535	351.657318115
2.53968253968	351.048461914
2.54258503401	350.643157959
2.54548752834	351.657318115
2.54839002268	351.45425415
2.55129251701	352.063781738
2.55419501134	353.286071777
2.55709750567	353.490203857
2.56	354.103271484
2.56290249433	354.307861328
2.56580498866	354.103271484
2.56870748299	353.898803711
2.57160997732	353.69442749
2.57451247166	353.286071777
2.57741496599	353.082061768
2.58031746032	352.878173828
2.58321995465	352.674407959
2.58612244898	352.267211914
2.58902494331	351.86050415
2.59192743764	351.45425415
2.59482993197	351.251281738
2.5977324263	351.251281738
2.60063492063	351.251281738
2.60353741497	351.45425415
2.6064399093	351.45425415
2.60934240363	351.657318115
2.61224489796	351.657318115
2.61514739229	351.657318115
2.61804988662	351.45425415
2.62095238095	352.063781738
2.62385487528	351.86050415
2.62675736961	351.86050415
2.62965986395	352.267211914
2.63256235828	351.657318115
2.63546485261	351.86050415
2.63836734694	352.267211914
2.64126984127	352.674407959
2.6441723356	353.082061768
2.64707482993	353.69442749
2.64997732426	353.69442749
2.65287981859	353.69442749
2.65578231293	353.898803711
2.65868480726	353.898803711
2.66158730159	353.898803711
2.66448979592	353.898803711
2.66739229025	353.898803711
2.67029478458	353.898803711
2.67319727891	354.103271484
2.67609977324	354.103271484
2.67900226757	354.307861328
2.6819047619	354.307861328
2.68480725624	354.103271484
2.68770975057	354.307861328
2.6906122449	354.512573242
2.69351473923	354.512573242
2.69641723356	354.717407227
2.69931972789	354.717407227
2.70222222222	354.512573242
2.70512471655	354.717407227
2.70802721088	354.512573242
2.71092970522	354.512573242
2.71383219955	354.512573242
2.71673469388	354.512573242
2.71963718821	354.307861328
2.72253968254	354.307861328
2.72544217687	354.307861328
2.7283446712	354.307861328
2.73124716553	354.307861328
2.73414965986	354.717407227
2.7370521542	354.922363281
2.73995464853	355.127441406
2.74285714286	355.332641602
2.74575963719	355.127441406
2.74866213152	354.922363281
2.75156462585	354.717407227
2.75446712018	354.922363281
2.75736961451	354.512573242
2.76027210884	354.512573242
2.76317460317	354.103271484
2.76607709751	354.307861328
2.76897959184	354.307861328
2.77188208617	354.307861328
2.7747845805	354.307861328
2.77768707483	354.103271484
2.78058956916	354.103271484
2.78349206349	354.307861328
2.78639455782	354.103271484
2.78929705215	354.103271484
2.79219954649	354.307861328
2.79510204082	354.307861328
2.79800453515	354.512573242
2.80090702948	354.717407227
2.80380952381	354.922363281
2.80671201814	355.332641602
2.80961451247	355.53793335
2.8125170068	355.948913574
2.81541950113	356.360351562
2.81832199546	356.772277832
2.8212244898	357.184661865
2.82412698413	357.597564697
2.82702947846	357.804168701
2.82993197279	358.21774292
2.83283446712	358.424743652
2.83573696145	358.839050293
2.83863945578	358.839050293
2.84154195011	358.839050293
2.84444444444	358.839050293
2.84734693878	358.631835938
2.85024943311	358.424743652
2.85315192744	358.21774292
2.85605442177	358.010894775
2.8589569161	357.597564697
2.86185941043	356.978424072
2.86476190476	356.566253662
2.86766439909	355.948913574
2.87056689342	355.127441406
2.87346938776	354.512573242
2.87637188209	354.922363281
2.87927437642	354.512573242
2.88217687075	354.717407227
2.88507936508	353.898803711
2.88798185941	354.307861328
2.89088435374	354.922363281
2.89378684807	355.332641602
2.8966893424	355.53793335
2.89959183673	355.53793335
2.90249433107	355.743377686
2.9053968254	356.154571533
2.90829931973	356.154571533
2.91120181406	356.360351562
2.91410430839	356.566253662
2.91700680272	356.772277832
2.91990929705	356.772277832
2.92281179138	356.772277832
2.92571428571	357.184661865
2.92861678005	357.184661865
2.93151927438	357.391052246
2.93442176871	357.391052246
2.93732426304	357.391052246
2.94022675737	357.391052246
2.9431292517	357.597564697
2.94603174603	357.597564697
2.94893424036	357.597564697
2.95183673469	357.597564697
2.95473922902	357.184661865
2.95764172336	356.978424072
2.96054421769	356.360351562
2.96344671202	355.53793335
2.96634920635	353.69442749
2.96925170068	354.922363281
2.97215419501	353.082061768
2.97505668934	352.878173828
2.97795918367	354.103271484
2.980861678	355.948913574
2.98376417234	355.127441406
2.98666666667	356.154571533
2.989569161	356.566253662
2.99247165533	356.360351562
2.99537414966	356.360351562
2.99827664399	356.360351562
3.00117913832	356.772277832
3.00408163265	356.978424072
3.00698412698	357.391052246
3.00988662132	357.597564697
3.01278911565	357.597564697
3.01569160998	358.21774292
3.01859410431	358.424743652
3.02149659864	358.424743652
3.02439909297	358.631835938
3.0273015873	358.21774292
3.03020408163	357.804168701
3.03310657596	357.597564697
3.03600907029	356.978424072
3.03891156463	356.772277832
3.04181405896	356.360351562
3.04471655329	356.154571533
3.04761904762	356.360351562
3.05052154195	356.360351562
3.05342403628	0.0
3.05632653061	0.0
3.05922902494	0.0
3.06213151927	0.0
3.06503401361	0.0
3.06793650794	0.0
3.07083900227	0.0
3.0737414966	0.0
3.07664399093	0.0
3.07954648526	0.0
3.08244897959	0.0
3.08535147392	0.0
3.08825396825	0.0
3.09115646259	0.0
3.09405895692	0.0
3.09696145125	0.0
3.09986394558	0.0
3.10276643991	0.0
3.10566893424	0.0
3.10857142857	0.0
3.1114739229	0.0
3.11437641723	0.0
3.11727891156	0.0
3.1201814059	0.0
3.12308390023	0.0
3.12598639456	0.0
3.12888888889	0.0
3.13179138322	0.0
3.13469387755	0.0
3.13759637188	0.0
3.14049886621	0.0
3.14340136054	0.0
3.14630385488	0.0
3.14920634921	0.0
3.15210884354	0.0
3.15501133787	0.0
3.1579138322	325.653289795
3.16081632653	324.526641846
3.16371882086	324.714141846
3.16662131519	325.841461182
3.16952380952	327.539794922
3.17242630385	330.199249268
3.17532879819	332.112091064
3.17823129252	333.457641602
3.18113378685	334.228973389
3.18403628118	334.228973389
3.18693877551	334.035980225
3.18984126984	333.457641602
3.19274376417	333.457641602
3.1956462585	333.843078613
3.19854875283	334.808654785
3.20145124717	335.971038818
3.2043537415	336.942749023
3.20725623583	337.527130127
3.21015873016	337.527130127
3.21306122449	337.722167969
3.21596371882	337.527130127
3.21886621315	336.942749023
3.22176870748	336.165161133
3.22467120181	335.389343262
3.22757369615	334.808654785
3.23047619048	335.195678711
3.23337868481	336.748199463
3.23628117914	338.89465332
3.23918367347	341.64630127
3.2420861678	343.22869873
3.24498866213	342.634429932
3.24789115646	341.64630127
3.25079365079	340.267700195
3.25369614512	338.698944092
3.25659863946	337.137451172
3.25950113379	335.971038818
3.26240362812	335.777038574
3.26530612245	335.389343262
3.26820861678	335.195678711
3.27111111111	335.195678711
3.27401360544	334.808654785
3.27691609977	334.422088623
3.2798185941	333.843078613
3.28272108844	333.650299072
3.28562358277	333.265075684
3.2885260771	332.49597168
3.29142857143	332.303955078
3.29433106576	331.728637695
3.29723356009	331.728637695
3.30013605442	331.537078857
3.30303854875	330.963043213
3.30594104308	329.818023682
3.30884353741	329.056854248
3.31174603175	328.676940918
3.31464852608	328.866821289
3.31755102041	329.627563477
3.32045351474	329.627563477
3.32335600907	330.199249268
3.3262585034	330.199249268
3.32916099773	330.008575439
3.33206349206	329.818023682
3.33496598639	329.818023682
3.33786848073	330.008575439
3.34077097506	330.008575439
3.34367346939	330.008575439
3.34657596372	330.008575439
3.34947845805	330.199249268
3.35238095238	330.199249268
3.35528344671	330.199249268
3.35818594104	330.199249268
3.36108843537	330.199249268
3.36399092971	330.008575439
3.36689342404	329.818023682
3.36979591837	329.818023682
3.3726984127	329.818023682
3.37560090703	330.199249268
3.37850340136	330.390045166
3.38140589569	330.771942139
3.38430839002	331.345611572
3.38721088435	331.537078857
3.39011337868	331.920288086
3.39301587302	332.303955078
3.39591836735	332.880310059
3.39882086168	333.265075684
3.40172335601	333.265075684
3.40462585034	333.457641602
3.40752834467	333.650299072
3.410430839	333.843078613
3.41333333333	334.035980225
3.41623582766	334.035980225
3.419138322	333.843078613
3.42204081633	333.265075684
3.42494331066	333.072631836
3.42784580499	332.303955078
3.43074829932	331.537078857
3.43365079365	331.154296875
3.43655328798	330.963043213
3.43945578231	330.390045166
3.44235827664	330.580932617
3.44526077098	330.580932617
3.44816326531	330.390045166
3.45106575964	330.008575439
3.45396825397	329.818023682
3.4568707483	329.437225342
3.45977324263	329.24697876
3.46267573696	329.056854248
3.46557823129	329.056854248
3.46848072562	329.056854248
3.47138321995	328.866821289
3.47428571429	328.866821289
3.47718820862	328.866821289
3.48009070295	328.866821289
3.48299319728	329.437225342
3.48589569161	329.627563477
3.48879818594	329.627563477
3.49170068027	329.818023682
3.4946031746	329.24697876
3.49750566893	329.437225342
3.50040816327	329.437225342
3.5033106576	329.437225342
3.50621315193	329.437225342
3.50911564626	329.627563477
3.51201814059	329.627563477
3.51492063492	329.818023682
3.51782312925	329.818023682
3.52072562358	329.627563477
3.52362811791	329.437225342
3.52653061224	329.24697876
3.52943310658	328.866821289
3.53233560091	328.676940918
3.53523809524	328.487121582
3.53814058957	328.297454834
3.5410430839	328.107879639
3.54394557823	328.107879639
3.54684807256	327.918395996
3.54975056689	327.350646973
3.55265306122	326.595184326
3.55555555556	325.465240479
3.55845804989	323.777679443
3.56136054422	321.541168213
3.56426303855	316.931304932
3.56716553288	310.76776123
3.57006802721	307.731079102
3.57297052154	304.724090576
3.57587301587	301.746459961
3.5787755102	298.797943115
3.58167800454	295.536621094
3.58458049887	292.142089844
3.5874829932	288.953399658
3.59038548753	285.634490967
3.59328798186	282.190643311
3.59619047619	278.305633545
3.59909297052	268.515167236
3.60199546485	260.118713379
3.60489795918	255.945541382
3.60780045351	253.591003418
3.61070294785	252.276092529
3.61360544218	251.984832764
3.61650793651	252.713638306
3.61941043084	253.884124756
3.62231292517	255.207397461
3.6252154195	256.389434814
3.62811791383	257.130981445
3.63102040816	257.576965332
3.63392290249	257.428222656
3.63682539683	256.685821533
3.63972789116	255.50239563
3.64263038549	253.884124756
3.64553287982	252.421859741
3.64843537415	250.968017578
3.65133786848	249.378463745
3.65424036281	247.655883789
3.65714285714	246.371749878
3.66004535147	245.80317688
3.6629478458	245.94519043
3.66585034014	246.514099121
3.66875283447	247.798965454
3.6716553288	250.533493042
3.67455782313	254.177597046
3.67746031746	257.874694824
3.68036281179	261.474487305
3.68326530612	265.430999756
3.68616780045	270.070648193
3.68907029478	276.702728271
3.69197278912	282.843414307
3.69487528345	287.45513916
3.69777777778	291.46786499
3.70068027211	294.514129639
3.70358276644	294.684295654
3.70648526077	292.479766846
3.7093877551	289.454559326
3.71229024943	286.62612915
3.71519274376	284.153442383
3.7180952381	282.027709961
3.72099773243	280.565338135
3.72390022676	279.271850586
3.72680272109	278.466461182
3.72970521542	277.984313965
3.73260770975	277.50302124
3.73551020408	277.182617188
3.73841269841	277.182617188
3.74131519274	277.022583008
3.74421768707	277.342773438
3.74712018141	277.50302124
3.75002267574	283.333953857
3.75292517007	293.325714111
3.7558276644	297.420379639
3.75873015873	297.936218262
3.76163265306	295.707366943
3.76453514739	291.299560547
3.76743764172	276.383239746
3.77034013605	274.791412354
3.77324263039	275.268005371
3.77614512472	275.427032471
3.77904761905	275.427032471
3.78195011338	275.109039307
3.78485260771	274.950164795
3.78775510204	274.157226562
3.79065759637	273.208709717
3.7935600907	272.26348877
3.79646258503	271.635162354
3.79936507937	271.008270264
3.8022675737	270.851776123
3.80517006803	270.695373535
3.80807256236	271.164855957
3.81097505669	271.321533203
3.81387755102	271.478302002
3.81678004535	271.949127197
3.81968253968	272.26348877
3.82258503401	272.578186035
3.82548752834	272.893280029
3.82839002268	272.420806885
3.83129251701	272.106262207
3.83419501134	271.478302002
3.83709750567	270.5390625
3.84	269.603057861
3.84290249433	268.670288086
3.84580498866	267.586151123
3.84870748299	266.506408691
3.85160997732	265.737823486
3.85451247166	265.584350586
3.85741496599	266.198699951
3.86031746032	267.12286377
3.86321995465	268.360107422
3.86612244898	269.291778564
3.86902494331	270.22668457
3.87192743764	270.851776123
3.87482993197	271.008270264
3.8777324263	271.008270264
3.88063492063	271.008270264
3.88353741497	270.851776123
3.8864399093	270.695373535
3.88934240363	270.5390625
3.89224489796	270.5390625
3.89514739229	270.851776123
3.89804988662	271.008270264
3.90095238095	271.321533203
3.90385487528	271.478302002
3.90675736961	271.321533203
3.90965986395	271.321533203
3.91256235828	270.851776123
3.91546485261	270.3828125
3.91836734694	269.603057861
3.92126984127	268.360107422
3.9241723356	266.814453125
3.92707482993	265.430999756
3.92997732426	264.359924316
3.93287981859	263.59753418
3.93578231293	263.4453125
3.93868480726	263.90222168
3.94158730159	264.81842041
3.94448979592	265.891357422
3.94739229025	266.814453125
3.95029478458	267.586151123
3.95319727891	268.515167236
3.95609977324	269.291778564
3.95900226757	270.070648193
3.9619047619	270.851776123
3.96480725624	271.478302002
3.96770975057	272.106262207
3.9706122449	272.735687256
3.97351473923	273.050964355
3.97641723356	273.366577148
3.97931972789	273.208709717
3.98222222222	273.208709717
3.98512471655	273.208709717
3.98802721088	273.524536133
3.99092970522	273.840698242
3.99383219955	274.474121094
3.99673469388	275.745422363
3.99963718821	279.594665527
4.00253968254	294.514129639
4.00544217687	298.625396729
4.0083446712	299.835296631
4.01124716553	299.316162109
4.01414965986	297.07699585
4.0170521542	292.648773193
4.01995464853	288.286560059
4.02285714286	287.123260498
4.02575963719	287.621246338
4.02866213152	290.627288818
4.03156462585	298.970581055
4.03446712018	304.548126221
4.03736961451	307.020904541
4.04027210884	307.908905029
4.04317460317	307.731079102
4.04607709751	305.958679199
4.04897959184	303.144042969
4.05188208617	300.181884766
4.0547845805	299.316162109
4.05768707483	299.489105225
4.06058956916	300.008544922
4.06349206349	300.528869629
4.06639455782	300.355316162
4.06929705215	299.662139893
4.07219954649	298.280609131
4.07510204082	296.562652588
4.07800453515	295.195404053
4.08090702948	294.174102783
4.08380952381	294.004211426
4.08671201814	294.514129639
4.08961451247	295.536621094
4.0925170068	296.733978271
4.09541950113	297.764160156
4.09832199546	298.452941895
4.1012244898	298.625396729
4.10412698413	298.280609131
4.10702947846	297.248626709
4.10993197279	295.536621094
4.11283446712	293.495178223
4.11573696145	291.46786499
4.11863945578	289.789123535
4.12154195011	288.619781494
4.12444444444	288.286560059
4.12734693878	288.619781494
4.13024943311	289.789123535
4.13315192744	291.299560547
4.13605442177	293.156341553
4.1389569161	294.854553223
4.14185941043	296.049194336
4.14476190476	296.905426025
4.14766439909	297.592224121
4.15056689342	297.764160156
4.15346938776	297.592224121
4.15637188209	297.07699585
4.15927437642	296.562652588
4.16217687075	296.562652588
4.16507936508	297.07699585
4.16798185941	298.452941895
4.17088435374	299.662139893
4.17378684807	301.050079346
4.1766893424	301.398071289
4.17959183673	301.050079346
4.18249433107	300.528869629
4.1853968254	299.143310547
4.18829931973	297.936218262
4.19120181406	296.905426025
4.19410430839	296.391387939
4.19700680272	296.562652588
4.19990929705	296.733978271
4.20281179138	297.248626709
4.20571428571	297.420379639
4.20861678005	297.592224121
4.21151927438	297.592224121
4.21442176871	297.248626709
4.21732426304	296.905426025
4.22022675737	296.562652588
4.2231292517	296.220245361
4.22603174603	296.049194336
4.22893424036	295.878234863
4.23183673469	295.707366943
4.23473922902	295.536621094
4.23764172336	295.195404053
4.24054421769	294.684295654
4.24344671202	294.004211426
4.24634920635	293.156341553
4.24925170068	292.310882568
4.25215419501	291.46786499
4.25505668934	290.963226318
4.25795918367	290.459472656
4.260861678	290.12411499
4.26376417234	289.789123535
4.26666666667	289.287414551
4.269569161	289.120361328
4.27247165533	288.286560059
4.27537414966	287.621246338
4.27827664399	286.957458496
4.28117913832	286.129882812
4.28408163265	285.139953613
4.28698412698	284.153442383
4.28988662132	283.006835938
4.29278911565	282.190643311
4.29569160998	281.214355469
4.29859410431	280.079589844
4.30149659864	278.144927979
4.30439909297	289.621795654
4.3073015873	293.834442139
4.31020408163	295.878234863
4.31310657596	295.365936279
4.31600907029	292.817840576
4.31891156463	291.131347656
4.32181405896	292.817840576
4.32471655329	292.142089844
4.32761904762	292.310882568
4.33052154195	292.310882568
4.33342403628	292.479766846
4.33632653061	292.817840576
4.33922902494	293.156341553
4.34213151927	293.156341553
4.34503401361	293.495178223
4.34793650794	288.619781494
4.35083900227	289.454559326
4.3537414966	288.953399658
4.35664399093	0.0
4.35954648526	0.0
4.36244897959	0.0
4.36535147392	0.0
4.36825396825	0.0
4.37115646259	0.0
4.37405895692	0.0
4.37696145125	0.0
4.37986394558	0.0
4.38276643991	0.0
4.38566893424	0.0
4.38857142857	0.0
4.3914739229	0.0
4.39437641723	0.0
4.39727891156	0.0
4.4001814059	0.0
4.40308390023	0.0
4.40598639456	0.0
4.40888888889	0.0
4.41179138322	0.0
4.41469387755	0.0
4.41759637188	0.0
4.42049886621	0.0
4.42340136054	0.0
4.42630385488	0.0
4.42920634921	0.0
4.43210884354	0.0
4.43501133787	0.0
4.4379138322	0.0
4.44081632653	0.0
4.44371882086	0.0
4.44662131519	0.0
4.44952380952	244.105285645
4.45242630385	240.466659546
4.45532879819	238.392166138
4.45823129252	237.156082153
4.46113378685	237.156082153
4.46403628118	237.567398071
4.46693877551	238.254516602
4.46984126984	239.081665039
4.47274376417	240.18901062
4.4756462585	241.162155151
4.47854875283	242.279144287
4.48145124717	243.120269775
4.4843537415	242.979873657
4.48725623583	239.63470459
4.49015873016	239.63470459
4.49306122449	239.773162842
4.49596371882	240.050323486
4.49886621315	241.301498413
4.50176870748	240.18901062
4.50467120181	239.496322632
4.50757369615	239.081665039
4.51047619048	239.081665039
4.51337868481	238.943603516
4.51628117914	239.219802856
4.51918367347	239.358032227
4.5220861678	239.219802856
4.52498866213	239.358032227
4.52789115646	239.63470459
4.53079365079	239.773162842
4.53369614512	240.18901062
4.53659863946	240.744613647
4.53950113379	241.301498413
4.54240362812	241.720001221
4.54530612245	241.859664917
4.54820861678	242.13923645
4.55111111111	242.69934082
4.55401360544	243.260742188
4.55691609977	243.682647705
4.5598185941	243.823440552
4.56272108844	243.682647705
4.56562358277	243.401290894
4.5685260771	242.979873657
4.57142857143	242.559188843
4.57433106576	242.13923645
4.57723356009	241.999404907
4.58013605442	242.13923645
4.58303854875	242.279144287
4.58594104308	242.419128418
4.58884353741	242.559188843
4.59174603175	242.69934082
4.59464852608	242.559188843
4.59755102041	242.559188843
4.60045351474	242.419128418
4.60335600907	242.419128418
4.6062585034	242.559188843
4.60916099773	242.419128418
4.61206349206	242.279144287
4.61496598639	242.419128418
4.61786848073	242.559188843
4.62077097506	242.979873657
4.62367346939	243.401290894
4.62657596372	243.823440552
4.62947845805	244.105285645
4.63238095238	244.246322632
4.63528344671	244.246322632
4.63818594104	244.105285645
4.64108843537	244.105285645
4.64399092971	243.964324951
4.64689342404	243.964324951
4.64979591837	244.105285645
4.6526984127	244.105285645
4.65560090703	244.246322632
4.65850340136	244.246322632
4.66140589569	244.387451172
4.66430839002	244.387451172
4.66721088435	244.528656006
4.67011337868	244.528656006
4.67301587302	244.669937134
4.67591836735	244.811309814
4.67882086168	245.094284058
4.68172335601	245.235900879
4.68462585034	245.377593994
4.68752834467	245.519378662
4.690430839	245.661224365
4.69333333333	245.519378662
4.69623582766	245.377593994
4.699138322	245.094284058
4.70204081633	244.811309814
4.70494331066	244.528656006
4.70784580499	244.669937134
4.71074829932	244.811309814
4.71365079365	245.377593994
4.71655328798	245.80317688
4.71945578231	246.229476929
4.72235827664	246.514099121
4.72526077098	246.656539917
4.72816326531	246.514099121
4.73106575964	245.94519043
4.73396825397	245.235900879
4.7368707483	244.246322632
4.73977324263	243.401290894
4.74267573696	242.69934082
4.74557823129	242.419128418
4.74848072562	242.559188843
4.75138321995	242.979873657
4.75428571429	243.682647705
4.75718820862	244.528656006
4.76009070295	245.519378662
4.76299319728	246.514099121
4.76589569161	247.227096558
4.76879818594	248.085403442
4.77170068027	248.802932739
4.7746031746	249.52255249
4.77750566893	250.244232178
4.78040816327	250.8230896
4.7833106576	251.258117676
4.78621315193	251.113021851
4.78911564626	248.94670105
4.79201814059	243.541931152
4.79492063492	239.358032227
4.79782312925	278.144927979
4.80072562358	279.594665527
4.80362811791	278.949401855
4.80653061224	276.702728271
4.80943310658	269.914703369
4.81233560091	266.660400391
4.81523809524	266.96862793
4.81814058957	268.050262451
4.8210430839	270.22668457
4.82394557823	272.26348877
4.82684807256	273.366577148
4.82975056689	273.366577148
4.83265306122	273.208709717
4.83555555556	272.735687256
4.83845804989	271.635162354
4.84136054422	268.980865479
4.84426303855	265.891357422
4.84716553288	264.512664795
4.85006802721	264.512664795
4.85297052154	265.124542236
4.85587301587	265.891357422
4.8587755102	267.12286377
4.86167800454	268.670288086
4.86458049887	270.5390625
4.8674829932	272.26348877
4.87038548753	273.524536133
4.87328798186	274.315643311
4.87619047619	274.315643311
4.87909297052	273.524536133
4.88199546485	272.420806885
4.88489795918	271.008270264
4.88780045351	269.75881958
4.89070294785	268.825531006
4.89360544218	268.360107422
4.89650793651	268.360107422
4.89941043084	268.980865479
4.90231292517	269.914703369
4.9052154195	271.164855957
4.90811791383	272.26348877
4.91102040816	272.735687256
4.91392290249	272.578186035
4.91682539683	271.635162354
4.91972789116	270.22668457
4.92263038549	268.360107422
4.92553287982	266.660400391
4.92843537415	265.124542236
4.93133786848	264.359924316
4.93424036281	264.054718018
4.93714285714	264.359924316
4.94004535147	264.665496826
4.9429478458	265.430999756
4.94585034014	266.198699951
4.94875283447	267.12286377
4.9516553288	268.050262451
4.95455782313	268.360107422
4.95746031746	268.515167236
4.96036281179	268.050262451
4.96326530612	267.431640625
4.96616780045	266.814453125
4.96907029478	266.198699951
4.97197278912	265.891357422
4.97487528345	265.584350586
4.97777777778	265.430999756
4.98068027211	265.277709961
4.98358276644	265.430999756
4.98648526077	265.584350586
4.9893877551	265.891357422
4.99229024943	266.198699951
4.99519274376	266.506408691
4.9980952381	266.814453125
5.00099773243	266.96862793
5.00390022676	267.12286377
5.00680272109	267.12286377
5.00970521542	266.96862793
5.01260770975	266.660400391
5.01551020408	266.198699951
5.01841269841	265.891357422
5.02131519274	265.737823486
5.02421768707	265.584350586
5.02712018141	265.737823486
5.03002267574	265.737823486
5.03292517007	265.737823486
5.0358276644	265.584350586
5.03873015873	265.584350586
5.04163265306	265.430999756
5.04453514739	265.277709961
5.04743764172	264.971435547
5.05034013605	264.665496826
5.05324263039	264.359924316
5.05614512472	264.054718018
5.05904761905	263.749847412
5.06195011338	263.749847412
5.06485260771	263.59753418
5.06775510204	263.749847412
5.07065759637	263.90222168
5.0735600907	264.054718018
5.07646258503	264.207275391
5.07936507937	264.359924316
5.0822675737	264.359924316
5.08517006803	264.359924316
5.08807256236	264.512664795
5.09097505669	264.512664795
5.09387755102	264.512664795
5.09678004535	264.512664795
5.09968253968	264.512664795
5.10258503401	264.665496826
5.10548752834	264.665496826
5.10839002268	264.81842041
5.11129251701	265.124542236
5.11419501134	265.277709961
5.11709750567	265.584350586
5.12	265.584350586
5.12290249433	265.891357422
5.12580498866	265.891357422
5.12870748299	265.737823486
5.13160997732	265.584350586
5.13451247166	265.430999756
5.13741496599	265.277709961
5.14031746032	265.124542236
5.14321995465	264.665496826
5.14612244898	264.359924316
5.14902494331	263.90222168
5.15192743764	263.59753418
5.15482993197	263.141143799
5.1577324263	262.533874512
5.16063492063	262.837341309
5.16353741497	262.989196777
5.1664399093	262.989196777
5.16934240363	262.837341309
5.17224489796	262.837341309
5.17514739229	264.054718018
5.17804988662	264.971435547
5.18095238095	265.430999756
5.18385487528	265.891357422
5.18675736961	265.891357422
5.18965986395	266.198699951
5.19256235828	266.198699951
5.19546485261	266.198699951
5.19836734694	266.04498291
5.20126984127	265.891357422
5.2041723356	265.584350586
5.20707482993	265.277709961
5.20997732426	264.971435547
5.21287981859	264.665496826
5.21578231293	264.207275391
5.21868480726	264.054718018
5.22158730159	263.90222168
5.22448979592	263.90222168
5.22739229025	263.90222168
5.23029478458	264.054718018
5.23319727891	264.054718018
5.23609977324	264.054718018
5.23900226757	264.054718018
5.2419047619	263.90222168
5.24480725624	263.90222168
5.24770975057	263.90222168
5.2506122449	264.054718018
5.25351473923	264.207275391
5.25641723356	264.359924316
5.25931972789	264.665496826
5.26222222222	264.81842041
5.26512471655	264.971435547
5.26802721088	265.124542236
5.27092970522	265.277709961
5.27383219955	265.277709961
5.27673469388	265.124542236
5.27963718821	265.124542236
5.28253968254	264.971435547
5.28544217687	264.81842041
5.2883446712	264.665496826
5.29124716553	264.512664795
5.29414965986	264.359924316
5.2970521542	264.207275391
5.29995464853	264.054718018
5.30285714286	264.054718018
5.30575963719	263.90222168
5.30866213152	263.749847412
5.31156462585	263.59753418
5.31446712018	263.59753418
5.31736961451	263.59753418
5.32027210884	263.59753418
5.32317460317	263.4453125
5.32607709751	263.293182373
5.32897959184	263.4453125
5.33188208617	263.4453125
5.3347845805	263.293182373
5.33768707483	263.141143799
5.34058956916	262.989196777
5.34349206349	262.837341309
5.34639455782	262.989196777
5.34929705215	263.141143799
5.35219954649	263.4453125
5.35510204082	263.749847412
5.35800453515	264.054718018
5.36090702948	264.359924316
5.36380952381	264.359924316
5.36671201814	264.054718018
5.36961451247	263.749847412
5.3725170068	263.4453125
5.37541950113	263.141143799
5.37832199546	262.989196777
5.3812244898	263.141143799
5.38412698413	263.293182373
5.38702947846	263.4453125
5.38993197279	263.59753418
5.39283446712	263.749847412
5.39573696145	263.59753418
5.39863945578	263.293182373
5.40154195011	263.141143799
5.40444444444	263.293182373
5.40734693878	263.141143799
5.41024943311	262.533874512
5.41315192744	262.685546875
5.41605442177	263.293182373
5.4189569161	263.90222168
5.42185941043	264.207275391
5.42476190476	264.359924316
5.42766439909	264.512664795
5.43056689342	264.512664795
5.43346938776	264.512664795
5.43637188209	264.512664795
5.43927437642	264.512664795
5.44217687075	264.665496826
5.44507936508	264.971435547
5.44798185941	265.584350586
5.45088435374	266.198699951
5.45378684807	266.660400391
5.4566893424	267.27722168
5.45959183673	267.586151123
5.46249433107	267.431640625
5.4653968254	267.12286377
5.46829931973	266.660400391
5.47120181406	265.891357422
5.47410430839	265.277709961
5.47700680272	264.665496826
5.47990929705	263.90222168
5.48281179138	263.293182373
5.48571428571	262.989196777
5.48861678005	262.533874512
5.49151927438	262.382263184
5.49442176871	262.685546875
5.49732426304	263.59753418
5.50022675737	265.891357422
5.5031292517	268.825531006
5.50603174603	271.164855957
5.50893424036	272.735687256
5.51183673469	272.420806885
5.51473922902	271.321533203
5.51764172336	269.447387695
5.52054421769	267.431640625
5.52344671202	265.430999756
5.52634920635	264.359924316
5.52925170068	263.59753418
5.53215419501	262.533874512
5.53505668934	262.079315186
5.53795918367	261.474487305
5.540861678	260.720397949
5.54376417234	260.118713379
5.54666666667	259.668365479
5.549569161	260.118713379
5.55247165533	261.474487305
5.55537414966	263.749847412
5.55827664399	267.12286377
5.56117913832	269.75881958
5.56408163265	271.478302002
5.56698412698	272.26348877
5.56988662132	271.949127197
5.57278911565	270.5390625
5.57569160998	268.20513916
5.57859410431	265.891357422
5.58149659864	264.665496826
5.58439909297	264.207275391
5.5873015873	264.207275391
5.59020408163	265.277709961
5.59310657596	0.0
5.59600907029	0.0
5.59891156463	0.0
5.60181405896	0.0
5.60471655329	0.0
5.60761904762	0.0
5.61052154195	0.0
5.61342403628	0.0
5.61632653061	0.0
5.61922902494	0.0
5.62213151927	0.0
5.62503401361	0.0
5.62793650794	0.0
5.63083900227	0.0
5.6337414966	0.0
5.63664399093	0.0
5.63954648526	0.0
5.64244897959	0.0
5.64535147392	0.0
5.64825396825	0.0
5.65115646259	0.0
5.65405895692	0.0
5.65696145125	0.0
5.65986394558	0.0
5.66276643991	0.0
5.66566893424	0.0
5.66857142857	0.0
5.6714739229	0.0
5.67437641723	0.0
5.67727891156	0.0
5.6801814059	0.0
5.68308390023	0.0
