0.0	0.0
0.00290249433107	0.0
0.00580498866213	0.0
0.0087074829932	0.0
0.0116099773243	0.0
0.0145124716553	0.0
0.0174149659864	0.0
0.0203174603175	0.0
0.0232199546485	0.0
0.0261224489796	0.0
0.0290249433107	0.0
0.0319274376417	0.0
0.0348299319728	0.0
0.0377324263039	0.0
0.0406349206349	0.0
0.043537414966	0.0
0.0464399092971	0.0
0.0493424036281	0.0
0.0522448979592	0.0
0.0551473922902	0.0
0.0580498866213	0.0
0.0609523809524	0.0
0.0638548752834	0.0
0.0667573696145	0.0
0.0696598639456	0.0
0.0725623582766	0.0
0.0754648526077	0.0
0.0783673469388	0.0
0.0812698412698	0.0
0.0841723356009	0.0
0.087074829932	0.0
0.089977324263	0.0
0.0928798185941	0.0
0.0957823129252	0.0
0.0986848072562	0.0
0.101587301587	0.0
0.104489795918	0.0
0.107392290249	0.0
0.11029478458	0.0
0.113197278912	0.0
0.116099773243	0.0
0.119002267574	0.0
0.121904761905	0.0
0.124807256236	0.0
0.127709750567	0.0
0.130612244898	0.0
0.133514739229	0.0
0.13641723356	0.0
0.139319727891	0.0
0.142222222222	0.0
0.145124716553	0.0
0.148027210884	0.0
0.150929705215	0.0
0.153832199546	0.0
0.156734693878	0.0
0.159637188209	0.0
0.16253968254	0.0
0.165442176871	0.0
0.168344671202	0.0
0.171247165533	0.0
0.174149659864	0.0
0.177052154195	0.0
0.179954648526	0.0
0.182857142857	0.0
0.185759637188	0.0
0.188662131519	0.0
0.19156462585	0.0
0.194467120181	0.0
0.197369614512	326.218109131
0.200272108844	323.964752197
0.203174603175	323.030456543
0.206077097506	323.403839111
0.208979591837	324.151947021
0.211882086168	325.277313232
0.214784580499	326.406585693
0.21768707483	327.539794922
0.220589569161	328.487121582
0.223492063492	329.437225342
0.226394557823	330.199249268
0.229297052154	330.580932617
0.232199546485	330.199249268
0.235102040816	329.627563477
0.238004535147	328.866821289
0.240907029478	328.297454834
0.24380952381	327.729034424
0.246712018141	327.350646973
0.249614512472	327.161621094
0.252517006803	326.972686768
0.255419501134	327.161621094
0.258321995465	327.350646973
0.261224489796	327.350646973
0.264126984127	327.350646973
0.267029478458	327.161621094
0.269931972789	327.161621094
0.27283446712	326.972686768
0.275736961451	326.972686768
0.278639455782	326.972686768
0.281541950113	326.972686768
0.284444444444	326.972686768
0.287346938776	326.972686768
0.290249433107	326.783874512
0.293151927438	326.595184326
0.296054421769	326.218109131
0.2989569161	326.029724121
0.301859410431	326.029724121
0.304761904762	326.218109131
0.307664399093	326.218109131
0.310566893424	326.406585693
0.313469387755	326.595184326
0.316371882086	326.783874512
0.319274376417	326.783874512
0.322176870748	326.972686768
0.325079365079	326.972686768
0.32798185941	327.161621094
0.330884353741	327.350646973
0.333786848073	327.539794922
0.336689342404	327.918395996
0.339591836735	327.918395996
0.342494331066	327.918395996
0.345396825397	327.918395996
0.348299319728	327.918395996
0.351201814059	327.918395996
0.35410430839	328.107879639
0.357006802721	328.107879639
0.359909297052	328.297454834
0.362811791383	328.297454834
0.365714285714	328.297454834
0.368616780045	328.297454834
0.371519274376	328.107879639
0.374421768707	327.918395996
0.377324263039	327.729034424
0.38022675737	327.539794922
0.383129251701	327.539794922
0.386031746032	327.539794922
0.388934240363	327.350646973
0.391836734694	327.539794922
0.394739229025	327.729034424
0.397641723356	327.729034424
0.400544217687	327.918395996
0.403446712018	327.918395996
0.406349206349	327.918395996
0.40925170068	327.918395996
0.412154195011	327.918395996
0.415056689342	327.729034424
0.417959183673	327.729034424
0.420861678005	327.539794922
0.423764172336	327.539794922
0.426666666667	327.539794922
0.429569160998	327.539794922
0.432471655329	327.729034424
0.43537414966	327.729034424
0.438276643991	327.729034424
0.441179138322	327.729034424
0.444081632653	327.729034424
0.446984126984	327.729034424
0.449886621315	327.539794922
0.452789115646	327.539794922
0.455691609977	327.350646973
0.458594104308	327.350646973
0.461496598639	327.161621094
0.464399092971	327.161621094
0.467301587302	327.161621094
0.470204081633	327.161621094
0.473106575964	327.161621094
0.476009070295	327.350646973
0.478911564626	327.350646973
0.481814058957	327.539794922
0.484716553288	327.539794922
0.487619047619	327.729034424
0.49052154195	327.729034424
0.493424036281	327.539794922
0.496326530612	327.539794922
0.499229024943	327.539794922
0.502131519274	327.539794922
0.505034013605	327.539794922
0.507936507937	327.539794922
0.510839002268	327.539794922
0.513741496599	327.539794922
0.51664399093	327.539794922
0.519546485261	327.539794922
0.522448979592	327.539794922
0.525351473923	327.539794922
0.528253968254	327.539794922
0.531156462585	327.539794922
0.534058956916	327.539794922
0.536961451247	327.350646973
0.539863945578	327.350646973
0.542766439909	327.350646973
0.54566893424	327.350646973
0.548571428571	327.350646973
0.551473922902	327.350646973
0.554376417234	327.539794922
0.557278911565	327.539794922
0.560181405896	327.539794922
0.563083900227	327.539794922
0.565986394558	327.539794922
0.568888888889	327.539794922
0.57179138322	327.539794922
0.574693877551	327.539794922
0.577596371882	327.539794922
0.580498866213	327.539794922
0.583401360544	327.539794922
0.586303854875	327.539794922
0.589206349206	327.539794922
0.592108843537	327.729034424
0.595011337868	327.539794922
0.5979138322	327.539794922
0.600816326531	327.539794922
0.603718820862	327.350646973
0.606621315193	327.350646973
0.609523809524	327.161621094
0.612426303855	327.161621094
0.615328798186	327.161621094
0.618231292517	327.161621094
0.621133786848	327.350646973
0.624036281179	327.350646973
0.62693877551	327.350646973
0.629841269841	327.350646973
0.632743764172	327.350646973
0.635646258503	327.161621094
0.638548752834	327.161621094
0.641451247166	326.972686768
0.644353741497	326.972686768
0.647256235828	326.972686768
0.650158730159	326.972686768
0.65306122449	326.972686768
0.655963718821	326.972686768
0.658866213152	326.972686768
0.661768707483	326.972686768
0.664671201814	326.972686768
0.667573696145	326.972686768
0.670476190476	326.972686768
0.673378684807	326.972686768
0.676281179138	326.972686768
0.679183673469	326.972686768
0.6820861678	326.972686768
0.684988662132	326.972686768
0.687891156463	326.972686768
0.690793650794	326.972686768
0.693696145125	326.972686768
0.696598639456	326.972686768
0.699501133787	326.972686768
0.702403628118	326.972686768
0.705306122449	327.161621094
0.70820861678	327.161621094
0.711111111111	327.161621094
0.714013605442	327.161621094
0.716916099773	327.161621094
0.719818594104	327.161621094
0.722721088435	327.161621094
0.725623582766	327.161621094
0.728526077098	327.161621094
0.731428571429	327.161621094
0.73433106576	327.350646973
0.737233560091	327.161621094
0.740136054422	327.161621094
0.743038548753	327.161621094
0.745941043084	327.161621094
0.748843537415	327.161621094
0.751746031746	327.161621094
0.754648526077	327.161621094
0.757551020408	327.161621094
0.760453514739	327.161621094
0.76335600907	327.161621094
0.766258503401	326.972686768
0.769160997732	326.972686768
0.772063492063	326.972686768
0.774965986395	326.972686768
0.777868480726	326.972686768
0.780770975057	326.972686768
0.783673469388	326.972686768
0.786575963719	326.972686768
0.78947845805	326.972686768
0.792380952381	326.972686768
0.795283446712	327.161621094
0.798185941043	327.161621094
0.801088435374	327.161621094
0.803990929705	327.161621094
0.806893424036	327.161621094
0.809795918367	327.161621094
0.812698412698	327.161621094
0.815600907029	327.161621094
0.818503401361	327.161621094
0.821405895692	327.161621094
0.824308390023	327.350646973
0.827210884354	327.161621094
0.830113378685	327.161621094
0.833015873016	327.161621094
0.835918367347	327.161621094
0.838820861678	327.350646973
0.841723356009	327.350646973
0.84462585034	327.161621094
0.847528344671	327.350646973
0.850430839002	327.350646973
0.853333333333	327.350646973
0.856235827664	327.350646973
0.859138321995	327.350646973
0.862040816327	327.161621094
0.864943310658	327.161621094
0.867845804989	327.161621094
0.87074829932	327.350646973
0.873650793651	327.350646973
0.876553287982	327.350646973
0.879455782313	327.350646973
0.882358276644	327.350646973
0.885260770975	327.350646973
0.888163265306	327.350646973
0.891065759637	327.350646973
0.893968253968	327.161621094
0.896870748299	327.161621094
0.89977324263	327.161621094
0.902675736961	327.161621094
0.905578231293	327.161621094
0.908480725624	327.161621094
0.911383219955	327.161621094
0.914285714286	327.161621094
0.917188208617	327.161621094
0.920090702948	327.539794922
0.922993197279	328.487121582
0.92589569161	330.199249268
0.928798185941	330.580932617
0.931700680272	291.131347656
0.934603174603	290.459472656
0.937505668934	290.12411499
0.940408163265	290.291748047
0.943310657596	290.627288818
0.946213151927	290.963226318
0.949115646259	290.795227051
0.95201814059	290.627288818
0.954920634921	290.459472656
0.957823129252	290.291748047
0.960725623583	290.627288818
0.963628117914	291.131347656
0.966530612245	291.804779053
0.969433106576	292.479766846
0.972335600907	292.987030029
0.975238095238	293.325714111
0.978140589569	293.664764404
0.9810430839	293.664764404
0.983945578231	293.325714111
0.986848072562	293.156341553
0.989750566893	293.156341553
0.992653061224	292.987030029
0.995555555556	292.817840576
0.998458049887	292.648773193
1.00136054422	292.648773193
1.00426303855	292.648773193
1.00716553288	292.648773193
1.01006802721	292.648773193
1.01297052154	292.648773193
1.01587301587	292.648773193
1.0187755102	292.817840576
1.02167800454	292.987030029
1.02458049887	292.987030029
1.0274829932	292.987030029
1.03038548753	292.987030029
1.03328798186	292.817840576
1.03619047619	292.817840576
1.03909297052	292.648773193
1.04199546485	292.479766846
1.04489795918	292.648773193
1.04780045351	292.817840576
1.05070294785	293.156341553
1.05360544218	293.495178223
1.05650793651	293.664764404
1.05941043084	293.664764404
1.06231292517	293.495178223
1.0652154195	293.156341553
1.06811791383	292.817840576
1.07102040816	292.648773193
1.07392290249	292.479766846
1.07682539683	292.479766846
1.07972789116	292.648773193
1.08263038549	292.817840576
1.08553287982	292.987030029
1.08843537415	292.817840576
1.09133786848	292.648773193
1.09424036281	292.479766846
1.09714285714	292.142089844
1.10004535147	291.973388672
1.1029478458	291.973388672
1.10585034014	292.142089844
1.10875283447	292.479766846
1.1116553288	292.648773193
1.11455782313	292.817840576
1.11746031746	292.817840576
1.12036281179	292.817840576
1.12326530612	292.648773193
1.12616780045	292.479766846
1.12907029478	292.479766846
1.13197278912	292.648773193
1.13487528345	292.817840576
1.13777777778	293.156341553
1.14068027211	293.325714111
1.14358276644	293.495178223
1.14648526077	293.495178223
1.1493877551	293.325714111
1.15229024943	293.156341553
1.15519274376	293.156341553
1.1580952381	293.156341553
1.16099773243	292.987030029
1.16390022676	293.156341553
1.16680272109	293.156341553
1.16970521542	293.156341553
1.17260770975	292.987030029
1.17551020408	292.817840576
1.17841269841	292.648773193
1.18131519274	292.648773193
1.18421768707	292.479766846
1.18712018141	292.479766846
1.19002267574	292.648773193
1.19292517007	292.648773193
1.1958276644	292.817840576
1.19873015873	292.817840576
1.20163265306	292.817840576
1.20453514739	292.817840576
1.20743764172	292.817840576
1.21034013605	292.817840576
1.21324263039	292.817840576
1.21614512472	292.817840576
1.21904761905	292.817840576
1.22195011338	292.987030029
1.22485260771	292.987030029
1.22775510204	292.987030029
1.23065759637	292.817840576
1.2335600907	292.817840576
1.23646258503	292.817840576
1.23936507937	292.817840576
1.2422675737	292.817840576
1.24517006803	292.987030029
1.24807256236	292.987030029
1.25097505669	292.987030029
1.25387755102	292.987030029
1.25678004535	292.987030029
1.25968253968	292.987030029
1.26258503401	292.987030029
1.26548752834	292.987030029
1.26839002268	292.817840576
1.27129251701	292.817840576
1.27419501134	292.817840576
1.27709750567	292.817840576
1.28	292.987030029
1.28290249433	292.817840576
1.28580498866	293.156341553
1.28870748299	293.664764404
1.29160997732	294.004211426
1.29451247166	294.344055176
1.29741496599	294.514129639
1.30031746032	294.684295654
1.30321995465	294.684295654
1.30612244898	294.514129639
1.30902494331	294.004211426
1.31192743764	293.156341553
1.31482993197	291.973388672
1.3177324263	290.291748047
1.32063492063	288.12008667
1.32353741497	285.139953613
1.3264399093	277.984313965
1.32934240363	273.840698242
1.33224489796	268.980865479
1.33514739229	264.971435547
1.33804988662	261.625579834
1.34095238095	260.269012451
1.34385487528	259.218780518
1.34675736961	258.769958496
1.34965986395	259.069091797
1.35256235828	259.968505859
1.35546485261	261.172607422
1.35836734694	261.927978516
1.36126984127	261.776733398
1.3641723356	261.172607422
1.36707482993	260.118713379
1.36997732426	259.069091797
1.37287981859	258.17276001
1.37578231293	257.725769043
1.37868480726	257.576965332
1.38158730159	258.023681641
1.38448979592	258.919494629
1.38739229025	259.818389893
1.39029478458	260.720397949
1.39319727891	261.323486328
1.39609977324	260.871063232
1.39900226757	260.419372559
1.4019047619	259.818389893
1.40480725624	259.069091797
1.40770975057	258.471191406
1.4106122449	258.17276001
1.41351473923	258.023681641
1.41641723356	258.321929932
1.41931972789	258.620544434
1.42222222222	258.919494629
1.42512471655	258.919494629
1.42802721088	258.620544434
1.43092970522	258.17276001
1.43383219955	258.023681641
1.43673469388	257.874694824
1.43963718821	258.023681641
1.44253968254	258.471191406
1.44544217687	258.919494629
1.4483446712	259.368530273
1.45124716553	259.818389893
1.45414965986	259.818389893
1.4570521542	259.668365479
1.45995464853	259.368530273
1.46285714286	258.919494629
1.46575963719	258.620544434
1.46866213152	258.471191406
1.47156462585	258.471191406
1.47446712018	259.069091797
1.47736961451	259.668365479
1.48027210884	260.118713379
1.48317460317	260.720397949
1.48607709751	260.871063232
1.48897959184	260.871063232
1.49188208617	260.871063232
1.4947845805	260.720397949
1.49768707483	260.720397949
1.50058956916	260.569854736
1.50349206349	260.569854736
1.50639455782	260.419372559
1.50929705215	260.569854736
1.51219954649	260.419372559
1.51510204082	260.419372559
1.51800453515	260.269012451
1.52090702948	260.269012451
1.52380952381	260.419372559
1.52671201814	260.419372559
1.52961451247	260.419372559
1.5325170068	260.569854736
1.53541950113	260.720397949
1.53832199546	260.720397949
1.5412244898	260.871063232
1.54412698413	260.871063232
1.54702947846	260.871063232
1.54993197279	260.871063232
1.55283446712	260.871063232
1.55573696145	260.720397949
1.55863945578	260.569854736
1.56154195011	260.419372559
1.56444444444	260.419372559
1.56734693878	260.419372559
1.57024943311	260.569854736
1.57315192744	260.720397949
1.57605442177	260.871063232
1.5789569161	261.172607422
1.58185941043	261.323486328
1.58476190476	261.323486328
1.58766439909	261.323486328
1.59056689342	261.323486328
1.59346938776	261.323486328
1.59637188209	261.323486328
1.59927437642	261.323486328
1.60217687075	261.323486328
1.60507936508	261.474487305
1.60798185941	261.323486328
1.61088435374	261.474487305
1.61378684807	261.474487305
1.6166893424	261.323486328
1.61959183673	261.172607422
1.62249433107	261.021789551
1.6253968254	261.021789551
1.62829931973	260.871063232
1.63120181406	260.871063232
1.63410430839	260.871063232
1.63700680272	261.021789551
1.63990929705	261.021789551
1.64281179138	261.172607422
1.64571428571	261.172607422
1.64861678005	261.172607422
1.65151927438	261.323486328
1.65442176871	261.172607422
1.65732426304	261.172607422
1.66022675737	261.172607422
1.6631292517	261.323486328
1.66603174603	261.474487305
1.66893424036	261.474487305
1.67183673469	261.474487305
1.67473922902	261.021789551
1.67764172336	260.569854736
1.68054421769	259.668365479
1.68344671202	258.620544434
1.68634920635	257.725769043
1.68925170068	256.834106445
1.69215419501	391.090789795
1.69505668934	390.413665771
1.69795918367	390.188201904
1.700861678	389.962890625
1.70376417234	390.188201904
1.70666666667	390.639221191
1.709569161	391.769073486
1.71247165533	393.129211426
1.71537414966	394.266235352
1.71827664399	394.950042725
1.72117913832	395.406585693
1.72408163265	395.406585693
1.72698412698	395.178253174
1.72988662132	394.494049072
1.73278911565	393.811035156
1.73569160998	393.35635376
1.73859410431	392.675292969
1.74149659864	392.448547363
1.74439909297	391.769073486
1.7473015873	391.316741943
1.75020408163	390.864929199
1.75310657596	390.639221191
1.75600907029	390.413665771
1.75891156463	390.639221191
1.76181405896	390.639221191
1.76471655329	390.864929199
1.76761904762	390.864929199
1.77052154195	390.864929199
1.77342403628	390.864929199
1.77632653061	391.090789795
1.77922902494	391.090789795
1.78213151927	391.090789795
1.78503401361	391.090789795
1.78793650794	391.090789795
1.79083900227	390.864929199
1.7937414966	390.864929199
1.79664399093	390.639221191
1.79954648526	390.864929199
1.80244897959	391.090789795
1.80535147392	391.316741943
1.80825396825	391.54284668
1.81115646259	391.769073486
1.81405895692	391.769073486
1.81696145125	391.769073486
1.81986394558	391.769073486
1.82276643991	391.769073486
1.82566893424	391.769073486
1.82857142857	391.54284668
1.8314739229	391.54284668
1.83437641723	391.316741943
1.83727891156	391.090789795
1.8401814059	390.864929199
1.84308390023	390.639221191
1.84598639456	390.413665771
1.84888888889	390.413665771
1.85179138322	390.413665771
1.85469387755	390.188201904
1.85759637188	390.188201904
1.86049886621	390.188201904
1.86340136054	390.413665771
1.86630385488	390.413665771
1.86920634921	390.864929199
1.87210884354	391.090789795
1.87501133787	391.316741943
1.8779138322	391.54284668
1.88081632653	391.54284668
1.88371882086	391.54284668
1.88662131519	391.54284668
1.88952380952	391.316741943
1.89242630385	391.316741943
1.89532879819	391.316741943
1.89823129252	391.090789795
1.90113378685	390.864929199
1.90403628118	390.864929199
1.90693877551	391.090789795
1.90984126984	391.316741943
1.91274376417	391.316741943
1.9156462585	391.54284668
1.91854875283	391.54284668
1.92145124717	391.769073486
1.9243537415	391.769073486
1.92725623583	391.769073486
1.93015873016	391.769073486
1.93306122449	391.769073486
1.93596371882	391.769073486
1.93886621315	391.769073486
1.94176870748	391.54284668
1.94467120181	391.090789795
1.94757369615	390.864929199
1.95047619048	390.864929199
1.95337868481	390.864929199
1.95628117914	390.639221191
1.95918367347	390.864929199
1.9620861678	390.864929199
1.96498866213	390.864929199
1.96789115646	390.864929199
1.97079365079	390.864929199
1.97369614512	390.864929199
1.97659863946	390.864929199
1.97950113379	390.864929199
1.98240362812	390.639221191
1.98530612245	390.639221191
1.98820861678	390.639221191
1.99111111111	390.639221191
1.99401360544	390.639221191
1.99691609977	390.864929199
1.9998185941	390.864929199
2.00272108844	390.864929199
2.00562358277	390.864929199
2.0085260771	390.864929199
2.01142857143	390.864929199
2.01433106576	391.090789795
2.01723356009	391.090789795
2.02013605442	391.316741943
2.02303854875	391.316741943
2.02594104308	391.54284668
2.02884353741	391.54284668
2.03174603175	391.54284668
2.03464852608	391.54284668
2.03755102041	391.54284668
2.04045351474	391.54284668
2.04335600907	391.316741943
2.0462585034	391.316741943
2.04916099773	391.316741943
2.05206349206	391.316741943
2.05496598639	391.316741943
2.05786848073	391.090789795
2.06077097506	391.090789795
2.06367346939	391.090789795
2.06657596372	391.090789795
2.06947845805	391.090789795
2.07238095238	391.090789795
2.07528344671	391.090789795
2.07818594104	391.090789795
2.08108843537	391.090789795
2.08399092971	390.864929199
2.08689342404	391.090789795
2.08979591837	391.316741943
2.0926984127	391.316741943
2.09560090703	391.54284668
2.09850340136	391.54284668
2.10140589569	391.54284668
2.10430839002	391.54284668
2.10721088435	391.54284668
2.11011337868	391.316741943
2.11301587302	391.090789795
2.11591836735	391.090789795
2.11882086168	391.090789795
2.12172335601	391.090789795
2.12462585034	391.090789795
2.12752834467	391.090789795
2.130430839	391.090789795
2.13333333333	391.090789795
2.13623582766	391.090789795
2.139138322	391.090789795
2.14204081633	391.090789795
2.14494331066	391.090789795
2.14784580499	391.090789795
2.15074829932	391.090789795
2.15365079365	391.316741943
2.15655328798	391.316741943
2.15945578231	391.316741943
2.16235827664	391.316741943
2.16526077098	391.316741943
2.16816326531	391.316741943
2.17106575964	391.54284668
2.17396825397	391.54284668
2.1768707483	391.54284668
2.17977324263	391.54284668
2.18267573696	391.54284668
2.18557823129	391.54284668
2.18848072562	391.316741943
2.19138321995	391.316741943
2.19428571429	391.090789795
2.19718820862	391.090789795
2.20009070295	391.090789795
2.20299319728	391.090789795
2.20589569161	391.090789795
2.20879818594	391.316741943
2.21170068027	391.316741943
2.2146031746	391.316741943
2.21750566893	391.316741943
2.22040816327	391.316741943
2.2233106576	391.316741943
2.22621315193	391.090789795
2.22911564626	391.090789795
2.23201814059	391.090789795
2.23492063492	391.090789795
2.23782312925	391.090789795
2.24072562358	391.090789795
2.24362811791	391.090789795
2.24653061224	391.090789795
2.24943310658	391.090789795
2.25233560091	391.090789795
2.25523809524	391.090789795
2.25814058957	391.090789795
2.2610430839	391.090789795
2.26394557823	391.090789795
2.26684807256	390.864929199
2.26975056689	390.864929199
2.27265306122	390.864929199
2.27555555556	390.864929199
2.27845804989	390.864929199
2.28136054422	390.864929199
2.28426303855	390.864929199
2.28716553288	390.864929199
2.29006802721	391.090789795
2.29297052154	391.090789795
2.29587301587	391.090789795
2.2987755102	391.090789795
2.30167800454	391.090789795
2.30458049887	391.090789795
2.3074829932	390.864929199
2.31038548753	390.639221191
2.31328798186	390.639221191
2.31619047619	390.639221191
2.31909297052	390.639221191
2.32199546485	390.639221191
2.32489795918	390.639221191
2.32780045351	390.639221191
2.33070294785	390.864929199
2.33360544218	390.864929199
2.33650793651	390.639221191
2.33941043084	390.639221191
2.34231292517	390.639221191
2.3452154195	390.639221191
2.34811791383	390.639221191
2.35102040816	390.639221191
2.35392290249	390.639221191
2.35682539683	390.639221191
2.35972789116	390.864929199
2.36263038549	390.639221191
2.36553287982	390.639221191
2.36843537415	390.864929199
2.37133786848	390.864929199
2.37424036281	390.864929199
2.37714285714	390.864929199
2.38004535147	390.864929199
2.3829478458	390.864929199
2.38585034014	390.864929199
2.38875283447	391.316741943
2.3916553288	391.995422363
2.39455782313	392.902191162
2.39746031746	394.038574219
2.40036281179	394.494049072
2.40326530612	394.494049072
2.40616780045	394.721984863
2.40907029478	338.503356934
2.41197278912	338.503356934
2.41487528345	340.07119751
2.41777777778	341.843719482
2.42068027211	343.22869873
2.42358276644	343.823974609
2.42648526077	344.81842041
2.4293877551	346.015533447
2.43229024943	347.216827393
2.43519274376	348.221069336
2.4380952381	348.422271729
2.44099773243	348.623596191
2.44390022676	348.623596191
2.44680272109	348.623596191
2.44970521542	348.623596191
2.45260770975	348.221069336
2.45551020408	347.618164062
2.45841269841	347.016326904
2.46131519274	346.415496826
2.46421768707	346.215484619
2.46712018141	346.215484619
2.47002267574	346.615661621
2.47292517007	347.216827393
2.4758276644	347.417449951
2.47873015873	347.819030762
2.48163265306	347.819030762
2.48453514739	347.618164062
2.48743764172	347.618164062
2.49034013605	347.216827393
2.49324263039	347.016326904
2.49614512472	346.815948486
2.49904761905	346.615661621
2.50195011338	346.615661621
2.50485260771	346.215484619
2.50775510204	346.215484619
2.51065759637	346.215484619
2.5135600907	346.415496826
2.51646258503	346.815948486
2.51936507937	347.216827393
2.5222675737	347.618164062
2.52517006803	347.819030762
2.52807256236	347.819030762
2.53097505669	348.019989014
2.53387755102	347.819030762
2.53678004535	347.819030762
2.53968253968	347.618164062
2.54258503401	347.618164062
2.54548752834	347.417449951
2.54839002268	347.417449951
2.55129251701	347.417449951
2.55419501134	347.417449951
2.55709750567	347.618164062
2.56	347.618164062
2.56290249433	347.618164062
2.56580498866	347.618164062
2.56870748299	347.417449951
2.57160997732	347.216827393
2.57451247166	347.016326904
2.57741496599	346.815948486
2.58031746032	346.815948486
2.58321995465	346.615661621
2.58612244898	346.615661621
2.58902494331	346.615661621
2.59192743764	346.815948486
2.59482993197	347.016326904
2.5977324263	347.216827393
2.60063492063	347.417449951
2.60353741497	347.819030762
2.6064399093	347.819030762
2.60934240363	347.819030762
2.61224489796	347.819030762
2.61514739229	347.819030762
2.61804988662	347.618164062
2.62095238095	347.417449951
2.62385487528	347.417449951
2.62675736961	347.216827393
2.62965986395	347.216827393
2.63256235828	347.216827393
2.63546485261	347.216827393
2.63836734694	347.216827393
2.64126984127	347.417449951
2.6441723356	347.417449951
2.64707482993	347.618164062
2.64997732426	347.618164062
2.65287981859	347.618164062
2.65578231293	347.417449951
2.65868480726	347.016326904
2.66158730159	347.016326904
2.66448979592	346.815948486
2.66739229025	346.815948486
2.67029478458	346.815948486
2.67319727891	347.016326904
2.67609977324	347.016326904
2.67900226757	347.016326904
2.6819047619	347.016326904
2.68480725624	347.016326904
2.68770975057	347.016326904
2.6906122449	347.016326904
2.69351473923	347.016326904
2.69641723356	347.216827393
2.69931972789	347.417449951
2.70222222222	347.417449951
2.70512471655	347.417449951
2.70802721088	347.417449951
2.71092970522	347.417449951
2.71383219955	347.216827393
2.71673469388	347.216827393
2.71963718821	347.216827393
2.72253968254	347.216827393
2.72544217687	347.216827393
2.7283446712	347.216827393
2.73124716553	347.216827393
2.73414965986	347.216827393
2.7370521542	347.216827393
2.73995464853	347.216827393
2.74285714286	347.216827393
2.74575963719	347.016326904
2.74866213152	347.016326904
2.75156462585	347.016326904
2.75446712018	347.016326904
2.75736961451	347.016326904
2.76027210884	347.016326904
2.76317460317	347.216827393
2.76607709751	347.216827393
2.76897959184	347.216827393
2.77188208617	347.216827393
2.7747845805	347.216827393
2.77768707483	347.216827393
2.78058956916	347.216827393
2.78349206349	347.016326904
2.78639455782	347.016326904
2.78929705215	347.016326904
2.79219954649	347.016326904
2.79510204082	347.016326904
2.79800453515	347.016326904
2.80090702948	347.016326904
2.80380952381	347.016326904
2.80671201814	347.016326904
2.80961451247	347.016326904
2.8125170068	347.016326904
2.81541950113	347.016326904
2.81832199546	347.016326904
2.8212244898	346.815948486
2.82412698413	346.815948486
2.82702947846	346.815948486
2.82993197279	346.815948486
2.83283446712	347.016326904
2.83573696145	347.016326904
2.83863945578	347.016326904
2.84154195011	347.016326904
2.84444444444	347.016326904
2.84734693878	347.016326904
2.85024943311	347.016326904
2.85315192744	347.016326904
2.85605442177	347.216827393
2.8589569161	347.216827393
2.86185941043	347.216827393
2.86476190476	347.216827393
2.86766439909	347.216827393
2.87056689342	347.016326904
2.87346938776	347.016326904
2.87637188209	347.016326904
2.87927437642	347.016326904
2.88217687075	347.016326904
2.88507936508	347.016326904
2.88798185941	347.016326904
2.89088435374	347.016326904
2.89378684807	347.016326904
2.8966893424	347.216827393
2.89959183673	347.216827393
2.90249433107	347.216827393
2.9053968254	347.216827393
2.90829931973	347.216827393
2.91120181406	347.016326904
2.91410430839	347.016326904
2.91700680272	347.016326904
2.91990929705	347.016326904
2.92281179138	347.016326904
2.92571428571	347.016326904
2.92861678005	347.016326904
2.93151927438	347.016326904
2.93442176871	347.016326904
2.93732426304	347.016326904
2.94022675737	347.016326904
2.9431292517	347.016326904
2.94603174603	347.016326904
2.94893424036	347.016326904
2.95183673469	347.016326904
2.95473922902	347.016326904
2.95764172336	347.016326904
2.96054421769	347.216827393
2.96344671202	347.216827393
2.96634920635	347.216827393
2.96925170068	347.216827393
2.97215419501	347.216827393
2.97505668934	347.016326904
2.97795918367	347.016326904
2.980861678	346.815948486
2.98376417234	346.815948486
2.98666666667	347.016326904
2.989569161	347.016326904
2.99247165533	347.016326904
2.99537414966	347.016326904
2.99827664399	347.216827393
3.00117913832	347.016326904
3.00408163265	347.016326904
3.00698412698	347.016326904
3.00988662132	347.016326904
3.01278911565	346.815948486
3.01569160998	347.016326904
3.01859410431	347.016326904
3.02149659864	347.016326904
3.02439909297	347.016326904
3.0273015873	347.016326904
3.03020408163	347.016326904
3.03310657596	347.016326904
3.03600907029	347.016326904
3.03891156463	347.016326904
3.04181405896	347.016326904
3.04471655329	347.016326904
3.04761904762	346.815948486
3.05052154195	346.815948486
3.05342403628	346.815948486
3.05632653061	346.815948486
3.05922902494	346.815948486
3.06213151927	346.815948486
3.06503401361	346.815948486
3.06793650794	346.815948486
3.07083900227	346.815948486
3.0737414966	346.815948486
3.07664399093	347.016326904
3.07954648526	347.016326904
3.08244897959	347.016326904
3.08535147392	346.815948486
3.08825396825	346.815948486
3.09115646259	346.815948486
3.09405895692	346.815948486
3.09696145125	346.815948486
3.09986394558	346.615661621
3.10276643991	346.815948486
3.10566893424	347.216827393
3.10857142857	348.221069336
3.1114739229	349.83392334
3.11437641723	351.048461914
3.11727891156	351.048461914
3.1201814059	349.430023193
3.12308390023	348.825012207
3.12598639456	336.942749023
3.12888888889	335.971038818
3.13179138322	335.777038574
3.13469387755	335.002105713
3.13759637188	334.615325928
3.14049886621	334.615325928
3.14340136054	334.035980225
3.14630385488	333.457641602
3.14920634921	332.688079834
3.15210884354	331.537078857
3.15501133787	329.24697876
3.1579138322	326.218109131
3.16081632653	325.089477539
3.16371882086	325.277313232
3.16662131519	325.653289795
3.16952380952	326.029724121
3.17242630385	327.350646973
3.17532879819	330.199249268
3.17823129252	331.154296875
3.18113378685	331.345611572
3.18403628118	331.154296875
3.18693877551	330.771942139
3.18984126984	330.199249268
3.19274376417	329.627563477
3.1956462585	329.056854248
3.19854875283	328.487121582
3.20145124717	327.918395996
3.2043537415	327.539794922
3.20725623583	326.972686768
3.21015873016	326.218109131
3.21306122449	325.653289795
3.21596371882	325.653289795
3.21886621315	325.653289795
3.22176870748	325.841461182
3.22467120181	326.029724121
3.22757369615	326.218109131
3.23047619048	326.595184326
3.23337868481	326.595184326
3.23628117914	326.783874512
3.23918367347	326.972686768
3.2420861678	327.161621094
3.24498866213	327.350646973
3.24789115646	327.539794922
3.25079365079	327.729034424
3.25369614512	327.918395996
3.25659863946	328.107879639
3.25950113379	327.918395996
3.26240362812	327.918395996
3.26530612245	327.918395996
3.26820861678	327.729034424
3.27111111111	327.918395996
3.27401360544	327.918395996
3.27691609977	328.107879639
3.2798185941	328.107879639
3.28272108844	328.107879639
3.28562358277	328.107879639
3.2885260771	327.918395996
3.29142857143	327.918395996
3.29433106576	327.729034424
3.29723356009	327.539794922
3.30013605442	327.539794922
3.30303854875	327.350646973
3.30594104308	327.350646973
3.30884353741	327.350646973
3.31174603175	327.539794922
3.31464852608	327.729034424
3.31755102041	327.729034424
3.32045351474	328.107879639
3.32335600907	328.107879639
3.3262585034	327.918395996
3.32916099773	327.918395996
3.33206349206	327.729034424
3.33496598639	327.539794922
3.33786848073	327.539794922
3.34077097506	327.539794922
3.34367346939	327.539794922
3.34657596372	327.729034424
3.34947845805	327.729034424
3.35238095238	327.729034424
3.35528344671	327.729034424
3.35818594104	327.729034424
3.36108843537	327.539794922
3.36399092971	327.539794922
3.36689342404	327.350646973
3.36979591837	327.350646973
3.3726984127	327.350646973
3.37560090703	327.350646973
3.37850340136	327.161621094
3.38140589569	327.161621094
3.38430839002	327.161621094
3.38721088435	327.161621094
3.39011337868	327.161621094
3.39301587302	327.350646973
3.39591836735	327.350646973
3.39882086168	327.539794922
3.40172335601	327.729034424
3.40462585034	327.729034424
3.40752834467	327.729034424
3.410430839	327.729034424
3.41333333333	327.539794922
3.41623582766	327.539794922
3.419138322	327.350646973
3.42204081633	327.161621094
3.42494331066	327.161621094
3.42784580499	327.161621094
3.43074829932	327.161621094
3.43365079365	327.350646973
3.43655328798	327.539794922
3.43945578231	327.539794922
3.44235827664	327.539794922
3.44526077098	327.350646973
3.44816326531	327.539794922
3.45106575964	327.539794922
3.45396825397	327.539794922
3.4568707483	327.350646973
3.45977324263	327.161621094
3.46267573696	326.595184326
3.46557823129	325.841461182
3.46848072562	325.277313232
3.47138321995	324.901763916
3.47428571429	325.465240479
3.47718820862	326.406585693
3.48009070295	326.595184326
3.48299319728	326.406585693
3.48589569161	268.360107422
3.48879818594	267.12286377
3.49170068027	265.277709961
3.4946031746	263.141143799
3.49750566893	261.776733398
3.50040816327	260.871063232
3.5033106576	260.419372559
3.50621315193	259.818389893
3.50911564626	260.118713379
3.51201814059	259.968505859
3.51492063492	259.968505859
3.51782312925	259.968505859
3.52072562358	260.118713379
3.52362811791	260.118713379
3.52653061224	260.118713379
3.52943310658	260.269012451
3.53233560091	260.118713379
3.53523809524	259.968505859
3.53814058957	259.668365479
3.5410430839	259.5184021
3.54394557823	259.368530273
3.54684807256	259.218780518
3.54975056689	258.919494629
3.55265306122	258.769958496
3.55555555556	258.919494629
3.55845804989	258.919494629
3.56136054422	258.919494629
3.56426303855	258.769958496
3.56716553288	258.620544434
3.57006802721	258.471191406
3.57297052154	258.321929932
3.57587301587	258.17276001
3.5787755102	258.023681641
3.58167800454	258.023681641
3.58458049887	258.023681641
3.5874829932	258.321929932
3.59038548753	258.321929932
3.59328798186	258.321929932
3.59619047619	258.17276001
3.59909297052	258.17276001
3.60199546485	258.17276001
3.60489795918	258.471191406
3.60780045351	258.769958496
3.61070294785	259.218780518
3.61360544218	259.368530273
3.61650793651	259.818389893
3.61941043084	259.818389893
3.62231292517	259.818389893
3.6252154195	259.818389893
3.62811791383	259.5184021
3.63102040816	259.218780518
3.63392290249	259.069091797
3.63682539683	258.919494629
3.63972789116	258.919494629
3.64263038549	259.218780518
3.64553287982	259.5184021
3.64843537415	259.818389893
3.65133786848	260.118713379
3.65424036281	260.419372559
3.65714285714	260.720397949
3.66004535147	260.871063232
3.6629478458	260.871063232
3.66585034014	260.720397949
3.66875283447	260.720397949
3.6716553288	260.569854736
3.67455782313	260.419372559
3.67746031746	260.419372559
3.68036281179	260.269012451
3.68326530612	260.419372559
3.68616780045	260.419372559
3.68907029478	260.569854736
3.69197278912	260.569854736
3.69487528345	260.569854736
3.69777777778	260.720397949
3.70068027211	260.720397949
3.70358276644	260.871063232
3.70648526077	260.871063232
3.7093877551	260.871063232
3.71229024943	260.871063232
3.71519274376	260.871063232
3.7180952381	260.720397949
3.72099773243	260.720397949
3.72390022676	260.569854736
3.72680272109	260.569854736
3.72970521542	260.569854736
3.73260770975	260.569854736
3.73551020408	260.720397949
3.73841269841	260.871063232
3.74131519274	260.871063232
3.74421768707	261.021789551
3.74712018141	261.021789551
3.75002267574	261.172607422
3.75292517007	261.172607422
3.7558276644	261.172607422
3.75873015873	261.172607422
3.76163265306	261.323486328
3.76453514739	261.474487305
3.76743764172	261.625579834
3.77034013605	261.625579834
3.77324263039	261.625579834
3.77614512472	261.474487305
3.77904761905	261.474487305
3.78195011338	261.474487305
3.78485260771	261.323486328
3.78775510204	261.172607422
3.79065759637	261.172607422
3.7935600907	261.021789551
3.79646258503	261.021789551
3.79936507937	261.172607422
3.8022675737	261.323486328
3.80517006803	261.021789551
3.80807256236	259.968505859
3.81097505669	259.368530273
3.81387755102	259.069091797
3.81678004535	259.368530273
3.81968253968	260.118713379
3.82258503401	261.776733398
3.82548752834	264.054718018
3.82839002268	266.96862793
3.83129251701	269.75881958
3.83419501134	273.050964355
3.83709750567	276.702728271
3.84	286.791748047
3.84290249433	290.291748047
3.84580498866	292.648773193
3.84870748299	293.834442139
3.85160997732	294.344055176
3.85451247166	294.344055176
3.85741496599	293.834442139
3.86031746032	292.479766846
3.86321995465	291.299560547
3.86612244898	291.131347656
3.86902494331	291.804779053
3.87192743764	292.817840576
3.87482993197	293.664764404
3.8777324263	294.174102783
3.88063492063	294.174102783
3.88353741497	293.664764404
3.8864399093	292.479766846
3.88934240363	291.299560547
3.89224489796	290.459472656
3.89514739229	290.459472656
3.89804988662	291.299560547
3.90095238095	292.817840576
3.90385487528	294.004211426
3.90675736961	294.514129639
3.90965986395	294.684295654
3.91256235828	294.004211426
3.91546485261	293.156341553
3.91836734694	291.804779053
3.92126984127	290.459472656
3.9241723356	289.789123535
3.92707482993	290.12411499
3.92997732426	291.299560547
3.93287981859	292.817840576
3.93578231293	294.004211426
3.93868480726	294.514129639
3.94158730159	294.684295654
3.94448979592	294.174102783
3.94739229025	293.325714111
3.95029478458	291.973388672
3.95319727891	290.963226318
3.95609977324	290.627288818
3.95900226757	291.131347656
3.9619047619	291.973388672
3.96480725624	292.987030029
3.96770975057	293.664764404
3.9706122449	293.834442139
3.97351473923	293.664764404
3.97641723356	293.156341553
3.97931972789	292.479766846
3.98222222222	291.804779053
3.98512471655	291.299560547
3.98802721088	291.46786499
3.99092970522	291.973388672
3.99383219955	292.479766846
3.99673469388	292.817840576
3.99963718821	292.987030029
4.00253968254	292.987030029
4.00544217687	292.817840576
4.0083446712	292.479766846
4.01124716553	292.310882568
4.01414965986	292.310882568
4.0170521542	292.479766846
4.01995464853	292.817840576
4.02285714286	293.156341553
4.02575963719	293.325714111
4.02866213152	293.495178223
4.03156462585	293.495178223
4.03446712018	293.495178223
4.03736961451	293.156341553
4.04027210884	292.987030029
4.04317460317	292.987030029
4.04607709751	292.987030029
4.04897959184	292.987030029
4.05188208617	293.156341553
4.0547845805	293.156341553
4.05768707483	292.987030029
4.06058956916	292.817840576
4.06349206349	292.648773193
4.06639455782	292.648773193
4.06929705215	292.479766846
4.07219954649	292.648773193
4.07510204082	292.817840576
4.07800453515	292.817840576
4.08090702948	292.987030029
4.08380952381	292.817840576
4.08671201814	292.817840576
4.08961451247	292.648773193
4.0925170068	292.648773193
4.09541950113	292.479766846
4.09832199546	292.648773193
4.1012244898	292.817840576
4.10412698413	292.817840576
4.10702947846	292.987030029
4.10993197279	292.987030029
4.11283446712	292.987030029
4.11573696145	292.987030029
4.11863945578	292.817840576
4.12154195011	292.817840576
4.12444444444	292.648773193
4.12734693878	292.817840576
4.13024943311	292.817840576
4.13315192744	292.987030029
4.13605442177	292.987030029
4.1389569161	292.987030029
4.14185941043	292.987030029
4.14476190476	292.987030029
4.14766439909	292.817840576
4.15056689342	292.817840576
4.15346938776	292.817840576
4.15637188209	292.817840576
4.15927437642	292.648773193
4.16217687075	292.479766846
4.16507936508	292.142089844
4.16798185941	291.973388672
4.17088435374	291.636291504
4.17378684807	291.299560547
4.1766893424	291.131347656
4.17959183673	291.299560547
4.18249433107	291.46786499
4.1853968254	292.648773193
4.18829931973	295.024932861
4.19120181406	296.391387939
4.19410430839	246.087295532
4.19700680272	245.235900879
4.19990929705	245.235900879
4.20281179138	245.519378662
4.20571428571	246.371749878
4.20861678005	247.512863159
4.21151927438	247.798965454
4.21442176871	247.369934082
4.21732426304	246.656539917
4.22022675737	246.229476929
4.2231292517	245.94519043
4.22603174603	245.94519043
4.22893424036	246.087295532
4.23183673469	246.371749878
4.23473922902	246.514099121
4.23764172336	246.656539917
4.24054421769	246.371749878
4.24344671202	246.371749878
4.24634920635	246.087295532
4.24925170068	246.087295532
4.25215419501	245.94519043
4.25505668934	245.80317688
4.25795918367	245.519378662
4.260861678	245.094284058
4.26376417234	244.669937134
4.26666666667	244.528656006
4.269569161	244.528656006
4.27247165533	244.811309814
4.27537414966	245.094284058
4.27827664399	245.377593994
4.28117913832	245.661224365
4.28408163265	245.80317688
4.28698412698	245.94519043
4.28988662132	246.087295532
4.29278911565	246.514099121
4.29569160998	246.799057007
4.29859410431	247.227096558
4.30149659864	247.512863159
4.30439909297	247.655883789
4.3073015873	247.512863159
4.31020408163	247.369934082
4.31310657596	247.084335327
4.31600907029	246.799057007
4.31891156463	246.514099121
4.32181405896	246.371749878
4.32471655329	246.087295532
4.32761904762	245.80317688
4.33052154195	245.519378662
4.33342403628	245.235900879
4.33632653061	244.952758789
4.33922902494	244.669937134
4.34213151927	244.387451172
4.34503401361	244.246322632
4.34793650794	244.105285645
4.35083900227	244.105285645
4.3537414966	244.246322632
4.35664399093	244.528656006
4.35954648526	244.811309814
4.36244897959	245.094284058
4.36535147392	245.377593994
4.36825396825	245.661224365
4.37115646259	245.661224365
4.37405895692	245.80317688
4.37696145125	245.80317688
4.37986394558	245.94519043
4.38276643991	245.94519043
4.38566893424	245.94519043
4.38857142857	245.94519043
4.3914739229	245.94519043
4.39437641723	245.80317688
4.39727891156	245.80317688
4.4001814059	245.80317688
4.40308390023	245.80317688
4.40598639456	245.661224365
4.40888888889	245.661224365
4.41179138322	245.661224365
4.41469387755	245.661224365
4.41759637188	245.519378662
4.42049886621	245.519378662
4.42340136054	245.519378662
4.42630385488	245.519378662
4.42920634921	245.661224365
4.43210884354	245.519378662
4.43501133787	245.519378662
4.4379138322	245.661224365
4.44081632653	245.661224365
4.44371882086	245.661224365
4.44662131519	245.80317688
4.44952380952	245.80317688
4.45242630385	245.661224365
4.45532879819	245.661224365
4.45823129252	245.661224365
4.46113378685	245.661224365
4.46403628118	245.80317688
4.46693877551	245.80317688
4.46984126984	245.94519043
4.47274376417	246.087295532
4.4756462585	246.087295532
4.47854875283	246.087295532
4.48145124717	246.087295532
4.4843537415	246.087295532
4.48725623583	245.94519043
4.49015873016	245.94519043
4.49306122449	246.087295532
4.49596371882	245.94519043
4.49886621315	245.94519043
4.50176870748	246.087295532
4.50467120181	245.94519043
4.50757369615	245.94519043
4.51047619048	245.519378662
4.51337868481	244.952758789
4.51628117914	244.528656006
4.51918367347	245.377593994
4.5220861678	265.124542236
4.52498866213	264.81842041
4.52789115646	266.660400391
4.53079365079	263.4453125
4.53369614512	262.685546875
4.53659863946	262.533874512
4.53950113379	268.980865479
4.54240362812	267.740783691
4.54530612245	263.293182373
4.54820861678	261.172607422
4.55111111111	260.419372559
4.55401360544	259.818389893
4.55691609977	259.668365479
4.5598185941	260.118713379
4.56272108844	260.419372559
4.56562358277	260.871063232
4.5685260771	261.172607422
4.57142857143	261.474487305
4.57433106576	261.323486328
4.57723356009	261.021789551
4.58013605442	260.419372559
4.58303854875	259.668365479
4.58594104308	258.769958496
4.58884353741	258.023681641
4.59174603175	257.130981445
4.59464852608	256.537567139
4.59755102041	256.241394043
4.60045351474	256.093414307
4.60335600907	255.945541382
4.6062585034	256.093414307
4.60916099773	256.389434814
4.61206349206	256.685821533
4.61496598639	257.428222656
4.61786848073	258.17276001
4.62077097506	258.919494629
4.62367346939	259.5184021
4.62657596372	259.968505859
4.62947845805	260.419372559
4.63238095238	260.871063232
4.63528344671	261.172607422
4.63818594104	261.172607422
4.64108843537	261.021789551
4.64399092971	260.871063232
4.64689342404	260.269012451
4.64979591837	259.818389893
4.6526984127	259.368530273
4.65560090703	259.069091797
4.65850340136	258.919494629
4.66140589569	258.769958496
4.66430839002	258.769958496
4.66721088435	258.620544434
4.67011337868	258.620544434
4.67301587302	258.471191406
4.67591836735	258.321929932
4.67882086168	258.17276001
4.68172335601	258.17276001
4.68462585034	258.17276001
4.68752834467	258.17276001
4.690430839	258.321929932
4.69333333333	258.620544434
4.69623582766	259.069091797
4.699138322	259.368530273
4.70204081633	259.668365479
4.70494331066	260.118713379
4.70784580499	260.419372559
4.71074829932	260.720397949
4.71365079365	260.720397949
4.71655328798	260.871063232
4.71945578231	260.871063232
4.72235827664	260.720397949
4.72526077098	260.720397949
4.72816326531	260.569854736
4.73106575964	260.569854736
4.73396825397	260.569854736
4.7368707483	260.569854736
4.73977324263	260.720397949
4.74267573696	260.871063232
4.74557823129	260.871063232
4.74848072562	260.871063232
4.75138321995	260.871063232
4.75428571429	260.720397949
4.75718820862	260.569854736
4.76009070295	260.569854736
4.76299319728	260.569854736
4.76589569161	260.419372559
4.76879818594	260.269012451
4.77170068027	260.269012451
4.7746031746	260.269012451
4.77750566893	260.118713379
4.78040816327	260.269012451
4.7833106576	260.269012451
4.78621315193	260.269012451
4.78911564626	260.569854736
4.79201814059	260.569854736
4.79492063492	260.720397949
4.79782312925	260.871063232
4.80072562358	261.021789551
4.80362811791	261.172607422
4.80653061224	261.323486328
4.80943310658	261.474487305
4.81233560091	261.625579834
4.81523809524	261.776733398
4.81814058957	261.927978516
4.8210430839	261.776733398
4.82394557823	261.776733398
4.82684807256	261.776733398
4.82975056689	261.474487305
4.83265306122	261.323486328
4.83555555556	261.172607422
4.83845804989	261.021789551
4.84136054422	261.172607422
4.84426303855	261.021789551
4.84716553288	261.021789551
4.85006802721	261.021789551
4.85297052154	261.021789551
4.85587301587	260.871063232
4.8587755102	260.871063232
4.86167800454	260.871063232
4.86458049887	260.871063232
4.8674829932	261.021789551
4.87038548753	261.021789551
4.87328798186	261.172607422
4.87619047619	261.323486328
4.87909297052	261.323486328
4.88199546485	261.323486328
4.88489795918	261.323486328
4.88780045351	261.172607422
4.89070294785	261.021789551
4.89360544218	260.871063232
4.89650793651	260.720397949
4.89941043084	260.720397949
4.90231292517	260.720397949
4.9052154195	260.720397949
4.90811791383	260.569854736
4.91102040816	260.569854736
4.91392290249	260.569854736
4.91682539683	260.720397949
4.91972789116	260.569854736
4.92263038549	260.569854736
4.92553287982	260.419372559
4.92843537415	260.419372559
4.93133786848	260.269012451
4.93424036281	260.269012451
4.93714285714	260.118713379
4.94004535147	260.269012451
4.9429478458	260.269012451
4.94585034014	260.269012451
4.94875283447	260.269012451
4.9516553288	260.269012451
4.95455782313	260.269012451
4.95746031746	260.269012451
4.96036281179	260.269012451
4.96326530612	260.269012451
4.96616780045	260.419372559
4.96907029478	260.419372559
4.97197278912	260.569854736
4.97487528345	260.720397949
4.97777777778	260.871063232
4.98068027211	260.871063232
4.98358276644	260.871063232
4.98648526077	260.871063232
4.9893877551	260.720397949
4.99229024943	260.720397949
4.99519274376	260.720397949
4.9980952381	260.720397949
5.00099773243	260.871063232
5.00390022676	260.871063232
5.00680272109	261.021789551
5.00970521542	261.021789551
5.01260770975	261.021789551
5.01551020408	260.871063232
5.01841269841	260.871063232
5.02131519274	260.720397949
5.02421768707	260.720397949
5.02712018141	260.720397949
5.03002267574	260.720397949
5.03292517007	261.021789551
5.0358276644	261.021789551
5.03873015873	261.172607422
5.04163265306	261.323486328
5.04453514739	261.323486328
5.04743764172	261.323486328
5.05034013605	261.172607422
5.05324263039	261.021789551
5.05614512472	260.871063232
5.05904761905	260.871063232
5.06195011338	260.720397949
5.06485260771	260.720397949
5.06775510204	260.569854736
5.07065759637	260.569854736
5.0735600907	260.720397949
5.07646258503	260.720397949
5.07936507937	260.569854736
5.0822675737	260.569854736
5.08517006803	260.569854736
5.08807256236	260.569854736
5.09097505669	260.720397949
5.09387755102	261.021789551
5.09678004535	261.172607422
5.09968253968	261.323486328
5.10258503401	261.474487305
5.10548752834	261.474487305
5.10839002268	261.474487305
5.11129251701	261.323486328
5.11419501134	261.172607422
5.11709750567	261.021789551
5.12	261.021789551
5.12290249433	260.871063232
5.12580498866	260.871063232
5.12870748299	260.871063232
5.13160997732	260.871063232
5.13451247166	261.021789551
5.13741496599	261.021789551
5.14031746032	261.021789551
5.14321995465	260.871063232
5.14612244898	260.720397949
5.14902494331	260.720397949
5.15192743764	260.569854736
5.15482993197	260.720397949
5.1577324263	260.871063232
5.16063492063	260.871063232
5.16353741497	261.172607422
5.1664399093	261.172607422
5.16934240363	261.323486328
5.17224489796	261.323486328
5.17514739229	261.323486328
5.17804988662	261.323486328
5.18095238095	261.172607422
5.18385487528	261.172607422
5.18675736961	261.021789551
5.18965986395	260.871063232
5.19256235828	260.720397949
5.19546485261	260.720397949
5.19836734694	260.569854736
5.20126984127	260.419372559
5.2041723356	260.269012451
5.20707482993	260.269012451
5.20997732426	260.269012451
5.21287981859	260.269012451
5.21578231293	260.419372559
5.21868480726	260.419372559
5.22158730159	260.871063232
5.22448979592	261.172607422
5.22739229025	261.474487305
5.23029478458	261.625579834
5.23319727891	261.625579834
5.23609977324	261.625579834
5.23900226757	261.474487305
5.2419047619	261.172607422
5.24480725624	261.021789551
5.24770975057	260.720397949
5.2506122449	260.569854736
5.25351473923	260.569854736
5.25641723356	260.569854736
5.25931972789	260.569854736
5.26222222222	260.569854736
5.26512471655	260.569854736
5.26802721088	260.569854736
5.27092970522	260.419372559
5.27383219955	260.419372559
5.27673469388	260.419372559
5.27963718821	260.569854736
5.28253968254	260.720397949
5.28544217687	261.021789551
5.2883446712	261.323486328
5.29124716553	261.625579834
5.29414965986	261.927978516
5.2970521542	262.079315186
5.29995464853	261.927978516
5.30285714286	261.776733398
5.30575963719	261.474487305
5.30866213152	261.323486328
5.31156462585	261.021789551
5.31446712018	261.021789551
5.31736961451	261.021789551
5.32027210884	261.021789551
5.32317460317	261.172607422
5.32607709751	261.021789551
5.32897959184	260.871063232
5.33188208617	260.720397949
5.3347845805	260.720397949
5.33768707483	260.569854736
5.34058956916	260.720397949
5.34349206349	260.720397949
5.34639455782	261.021789551
5.34929705215	261.323486328
5.35219954649	261.625579834
5.35510204082	261.776733398
5.35800453515	261.927978516
5.36090702948	0.0
5.36380952381	0.0
5.36671201814	0.0
5.36961451247	0.0
5.3725170068	0.0
5.37541950113	0.0
5.37832199546	0.0
5.3812244898	0.0
5.38412698413	0.0
5.38702947846	0.0
5.38993197279	0.0
5.39283446712	0.0
5.39573696145	0.0
5.39863945578	0.0
5.40154195011	0.0
5.40444444444	0.0
5.40734693878	0.0
5.41024943311	0.0
5.41315192744	0.0
5.41605442177	0.0
5.4189569161	0.0
5.42185941043	0.0
5.42476190476	0.0
5.42766439909	0.0
5.43056689342	0.0
5.43346938776	0.0
5.43637188209	0.0
5.43927437642	0.0
5.44217687075	0.0
5.44507936508	0.0
5.44798185941	0.0
5.45088435374	0.0
5.45378684807	0.0
5.4566893424	0.0
5.45959183673	0.0
5.46249433107	0.0
5.4653968254	0.0
5.46829931973	0.0
5.47120181406	0.0
5.47410430839	0.0
5.47700680272	0.0
5.47990929705	0.0
5.48281179138	0.0
5.48571428571	0.0
5.48861678005	0.0
5.49151927438	0.0
5.49442176871	0.0
5.49732426304	0.0
5.50022675737	0.0
5.5031292517	0.0
5.50603174603	0.0
5.50893424036	0.0
5.51183673469	0.0
5.51473922902	0.0
5.51764172336	0.0
5.52054421769	0.0
5.52344671202	0.0
5.52634920635	0.0
5.52925170068	0.0
5.53215419501	0.0
5.53505668934	0.0
5.53795918367	0.0
5.540861678	0.0
5.54376417234	0.0
5.54666666667	0.0
5.549569161	0.0
5.55247165533	0.0
5.55537414966	0.0
5.55827664399	0.0
5.56117913832	0.0
5.56408163265	0.0
5.56698412698	0.0
5.56988662132	0.0
5.57278911565	0.0
5.57569160998	0.0
5.57859410431	0.0
5.58149659864	0.0
5.58439909297	0.0
5.5873015873	0.0
5.59020408163	0.0
5.59310657596	0.0
5.59600907029	0.0
5.59891156463	0.0
5.60181405896	0.0
5.60471655329	0.0
5.60761904762	0.0
5.61052154195	0.0
5.61342403628	0.0
5.61632653061	0.0
5.61922902494	0.0
5.62213151927	0.0
5.62503401361	0.0
5.62793650794	0.0
5.63083900227	0.0
5.6337414966	0.0
5.63664399093	0.0
5.63954648526	0.0
5.64244897959	0.0
5.64535147392	0.0
5.64825396825	0.0
5.65115646259	0.0
5.65405895692	0.0
5.65696145125	0.0
5.65986394558	0.0
5.66276643991	0.0
5.66566893424	0.0
5.66857142857	0.0
5.6714739229	0.0
5.67437641723	0.0
5.67727891156	0.0
5.6801814059	0.0
5.68308390023	0.0
5.68598639456	0.0
5.68888888889	0.0
5.69179138322	0.0
5.69469387755	0.0
5.69759637188	0.0
5.70049886621	0.0
5.70340136054	0.0
5.70630385488	0.0
5.70920634921	0.0
5.71210884354	0.0
5.71501133787	0.0
5.7179138322	0.0
5.72081632653	0.0
5.72371882086	0.0
5.72662131519	0.0
5.72952380952	0.0
5.73242630385	0.0
5.73532879819	0.0
5.73823129252	0.0
5.74113378685	0.0
5.74403628118	0.0
5.74693877551	0.0
5.74984126984	0.0
5.75274376417	0.0
5.7556462585	0.0
5.75854875283	0.0
5.76145124717	0.0
5.7643537415	0.0
5.76725623583	0.0
5.77015873016	0.0
5.77306122449	0.0
5.77596371882	0.0
5.77886621315	0.0
5.78176870748	0.0
5.78467120181	0.0
5.78757369615	0.0
5.79047619048	0.0
5.79337868481	0.0
5.79628117914	0.0
5.79918367347	0.0
5.8020861678	0.0
5.80498866213	0.0
5.80789115646	0.0
5.81079365079	0.0
5.81369614512	0.0
5.81659863946	0.0
5.81950113379	0.0
5.82240362812	0.0
5.82530612245	0.0
5.82820861678	0.0
5.83111111111	0.0
5.83401360544	0.0
5.83691609977	0.0
