0.0	299.662139893
0.00290249433107	299.316162109
0.00580498866213	299.316162109
0.0087074829932	299.489105225
0.0116099773243	299.835296631
0.0145124716553	300.355316162
0.0174149659864	301.050079346
0.0203174603175	302.095245361
0.0232199546485	302.968994141
0.0261224489796	304.372253418
0.0290249433107	305.605438232
0.0319274376417	306.666412354
0.0348299319728	307.731079102
0.0377324263039	309.156402588
0.0406349206349	310.588317871
0.043537414966	312.20715332
0.0464399092971	313.834411621
0.0493424036281	315.470153809
0.0522448979592	316.56539917
0.0551473922902	317.664428711
0.0580498866213	318.399230957
0.0609523809524	318.767272949
0.0638548752834	318.583190918
0.0667573696145	318.215362549
0.0696598639456	317.664428711
0.0725623582766	317.114440918
0.0754648526077	316.56539917
0.0783673469388	316.382598877
0.0812698412698	317.114440918
0.0841723356009	318.583190918
0.087074829932	320.984466553
0.089977324263	323.777679443
0.0928798185941	325.465240479
0.0957823129252	326.218109131
0.0986848072562	326.029724121
0.101587301587	324.714141846
0.104489795918	322.843933105
0.107392290249	320.613861084
0.11029478458	319.320129395
0.113197278912	318.583190918
0.116099773243	318.399230957
0.119002267574	318.951446533
0.121904761905	320.058776855
0.124807256236	321.169952393
0.127709750567	322.471160889
0.130612244898	323.777679443
0.133514739229	324.339233398
0.13641723356	325.089477539
0.139319727891	325.089477539
0.142222222222	324.714141846
0.145124716553	324.526641846
0.148027210884	324.526641846
0.150929705215	324.901763916
0.153832199546	326.029724121
0.156734693878	327.161621094
0.159637188209	328.107879639
0.16253968254	328.676940918
0.165442176871	328.866821289
0.168344671202	328.676940918
0.171247165533	328.107879639
0.174149659864	327.539794922
0.177052154195	326.783874512
0.179954648526	326.406585693
0.182857142857	326.029724121
0.185759637188	325.841461182
0.188662131519	326.029724121
0.19156462585	326.218109131
0.194467120181	326.595184326
0.197369614512	326.972686768
0.200272108844	327.161621094
0.203174603175	327.539794922
0.206077097506	327.729034424
0.208979591837	327.918395996
0.211882086168	328.107879639
0.214784580499	328.107879639
0.21768707483	328.107879639
0.220589569161	328.107879639
0.223492063492	328.297454834
0.226394557823	328.297454834
0.229297052154	328.487121582
0.232199546485	328.866821289
0.235102040816	329.056854248
0.238004535147	329.437225342
0.240907029478	329.818023682
0.24380952381	330.008575439
0.246712018141	330.390045166
0.249614512472	330.771942139
0.252517006803	331.154296875
0.255419501134	331.728637695
0.258321995465	332.880310059
0.261224489796	334.035980225
0.264126984127	335.583129883
0.267029478458	337.137451172
0.269931972789	339.090454102
0.27283446712	340.857849121
0.275736961451	342.238861084
0.278639455782	343.427001953
0.281541950113	344.221405029
0.284444444444	344.619293213
0.287346938776	344.619293213
0.290249433107	344.420288086
0.293151927438	344.022644043
0.296054421769	343.22869873
0.2989569161	342.238861084
0.301859410431	341.449005127
0.304761904762	340.464294434
0.307664399093	339.67855835
0.310566893424	339.286376953
0.313469387755	338.89465332
0.316371882086	338.698944092
0.319274376417	338.698944092
0.322176870748	338.698944092
0.325079365079	338.89465332
0.32798185941	338.698944092
0.330884353741	338.503356934
0.333786848073	338.503356934
0.336689342404	338.307891846
0.339591836735	338.503356934
0.342494331066	338.503356934
0.345396825397	338.698944092
0.348299319728	338.698944092
0.351201814059	338.698944092
0.35410430839	338.698944092
0.357006802721	338.503356934
0.359909297052	338.307891846
0.362811791383	338.112548828
0.365714285714	337.917297363
0.368616780045	337.917297363
0.371519274376	337.722167969
0.374421768707	337.722167969
0.377324263039	337.722167969
0.38022675737	337.332244873
0.383129251701	337.137451172
0.386031746032	336.748199463
0.388934240363	336.165161133
0.391836734694	335.777038574
0.394739229025	335.389343262
0.397641723356	335.777038574
0.400544217687	335.971038818
0.403446712018	336.359375
0.406349206349	336.748199463
0.40925170068	337.332244873
0.412154195011	337.722167969
0.415056689342	337.917297363
0.417959183673	338.503356934
0.420861678005	338.698944092
0.423764172336	339.090454102
0.426666666667	339.286376953
0.429569160998	339.286376953
0.432471655329	339.67855835
0.43537414966	339.482421875
0.438276643991	339.482421875
0.441179138322	339.482421875
0.444081632653	339.286376953
0.446984126984	339.482421875
0.449886621315	339.286376953
0.452789115646	339.090454102
0.455691609977	338.698944092
0.458594104308	338.307891846
0.461496598639	337.722167969
0.464399092971	337.527130127
0.467301587302	337.137451172
0.470204081633	336.942749023
0.473106575964	336.553741455
0.476009070295	336.553741455
0.478911564626	336.165161133
0.481814058957	336.165161133
0.484716553288	335.971038818
0.487619047619	335.777038574
0.49052154195	335.777038574
0.493424036281	335.583129883
0.496326530612	335.389343262
0.499229024943	334.808654785
0.502131519274	334.035980225
0.505034013605	333.072631836
0.507936507937	331.154296875
0.510839002268	329.437225342
0.513741496599	328.487121582
0.51664399093	328.297454834
0.519546485261	328.107879639
0.522448979592	328.487121582
0.525351473923	329.24697876
0.528253968254	330.199249268
0.531156462585	331.154296875
0.534058956916	331.537078857
0.536961451247	331.728637695
0.539863945578	331.728637695
0.542766439909	331.728637695
0.54566893424	331.345611572
0.548571428571	330.963043213
0.551473922902	331.345611572
0.554376417234	331.345611572
0.557278911565	331.154296875
0.560181405896	331.154296875
0.563083900227	330.771942139
0.565986394558	330.771942139
0.568888888889	330.771942139
0.57179138322	330.580932617
0.574693877551	330.390045166
0.577596371882	330.008575439
0.580498866213	329.437225342
0.583401360544	329.24697876
0.586303854875	328.676940918
0.589206349206	328.297454834
0.592108843537	327.729034424
0.595011337868	327.350646973
0.5979138322	326.972686768
0.600816326531	326.595184326
0.603718820862	326.218109131
0.606621315193	325.841461182
0.609523809524	325.465240479
0.612426303855	325.089477539
0.615328798186	324.714141846
0.618231292517	324.339233398
0.621133786848	324.151947021
0.624036281179	323.964752197
0.62693877551	323.777679443
0.629841269841	323.777679443
0.632743764172	323.590698242
0.635646258503	323.777679443
0.638548752834	323.777679443
0.641451247166	323.964752197
0.644353741497	324.339233398
0.647256235828	324.714141846
0.650158730159	325.089477539
0.65306122449	325.465240479
0.655963718821	325.841461182
0.658866213152	326.218109131
0.661768707483	326.406585693
0.664671201814	326.595184326
0.667573696145	326.783874512
0.670476190476	327.161621094
0.673378684807	327.350646973
0.676281179138	327.729034424
0.679183673469	327.918395996
0.6820861678	328.107879639
0.684988662132	328.676940918
0.687891156463	329.437225342
0.690793650794	330.390045166
0.693696145125	331.537078857
0.696598639456	332.880310059
0.699501133787	332.688079834
0.702403628118	334.808654785
0.705306122449	335.777038574
0.70820861678	336.165161133
0.711111111111	336.553741455
0.714013605442	336.748199463
0.716916099773	336.748199463
0.719818594104	336.553741455
0.722721088435	337.332244873
0.725623582766	337.722167969
0.728526077098	338.307891846
0.731428571429	338.89465332
0.73433106576	339.090454102
0.737233560091	340.267700195
0.740136054422	340.857849121
0.743038548753	340.857849121
0.745941043084	341.054779053
0.748843537415	341.054779053
0.751746031746	340.661010742
0.754648526077	340.661010742
0.757551020408	340.07119751
0.760453514739	339.874816895
0.76335600907	339.874816895
0.766258503401	339.874816895
0.769160997732	339.090454102
0.772063492063	339.090454102
0.774965986395	338.89465332
0.777868480726	338.698944092
0.780770975057	338.307891846
0.783673469388	337.917297363
0.786575963719	337.527130127
0.78947845805	337.332244873
0.792380952381	337.137451172
0.795283446712	336.748199463
0.798185941043	336.942749023
0.801088435374	336.748199463
0.803990929705	336.748199463
0.806893424036	336.553741455
0.809795918367	336.165161133
0.812698412698	335.777038574
0.815600907029	335.389343262
0.818503401361	334.808654785
0.821405895692	333.457641602
0.824308390023	331.920288086
0.827210884354	330.963043213
0.830113378685	329.627563477
0.833015873016	329.437225342
0.835918367347	328.487121582
0.838820861678	329.056854248
0.841723356009	330.771942139
0.84462585034	331.920288086
0.847528344671	332.49597168
0.850430839002	333.265075684
0.853333333333	333.650299072
0.856235827664	334.035980225
0.859138321995	334.035980225
0.862040816327	333.843078613
0.864943310658	333.457641602
0.867845804989	333.072631836
0.87074829932	333.265075684
0.873650793651	333.072631836
0.876553287982	332.880310059
0.879455782313	332.688079834
0.882358276644	332.688079834
0.885260770975	332.303955078
0.888163265306	332.303955078
0.891065759637	332.112091064
0.893968253968	332.112091064
0.896870748299	331.920288086
0.89977324263	331.728637695
0.902675736961	331.345611572
0.905578231293	331.537078857
0.908480725624	331.345611572
0.911383219955	330.963043213
0.914285714286	330.771942139
0.917188208617	330.390045166
0.920090702948	330.199249268
0.922993197279	330.199249268
0.92589569161	330.199249268
0.928798185941	330.390045166
0.931700680272	330.771942139
0.934603174603	330.963043213
0.937505668934	331.345611572
0.940408163265	331.728637695
0.943310657596	332.112091064
0.946213151927	332.49597168
0.949115646259	332.880310059
0.95201814059	333.265075684
0.954920634921	333.457641602
0.957823129252	334.035980225
0.960725623583	334.615325928
0.963628117914	335.002105713
0.966530612245	335.777038574
0.969433106576	336.165161133
0.972335600907	336.748199463
0.975238095238	337.332244873
0.978140589569	337.917297363
0.9810430839	338.112548828
0.983945578231	338.503356934
0.986848072562	338.89465332
0.989750566893	339.482421875
0.992653061224	339.482421875
0.995555555556	339.482421875
0.998458049887	339.67855835
1.00136054422	339.482421875
1.00426303855	339.286376953
1.00716553288	338.89465332
1.01006802721	338.503356934
1.01297052154	338.307891846
1.01587301587	337.917297363
1.0187755102	337.527130127
1.02167800454	337.332244873
1.02458049887	336.942749023
1.0274829932	336.748199463
1.03038548753	336.553741455
1.03328798186	336.359375
1.03619047619	336.359375
1.03909297052	336.165161133
1.04199546485	335.777038574
1.04489795918	335.971038818
1.04780045351	335.583129883
1.05070294785	335.389343262
1.05360544218	335.002105713
1.05650793651	334.422088623
1.05941043084	333.072631836
1.06231292517	332.112091064
1.0652154195	331.154296875
1.06811791383	329.818023682
1.07102040816	328.866821289
1.07392290249	328.866821289
1.07682539683	329.437225342
1.07972789116	330.771942139
1.08263038549	332.880310059
1.08553287982	334.035980225
1.08843537415	335.195678711
1.09133786848	335.777038574
1.09424036281	336.165161133
1.09714285714	336.359375
1.10004535147	336.553741455
1.1029478458	336.748199463
1.10585034014	336.748199463
1.10875283447	336.942749023
1.1116553288	337.332244873
1.11455782313	337.917297363
1.11746031746	338.698944092
1.12036281179	339.482421875
1.12326530612	340.267700195
1.12616780045	341.251861572
1.12907029478	342.436584473
1.13197278912	343.030487061
1.13487528345	343.823974609
1.13777777778	344.81842041
1.14068027211	345.217010498
1.14358276644	345.61605835
1.14648526077	345.217010498
1.1493877551	344.619293213
1.15229024943	343.625427246
1.15519274376	342.832427979
1.1580952381	341.843719482
1.16099773243	340.857849121
1.16390022676	339.874816895
1.16680272109	338.89465332
1.16970521542	337.722167969
1.17260770975	336.942749023
1.17551020408	336.359375
1.17841269841	336.748199463
1.18131519274	338.503356934
1.18421768707	341.054779053
1.18712018141	343.22869873
1.19002267574	344.221405029
1.19292517007	344.420288086
1.1958276644	343.823974609
1.19873015873	342.634429932
1.20163265306	341.449005127
1.20453514739	341.054779053
1.20743764172	341.449005127
1.21034013605	342.041229248
1.21324263039	342.634429932
1.21614512472	342.832427979
1.21904761905	342.634429932
1.22195011338	342.041229248
1.22485260771	340.267700195
1.22775510204	339.090454102
1.23065759637	338.698944092
1.2335600907	339.482421875
1.23646258503	341.843719482
1.23936507937	344.221405029
1.2422675737	345.217010498
1.24517006803	344.022644043
1.24807256236	341.449005127
1.25097505669	291.46786499
1.25387755102	290.291748047
1.25678004535	289.621795654
1.25968253968	289.621795654
1.26258503401	289.454559326
1.26548752834	289.454559326
1.26839002268	289.454559326
1.27129251701	289.454559326
1.27419501134	289.621795654
1.27709750567	290.12411499
1.28	290.795227051
1.28290249433	291.299560547
1.28580498866	291.973388672
1.28870748299	292.142089844
1.29160997732	292.648773193
1.29451247166	293.325714111
1.29741496599	294.174102783
1.30031746032	295.024932861
1.30321995465	296.049194336
1.30612244898	296.733978271
1.30902494331	297.592224121
1.31192743764	298.280609131
1.31482993197	298.797943115
1.3177324263	299.143310547
1.32063492063	299.143310547
1.32353741497	298.970581055
1.3264399093	298.797943115
1.32934240363	298.625396729
1.33224489796	298.280609131
1.33514739229	298.10836792
1.33804988662	297.764160156
1.34095238095	297.248626709
1.34385487528	296.905426025
1.34675736961	296.562652588
1.34965986395	296.391387939
1.35256235828	296.391387939
1.35546485261	296.391387939
1.35836734694	296.562652588
1.36126984127	296.733978271
1.3641723356	296.905426025
1.36707482993	296.905426025
1.36997732426	296.905426025
1.37287981859	297.07699585
1.37578231293	296.905426025
1.37868480726	297.07699585
1.38158730159	297.248626709
1.38448979592	297.248626709
1.38739229025	297.248626709
1.39029478458	297.248626709
1.39319727891	297.07699585
1.39609977324	297.07699585
1.39900226757	296.733978271
1.4019047619	296.562652588
1.40480725624	296.391387939
1.40770975057	296.220245361
1.4106122449	296.220245361
1.41351473923	296.220245361
1.41641723356	296.391387939
1.41931972789	296.562652588
1.42222222222	296.905426025
1.42512471655	297.07699585
1.42802721088	297.420379639
1.43092970522	297.936218262
1.43383219955	298.280609131
1.43673469388	298.452941895
1.43963718821	298.625396729
1.44253968254	298.797943115
1.44544217687	298.797943115
1.4483446712	298.797943115
1.45124716553	298.797943115
1.45414965986	298.625396729
1.4570521542	298.797943115
1.45995464853	298.797943115
1.46285714286	298.797943115
1.46575963719	299.143310547
1.46866213152	299.316162109
1.47156462585	299.662139893
1.47446712018	300.008544922
1.47736961451	300.008544922
1.48027210884	300.181884766
1.48317460317	300.181884766
1.48607709751	300.008544922
1.48897959184	299.835296631
1.49188208617	299.835296631
1.4947845805	299.662139893
1.49768707483	299.489105225
1.50058956916	299.316162109
1.50349206349	299.316162109
1.50639455782	299.143310547
1.50929705215	298.797943115
1.51219954649	298.625396729
1.51510204082	298.10836792
1.51800453515	297.764160156
1.52090702948	297.248626709
1.52380952381	296.562652588
1.52671201814	296.049194336
1.52961451247	295.707366943
1.5325170068	295.536621094
1.53541950113	295.024932861
1.53832199546	294.344055176
1.5412244898	293.495178223
1.54412698413	293.495178223
1.54702947846	292.817840576
1.54993197279	292.648773193
1.55283446712	292.479766846
1.55573696145	291.804779053
1.55863945578	290.963226318
1.56154195011	289.956573486
1.56444444444	288.286560059
1.56734693878	286.957458496
1.57024943311	286.62612915
1.57315192744	286.791748047
1.57605442177	286.62612915
1.5789569161	286.129882812
1.58185941043	285.634490967
1.58476190476	285.469543457
1.58766439909	285.139953613
1.59056689342	284.81072998
1.59346938776	285.469543457
1.59637188209	285.139953613
1.59927437642	285.139953613
1.60217687075	285.469543457
1.60507936508	286.129882812
1.60798185941	287.123260498
1.61088435374	288.12008667
1.61378684807	289.120361328
1.6166893424	289.789123535
1.61959183673	290.459472656
1.62249433107	291.131347656
1.6253968254	291.973388672
1.62829931973	292.648773193
1.63120181406	292.817840576
1.63410430839	293.495178223
1.63700680272	293.834442139
1.63990929705	294.004211426
1.64281179138	293.834442139
1.64571428571	293.834442139
1.64861678005	293.664764404
1.65151927438	294.514129639
1.65442176871	295.195404053
1.65732426304	296.049194336
1.66022675737	296.905426025
1.6631292517	297.07699585
1.66603174603	297.764160156
1.66893424036	297.592224121
1.67183673469	297.248626709
1.67473922902	296.733978271
1.67764172336	296.391387939
1.68054421769	295.878234863
1.68344671202	295.536621094
1.68634920635	295.536621094
1.68925170068	295.365936279
1.69215419501	294.684295654
1.69505668934	294.174102783
1.69795918367	292.479766846
1.700861678	290.459472656
1.70376417234	286.460632324
1.70666666667	279.594665527
1.709569161	274.157226562
1.71247165533	272.578186035
1.71537414966	272.26348877
1.71827664399	272.735687256
1.72117913832	273.840698242
1.72408163265	274.950164795
1.72698412698	276.22366333
1.72988662132	276.862609863
1.73278911565	277.50302124
1.73569160998	279.110595703
1.73859410431	281.702087402
1.74149659864	285.3046875
1.74439909297	287.45513916
1.7473015873	289.120361328
1.75020408163	290.291748047
1.75310657596	291.299560547
1.75600907029	291.299560547
1.75891156463	290.12411499
1.76181405896	287.289154053
1.76471655329	284.81072998
1.76761904762	281.702087402
1.77052154195	278.144927979
1.77342403628	272.106262207
1.77632653061	267.12286377
1.77922902494	266.96862793
1.78213151927	273.050964355
1.78503401361	240.744613647
1.78793650794	239.496322632
1.79083900227	239.081665039
1.7937414966	237.567398071
1.79664399093	237.567398071
1.79954648526	241.720001221
1.80244897959	244.811309814
1.80535147392	245.235900879
1.80825396825	244.669937134
1.81115646259	244.105285645
1.81405895692	243.541931152
1.81696145125	243.401290894
1.81986394558	243.682647705
1.82276643991	243.964324951
1.82566893424	244.246322632
1.82857142857	244.528656006
1.8314739229	244.528656006
1.83437641723	244.528656006
1.83727891156	244.811309814
1.8401814059	245.519378662
1.84308390023	246.087295532
1.84598639456	247.084335327
1.84888888889	248.94670105
1.85179138322	250.244232178
1.85469387755	249.810974121
1.85759637188	249.52255249
1.86049886621	249.810974121
1.86340136054	249.666717529
1.86630385488	249.955307007
1.86920634921	248.94670105
1.87210884354	247.942138672
1.87501133787	247.512863159
1.8779138322	247.798965454
1.88081632653	248.372161865
1.88371882086	249.234451294
1.88662131519	250.8230896
1.88952380952	252.421859741
1.89242630385	253.444564819
1.89532879819	253.444564819
1.89823129252	252.276092529
1.90113378685	251.113021851
1.90403628118	250.388824463
1.90693877551	250.099731445
1.90984126984	250.244232178
1.91274376417	250.388824463
1.9156462585	250.8230896
1.91854875283	251.548553467
1.92145124717	251.839309692
1.9243537415	251.839309692
1.92725623583	251.693893433
1.93015873016	251.548553467
1.93306122449	251.548553467
1.93596371882	251.693893433
1.93886621315	251.403289795
1.94176870748	249.090530396
1.94467120181	247.084335327
1.94757369615	246.087295532
1.95047619048	246.229476929
1.95337868481	247.798965454
1.95628117914	249.378463745
1.95918367347	250.8230896
1.9620861678	251.403289795
1.96498866213	252.276092529
1.96789115646	252.421859741
1.97079365079	252.567703247
1.97369614512	252.859649658
1.97659863946	252.859649658
1.97950113379	253.151931763
1.98240362812	253.005752563
1.98530612245	253.005752563
1.98820861678	253.005752563
1.99111111111	253.151931763
1.99401360544	254.324447632
1.99691609977	253.151931763
1.9998185941	253.005752563
2.00272108844	253.151931763
2.00562358277	253.444564819
2.0085260771	253.591003418
2.01142857143	254.030822754
2.01433106576	254.471405029
2.01723356009	254.030822754
2.02013605442	254.030822754
2.02303854875	254.030822754
2.02594104308	254.912750244
2.02884353741	255.354858398
2.03174603175	255.207397461
2.03464852608	255.354858398
2.03755102041	255.060028076
2.04045351474	255.207397461
2.04335600907	256.241394043
2.0462585034	257.874694824
2.04916099773	258.769958496
2.05206349206	260.118713379
2.05496598639	260.871063232
2.05786848073	261.172607422
2.06077097506	261.172607422
2.06367346939	261.021789551
2.06657596372	260.720397949
2.06947845805	260.419372559
2.07238095238	260.269012451
2.07528344671	261.021789551
2.07818594104	262.382263184
2.08108843537	264.512664795
2.08399092971	267.431640625
2.08689342404	271.478302002
2.08979591837	274.950164795
2.0926984127	277.984313965
2.09560090703	280.565338135
2.09850340136	282.843414307
2.10140589569	284.317626953
2.10430839002	285.469543457
2.10721088435	285.799530029
2.11011337868	286.295196533
2.11301587302	285.799530029
2.11591836735	287.123260498
2.11882086168	288.286560059
2.12172335601	288.953399658
2.12462585034	289.120361328
2.12752834467	288.786529541
2.130430839	286.129882812
2.13333333333	280.40335083
2.13623582766	273.050964355
2.139138322	269.291778564
2.14204081633	268.050262451
2.14494331066	267.27722168
2.14784580499	266.352508545
2.15074829932	265.584350586
2.15365079365	265.430999756
2.15655328798	265.277709961
2.15945578231	0.0
2.16235827664	0.0
2.16526077098	0.0
2.16816326531	0.0
2.17106575964	0.0
2.17396825397	0.0
2.1768707483	0.0
2.17977324263	0.0
2.18267573696	0.0
2.18557823129	0.0
2.18848072562	0.0
2.19138321995	0.0
2.19428571429	0.0
2.19718820862	0.0
2.20009070295	0.0
2.20299319728	0.0
2.20589569161	0.0
2.20879818594	0.0
2.21170068027	0.0
2.2146031746	0.0
2.21750566893	0.0
2.22040816327	0.0
2.2233106576	0.0
2.22621315193	0.0
2.22911564626	0.0
2.23201814059	0.0
2.23492063492	0.0
2.23782312925	0.0
2.24072562358	0.0
2.24362811791	0.0
2.24653061224	0.0
2.24943310658	0.0
2.25233560091	0.0
2.25523809524	0.0
2.25814058957	405.584777832
2.2610430839	406.757843018
2.26394557823	408.405853271
2.26684807256	409.35055542
2.26975056689	410.534515381
2.27265306122	411.721893311
2.27555555556	413.151306152
2.27845804989	414.106994629
2.28136054422	415.064880371
2.28426303855	415.544647217
2.28716553288	415.784759521
2.29006802721	415.784759521
2.29297052154	415.064880371
2.29587301587	414.106994629
2.2987755102	412.912719727
2.30167800454	411.484161377
2.30458049887	410.060516357
2.3074829932	408.641815186
2.31038548753	407.698760986
2.31328798186	406.522979736
2.31619047619	405.584777832
2.31909297052	404.648773193
2.32199546485	403.714904785
2.32489795918	403.015930176
2.32780045351	402.318145752
2.33070294785	401.853637695
2.33360544218	401.389678955
2.33650793651	401.157897949
2.33941043084	400.694732666
2.34231292517	400.463348389
2.3452154195	400.000976562
2.34811791383	399.308441162
2.35102040816	398.61706543
2.35392290249	397.926940918
2.35682539683	397.008575439
2.35972789116	396.321228027
2.36263038549	395.406585693
2.36553287982	394.950042725
2.36843537415	394.266235352
2.37133786848	393.811035156
2.37424036281	393.811035156
2.37714285714	393.583618164
2.38004535147	393.129211426
2.3829478458	392.902191162
2.38585034014	392.675292969
2.38875283447	392.448547363
2.3916553288	391.995422363
2.39455782313	391.769073486
2.39746031746	391.54284668
2.40036281179	391.769073486
2.40326530612	392.221923828
2.40616780045	393.129211426
2.40907029478	394.721984863
2.41197278912	396.550201416
2.41487528345	398.156829834
2.41777777778	399.308441162
2.42068027211	400.463348389
2.42358276644	401.389678955
2.42648526077	402.085845947
2.4293877551	402.550628662
2.43229024943	402.783203125
2.43519274376	403.248779297
2.4380952381	403.248779297
2.44099773243	403.714904785
2.44390022676	404.18157959
2.44680272109	404.648773193
2.44970521542	405.350585938
2.45260770975	406.053588867
2.45551020408	407.228027344
2.45841269841	408.877929688
2.46131519274	413.628875732
2.46421768707	419.887695312
2.46712018141	422.320098877
2.47002267574	422.320098877
2.47292517007	422.320098877
2.4758276644	422.320098877
2.47873015873	421.102142334
2.48163265306	419.402893066
2.48453514739	418.676757812
2.48743764172	418.434997559
2.49034013605	418.676757812
2.49324263039	418.676757812
2.49614512472	418.918670654
2.49904761905	418.676757812
2.50195011338	418.193359375
2.50485260771	417.228240967
2.50775510204	415.544647217
2.51065759637	412.435974121
2.5135600907	406.757843018
2.51646258503	401.853637695
2.51936507937	399.077850342
2.5222675737	397.926940918
2.52517006803	397.008575439
2.52807256236	397.237976074
2.53097505669	397.237976074
2.53387755102	397.008575439
2.53678004535	396.321228027
2.53968253968	395.178253174
2.54258503401	393.583618164
2.54548752834	391.995422363
2.54839002268	390.413665771
2.55129251701	389.062927246
2.55419501134	387.492980957
2.55709750567	385.929382324
2.56	384.816375732
2.56290249433	384.816375732
2.56580498866	383.928283691
2.56870748299	383.706573486
2.57160997732	382.821044922
2.57451247166	382.379058838
2.57741496599	381.937561035
2.58031746032	382.15826416
2.58321995465	382.600006104
2.58612244898	383.263580322
2.58902494331	384.150115967
2.59192743764	385.261199951
2.59482993197	386.82208252
2.5977324263	387.716888428
2.60063492063	388.165039062
2.60353741497	388.165039062
2.6064399093	387.940887451
2.60934240363	388.613739014
2.61224489796	388.165039062
2.61514739229	388.389312744
2.61804988662	388.389312744
2.62095238095	388.613739014
2.62385487528	392.448547363
2.62675736961	394.721984863
2.62965986395	396.550201416
2.63256235828	397.697143555
2.63546485261	396.779327393
2.63836734694	396.092346191
2.64126984127	395.863616943
2.6441723356	396.092346191
2.64707482993	395.635040283
2.64997732426	395.178253174
2.65287981859	394.266235352
2.65578231293	393.35635376
2.65868480726	392.675292969
2.66158730159	393.129211426
2.66448979592	392.675292969
2.66739229025	392.448547363
2.67029478458	392.448547363
2.67319727891	391.995422363
2.67609977324	391.995422363
2.67900226757	392.221923828
2.6819047619	392.448547363
2.68480725624	391.995422363
2.68770975057	391.090789795
2.6906122449	390.188201904
2.69351473923	389.287719727
2.69641723356	388.389312744
2.69931972789	387.269226074
2.70222222222	386.598724365
2.70512471655	385.706512451
2.70802721088	385.261199951
2.71092970522	384.816375732
2.71383219955	384.372070312
2.71673469388	384.150115967
2.71963718821	383.485015869
2.72253968254	383.042236328
2.72544217687	383.263580322
2.7283446712	383.263580322
2.73124716553	383.706573486
2.73414965986	384.150115967
2.7370521542	384.816375732
2.73995464853	385.706512451
2.74285714286	386.598724365
2.74575963719	386.82208252
2.74866213152	387.269226074
2.75156462585	387.045593262
2.75446712018	387.045593262
2.75736961451	387.492980957
2.76027210884	387.492980957
2.76317460317	387.940887451
2.76607709751	388.389312744
2.76897959184	388.838256836
2.77188208617	389.512664795
2.7747845805	390.413665771
2.77768707483	391.316741943
2.78058956916	392.221923828
2.78349206349	394.266235352
2.78639455782	394.950042725
2.78929705215	396.092346191
2.79219954649	396.779327393
2.79510204082	395.863616943
2.79800453515	396.092346191
2.80090702948	396.550201416
2.80380952381	395.863616943
2.80671201814	396.092346191
2.80961451247	396.321228027
2.8125170068	396.550201416
2.81541950113	396.550201416
2.81832199546	396.550201416
2.8212244898	396.321228027
2.82412698413	396.092346191
2.82702947846	397.697143555
2.82993197279	397.467498779
2.83283446712	397.237976074
2.83573696145	396.779327393
2.83863945578	395.635040283
2.84154195011	395.863616943
2.84444444444	395.863616943
2.84734693878	395.863616943
2.85024943311	395.863616943
2.85315192744	395.178253174
2.85605442177	395.406585693
2.8589569161	395.635040283
2.86185941043	396.092346191
2.86476190476	396.321228027
2.86766439909	397.008575439
2.87056689342	397.008575439
2.87346938776	397.008575439
2.87637188209	397.237976074
2.87927437642	397.926940918
2.88217687075	398.156829834
2.88507936508	397.926940918
2.88798185941	397.926940918
2.89088435374	397.237976074
2.89378684807	397.237976074
2.8966893424	397.467498779
2.89959183673	397.237976074
2.90249433107	397.237976074
2.9053968254	397.237976074
2.90829931973	397.237976074
2.91120181406	397.467498779
2.91410430839	397.697143555
2.91700680272	397.697143555
2.91990929705	397.926940918
2.92281179138	398.386901855
2.92571428571	398.61706543
2.92861678005	398.847381592
2.93151927438	399.308441162
2.93442176871	399.769989014
2.93732426304	399.769989014
2.94022675737	400.232086182
2.9431292517	400.232086182
2.94603174603	400.000976562
2.94893424036	400.000976562
2.95183673469	399.539154053
2.95473922902	399.539154053
2.95764172336	399.308441162
2.96054421769	398.847381592
2.96344671202	398.847381592
2.96634920635	398.61706543
2.96925170068	398.386901855
2.97215419501	398.61706543
2.97505668934	397.926940918
2.97795918367	397.926940918
2.980861678	397.926940918
2.98376417234	397.926940918
2.98666666667	397.926940918
2.989569161	397.697143555
2.99247165533	397.237976074
2.99537414966	397.467498779
2.99827664399	397.237976074
3.00117913832	397.237976074
3.00408163265	397.237976074
3.00698412698	397.008575439
3.00988662132	396.779327393
3.01278911565	397.008575439
3.01569160998	396.779327393
3.01859410431	396.779327393
3.02149659864	396.779327393
3.02439909297	396.550201416
3.0273015873	396.550201416
3.03020408163	396.321228027
3.03310657596	396.321228027
3.03600907029	396.092346191
3.03891156463	395.863616943
3.04181405896	395.863616943
3.04471655329	395.863616943
3.04761904762	395.635040283
3.05052154195	395.863616943
3.05342403628	395.863616943
3.05632653061	395.863616943
3.05922902494	396.321228027
3.06213151927	396.779327393
3.06503401361	397.008575439
3.06793650794	397.237976074
3.07083900227	397.697143555
3.0737414966	397.467498779
3.07664399093	397.697143555
3.07954648526	397.926940918
3.08244897959	398.61706543
3.08535147392	398.61706543
3.08825396825	398.847381592
3.09115646259	398.847381592
3.09405895692	399.077850342
3.09696145125	399.077850342
3.09986394558	399.539154053
3.10276643991	399.769989014
3.10566893424	400.000976562
3.10857142857	400.463348389
3.1114739229	400.926239014
3.11437641723	401.157897949
3.11727891156	401.389678955
3.1201814059	401.621612549
3.12308390023	402.085845947
3.12598639456	402.318145752
3.12888888889	402.550628662
3.13179138322	402.783203125
3.13469387755	402.783203125
3.13759637188	403.015930176
3.14049886621	403.015930176
3.14340136054	403.015930176
3.14630385488	402.783203125
3.14920634921	402.550628662
3.15210884354	402.550628662
3.15501133787	402.318145752
3.1579138322	401.853637695
3.16081632653	401.621612549
3.16371882086	401.157897949
3.16662131519	400.926239014
3.16952380952	400.232086182
3.17242630385	399.769989014
3.17532879819	398.156829834
3.17823129252	397.467498779
3.18113378685	397.008575439
3.18403628118	396.092346191
3.18693877551	395.635040283
3.18984126984	395.178253174
3.19274376417	394.721984863
3.1956462585	394.266235352
3.19854875283	394.038574219
3.20145124717	394.266235352
3.2043537415	394.266235352
3.20725623583	394.266235352
3.21015873016	393.583618164
3.21306122449	394.494049072
3.21596371882	397.237976074
3.21886621315	402.085845947
3.22176870748	402.318145752
3.22467120181	402.550628662
3.22757369615	403.481781006
3.23047619048	393.811035156
3.23337868481	394.721984863
3.23628117914	396.321228027
3.23918367347	397.237976074
3.2420861678	398.847381592
3.24498866213	398.847381592
3.24789115646	398.386901855
3.25079365079	398.61706543
3.25369614512	398.847381592
3.25659863946	399.308441162
3.25950113379	400.000976562
3.26240362812	400.694732666
3.26530612245	399.308441162
3.26820861678	398.847381592
3.27111111111	397.467498779
3.27401360544	395.406585693
3.27691609977	394.266235352
3.2798185941	391.090789795
3.28272108844	386.375488281
3.28562358277	375.593017578
3.2885260771	368.927368164
3.29142857143	364.268829346
3.29433106576	359.6690979
3.29723356009	354.307861328
3.30013605442	348.422271729
3.30303854875	341.64630127
3.30594104308	336.748199463
3.30884353741	333.072631836
3.31174603175	330.199249268
3.31464852608	327.350646973
3.31755102041	324.714141846
3.32045351474	322.843933105
3.32335600907	321.541168213
3.3262585034	320.613861084
3.32916099773	319.135742188
3.33206349206	317.114440918
3.33496598639	314.56036377
3.33786848073	312.568023682
3.34077097506	311.306762695
3.34367346939	311.306762695
3.34657596372	312.026855469
3.34947845805	314.01574707
3.35238095238	317.480987549
3.35528344671	322.098846436
3.35818594104	325.465240479
3.36108843537	327.539794922
3.36399092971	328.866821289
3.36689342404	330.390045166
3.36979591837	331.345611572
3.3726984127	331.537078857
3.37560090703	331.154296875
3.37850340136	330.580932617
3.38140589569	330.199249268
3.38430839002	329.437225342
3.38721088435	329.056854248
3.39011337868	328.676940918
3.39301587302	328.866821289
3.39591836735	329.437225342
3.39882086168	330.390045166
3.40172335601	332.112091064
3.40462585034	333.843078613
3.40752834467	335.971038818
3.410430839	337.917297363
3.41333333333	339.286376953
3.41623582766	340.661010742
3.419138322	341.449005127
3.42204081633	341.64630127
3.42494331066	341.449005127
3.42784580499	341.251861572
3.43074829932	341.054779053
3.43365079365	340.857849121
3.43655328798	340.857849121
3.43945578231	340.464294434
3.44235827664	339.67855835
3.44526077098	338.89465332
3.44816326531	337.917297363
3.45106575964	336.942749023
3.45396825397	336.165161133
3.4568707483	335.583129883
3.45977324263	335.195678711
3.46267573696	335.195678711
3.46557823129	335.389343262
3.46848072562	335.777038574
3.47138321995	335.971038818
3.47428571429	336.359375
3.47718820862	336.748199463
3.48009070295	336.748199463
3.48299319728	336.942749023
3.48589569161	336.748199463
3.48879818594	335.971038818
3.49170068027	335.002105713
3.4946031746	333.650299072
3.49750566893	332.112091064
3.50040816327	331.154296875
3.5033106576	330.390045166
3.50621315193	329.818023682
3.50911564626	329.627563477
3.51201814059	330.008575439
3.51492063492	330.580932617
3.51782312925	331.537078857
3.52072562358	332.688079834
3.52362811791	333.457641602
3.52653061224	334.422088623
3.52943310658	335.389343262
3.53233560091	336.553741455
3.53523809524	337.527130127
3.53814058957	338.89465332
3.5410430839	340.07119751
3.54394557823	341.843719482
3.54684807256	343.22869873
3.54975056689	344.221405029
3.55265306122	345.017669678
3.55555555556	347.216827393
3.55845804989	347.618164062
3.56136054422	347.819030762
3.56426303855	347.819030762
3.56716553288	347.819030762
3.57006802721	348.221069336
3.57297052154	348.221069336
3.57587301587	348.422271729
3.5787755102	348.623596191
3.58167800454	349.026580811
3.58458049887	349.228240967
3.5874829932	350.643157959
3.59038548753	355.332641602
3.59328798186	340.661010742
3.59619047619	337.332244873
3.59909297052	336.359375
3.60199546485	355.332641602
3.60489795918	350.238311768
3.60780045351	350.643157959
3.61070294785	349.430023193
3.61360544218	348.019989014
3.61650793651	346.615661621
3.61941043084	345.416473389
3.62231292517	344.420288086
3.6252154195	343.823974609
3.62811791383	344.022644043
3.63102040816	344.81842041
3.63392290249	346.615661621
3.63682539683	347.016326904
3.63972789116	343.427001953
3.64263038549	341.449005127
3.64553287982	348.019989014
3.64843537415	335.195678711
3.65133786848	342.238861084
3.65424036281	340.267700195
3.65714285714	338.89465332
3.66004535147	337.917297363
3.6629478458	337.332244873
3.66585034014	337.137451172
3.66875283447	336.748199463
3.6716553288	336.748199463
3.67455782313	337.137451172
3.67746031746	337.137451172
3.68036281179	337.332244873
3.68326530612	337.332244873
3.68616780045	337.527130127
3.68907029478	337.527130127
3.69197278912	337.332244873
3.69487528345	337.527130127
3.69777777778	337.527130127
3.70068027211	338.112548828
3.70358276644	338.503356934
3.70648526077	339.286376953
3.7093877551	340.07119751
3.71229024943	340.857849121
3.71519274376	341.843719482
3.7180952381	342.634429932
3.72099773243	343.427001953
3.72390022676	344.022644043
3.72680272109	344.221405029
3.72970521542	344.81842041
3.73260770975	345.217010498
3.73551020408	345.61605835
3.73841269841	346.015533447
3.74131519274	346.215484619
3.74421768707	346.215484619
3.74712018141	346.215484619
3.75002267574	345.61605835
3.75292517007	345.815734863
3.7558276644	345.217010498
3.75873015873	344.619293213
3.76163265306	343.823974609
3.76453514739	343.427001953
3.76743764172	341.449005127
3.77034013605	341.054779053
3.77324263039	339.67855835
3.77614512472	339.090454102
3.77904761905	338.89465332
3.78195011338	339.090454102
3.78485260771	338.698944092
3.78775510204	338.89465332
3.79065759637	338.89465332
3.7935600907	339.090454102
3.79646258503	339.482421875
3.79936507937	340.07119751
3.8022675737	340.464294434
3.80517006803	341.449005127
3.80807256236	342.041229248
3.81097505669	342.832427979
3.81387755102	343.625427246
3.81678004535	344.221405029
3.81968253968	344.619293213
3.82258503401	345.217010498
3.82548752834	345.416473389
3.82839002268	345.815734863
3.83129251701	345.815734863
3.83419501134	345.61605835
3.83709750567	345.61605835
3.84	345.61605835
3.84290249433	345.815734863
3.84580498866	345.017669678
3.84870748299	345.017669678
3.85160997732	344.81842041
3.85451247166	344.619293213
3.85741496599	344.420288086
3.86031746032	344.81842041
3.86321995465	344.420288086
3.86612244898	344.420288086
3.86902494331	344.619293213
3.87192743764	344.81842041
3.87482993197	344.81842041
3.8777324263	345.017669678
3.88063492063	345.217010498
3.88353741497	345.416473389
3.8864399093	345.61605835
3.88934240363	345.815734863
3.89224489796	345.61605835
3.89514739229	345.815734863
3.89804988662	346.015533447
3.90095238095	345.217010498
3.90385487528	345.217010498
3.90675736961	345.017669678
3.90965986395	345.017669678
3.91256235828	344.619293213
3.91546485261	344.619293213
3.91836734694	345.017669678
3.92126984127	345.017669678
3.9241723356	345.017669678
3.92707482993	345.61605835
3.92997732426	345.815734863
3.93287981859	346.815948486
3.93578231293	348.019989014
3.93868480726	350.03604126
3.94158730159	352.470733643
3.94448979592	354.307861328
3.94739229025	355.53793335
3.95029478458	355.948913574
3.95319727891	354.307861328
3.95609977324	352.674407959
3.95900226757	351.45425415
3.9619047619	349.631896973
3.96480725624	348.422271729
3.96770975057	348.221069336
3.9706122449	348.019989014
3.97351473923	347.618164062
3.97641723356	0.0
3.97931972789	0.0
3.98222222222	0.0
3.98512471655	0.0
3.98802721088	0.0
3.99092970522	0.0
3.99383219955	0.0
3.99673469388	0.0
3.99963718821	0.0
4.00253968254	0.0
4.00544217687	0.0
4.0083446712	0.0
4.01124716553	0.0
4.01414965986	0.0
4.0170521542	0.0
4.01995464853	0.0
4.02285714286	0.0
4.02575963719	0.0
4.02866213152	0.0
4.03156462585	0.0
4.03446712018	0.0
4.03736961451	0.0
4.04027210884	0.0
4.04317460317	0.0
4.04607709751	0.0
4.04897959184	0.0
4.05188208617	0.0
4.0547845805	0.0
4.05768707483	0.0
4.06058956916	0.0
4.06349206349	0.0
4.06639455782	0.0
4.06929705215	0.0
4.07219954649	0.0
4.07510204082	0.0
4.07800453515	0.0
4.08090702948	0.0
4.08380952381	0.0
4.08671201814	0.0
4.08961451247	0.0
4.0925170068	0.0
4.09541950113	0.0
4.09832199546	0.0
4.1012244898	0.0
4.10412698413	0.0
4.10702947846	0.0
4.10993197279	0.0
4.11283446712	0.0
4.11573696145	0.0
4.11863945578	0.0
4.12154195011	0.0
4.12444444444	0.0
4.12734693878	0.0
4.13024943311	0.0
4.13315192744	0.0
4.13605442177	0.0
4.1389569161	0.0
4.14185941043	0.0
4.14476190476	0.0
4.14766439909	0.0
4.15056689342	0.0
4.15346938776	0.0
4.15637188209	255.797744751
4.15927437642	256.982513428
4.16217687075	257.874694824
4.16507936508	259.069091797
4.16798185941	260.569854736
4.17088435374	262.230743408
4.17378684807	263.4453125
4.1766893424	264.81842041
4.17959183673	265.737823486
4.18249433107	266.04498291
4.1853968254	266.352508545
4.18829931973	266.660400391
4.19120181406	266.96862793
4.19410430839	267.740783691
4.19700680272	268.515167236
4.19990929705	269.291778564
4.20281179138	270.070648193
4.20571428571	270.5390625
4.20861678005	270.851776123
4.21151927438	270.695373535
4.21442176871	269.914703369
4.21732426304	268.980865479
4.22022675737	267.586151123
4.2231292517	265.737823486
4.22603174603	264.054718018
4.22893424036	262.837341309
4.23183673469	262.382263184
4.23473922902	262.837341309
4.23764172336	264.359924316
4.24054421769	266.660400391
4.24344671202	269.75881958
4.24634920635	274.157226562
4.24925170068	278.144927979
4.25215419501	280.889648438
4.25505668934	282.680084229
4.25795918367	284.317626953
4.260861678	285.469543457
4.26376417234	286.295196533
4.26666666667	286.62612915
4.269569161	286.791748047
4.27247165533	286.62612915
4.27537414966	286.295196533
4.27827664399	285.799530029
4.28117913832	285.469543457
4.28408163265	285.3046875
4.28698412698	285.3046875
4.28988662132	285.634490967
4.29278911565	286.129882812
4.29569160998	286.791748047
4.29859410431	287.621246338
4.30149659864	288.453125
4.30439909297	289.120361328
4.3073015873	289.789123535
4.31020408163	290.459472656
4.31310657596	290.795227051
4.31600907029	291.131347656
4.31891156463	291.636291504
4.32181405896	291.973388672
4.32471655329	292.310882568
4.32761904762	292.817840576
4.33052154195	293.156341553
4.33342403628	293.495178223
4.33632653061	293.664764404
4.33922902494	293.664764404
4.34213151927	293.495178223
4.34503401361	293.156341553
4.34793650794	292.817840576
4.35083900227	292.479766846
4.3537414966	292.310882568
4.35664399093	292.142089844
4.35954648526	292.142089844
4.36244897959	291.973388672
4.36535147392	291.973388672
4.36825396825	291.973388672
4.37115646259	291.804779053
4.37405895692	291.636291504
4.37696145125	291.46786499
4.37986394558	291.299560547
4.38276643991	291.299560547
4.38566893424	291.299560547
4.38857142857	291.46786499
4.3914739229	291.804779053
4.39437641723	292.648773193
4.39727891156	293.664764404
4.4001814059	295.024932861
4.40308390023	296.733978271
4.40598639456	298.452941895
4.40888888889	300.355316162
4.41179138322	301.746459961
4.41469387755	302.968994141
4.41759637188	303.494476318
4.42049886621	304.020843506
4.42340136054	304.020843506
4.42630385488	303.845275879
4.42920634921	303.494476318
4.43210884354	303.144042969
4.43501133787	302.61920166
4.4379138322	301.920806885
4.44081632653	301.398071289
4.44371882086	301.050079346
4.44662131519	300.702484131
4.44952380952	300.528869629
4.45242630385	300.355316162
4.45532879819	300.355316162
4.45823129252	300.181884766
4.46113378685	300.008544922
4.46403628118	300.181884766
4.46693877551	300.008544922
4.46984126984	300.355316162
4.47274376417	300.702484131
4.4756462585	301.224029541
4.47854875283	301.746459961
4.48145124717	302.269805908
4.4843537415	302.968994141
4.48725623583	303.494476318
4.49015873016	304.020843506
4.49306122449	304.372253418
4.49596371882	304.724090576
4.49886621315	305.076324463
4.50176870748	305.428955078
4.50467120181	305.782012939
4.50757369615	306.135467529
4.51047619048	306.666412354
4.51337868481	306.843597412
4.51628117914	307.375793457
4.51918367347	308.086791992
4.5220861678	308.799438477
4.52498866213	309.513763428
4.52789115646	310.408966064
4.53079365079	310.76776123
4.53369614512	311.666595459
4.53659863946	310.94732666
4.53950113379	310.588317871
4.54240362812	309.871520996
4.54530612245	308.977874756
4.54820861678	308.264801025
4.55111111111	308.086791992
4.55401360544	307.731079102
4.55691609977	307.553375244
4.5598185941	307.375793457
4.56272108844	307.553375244
4.56562358277	307.375793457
4.5685260771	307.375793457
4.57142857143	307.375793457
4.57433106576	306.843597412
4.57723356009	306.666412354
4.58013605442	306.489318848
4.58303854875	306.312347412
4.58594104308	305.958679199
4.58884353741	305.605438232
4.59174603175	305.252593994
4.59464852608	305.076324463
4.59755102041	304.548126221
4.60045351474	304.196502686
4.60335600907	303.669830322
4.6062585034	302.794036865
4.60916099773	302.269805908
4.61206349206	302.269805908
4.61496598639	301.920806885
4.61786848073	301.746459961
4.62077097506	301.920806885
4.62367346939	301.746459961
4.62657596372	301.920806885
4.62947845805	302.269805908
4.63238095238	302.269805908
4.63528344671	302.269805908
4.63818594104	302.61920166
4.64108843537	302.794036865
4.64399092971	302.968994141
4.64689342404	303.319213867
4.64979591837	303.494476318
4.6526984127	303.669830322
4.65560090703	304.020843506
4.65850340136	304.196502686
4.66140589569	304.900146484
4.66430839002	305.252593994
4.66721088435	305.782012939
4.67011337868	306.312347412
4.67301587302	307.020904541
4.67591836735	307.553375244
4.67882086168	308.086791992
4.68172335601	308.621124268
4.68462585034	308.977874756
4.68752834467	310.050567627
4.690430839	310.94732666
4.69333333333	312.387542725
4.69623582766	313.653167725
4.699138322	314.56036377
4.70204081633	315.83480835
4.70494331066	315.83480835
4.70784580499	315.470153809
4.71074829932	315.287994385
4.71365079365	315.470153809
4.71655328798	315.83480835
4.71945578231	316.199890137
4.72235827664	316.56539917
4.72526077098	316.931304932
4.72816326531	317.114440918
4.73106575964	316.748291016
4.73396825397	316.56539917
4.7368707483	315.83480835
4.73977324263	314.01574707
4.74267573696	312.387542725
4.74557823129	311.666595459
4.74848072562	311.846679688
4.75138321995	311.486633301
4.75428571429	310.76776123
4.75718820862	308.264801025
4.76009070295	304.900146484
4.76299319728	301.920806885
4.76589569161	299.662139893
4.76879818594	299.489105225
4.77170068027	298.625396729
4.7746031746	299.489105225
4.77750566893	301.57220459
4.78040816327	303.669830322
4.7833106576	304.196502686
4.78621315193	304.020843506
4.78911564626	302.794036865
4.79201814059	296.905426025
4.79492063492	292.142089844
4.79782312925	282.680084229
4.80072562358	274.791412354
4.80362811791	271.321533203
4.80653061224	269.914703369
4.80943310658	269.447387695
4.81233560091	269.914703369
4.81523809524	271.949127197
4.81814058957	276.383239746
4.8210430839	282.680084229
4.82394557823	288.286560059
4.82684807256	291.46786499
4.82975056689	292.479766846
4.83265306122	289.621795654
4.83555555556	283.661468506
4.83845804989	278.949401855
4.84136054422	273.998931885
4.84426303855	274.315643311
4.84716553288	281.864837646
4.85006802721	291.804779053
4.85297052154	301.398071289
4.85587301587	301.57220459
4.8587755102	300.528869629
4.86167800454	298.280609131
4.86458049887	295.365936279
4.8674829932	292.648773193
4.87038548753	289.454559326
4.87328798186	286.791748047
4.87619047619	284.317626953
4.87909297052	281.702087402
4.88199546485	276.862609863
4.88489795918	268.980865479
4.88780045351	265.124542236
4.89070294785	262.230743408
4.89360544218	260.720397949
4.89650793651	259.818389893
4.89941043084	259.5184021
4.90231292517	259.668365479
4.9052154195	259.968505859
4.90811791383	260.720397949
4.91102040816	261.172607422
4.91392290249	261.323486328
4.91682539683	261.172607422
4.91972789116	260.871063232
4.92263038549	260.569854736
4.92553287982	260.569854736
4.92843537415	260.720397949
4.93133786848	261.323486328
4.93424036281	262.230743408
4.93714285714	262.837341309
4.94004535147	263.4453125
4.9429478458	263.4453125
4.94585034014	263.293182373
4.94875283447	262.989196777
4.9516553288	262.685546875
4.95455782313	262.533874512
4.95746031746	262.533874512
4.96036281179	262.685546875
4.96326530612	262.685546875
4.96616780045	262.533874512
4.96907029478	261.927978516
4.97197278912	261.323486328
4.97487528345	260.871063232
4.97777777778	260.720397949
4.98068027211	260.569854736
4.98358276644	261.021789551
4.98648526077	261.625579834
4.9893877551	262.382263184
4.99229024943	262.989196777
4.99519274376	262.989196777
4.9980952381	262.989196777
5.00099773243	262.837341309
5.00390022676	262.837341309
5.00680272109	262.837341309
5.00970521542	262.837341309
5.01260770975	262.837341309
5.01551020408	262.685546875
5.01841269841	262.382263184
5.02131519274	262.382263184
5.02421768707	262.079315186
5.02712018141	261.927978516
5.03002267574	261.776733398
5.03292517007	261.776733398
5.0358276644	261.625579834
5.03873015873	261.625579834
5.04163265306	261.474487305
5.04453514739	261.474487305
5.04743764172	261.474487305
5.05034013605	261.625579834
5.05324263039	261.927978516
5.05614512472	262.533874512
5.05904761905	263.141143799
5.06195011338	263.59753418
5.06485260771	263.90222168
5.06775510204	264.207275391
5.07065759637	264.207275391
5.0735600907	264.054718018
5.07646258503	263.90222168
5.07936507937	263.59753418
5.0822675737	263.293182373
5.08517006803	263.293182373
5.08807256236	263.4453125
5.09097505669	263.749847412
5.09387755102	263.90222168
5.09678004535	263.90222168
5.09968253968	263.90222168
5.10258503401	264.054718018
5.10548752834	264.207275391
5.10839002268	264.359924316
5.11129251701	264.512664795
5.11419501134	264.665496826
5.11709750567	264.665496826
5.12	264.81842041
5.12290249433	264.665496826
5.12580498866	264.512664795
5.12870748299	264.359924316
5.13160997732	264.207275391
5.13451247166	264.207275391
5.13741496599	264.207275391
5.14031746032	264.359924316
5.14321995465	264.665496826
5.14612244898	264.81842041
5.14902494331	264.971435547
5.15192743764	264.971435547
5.15482993197	264.512664795
5.1577324263	264.054718018
5.16063492063	263.293182373
5.16353741497	262.837341309
5.1664399093	261.927978516
5.16934240363	261.323486328
5.17224489796	261.323486328
5.17514739229	261.625579834
5.17804988662	261.927978516
5.18095238095	262.837341309
5.18385487528	263.4453125
5.18675736961	263.749847412
5.18965986395	263.90222168
5.19256235828	263.749847412
5.19546485261	263.4453125
5.19836734694	263.293182373
5.20126984127	263.4453125
5.2041723356	263.59753418
5.20707482993	264.207275391
5.20997732426	264.665496826
5.21287981859	265.277709961
5.21578231293	265.737823486
5.21868480726	266.198699951
5.22158730159	266.506408691
5.22448979592	266.660400391
5.22739229025	267.27722168
5.23029478458	267.586151123
5.23319727891	267.740783691
5.23609977324	267.895477295
5.23900226757	267.895477295
5.2419047619	267.431640625
5.24480725624	266.814453125
5.24770975057	265.891357422
5.2506122449	264.971435547
5.25351473923	264.665496826
5.25641723356	264.971435547
5.25931972789	266.198699951
5.26222222222	268.670288086
5.26512471655	273.840698242
5.26802721088	281.864837646
5.27092970522	286.460632324
5.27383219955	289.120361328
5.27673469388	290.627288818
5.27963718821	291.636291504
5.28253968254	291.973388672
5.28544217687	291.973388672
5.2883446712	291.636291504
5.29124716553	291.131347656
5.29414965986	290.627288818
5.2970521542	289.956573486
5.29995464853	289.621795654
5.30285714286	289.287414551
5.30575963719	289.120361328
5.30866213152	288.953399658
5.31156462585	288.953399658
5.31446712018	288.953399658
5.31736961451	288.953399658
5.32027210884	288.786529541
5.32317460317	288.953399658
5.32607709751	288.953399658
5.32897959184	289.120361328
5.33188208617	289.454559326
5.3347845805	289.789123535
5.33768707483	290.12411499
5.34058956916	290.627288818
5.34349206349	290.963226318
5.34639455782	291.131347656
5.34929705215	290.795227051
5.35219954649	290.459472656
5.35510204082	290.12411499
5.35800453515	290.12411499
5.36090702948	289.621795654
5.36380952381	289.621795654
5.36671201814	289.621795654
5.36961451247	289.621795654
5.3725170068	289.789123535
5.37541950113	290.12411499
5.37832199546	290.12411499
5.3812244898	289.956573486
5.38412698413	289.956573486
5.38702947846	289.789123535
5.38993197279	289.789123535
5.39283446712	289.621795654
5.39573696145	289.454559326
5.39863945578	289.287414551
5.40154195011	289.287414551
5.40444444444	289.287414551
5.40734693878	289.120361328
5.41024943311	289.120361328
5.41315192744	288.953399658
5.41605442177	289.120361328
5.4189569161	289.120361328
5.42185941043	289.287414551
5.42476190476	289.287414551
5.42766439909	289.621795654
5.43056689342	289.956573486
5.43346938776	290.627288818
5.43637188209	291.46786499
5.43927437642	291.973388672
5.44217687075	292.648773193
5.44507936508	293.495178223
5.44798185941	294.004211426
5.45088435374	294.514129639
5.45378684807	294.854553223
5.4566893424	294.854553223
5.45959183673	294.684295654
5.46249433107	294.344055176
5.4653968254	293.834442139
5.46829931973	293.325714111
5.47120181406	292.817840576
5.47410430839	292.310882568
5.47700680272	291.804779053
5.47990929705	291.46786499
5.48281179138	291.131347656
5.48571428571	290.963226318
5.48861678005	290.627288818
5.49151927438	290.627288818
5.49442176871	290.627288818
5.49732426304	290.459472656
5.50022675737	290.291748047
5.5031292517	290.12411499
5.50603174603	289.956573486
5.50893424036	289.789123535
5.51183673469	287.953704834
5.51473922902	286.957458496
5.51764172336	285.799530029
5.52054421769	285.3046875
5.52344671202	285.634490967
5.52634920635	285.3046875
5.52925170068	285.139953613
5.53215419501	285.469543457
5.53505668934	285.634490967
5.53795918367	286.295196533
5.540861678	286.62612915
5.54376417234	286.791748047
5.54666666667	286.957458496
5.549569161	286.791748047
5.55247165533	286.957458496
5.55537414966	286.957458496
5.55827664399	287.123260498
5.56117913832	287.45513916
5.56408163265	287.289154053
5.56698412698	287.123260498
5.56988662132	286.957458496
5.57278911565	287.289154053
5.57569160998	287.621246338
5.57859410431	286.62612915
5.58149659864	285.469543457
5.58439909297	283.661468506
5.5873015873	281.702087402
5.59020408163	279.756225586
5.59310657596	277.663360596
5.59600907029	275.745422363
5.59891156463	273.682556152
5.60181405896	272.420806885
5.60471655329	270.695373535
5.60761904762	269.603057861
5.61052154195	268.980865479
5.61342403628	269.291778564
5.61632653061	270.695373535
5.61922902494	272.735687256
5.62213151927	275.745422363
5.62503401361	278.788330078
5.62793650794	281.539398193
5.63083900227	285.139953613
5.6337414966	289.621795654
5.63664399093	291.299560547
5.63954648526	291.46786499
5.64244897959	289.956573486
5.64535147392	287.621246338
5.64825396825	283.497680664
5.65115646259	267.27722168
5.65405895692	274.950164795
5.65696145125	276.383239746
5.65986394558	276.862609863
5.66276643991	276.862609863
5.66566893424	276.22366333
5.66857142857	274.474121094
5.6714739229	270.851776123
5.67437641723	262.989196777
5.67727891156	254.912750244
5.6801814059	246.941650391
5.68308390023	243.541931152
5.68598639456	241.301498413
5.68888888889	240.050323486
5.69179138322	239.358032227
5.69469387755	239.219802856
5.69759637188	239.358032227
5.70049886621	239.911697388
5.70340136054	240.18901062
5.70630385488	241.022888184
5.70920634921	241.859664917
5.71210884354	242.979873657
5.71501133787	243.541931152
5.7179138322	243.682647705
5.72081632653	243.682647705
5.72371882086	243.260742188
5.72662131519	242.419128418
5.72952380952	241.859664917
5.73242630385	241.720001221
5.73532879819	242.279144287
5.73823129252	243.541931152
5.74113378685	245.94519043
5.74403628118	247.798965454
5.74693877551	248.65927124
5.74984126984	248.085403442
5.75274376417	246.371749878
5.7556462585	245.235900879
5.75854875283	245.80317688
5.76145124717	246.229476929
5.7643537415	246.371749878
5.76725623583	246.656539917
5.77015873016	248.228744507
5.77306122449	246.941650391
5.77596371882	246.514099121
5.77886621315	246.087295532
5.78176870748	246.229476929
5.78467120181	246.656539917
5.78757369615	247.084335327
5.79047619048	252.567703247
5.79337868481	250.388824463
5.79628117914	248.228744507
5.79918367347	245.94519043
5.8020861678	245.661224365
5.80498866213	245.94519043
5.80789115646	246.087295532
5.81079365079	246.371749878
5.81369614512	248.085403442
5.81659863946	251.258117676
5.81950113379	254.324447632
5.82240362812	256.537567139
5.82530612245	257.725769043
5.82820861678	257.130981445
5.83111111111	255.207397461
5.83401360544	252.713638306
5.83691609977	249.955307007
5.8398185941	248.515670776
5.84272108844	247.512863159
5.84562358277	247.084335327
5.8485260771	246.799057007
5.85142857143	246.799057007
5.85433106576	246.941650391
5.85723356009	247.084335327
5.86013605442	247.227096558
5.86303854875	247.512863159
5.86594104308	247.942138672
5.86884353741	248.515670776
5.87174603175	249.955307007
5.87464852608	251.548553467
5.87755102041	252.567703247
5.88045351474	253.151931763
5.88335600907	252.859649658
5.8862585034	251.839309692
5.88916099773	250.678253174
5.89206349206	249.378463745
5.89496598639	248.515670776
5.89786848073	247.655883789
5.90077097506	247.084335327
5.90367346939	246.799057007
5.90657596372	246.656539917
5.90947845805	246.656539917
5.91238095238	247.084335327
5.91528344671	247.655883789
5.91818594104	248.085403442
5.92108843537	248.372161865
5.92399092971	248.515670776
5.92689342404	248.228744507
5.92979591837	248.085403442
5.9326984127	247.942138672
5.93560090703	247.942138672
5.93850340136	248.372161865
5.94140589569	248.802932739
5.94430839002	249.378463745
5.94721088435	249.666717529
5.95011337868	249.234451294
5.95301587302	248.94670105
5.95591836735	248.372161865
5.95882086168	247.512863159
5.96172335601	246.799057007
5.96462585034	246.229476929
5.96752834467	246.087295532
5.970430839	245.94519043
5.97333333333	245.94519043
5.97623582766	245.94519043
5.979138322	245.661224365
5.98204081633	245.519378662
5.98494331066	245.661224365
5.98784580499	245.80317688
5.99074829932	246.371749878
5.99365079365	246.941650391
5.99655328798	247.798965454
5.99945578231	248.94670105
6.00235827664	249.955307007
6.00526077098	250.8230896
6.00816326531	251.258117676
6.01106575964	251.548553467
6.01396825397	251.258117676
6.0168707483	250.678253174
6.01977324263	249.955307007
6.02267573696	249.090530396
6.02557823129	248.515670776
6.02848072562	248.085403442
6.03138321995	247.942138672
6.03428571429	247.942138672
6.03718820862	248.228744507
6.04009070295	248.515670776
6.04299319728	249.234451294
6.04589569161	249.955307007
6.04879818594	250.678253174
6.05170068027	251.839309692
6.0546031746	253.591003418
6.05750566893	255.945541382
6.06040816327	259.218780518
6.0633106576	262.685546875
6.06621315193	265.737823486
6.06911564626	267.895477295
6.07201814059	269.291778564
6.07492063492	269.75881958
6.07782312925	269.447387695
6.08072562358	268.670288086
6.08362811791	267.431640625
6.08653061224	266.198699951
6.08943310658	265.277709961
6.09233560091	264.665496826
6.09523809524	264.359924316
6.09814058957	264.207275391
6.1010430839	264.207275391
6.10394557823	264.359924316
6.10684807256	264.512664795
6.10975056689	265.277709961
6.11265306122	266.198699951
6.11555555556	267.27722168
6.11845804989	268.360107422
6.12136054422	269.291778564
6.12426303855	270.070648193
6.12716553288	270.5390625
6.13006802721	270.5390625
6.13297052154	270.3828125
6.13587301587	270.22668457
6.1387755102	269.603057861
6.14167800454	269.136260986
6.14458049887	268.515167236
6.1474829932	268.050262451
6.15038548753	267.27722168
6.15328798186	266.814453125
6.15619047619	266.352508545
6.15909297052	266.04498291
6.16199546485	265.737823486
6.16489795918	265.277709961
6.16780045351	264.665496826
6.17070294785	264.207275391
6.17360544218	263.749847412
6.17650793651	263.293182373
6.17941043084	263.141143799
6.18231292517	262.837341309
6.1852154195	262.685546875
6.18811791383	262.533874512
6.19102040816	262.382263184
6.19392290249	262.382263184
6.19682539683	262.382263184
6.19972789116	262.230743408
6.20263038549	262.079315186
6.20553287982	261.776733398
6.20843537415	261.474487305
6.21133786848	261.323486328
6.21424036281	261.021789551
6.21714285714	260.720397949
6.22004535147	260.569854736
6.2229478458	260.871063232
6.22585034014	261.323486328
6.22875283447	261.776733398
6.2316553288	262.533874512
6.23455782313	262.382263184
6.23746031746	262.382263184
6.24036281179	262.533874512
6.24326530612	262.533874512
6.24616780045	262.685546875
6.24907029478	262.685546875
6.25197278912	262.685546875
6.25487528345	262.533874512
6.25777777778	262.533874512
6.26068027211	262.685546875
6.26358276644	262.685546875
6.26648526077	262.837341309
6.2693877551	262.989196777
6.27229024943	263.293182373
6.27519274376	263.4453125
6.2780952381	263.59753418
6.28099773243	263.90222168
6.28390022676	264.054718018
6.28680272109	264.054718018
6.28970521542	264.207275391
6.29260770975	264.054718018
6.29551020408	264.054718018
6.29841269841	263.90222168
6.30131519274	263.749847412
6.30421768707	263.59753418
6.30712018141	263.59753418
6.31002267574	263.59753418
6.31292517007	263.59753418
6.3158276644	263.59753418
6.31873015873	263.90222168
6.32163265306	264.054718018
6.32453514739	264.665496826
6.32743764172	265.124542236
6.33034013605	265.584350586
6.33324263039	265.737823486
6.33614512472	265.737823486
6.33904761905	266.352508545
6.34195011338	266.660400391
6.34485260771	266.660400391
6.34775510204	266.96862793
6.35065759637	266.352508545
6.3535600907	263.141143799
6.35646258503	260.871063232
6.35936507937	260.569854736
6.3622675737	260.269012451
6.36517006803	259.818389893
6.36807256236	259.218780518
6.37097505669	258.919494629
6.37387755102	258.620544434
6.37678004535	258.321929932
6.37968253968	258.17276001
6.38258503401	258.17276001
6.38548752834	258.471191406
6.38839002268	258.620544434
6.39129251701	259.069091797
6.39419501134	259.5184021
6.39709750567	260.569854736
6.4	261.021789551
6.40290249433	261.776733398
6.40580498866	262.230743408
6.40870748299	262.230743408
6.41160997732	262.989196777
6.41451247166	263.749847412
6.41741496599	263.90222168
6.42031746032	264.512664795
6.42321995465	264.359924316
6.42612244898	263.90222168
6.42902494331	264.207275391
6.43192743764	263.59753418
6.43482993197	263.141143799
6.4377324263	262.989196777
6.44063492063	262.685546875
6.44353741497	263.293182373
6.4464399093	264.665496826
6.44934240363	265.584350586
6.45224489796	266.506408691
6.45514739229	267.12286377
6.45804988662	267.586151123
6.46095238095	267.740783691
6.46385487528	268.20513916
6.46675736961	268.360107422
6.46965986395	268.360107422
6.47256235828	268.670288086
6.47546485261	269.136260986
6.47836734694	269.603057861
6.48126984127	269.914703369
6.4841723356	270.070648193
6.48707482993	270.22668457
6.48997732426	270.070648193
6.49287981859	270.070648193
6.49578231293	270.22668457
6.49868480726	270.22668457
6.50158730159	270.5390625
6.50448979592	270.851776123
6.50739229025	271.321533203
6.51029478458	271.635162354
6.51319727891	272.106262207
6.51609977324	272.420806885
6.51900226757	272.578186035
6.5219047619	272.578186035
6.52480725624	272.578186035
6.52770975057	272.735687256
6.5306122449	272.578186035
6.53351473923	272.420806885
6.53641723356	272.26348877
6.53931972789	271.635162354
6.54222222222	271.478302002
6.54512471655	271.008270264
6.54802721088	270.3828125
6.55092970522	269.75881958
6.55383219955	268.825531006
6.55673469388	267.895477295
6.55963718821	267.12286377
6.56253968254	266.04498291
6.56544217687	265.124542236
6.5683446712	263.90222168
6.57124716553	262.837341309
6.57414965986	262.230743408
6.5770521542	261.776733398
6.57995464853	261.625579834
6.58285714286	261.625579834
6.58575963719	262.079315186
6.58866213152	262.382263184
6.59156462585	262.382263184
6.59446712018	262.685546875
6.59736961451	262.230743408
6.60027210884	262.382263184
6.60317460317	263.293182373
6.60607709751	263.141143799
6.60897959184	263.141143799
6.61188208617	264.207275391
6.6147845805	264.512664795
6.61768707483	265.277709961
6.62058956916	264.359924316
6.62349206349	263.90222168
6.62639455782	263.4453125
6.62929705215	262.989196777
6.63219954649	263.293182373
6.63510204082	262.685546875
6.63800453515	262.230743408
6.64090702948	261.927978516
6.64380952381	261.474487305
6.64671201814	261.625579834
6.64961451247	261.776733398
6.6525170068	261.927978516
6.65541950113	262.382263184
6.65832199546	262.685546875
6.6612244898	263.141143799
6.66412698413	263.90222168
