0.0	0.0
0.00290249433107	0.0
0.00580498866213	0.0
0.0087074829932	0.0
0.0116099773243	0.0
0.0145124716553	0.0
0.0174149659864	0.0
0.0203174603175	0.0
0.0232199546485	0.0
0.0261224489796	0.0
0.0290249433107	0.0
0.0319274376417	0.0
0.0348299319728	0.0
0.0377324263039	0.0
0.0406349206349	0.0
0.043537414966	0.0
0.0464399092971	0.0
0.0493424036281	0.0
0.0522448979592	0.0
0.0551473922902	0.0
0.0580498866213	0.0
0.0609523809524	0.0
0.0638548752834	0.0
0.0667573696145	0.0
0.0696598639456	0.0
0.0725623582766	0.0
0.0754648526077	0.0
0.0783673469388	0.0
0.0812698412698	0.0
0.0841723356009	0.0
0.087074829932	0.0
0.089977324263	0.0
0.0928798185941	0.0
0.0957823129252	0.0
0.0986848072562	0.0
0.101587301587	0.0
0.104489795918	0.0
0.107392290249	0.0
0.11029478458	0.0
0.113197278912	0.0
0.116099773243	325.277313232
0.119002267574	323.403839111
0.121904761905	323.590698242
0.124807256236	324.339233398
0.127709750567	325.277313232
0.130612244898	326.218109131
0.133514739229	327.350646973
0.13641723356	328.107879639
0.139319727891	329.056854248
0.142222222222	329.627563477
0.145124716553	330.199249268
0.148027210884	330.199249268
0.150929705215	329.818023682
0.153832199546	329.056854248
0.156734693878	328.297454834
0.159637188209	327.729034424
0.16253968254	327.350646973
0.165442176871	327.350646973
0.168344671202	327.161621094
0.171247165533	327.350646973
0.174149659864	327.539794922
0.177052154195	327.729034424
0.179954648526	327.729034424
0.182857142857	327.729034424
0.185759637188	327.350646973
0.188662131519	327.161621094
0.19156462585	326.972686768
0.194467120181	326.972686768
0.197369614512	326.972686768
0.200272108844	326.972686768
0.203174603175	327.161621094
0.206077097506	327.161621094
0.208979591837	326.972686768
0.211882086168	326.595184326
0.214784580499	326.595184326
0.21768707483	326.406585693
0.220589569161	326.218109131
0.223492063492	326.406585693
0.226394557823	326.406585693
0.229297052154	326.595184326
0.232199546485	326.595184326
0.235102040816	326.783874512
0.238004535147	326.783874512
0.240907029478	326.972686768
0.24380952381	327.161621094
0.246712018141	327.350646973
0.249614512472	327.539794922
0.252517006803	327.729034424
0.255419501134	327.918395996
0.258321995465	327.918395996
0.261224489796	327.918395996
0.264126984127	327.918395996
0.267029478458	327.918395996
0.269931972789	328.107879639
0.27283446712	328.107879639
0.275736961451	328.297454834
0.278639455782	328.487121582
0.281541950113	328.487121582
0.284444444444	328.297454834
0.287346938776	328.107879639
0.290249433107	327.918395996
0.293151927438	327.729034424
0.296054421769	327.539794922
0.2989569161	327.539794922
0.301859410431	327.539794922
0.304761904762	327.539794922
0.307664399093	327.729034424
0.310566893424	327.729034424
0.313469387755	327.918395996
0.316371882086	327.918395996
0.319274376417	328.107879639
0.322176870748	328.107879639
0.325079365079	328.107879639
0.32798185941	327.918395996
0.330884353741	327.918395996
0.333786848073	327.729034424
0.336689342404	327.729034424
0.339591836735	327.918395996
0.342494331066	327.729034424
0.345396825397	327.729034424
0.348299319728	327.729034424
0.351201814059	327.729034424
0.35410430839	327.729034424
0.357006802721	327.918395996
0.359909297052	327.918395996
0.362811791383	327.918395996
0.365714285714	327.918395996
0.368616780045	327.918395996
0.371519274376	327.729034424
0.374421768707	327.539794922
0.377324263039	327.350646973
0.38022675737	327.161621094
0.383129251701	327.161621094
0.386031746032	327.161621094
0.388934240363	327.161621094
0.391836734694	327.161621094
0.394739229025	327.539794922
0.397641723356	327.539794922
0.400544217687	327.729034424
0.403446712018	327.729034424
0.406349206349	327.729034424
0.40925170068	327.729034424
0.412154195011	327.729034424
0.415056689342	327.729034424
0.417959183673	327.539794922
0.420861678005	327.539794922
0.423764172336	327.539794922
0.426666666667	327.539794922
0.429569160998	327.539794922
0.432471655329	327.539794922
0.43537414966	327.539794922
0.438276643991	327.539794922
0.441179138322	327.539794922
0.444081632653	327.729034424
0.446984126984	327.539794922
0.449886621315	327.539794922
0.452789115646	327.350646973
0.455691609977	327.350646973
0.458594104308	327.350646973
0.461496598639	327.350646973
0.464399092971	327.539794922
0.467301587302	327.539794922
0.470204081633	327.729034424
0.473106575964	327.729034424
0.476009070295	327.729034424
0.478911564626	327.729034424
0.481814058957	327.729034424
0.484716553288	327.729034424
0.487619047619	327.729034424
0.49052154195	327.729034424
0.493424036281	327.729034424
0.496326530612	327.729034424
0.499229024943	327.729034424
0.502131519274	327.729034424
0.505034013605	327.729034424
0.507936507937	327.729034424
0.510839002268	327.729034424
0.513741496599	327.729034424
0.51664399093	327.729034424
0.519546485261	327.539794922
0.522448979592	327.350646973
0.525351473923	327.350646973
0.528253968254	327.350646973
0.531156462585	327.161621094
0.534058956916	327.161621094
0.536961451247	327.350646973
0.539863945578	327.161621094
0.542766439909	327.350646973
0.54566893424	327.350646973
0.548571428571	327.350646973
0.551473922902	327.350646973
0.554376417234	327.350646973
0.557278911565	327.161621094
0.560181405896	327.161621094
0.563083900227	327.161621094
0.565986394558	326.972686768
0.568888888889	326.972686768
0.57179138322	326.972686768
0.574693877551	326.972686768
0.577596371882	326.972686768
0.580498866213	326.972686768
0.583401360544	326.972686768
0.586303854875	326.972686768
0.589206349206	326.972686768
0.592108843537	327.161621094
0.595011337868	327.161621094
0.5979138322	327.161621094
0.600816326531	327.161621094
0.603718820862	326.972686768
0.606621315193	326.972686768
0.609523809524	326.972686768
0.612426303855	326.972686768
0.615328798186	327.161621094
0.618231292517	327.161621094
0.621133786848	327.161621094
0.624036281179	327.161621094
0.62693877551	327.161621094
0.629841269841	327.350646973
0.632743764172	327.161621094
0.635646258503	327.350646973
0.638548752834	327.161621094
0.641451247166	327.161621094
0.644353741497	327.161621094
0.647256235828	327.161621094
0.650158730159	327.161621094
0.65306122449	327.161621094
0.655963718821	327.161621094
0.658866213152	327.161621094
0.661768707483	327.161621094
0.664671201814	327.350646973
0.667573696145	327.350646973
0.670476190476	327.350646973
0.673378684807	327.161621094
0.676281179138	327.161621094
0.679183673469	327.161621094
0.6820861678	327.161621094
0.684988662132	326.972686768
0.687891156463	326.972686768
0.690793650794	326.972686768
0.693696145125	326.972686768
0.696598639456	326.972686768
0.699501133787	326.972686768
0.702403628118	326.972686768
0.705306122449	326.972686768
0.70820861678	326.972686768
0.711111111111	326.972686768
0.714013605442	326.972686768
0.716916099773	326.972686768
0.719818594104	326.972686768
0.722721088435	326.972686768
0.725623582766	326.972686768
0.728526077098	327.161621094
0.731428571429	327.161621094
0.73433106576	327.161621094
0.737233560091	327.161621094
0.740136054422	327.161621094
0.743038548753	327.161621094
0.745941043084	327.161621094
0.748843537415	327.161621094
0.751746031746	327.161621094
0.754648526077	327.350646973
0.757551020408	327.350646973
0.760453514739	327.350646973
0.76335600907	327.350646973
0.766258503401	327.161621094
0.769160997732	327.161621094
0.772063492063	327.161621094
0.774965986395	327.161621094
0.777868480726	327.161621094
0.780770975057	327.161621094
0.783673469388	327.161621094
0.786575963719	327.161621094
0.78947845805	327.161621094
0.792380952381	327.161621094
0.795283446712	327.161621094
0.798185941043	327.161621094
0.801088435374	327.161621094
0.803990929705	327.350646973
0.806893424036	327.350646973
0.809795918367	327.350646973
0.812698412698	327.350646973
0.815600907029	327.350646973
0.818503401361	327.350646973
0.821405895692	327.539794922
0.824308390023	327.729034424
0.827210884354	328.297454834
0.830113378685	329.056854248
0.833015873016	329.437225342
0.835918367347	329.056854248
0.838820861678	328.297454834
0.841723356009	327.539794922
0.84462585034	290.12411499
0.847528344671	292.142089844
0.850430839002	296.391387939
0.853333333333	294.174102783
0.856235827664	293.156341553
0.859138321995	291.804779053
0.862040816327	290.963226318
0.864943310658	290.459472656
0.867845804989	290.291748047
0.87074829932	290.627288818
0.873650793651	291.131347656
0.876553287982	291.973388672
0.879455782313	292.648773193
0.882358276644	293.325714111
0.885260770975	293.664764404
0.888163265306	293.664764404
0.891065759637	293.325714111
0.893968253968	292.987030029
0.896870748299	292.817840576
0.89977324263	292.648773193
0.902675736961	292.817840576
0.905578231293	292.987030029
0.908480725624	293.156341553
0.911383219955	292.987030029
0.914285714286	292.987030029
0.917188208617	292.817840576
0.920090702948	292.479766846
0.922993197279	292.479766846
0.92589569161	292.479766846
0.928798185941	292.648773193
0.931700680272	292.817840576
0.934603174603	293.156341553
0.937505668934	293.325714111
0.940408163265	293.325714111
0.943310657596	292.987030029
0.946213151927	292.817840576
0.949115646259	292.479766846
0.95201814059	292.310882568
0.954920634921	292.479766846
0.957823129252	292.648773193
0.960725623583	293.156341553
0.963628117914	293.664764404
0.966530612245	293.834442139
0.969433106576	294.004211426
0.972335600907	293.834442139
0.975238095238	293.325714111
0.978140589569	292.987030029
0.9810430839	292.648773193
0.983945578231	292.310882568
0.986848072562	292.479766846
0.989750566893	292.817840576
0.992653061224	292.987030029
0.995555555556	293.156341553
0.998458049887	293.156341553
1.00136054422	292.817840576
1.00426303855	292.479766846
1.00716553288	292.142089844
1.01006802721	291.973388672
1.01297052154	291.973388672
1.01587301587	292.310882568
1.0187755102	292.479766846
1.02167800454	292.648773193
1.02458049887	292.817840576
1.0274829932	292.648773193
1.03038548753	292.648773193
1.03328798186	292.310882568
1.03619047619	292.310882568
1.03909297052	292.479766846
1.04199546485	292.648773193
1.04489795918	292.817840576
1.04780045351	293.156341553
1.05070294785	293.325714111
1.05360544218	293.325714111
1.05650793651	293.325714111
1.05941043084	293.325714111
1.06231292517	293.156341553
1.0652154195	293.156341553
1.06811791383	293.156341553
1.07102040816	293.325714111
1.07392290249	293.325714111
1.07682539683	293.325714111
1.07972789116	293.156341553
1.08263038549	292.987030029
1.08553287982	292.817840576
1.08843537415	292.648773193
1.09133786848	292.648773193
1.09424036281	292.648773193
1.09714285714	292.648773193
1.10004535147	292.817840576
1.1029478458	292.817840576
1.10585034014	292.987030029
1.10875283447	292.987030029
1.1116553288	292.817840576
1.11455782313	292.817840576
1.11746031746	292.817840576
1.12036281179	292.648773193
1.12326530612	292.648773193
1.12616780045	292.817840576
1.12907029478	292.987030029
1.13197278912	292.987030029
1.13487528345	293.156341553
1.13777777778	293.156341553
1.14068027211	292.987030029
1.14358276644	292.817840576
1.14648526077	292.817840576
1.1493877551	292.817840576
1.15229024943	292.817840576
1.15519274376	292.817840576
1.1580952381	292.987030029
1.16099773243	292.987030029
1.16390022676	292.987030029
1.16680272109	292.987030029
1.16970521542	292.987030029
1.17260770975	292.987030029
1.17551020408	292.817840576
1.17841269841	292.817840576
1.18131519274	292.817840576
1.18421768707	292.817840576
1.18712018141	292.817840576
1.19002267574	292.987030029
1.19292517007	292.987030029
1.1958276644	292.987030029
1.19873015873	293.156341553
1.20163265306	293.325714111
1.20453514739	293.495178223
1.20743764172	293.834442139
1.21034013605	294.004211426
1.21324263039	294.174102783
1.21614512472	294.174102783
1.21904761905	293.834442139
1.22195011338	293.325714111
1.22485260771	292.479766846
1.22775510204	291.46786499
1.23065759637	289.956573486
1.2335600907	288.12008667
1.23646258503	285.799530029
1.23936507937	282.35369873
1.2422675737	272.735687256
1.24517006803	266.814453125
1.24807256236	262.382263184
1.25097505669	259.668365479
1.25387755102	258.17276001
1.25678004535	259.069091797
1.25968253968	259.5184021
1.26258503401	261.021789551
1.26548752834	262.989196777
1.26839002268	264.207275391
1.27129251701	264.207275391
1.27419501134	263.141143799
1.27709750567	261.172607422
1.28	259.368530273
1.28290249433	258.17276001
1.28580498866	257.428222656
1.28870748299	257.428222656
1.29160997732	258.023681641
1.29451247166	259.5184021
1.29741496599	260.871063232
1.30031746032	261.625579834
1.30321995465	261.625579834
1.30612244898	260.720397949
1.30902494331	259.668365479
1.31192743764	258.620544434
1.31482993197	258.17276001
1.3177324263	258.023681641
1.32063492063	258.17276001
1.32353741497	258.620544434
1.3264399093	259.069091797
1.32934240363	259.5184021
1.33224489796	259.818389893
1.33514739229	259.818389893
1.33804988662	259.368530273
1.34095238095	258.919494629
1.34385487528	258.471191406
1.34675736961	258.023681641
1.34965986395	257.874694824
1.35256235828	258.023681641
1.35546485261	258.471191406
1.35836734694	259.069091797
1.36126984127	259.5184021
1.3641723356	259.968505859
1.36707482993	260.118713379
1.36997732426	259.968505859
1.37287981859	259.818389893
1.37578231293	259.5184021
1.37868480726	259.218780518
1.38158730159	258.919494629
1.38448979592	258.769958496
1.38739229025	259.069091797
1.39029478458	259.368530273
1.39319727891	259.818389893
1.39609977324	260.118713379
1.39900226757	260.269012451
1.4019047619	260.419372559
1.40480725624	260.419372559
1.40770975057	260.569854736
1.4106122449	260.419372559
1.41351473923	260.569854736
1.41641723356	260.569854736
1.41931972789	260.720397949
1.42222222222	260.720397949
1.42512471655	260.569854736
1.42802721088	260.269012451
1.43092970522	260.269012451
1.43383219955	260.118713379
1.43673469388	259.968505859
1.43963718821	260.118713379
1.44253968254	260.269012451
1.44544217687	260.419372559
1.4483446712	260.569854736
1.45124716553	260.720397949
1.45414965986	260.720397949
1.4570521542	260.720397949
1.45995464853	260.720397949
1.46285714286	260.569854736
1.46575963719	260.569854736
1.46866213152	260.720397949
1.47156462585	260.569854736
1.47446712018	260.569854736
1.47736961451	260.720397949
1.48027210884	260.720397949
1.48317460317	260.720397949
1.48607709751	260.871063232
1.48897959184	261.021789551
1.49188208617	261.021789551
1.4947845805	261.172607422
1.49768707483	261.172607422
1.50058956916	261.172607422
1.50349206349	261.172607422
1.50639455782	261.323486328
1.50929705215	261.323486328
1.51219954649	261.323486328
1.51510204082	261.474487305
1.51800453515	261.625579834
1.52090702948	261.625579834
1.52380952381	261.625579834
1.52671201814	261.625579834
1.52961451247	261.474487305
1.5325170068	261.474487305
1.53541950113	261.323486328
1.53832199546	261.172607422
1.5412244898	261.021789551
1.54412698413	261.021789551
1.54702947846	261.021789551
1.54993197279	261.021789551
1.55283446712	261.172607422
1.55573696145	261.172607422
1.55863945578	261.172607422
1.56154195011	261.021789551
1.56444444444	261.172607422
1.56734693878	261.021789551
1.57024943311	261.021789551
1.57315192744	261.021789551
1.57605442177	260.720397949
1.5789569161	260.871063232
1.58185941043	260.871063232
1.58476190476	260.871063232
1.58766439909	260.871063232
1.59056689342	261.021789551
1.59346938776	261.021789551
1.59637188209	261.021789551
1.59927437642	260.871063232
1.60217687075	260.871063232
1.60507936508	261.021789551
1.60798185941	261.021789551
1.61088435374	261.172607422
1.61378684807	389.737701416
1.6166893424	390.864929199
1.61959183673	392.221923828
1.62249433107	393.811035156
1.6253968254	394.721984863
1.62829931973	395.178253174
1.63120181406	394.950042725
1.63410430839	394.950042725
1.63700680272	394.950042725
1.63990929705	394.266235352
1.64281179138	393.811035156
1.64571428571	392.902191162
1.64861678005	392.448547363
1.65151927438	391.995422363
1.65442176871	391.54284668
1.65732426304	391.316741943
1.66022675737	390.864929199
1.6631292517	390.413665771
1.66603174603	390.413665771
1.66893424036	390.188201904
1.67183673469	390.188201904
1.67473922902	390.413665771
1.67764172336	390.413665771
1.68054421769	390.639221191
1.68344671202	391.090789795
1.68634920635	391.090789795
1.68925170068	391.316741943
1.69215419501	391.316741943
1.69505668934	391.090789795
1.69795918367	391.090789795
1.700861678	390.864929199
1.70376417234	390.864929199
1.70666666667	390.864929199
1.709569161	391.090789795
1.71247165533	391.316741943
1.71537414966	391.54284668
1.71827664399	391.54284668
1.72117913832	391.769073486
1.72408163265	391.995422363
1.72698412698	391.995422363
1.72988662132	391.995422363
1.73278911565	391.995422363
1.73569160998	391.769073486
1.73859410431	391.769073486
1.74149659864	391.54284668
1.74439909297	391.316741943
1.7473015873	391.090789795
1.75020408163	390.639221191
1.75310657596	390.413665771
1.75600907029	390.188201904
1.75891156463	389.962890625
1.76181405896	389.737701416
1.76471655329	389.737701416
1.76761904762	389.962890625
1.77052154195	390.188201904
1.77342403628	390.413665771
1.77632653061	390.639221191
1.77922902494	391.090789795
1.78213151927	391.316741943
1.78503401361	391.54284668
1.78793650794	391.769073486
1.79083900227	391.54284668
1.7937414966	391.54284668
1.79664399093	391.316741943
1.79954648526	391.316741943
1.80244897959	391.090789795
1.80535147392	391.090789795
1.80825396825	390.864929199
1.81115646259	390.864929199
1.81405895692	390.864929199
1.81696145125	391.090789795
1.81986394558	391.090789795
1.82276643991	391.316741943
1.82566893424	391.54284668
1.82857142857	391.769073486
1.8314739229	391.995422363
1.83437641723	391.769073486
1.83727891156	391.995422363
1.8401814059	391.995422363
1.84308390023	391.995422363
1.84598639456	391.769073486
1.84888888889	391.54284668
1.85179138322	391.316741943
1.85469387755	391.090789795
1.85759637188	391.090789795
1.86049886621	390.864929199
1.86340136054	390.864929199
1.86630385488	390.864929199
1.86920634921	390.864929199
1.87210884354	390.864929199
1.87501133787	390.864929199
1.8779138322	390.864929199
1.88081632653	390.639221191
1.88371882086	390.639221191
1.88662131519	390.413665771
1.88952380952	390.413665771
1.89242630385	390.413665771
1.89532879819	390.639221191
1.89823129252	390.413665771
1.90113378685	390.413665771
1.90403628118	390.413665771
1.90693877551	390.413665771
1.90984126984	390.413665771
1.91274376417	390.413665771
1.9156462585	390.639221191
1.91854875283	390.639221191
1.92145124717	390.639221191
1.9243537415	390.639221191
1.92725623583	391.090789795
1.93015873016	391.090789795
1.93306122449	391.316741943
1.93596371882	391.316741943
1.93886621315	391.316741943
1.94176870748	391.316741943
1.94467120181	391.316741943
1.94757369615	391.316741943
1.95047619048	391.316741943
1.95337868481	391.090789795
1.95628117914	391.090789795
1.95918367347	391.090789795
1.9620861678	391.090789795
1.96498866213	391.090789795
1.96789115646	391.316741943
1.97079365079	391.316741943
1.97369614512	391.316741943
1.97659863946	391.316741943
1.97950113379	391.316741943
1.98240362812	391.316741943
1.98530612245	391.316741943
1.98820861678	391.316741943
1.99111111111	391.316741943
1.99401360544	391.316741943
1.99691609977	391.316741943
1.9998185941	391.316741943
2.00272108844	391.54284668
2.00562358277	391.54284668
2.0085260771	391.54284668
2.01142857143	391.54284668
2.01433106576	391.54284668
2.01723356009	391.54284668
2.02013605442	391.54284668
2.02303854875	391.316741943
2.02594104308	391.316741943
2.02884353741	391.316741943
2.03174603175	391.316741943
2.03464852608	391.54284668
2.03755102041	391.54284668
2.04045351474	391.316741943
2.04335600907	391.316741943
2.0462585034	391.090789795
2.04916099773	391.316741943
2.05206349206	391.316741943
2.05496598639	391.316741943
2.05786848073	391.316741943
2.06077097506	391.316741943
2.06367346939	391.54284668
2.06657596372	391.54284668
2.06947845805	391.54284668
2.07238095238	391.54284668
2.07528344671	391.54284668
2.07818594104	391.316741943
2.08108843537	391.316741943
2.08399092971	391.316741943
2.08689342404	391.316741943
2.08979591837	391.316741943
2.0926984127	391.316741943
2.09560090703	391.316741943
2.09850340136	391.316741943
2.10140589569	391.316741943
2.10430839002	391.316741943
2.10721088435	391.090789795
2.11011337868	391.090789795
2.11301587302	391.090789795
2.11591836735	391.090789795
2.11882086168	391.316741943
2.12172335601	391.316741943
2.12462585034	391.316741943
2.12752834467	391.316741943
2.130430839	391.090789795
2.13333333333	391.090789795
2.13623582766	391.090789795
2.139138322	391.090789795
2.14204081633	390.864929199
2.14494331066	391.090789795
2.14784580499	391.090789795
2.15074829932	391.090789795
2.15365079365	391.090789795
2.15655328798	390.864929199
2.15945578231	390.864929199
2.16235827664	391.090789795
2.16526077098	391.090789795
2.16816326531	391.316741943
2.17106575964	391.090789795
2.17396825397	391.090789795
2.1768707483	391.090789795
2.17977324263	391.090789795
2.18267573696	391.090789795
2.18557823129	391.090789795
2.18848072562	391.090789795
2.19138321995	390.864929199
2.19428571429	390.864929199
2.19718820862	390.864929199
2.20009070295	390.639221191
2.20299319728	390.413665771
2.20589569161	390.413665771
2.20879818594	390.413665771
2.21170068027	390.413665771
2.2146031746	390.639221191
2.21750566893	390.864929199
2.22040816327	390.864929199
2.2233106576	390.864929199
2.22621315193	390.639221191
2.22911564626	390.639221191
2.23201814059	390.864929199
2.23492063492	390.864929199
2.23782312925	391.090789795
2.24072562358	390.864929199
2.24362811791	390.864929199
2.24653061224	390.639221191
2.24943310658	390.639221191
2.25233560091	390.639221191
2.25523809524	390.639221191
2.25814058957	390.864929199
2.2610430839	390.639221191
2.26394557823	390.639221191
2.26684807256	390.639221191
2.26975056689	390.639221191
2.27265306122	390.639221191
2.27555555556	390.639221191
2.27845804989	390.413665771
2.28136054422	390.188201904
2.28426303855	389.512664795
2.28716553288	388.613739014
2.29006802721	387.940887451
2.29297052154	388.165039062
2.29587301587	388.389312744
2.2987755102	336.942749023
2.30167800454	338.698944092
2.30458049887	339.67855835
2.3074829932	340.857849121
2.31038548753	342.634429932
2.31328798186	344.221405029
2.31619047619	345.416473389
2.31909297052	346.015533447
2.32199546485	346.415496826
2.32489795918	347.016326904
2.32780045351	347.819030762
2.33070294785	348.623596191
2.33360544218	349.228240967
2.33650793651	349.430023193
2.33941043084	349.026580811
2.34231292517	348.221069336
2.3452154195	347.216827393
2.34811791383	346.615661621
2.35102040816	346.215484619
2.35392290249	346.215484619
2.35682539683	346.415496826
2.35972789116	347.016326904
2.36263038549	347.216827393
2.36553287982	347.216827393
2.36843537415	347.618164062
2.37133786848	347.819030762
2.37424036281	347.819030762
2.37714285714	348.019989014
2.38004535147	347.819030762
2.3829478458	347.618164062
2.38585034014	347.016326904
2.38875283447	346.415496826
2.3916553288	346.215484619
2.39455782313	346.215484619
2.39746031746	346.215484619
2.40036281179	346.415496826
2.40326530612	346.615661621
2.40616780045	347.016326904
2.40907029478	347.216827393
2.41197278912	347.216827393
2.41487528345	347.618164062
2.41777777778	347.819030762
2.42068027211	348.221069336
2.42358276644	348.019989014
2.42648526077	347.819030762
2.4293877551	347.618164062
2.43229024943	347.216827393
2.43519274376	347.016326904
2.4380952381	347.016326904
2.44099773243	347.016326904
2.44390022676	347.417449951
2.44680272109	347.819030762
2.44970521542	348.019989014
2.45260770975	347.819030762
2.45551020408	347.819030762
2.45841269841	347.618164062
2.46131519274	347.216827393
2.46421768707	347.216827393
2.46712018141	346.815948486
2.47002267574	346.615661621
2.47292517007	346.415496826
2.4758276644	346.215484619
2.47873015873	346.415496826
2.48163265306	346.615661621
2.48453514739	347.016326904
2.48743764172	347.417449951
2.49034013605	347.618164062
2.49324263039	347.618164062
2.49614512472	347.819030762
2.49904761905	347.819030762
2.50195011338	347.819030762
2.50485260771	347.819030762
2.50775510204	347.819030762
2.51065759637	347.819030762
2.5135600907	347.819030762
2.51646258503	347.618164062
2.51936507937	347.216827393
2.5222675737	347.216827393
2.52517006803	347.216827393
2.52807256236	347.216827393
2.53097505669	347.216827393
2.53387755102	347.417449951
2.53678004535	347.417449951
2.53968253968	347.417449951
2.54258503401	347.417449951
2.54548752834	347.216827393
2.54839002268	347.216827393
2.55129251701	347.216827393
2.55419501134	347.016326904
2.55709750567	347.016326904
2.56	347.016326904
2.56290249433	347.016326904
2.56580498866	347.016326904
2.56870748299	347.016326904
2.57160997732	347.216827393
2.57451247166	347.216827393
2.57741496599	347.216827393
2.58031746032	347.216827393
2.58321995465	347.216827393
2.58612244898	347.016326904
2.58902494331	347.216827393
2.59192743764	347.216827393
2.59482993197	347.417449951
2.5977324263	347.417449951
2.60063492063	347.417449951
2.60353741497	347.417449951
2.6064399093	347.216827393
2.60934240363	347.216827393
2.61224489796	347.016326904
2.61514739229	347.016326904
2.61804988662	347.216827393
2.62095238095	347.216827393
2.62385487528	347.216827393
2.62675736961	347.216827393
2.62965986395	347.216827393
2.63256235828	347.216827393
2.63546485261	347.216827393
2.63836734694	347.216827393
2.64126984127	347.216827393
2.6441723356	347.216827393
2.64707482993	347.216827393
2.64997732426	347.216827393
2.65287981859	347.216827393
2.65578231293	347.216827393
2.65868480726	347.216827393
2.66158730159	347.216827393
2.66448979592	347.216827393
2.66739229025	347.216827393
2.67029478458	347.216827393
2.67319727891	347.016326904
2.67609977324	347.016326904
2.67900226757	347.016326904
2.6819047619	346.815948486
2.68480725624	346.815948486
2.68770975057	346.815948486
2.6906122449	346.815948486
2.69351473923	346.815948486
2.69641723356	346.815948486
2.69931972789	346.815948486
2.70222222222	347.016326904
2.70512471655	347.016326904
2.70802721088	347.016326904
2.71092970522	347.016326904
2.71383219955	347.016326904
2.71673469388	347.016326904
2.71963718821	346.815948486
2.72253968254	346.815948486
2.72544217687	346.815948486
2.7283446712	347.016326904
2.73124716553	347.016326904
2.73414965986	347.016326904
2.7370521542	347.016326904
2.73995464853	347.016326904
2.74285714286	347.016326904
2.74575963719	347.016326904
2.74866213152	347.016326904
2.75156462585	347.016326904
2.75446712018	346.815948486
2.75736961451	346.815948486
2.76027210884	346.815948486
2.76317460317	346.815948486
2.76607709751	346.815948486
2.76897959184	347.016326904
2.77188208617	347.016326904
2.7747845805	347.216827393
2.77768707483	347.216827393
2.78058956916	347.216827393
2.78349206349	347.016326904
2.78639455782	347.016326904
2.78929705215	347.016326904
2.79219954649	347.016326904
2.79510204082	347.216827393
2.79800453515	347.216827393
2.80090702948	347.216827393
2.80380952381	347.216827393
2.80671201814	347.216827393
2.80961451247	347.216827393
2.8125170068	347.016326904
2.81541950113	347.016326904
2.81832199546	347.016326904
2.8212244898	347.016326904
2.82412698413	347.016326904
2.82702947846	347.016326904
2.82993197279	347.016326904
2.83283446712	347.016326904
2.83573696145	347.016326904
2.83863945578	347.016326904
2.84154195011	347.016326904
2.84444444444	347.016326904
2.84734693878	347.016326904
2.85024943311	347.016326904
2.85315192744	347.016326904
2.85605442177	347.016326904
2.8589569161	347.016326904
2.86185941043	347.016326904
2.86476190476	347.016326904
2.86766439909	347.016326904
2.87056689342	347.016326904
2.87346938776	346.815948486
2.87637188209	346.815948486
2.87927437642	346.815948486
2.88217687075	346.815948486
2.88507936508	347.016326904
2.88798185941	347.016326904
2.89088435374	347.016326904
2.89378684807	347.016326904
2.8966893424	347.016326904
2.89959183673	347.016326904
2.90249433107	347.016326904
2.9053968254	347.016326904
2.90829931973	347.016326904
2.91120181406	347.016326904
2.91410430839	347.016326904
2.91700680272	346.815948486
2.91990929705	346.815948486
2.92281179138	346.815948486
2.92571428571	346.815948486
2.92861678005	346.815948486
2.93151927438	346.815948486
2.93442176871	346.815948486
2.93732426304	346.815948486
2.94022675737	346.815948486
2.9431292517	347.016326904
2.94603174603	347.016326904
2.94893424036	347.016326904
2.95183673469	347.016326904
2.95473922902	347.016326904
2.95764172336	347.016326904
2.96054421769	347.016326904
2.96344671202	347.016326904
2.96634920635	347.016326904
2.96925170068	347.016326904
2.97215419501	346.815948486
2.97505668934	346.815948486
2.97795918367	346.815948486
2.980861678	346.815948486
2.98376417234	346.815948486
2.98666666667	346.815948486
2.989569161	346.815948486
2.99247165533	347.016326904
2.99537414966	347.016326904
2.99827664399	346.815948486
3.00117913832	346.815948486
3.00408163265	346.815948486
3.00698412698	346.815948486
3.00988662132	346.815948486
3.01278911565	346.815948486
3.01569160998	346.815948486
3.01859410431	346.815948486
3.02149659864	347.016326904
3.02439909297	347.016326904
3.0273015873	346.815948486
3.03020408163	346.015533447
3.03310657596	345.61605835
3.03600907029	346.215484619
3.03891156463	347.216827393
3.04181405896	349.631896973
3.04471655329	352.470733643
3.04761904762	329.818023682
3.05052154195	329.627563477
3.05342403628	326.783874512
3.05632653061	329.437225342
3.05922902494	333.843078613
3.06213151927	334.035980225
3.06503401361	333.650299072
3.06793650794	333.072631836
3.07083900227	332.112091064
3.0737414966	331.345611572
3.07664399093	330.199249268
3.07954648526	329.056854248
3.08244897959	327.539794922
3.08535147392	326.406585693
3.08825396825	326.218109131
3.09115646259	326.218109131
3.09405895692	326.783874512
3.09696145125	327.350646973
3.09986394558	328.107879639
3.10276643991	328.676940918
3.10566893424	329.056854248
3.10857142857	328.866821289
3.1114739229	328.676940918
3.11437641723	328.487121582
3.11727891156	328.487121582
3.1201814059	328.487121582
3.12308390023	328.487121582
3.12598639456	328.297454834
3.12888888889	328.107879639
3.13179138322	327.729034424
3.13469387755	326.972686768
3.13759637188	326.406585693
3.14049886621	326.218109131
3.14340136054	326.218109131
3.14630385488	326.218109131
3.14920634921	326.218109131
3.15210884354	326.218109131
3.15501133787	326.406585693
3.1579138322	326.406585693
3.16081632653	326.595184326
3.16371882086	326.783874512
3.16662131519	326.972686768
3.16952380952	327.350646973
3.17242630385	327.729034424
3.17532879819	327.918395996
3.17823129252	328.107879639
3.18113378685	328.107879639
3.18403628118	327.918395996
3.18693877551	327.729034424
3.18984126984	327.729034424
3.19274376417	327.729034424
3.1956462585	327.918395996
3.19854875283	327.918395996
3.20145124717	328.107879639
3.2043537415	328.107879639
3.20725623583	328.107879639
3.21015873016	328.107879639
3.21306122449	327.918395996
3.21596371882	327.918395996
3.21886621315	327.729034424
3.22176870748	327.729034424
3.22467120181	327.539794922
3.22757369615	327.539794922
3.23047619048	327.729034424
3.23337868481	327.729034424
3.23628117914	327.729034424
3.23918367347	327.918395996
3.2420861678	327.918395996
3.24498866213	328.107879639
3.24789115646	327.918395996
3.25079365079	327.918395996
3.25369614512	327.729034424
3.25659863946	327.539794922
3.25950113379	327.539794922
3.26240362812	327.539794922
3.26530612245	327.539794922
3.26820861678	327.729034424
3.27111111111	327.729034424
3.27401360544	327.918395996
3.27691609977	327.918395996
3.2798185941	327.918395996
3.28272108844	327.918395996
3.28562358277	327.729034424
3.2885260771	327.539794922
3.29142857143	327.350646973
3.29433106576	327.161621094
3.29723356009	326.972686768
3.30013605442	326.972686768
3.30303854875	326.972686768
3.30594104308	326.972686768
3.30884353741	326.972686768
3.31174603175	327.161621094
3.31464852608	327.161621094
3.31755102041	327.350646973
3.32045351474	327.350646973
3.32335600907	327.539794922
3.3262585034	327.539794922
3.32916099773	327.539794922
3.33206349206	327.539794922
3.33496598639	327.539794922
3.33786848073	327.539794922
3.34077097506	327.350646973
3.34367346939	327.161621094
3.34657596372	327.161621094
3.34947845805	327.161621094
3.35238095238	327.161621094
3.35528344671	327.161621094
3.35818594104	327.350646973
3.36108843537	327.350646973
3.36399092971	327.350646973
3.36689342404	327.350646973
3.36979591837	327.350646973
3.3726984127	327.350646973
3.37560090703	327.350646973
3.37850340136	327.350646973
3.38140589569	327.350646973
3.38430839002	327.350646973
3.38721088435	327.350646973
3.39011337868	327.350646973
3.39301587302	327.350646973
3.39591836735	327.350646973
3.39882086168	327.350646973
3.40172335601	327.161621094
3.40462585034	327.350646973
3.40752834467	327.161621094
3.410430839	326.972686768
3.41333333333	326.406585693
3.41623582766	325.653289795
3.419138322	326.029724121
3.42204081633	327.350646973
3.42494331066	328.866821289
3.42784580499	328.866821289
3.43074829932	328.297454834
3.43365079365	265.891357422
3.43655328798	267.895477295
3.43945578231	267.12286377
3.44235827664	265.430999756
3.44526077098	263.749847412
3.44816326531	262.230743408
3.45106575964	261.323486328
3.45396825397	260.569854736
3.4568707483	260.118713379
3.45977324263	259.818389893
3.46267573696	260.569854736
3.46557823129	260.569854736
3.46848072562	260.419372559
3.47138321995	260.419372559
3.47428571429	260.569854736
3.47718820862	260.720397949
3.48009070295	260.720397949
3.48299319728	260.569854736
3.48589569161	260.118713379
3.48879818594	259.818389893
3.49170068027	259.818389893
3.4946031746	259.818389893
3.49750566893	259.668365479
3.50040816327	259.368530273
3.5033106576	259.368530273
3.50621315193	259.069091797
3.50911564626	259.069091797
3.51201814059	258.919494629
3.51492063492	258.769958496
3.51782312925	258.620544434
3.52072562358	258.471191406
3.52362811791	258.471191406
3.52653061224	258.321929932
3.52943310658	258.17276001
3.53233560091	258.023681641
3.53523809524	258.023681641
3.53814058957	258.023681641
3.5410430839	258.17276001
3.54394557823	258.17276001
3.54684807256	258.023681641
3.54975056689	257.874694824
3.55265306122	257.725769043
3.55555555556	257.874694824
3.55845804989	258.17276001
3.56136054422	258.620544434
3.56426303855	259.069091797
3.56716553288	259.368530273
3.57006802721	259.5184021
3.57297052154	259.668365479
3.57587301587	259.668365479
3.5787755102	259.5184021
3.58167800454	259.218780518
3.58458049887	259.069091797
3.5874829932	258.919494629
3.59038548753	258.919494629
3.59328798186	259.069091797
3.59619047619	259.368530273
3.59909297052	259.668365479
3.60199546485	259.968505859
3.60489795918	260.269012451
3.60780045351	260.569854736
3.61070294785	260.720397949
3.61360544218	260.871063232
3.61650793651	260.720397949
3.61941043084	260.720397949
3.62231292517	260.720397949
3.6252154195	260.720397949
3.62811791383	260.419372559
3.63102040816	260.419372559
3.63392290249	260.269012451
3.63682539683	260.269012451
3.63972789116	260.269012451
3.64263038549	260.419372559
3.64553287982	260.419372559
3.64843537415	260.569854736
3.65133786848	260.569854736
3.65424036281	260.720397949
3.65714285714	260.720397949
3.66004535147	260.871063232
3.6629478458	260.871063232
3.66585034014	260.871063232
3.66875283447	260.871063232
3.6716553288	260.720397949
3.67455782313	260.569854736
3.67746031746	260.419372559
3.68036281179	260.419372559
3.68326530612	260.419372559
3.68616780045	260.569854736
3.68907029478	260.569854736
3.69197278912	260.871063232
3.69487528345	261.021789551
3.69777777778	261.172607422
3.70068027211	261.172607422
3.70358276644	261.172607422
3.70648526077	261.172607422
3.7093877551	261.172607422
3.71229024943	261.172607422
3.71519274376	261.323486328
3.7180952381	261.474487305
3.72099773243	261.625579834
3.72390022676	261.625579834
3.72680272109	261.625579834
3.72970521542	261.625579834
3.73260770975	261.474487305
3.73551020408	261.323486328
3.73841269841	261.172607422
3.74131519274	261.172607422
3.74421768707	261.172607422
3.74712018141	261.021789551
3.75002267574	261.021789551
3.75292517007	261.021789551
3.7558276644	261.021789551
3.75873015873	261.021789551
3.76163265306	260.871063232
3.76453514739	260.720397949
3.76743764172	260.269012451
3.77034013605	260.118713379
3.77324263039	260.269012451
3.77614512472	260.269012451
3.77904761905	261.172607422
3.78195011338	262.685546875
3.78485260771	265.277709961
3.78775510204	268.050262451
3.79065759637	271.949127197
3.7935600907	277.182617188
3.79646258503	287.953704834
3.79936507937	290.963226318
3.8022675737	292.648773193
3.80517006803	293.664764404
3.80807256236	294.004211426
3.81097505669	293.834442139
3.81387755102	293.325714111
3.81678004535	292.479766846
3.81968253968	291.636291504
3.82258503401	291.299560547
3.82548752834	291.804779053
3.82839002268	292.987030029
3.83129251701	293.834442139
3.83419501134	294.344055176
3.83709750567	294.344055176
3.84	293.834442139
3.84290249433	292.987030029
3.84580498866	291.636291504
3.84870748299	290.795227051
3.85160997732	290.291748047
3.85451247166	290.963226318
3.85741496599	292.142089844
3.86031746032	293.495178223
3.86321995465	294.344055176
3.86612244898	294.684295654
3.86902494331	294.514129639
3.87192743764	293.834442139
3.87482993197	292.817840576
3.8777324263	291.636291504
3.88063492063	290.795227051
3.88353741497	290.627288818
3.8864399093	291.299560547
3.88934240363	292.310882568
3.89224489796	293.325714111
3.89514739229	294.174102783
3.89804988662	294.344055176
3.90095238095	294.174102783
3.90385487528	293.664764404
3.90675736961	292.817840576
3.90965986395	291.973388672
3.91256235828	291.46786499
3.91546485261	291.46786499
3.91836734694	291.804779053
3.92126984127	292.648773193
3.9241723356	293.156341553
3.92707482993	293.495178223
3.92997732426	293.664764404
3.93287981859	293.325714111
3.93578231293	292.817840576
3.93868480726	292.310882568
3.94158730159	291.804779053
3.94448979592	291.636291504
3.94739229025	291.804779053
3.95029478458	292.310882568
3.95319727891	292.648773193
3.95609977324	292.817840576
3.95900226757	292.987030029
3.9619047619	292.817840576
3.96480725624	292.479766846
3.96770975057	292.142089844
3.9706122449	291.973388672
3.97351473923	292.142089844
3.97641723356	292.310882568
3.97931972789	292.648773193
3.98222222222	292.987030029
3.98512471655	293.325714111
3.98802721088	293.325714111
3.99092970522	293.325714111
3.99383219955	293.156341553
3.99673469388	292.987030029
3.99963718821	292.987030029
4.00253968254	292.987030029
4.00544217687	293.156341553
4.0083446712	293.156341553
4.01124716553	293.325714111
4.01414965986	293.156341553
4.0170521542	292.987030029
4.01995464853	292.817840576
4.02285714286	292.648773193
4.02575963719	292.648773193
4.02866213152	292.648773193
4.03156462585	292.817840576
4.03446712018	292.817840576
4.03736961451	292.987030029
4.04027210884	292.987030029
4.04317460317	292.987030029
4.04607709751	292.817840576
4.04897959184	292.648773193
4.05188208617	292.479766846
4.0547845805	292.479766846
4.05768707483	292.648773193
4.06058956916	292.817840576
4.06349206349	292.817840576
4.06639455782	292.987030029
4.06929705215	293.156341553
4.07219954649	292.987030029
4.07510204082	292.817840576
4.07800453515	292.817840576
4.08090702948	292.648773193
4.08380952381	292.648773193
4.08671201814	292.817840576
4.08961451247	292.987030029
4.0925170068	292.987030029
4.09541950113	293.156341553
4.09832199546	293.156341553
4.1012244898	292.987030029
4.10412698413	292.987030029
4.10702947846	292.817840576
4.10993197279	292.817840576
4.11283446712	292.817840576
4.11573696145	292.987030029
4.11863945578	292.987030029
4.12154195011	292.987030029
4.12444444444	292.987030029
4.12734693878	292.817840576
4.13024943311	292.817840576
4.13315192744	292.648773193
4.13605442177	292.648773193
4.1389569161	292.817840576
4.14185941043	292.987030029
4.14476190476	293.325714111
4.14766439909	293.495178223
4.15056689342	293.664764404
4.15346938776	293.664764404
4.15637188209	293.664764404
4.15927437642	293.495178223
4.16217687075	293.325714111
4.16507936508	293.325714111
4.16798185941	292.817840576
4.17088435374	292.142089844
4.17378684807	291.131347656
4.1766893424	289.454559326
4.17959183673	287.621246338
4.18249433107	244.669937134
4.1853968254	244.669937134
4.18829931973	247.942138672
4.19120181406	246.799057007
4.19410430839	246.087295532
4.19700680272	245.80317688
4.19990929705	245.94519043
4.20281179138	246.229476929
4.20571428571	246.514099121
4.20861678005	246.514099121
4.21151927438	246.371749878
4.21442176871	246.087295532
4.21732426304	245.94519043
4.22022675737	245.94519043
4.2231292517	246.229476929
4.22603174603	246.371749878
4.22893424036	246.656539917
4.23183673469	246.514099121
4.23473922902	246.229476929
4.23764172336	245.80317688
4.24054421769	245.377593994
4.24344671202	245.094284058
4.24634920635	244.952758789
4.24925170068	245.094284058
4.25215419501	245.094284058
4.25505668934	245.094284058
4.25795918367	245.235900879
4.260861678	245.235900879
4.26376417234	245.377593994
4.26666666667	245.519378662
4.269569161	245.661224365
4.27247165533	245.94519043
4.27537414966	246.229476929
4.27827664399	246.514099121
4.28117913832	246.799057007
4.28408163265	247.084335327
4.28698412698	247.227096558
4.28988662132	247.369934082
4.29278911565	247.227096558
4.29569160998	247.084335327
4.29859410431	246.941650391
4.30149659864	246.656539917
4.30439909297	246.371749878
4.3073015873	246.229476929
4.31020408163	246.087295532
4.31310657596	245.94519043
4.31600907029	245.661224365
4.31891156463	245.377593994
4.32181405896	245.094284058
4.32471655329	244.811309814
4.32761904762	244.528656006
4.33052154195	244.387451172
4.33342403628	244.246322632
4.33632653061	244.387451172
4.33922902494	244.528656006
4.34213151927	244.669937134
4.34503401361	244.952758789
4.34793650794	245.094284058
4.35083900227	245.235900879
4.3537414966	245.377593994
4.35664399093	245.377593994
4.35954648526	245.661224365
4.36244897959	245.661224365
4.36535147392	245.80317688
4.36825396825	245.94519043
4.37115646259	246.087295532
4.37405895692	246.087295532
4.37696145125	246.087295532
4.37986394558	246.087295532
4.38276643991	245.94519043
4.38566893424	245.94519043
4.38857142857	245.80317688
4.3914739229	245.80317688
4.39437641723	245.80317688
4.39727891156	245.80317688
4.4001814059	245.80317688
4.40308390023	245.80317688
4.40598639456	245.519378662
4.40888888889	245.519378662
4.41179138322	245.377593994
4.41469387755	245.377593994
4.41759637188	245.519378662
4.42049886621	245.519378662
4.42340136054	245.661224365
4.42630385488	245.661224365
4.42920634921	245.661224365
4.43210884354	245.661224365
4.43501133787	245.661224365
4.4379138322	245.519378662
4.44081632653	245.519378662
4.44371882086	245.519378662
4.44662131519	245.519378662
4.44952380952	245.661224365
4.45242630385	245.80317688
4.45532879819	245.94519043
4.45823129252	246.087295532
4.46113378685	246.087295532
4.46403628118	246.229476929
4.46693877551	246.229476929
4.46984126984	246.087295532
4.47274376417	246.087295532
4.4756462585	245.80317688
4.47854875283	245.80317688
4.48145124717	245.661224365
4.4843537415	245.661224365
4.48725623583	245.661224365
4.49015873016	245.661224365
4.49306122449	245.661224365
4.49596371882	245.661224365
4.49886621315	245.661224365
4.50176870748	245.661224365
4.50467120181	245.661224365
4.50757369615	245.661224365
4.51047619048	245.661224365
4.51337868481	245.661224365
4.51628117914	245.661224365
4.51918367347	245.519378662
4.5220861678	245.235900879
4.52498866213	245.235900879
4.52789115646	245.377593994
4.53079365079	245.94519043
4.53369614512	246.799057007
4.53659863946	248.372161865
4.53950113379	250.968017578
4.54240362812	267.12286377
4.54530612245	267.12286377
4.54820861678	268.825531006
4.55111111111	269.447387695
4.55401360544	269.603057861
4.55691609977	268.825531006
4.5598185941	267.27722168
4.56272108844	265.124542236
4.56562358277	263.4453125
4.5685260771	262.230743408
4.57142857143	261.474487305
4.57433106576	260.871063232
4.57723356009	259.069091797
4.58013605442	259.668365479
4.58303854875	259.968505859
4.58594104308	260.269012451
4.58884353741	260.720397949
4.59174603175	261.021789551
4.59464852608	261.172607422
4.59755102041	261.323486328
4.60045351474	261.172607422
4.60335600907	260.871063232
4.6062585034	260.720397949
4.60916099773	259.968505859
4.61206349206	259.368530273
4.61496598639	258.471191406
4.61786848073	257.874694824
4.62077097506	256.982513428
4.62367346939	256.389434814
4.62657596372	255.945541382
4.62947845805	255.50239563
4.63238095238	255.50239563
4.63528344671	255.50239563
4.63818594104	255.50239563
4.64108843537	255.797744751
4.64399092971	256.389434814
4.64689342404	256.982513428
4.64979591837	257.725769043
4.6526984127	258.620544434
4.65560090703	259.218780518
4.65850340136	259.818389893
4.66140589569	260.118713379
4.66430839002	260.269012451
4.66721088435	260.419372559
4.67011337868	260.269012451
4.67301587302	260.269012451
4.67591836735	260.269012451
4.67882086168	260.269012451
4.68172335601	260.269012451
4.68462585034	260.269012451
4.68752834467	259.968505859
4.690430839	259.668365479
4.69333333333	259.368530273
4.69623582766	258.919494629
4.699138322	258.471191406
4.70204081633	258.17276001
4.70494331066	258.17276001
4.70784580499	258.17276001
4.71074829932	258.321929932
4.71365079365	258.769958496
4.71655328798	259.218780518
4.71945578231	259.5184021
4.72235827664	259.968505859
4.72526077098	260.269012451
4.72816326531	260.419372559
4.73106575964	260.419372559
4.73396825397	260.269012451
4.7368707483	260.269012451
4.73977324263	260.118713379
4.74267573696	260.118713379
4.74557823129	260.118713379
4.74848072562	260.118713379
4.75138321995	260.118713379
4.75428571429	260.419372559
4.75718820862	260.720397949
4.76009070295	260.871063232
4.76299319728	261.021789551
4.76589569161	261.021789551
4.76879818594	261.021789551
4.77170068027	261.021789551
4.7746031746	260.871063232
4.77750566893	260.871063232
4.78040816327	260.569854736
4.7833106576	260.419372559
4.78621315193	260.419372559
4.78911564626	260.269012451
4.79201814059	260.269012451
4.79492063492	260.269012451
4.79782312925	260.269012451
4.80072562358	260.269012451
4.80362811791	260.419372559
4.80653061224	260.419372559
4.80943310658	260.419372559
4.81233560091	260.569854736
4.81523809524	260.569854736
4.81814058957	260.720397949
4.8210430839	260.871063232
4.82394557823	261.021789551
4.82684807256	261.172607422
4.82975056689	261.172607422
4.83265306122	261.474487305
4.83555555556	261.625579834
4.83845804989	261.625579834
4.84136054422	261.776733398
4.84426303855	261.776733398
4.84716553288	261.776733398
4.85006802721	261.927978516
4.85297052154	261.776733398
4.85587301587	261.625579834
4.8587755102	261.323486328
4.86167800454	261.323486328
4.86458049887	261.172607422
4.8674829932	261.021789551
4.87038548753	260.871063232
4.87328798186	260.871063232
4.87619047619	260.871063232
4.87909297052	260.871063232
4.88199546485	261.021789551
4.88489795918	261.021789551
4.88780045351	261.021789551
4.89070294785	261.021789551
4.89360544218	261.172607422
4.89650793651	261.021789551
4.89941043084	261.021789551
4.90231292517	261.021789551
4.9052154195	260.871063232
4.90811791383	260.871063232
4.91102040816	260.720397949
4.91392290249	260.720397949
4.91682539683	260.569854736
4.91972789116	260.569854736
4.92263038549	260.569854736
4.92553287982	260.569854736
4.92843537415	260.720397949
4.93133786848	260.569854736
4.93424036281	260.569854736
4.93714285714	260.569854736
4.94004535147	260.569854736
4.9429478458	260.569854736
4.94585034014	260.569854736
4.94875283447	260.419372559
4.9516553288	260.569854736
4.95455782313	260.419372559
4.95746031746	260.419372559
4.96036281179	260.419372559
4.96326530612	260.269012451
4.96616780045	260.269012451
4.96907029478	260.269012451
4.97197278912	260.269012451
4.97487528345	260.269012451
4.97777777778	260.269012451
4.98068027211	260.118713379
4.98358276644	260.118713379
4.98648526077	259.968505859
4.9893877551	260.269012451
4.99229024943	260.269012451
4.99519274376	260.419372559
4.9980952381	260.569854736
5.00099773243	260.720397949
5.00390022676	261.021789551
5.00680272109	261.021789551
5.00970521542	261.021789551
5.01260770975	261.021789551
5.01551020408	261.021789551
5.01841269841	261.021789551
5.02131519274	261.021789551
5.02421768707	260.871063232
5.02712018141	260.871063232
5.03002267574	260.720397949
5.03292517007	260.720397949
5.0358276644	260.720397949
5.03873015873	260.720397949
5.04163265306	260.720397949
5.04453514739	260.871063232
5.04743764172	260.871063232
5.05034013605	260.720397949
5.05324263039	260.871063232
5.05614512472	260.720397949
5.05904761905	260.871063232
5.06195011338	260.871063232
5.06485260771	261.021789551
5.06775510204	261.021789551
5.07065759637	261.021789551
5.0735600907	261.021789551
5.07646258503	261.172607422
5.07936507937	261.172607422
5.0822675737	261.021789551
5.08517006803	261.021789551
5.08807256236	260.871063232
5.09097505669	260.871063232
5.09387755102	260.871063232
5.09678004535	260.720397949
5.09968253968	260.720397949
5.10258503401	260.720397949
5.10548752834	260.720397949
5.10839002268	260.720397949
5.11129251701	260.871063232
5.11419501134	260.871063232
5.11709750567	260.871063232
5.12	260.871063232
5.12290249433	260.871063232
5.12580498866	261.021789551
5.12870748299	261.021789551
5.13160997732	261.323486328
5.13451247166	261.323486328
5.13741496599	261.474487305
5.14031746032	261.474487305
5.14321995465	261.323486328
5.14612244898	261.172607422
5.14902494331	261.172607422
5.15192743764	261.021789551
5.15482993197	260.871063232
5.1577324263	260.720397949
5.16063492063	260.569854736
5.16353741497	260.569854736
5.1664399093	260.720397949
5.16934240363	260.720397949
5.17224489796	260.720397949
5.17514739229	260.720397949
5.17804988662	260.720397949
5.18095238095	260.720397949
5.18385487528	260.871063232
5.18675736961	260.871063232
5.18965986395	261.021789551
5.19256235828	261.021789551
5.19546485261	261.172607422
5.19836734694	261.323486328
5.20126984127	261.323486328
5.2041723356	261.172607422
5.20707482993	261.172607422
5.20997732426	261.021789551
5.21287981859	261.021789551
5.21578231293	261.021789551
5.21868480726	260.871063232
5.22158730159	260.720397949
5.22448979592	260.569854736
5.22739229025	260.419372559
5.23029478458	260.269012451
5.23319727891	260.269012451
5.23609977324	260.269012451
5.23900226757	260.419372559
5.2419047619	260.419372559
5.24480725624	260.720397949
5.24770975057	260.871063232
5.2506122449	261.021789551
5.25351473923	261.323486328
5.25641723356	261.323486328
5.25931972789	261.323486328
5.26222222222	261.323486328
5.26512471655	261.172607422
5.26802721088	261.021789551
5.27092970522	261.021789551
5.27383219955	261.021789551
5.27673469388	261.021789551
5.27963718821	260.871063232
5.28253968254	260.871063232
5.28544217687	260.720397949
5.2883446712	260.569854736
5.29124716553	260.569854736
5.29414965986	260.269012451
5.2970521542	260.269012451
5.29995464853	260.269012451
5.30285714286	260.419372559
5.30575963719	260.569854736
5.30866213152	260.871063232
5.31156462585	261.172607422
5.31446712018	261.323486328
5.31736961451	261.474487305
5.32027210884	261.625579834
5.32317460317	261.474487305
5.32607709751	261.474487305
5.32897959184	261.625579834
5.33188208617	261.474487305
5.3347845805	261.323486328
5.33768707483	261.172607422
5.34058956916	261.172607422
5.34349206349	261.021789551
5.34639455782	260.871063232
5.34929705215	260.720397949
5.35219954649	260.720397949
5.35510204082	260.720397949
5.35800453515	260.871063232
5.36090702948	260.871063232
5.36380952381	261.021789551
5.36671201814	261.172607422
5.36961451247	261.172607422
5.3725170068	261.323486328
5.37541950113	261.474487305
5.37832199546	261.474487305
5.3812244898	261.474487305
5.38412698413	261.474487305
5.38702947846	261.474487305
5.38993197279	261.625579834
5.39283446712	261.776733398
5.39573696145	261.776733398
5.39863945578	261.776733398
5.40154195011	261.776733398
5.40444444444	261.625579834
5.40734693878	261.625579834
5.41024943311	261.323486328
5.41315192744	261.021789551
5.41605442177	260.871063232
5.4189569161	260.569854736
5.42185941043	260.269012451
5.42476190476	260.269012451
5.42766439909	260.419372559
5.43056689342	260.569854736
5.43346938776	260.871063232
5.43637188209	261.172607422
5.43927437642	261.625579834
5.44217687075	261.776733398
5.44507936508	261.927978516
5.44798185941	262.079315186
5.45088435374	261.927978516
5.45378684807	261.776733398
5.4566893424	261.625579834
5.45959183673	261.474487305
5.46249433107	261.323486328
5.4653968254	261.323486328
5.46829931973	261.172607422
5.47120181406	261.021789551
5.47410430839	260.720397949
5.47700680272	260.569854736
5.47990929705	260.419372559
5.48281179138	260.569854736
5.48571428571	260.720397949
5.48861678005	260.871063232
5.49151927438	261.021789551
5.49442176871	260.871063232
5.49732426304	260.871063232
5.50022675737	260.871063232
5.5031292517	260.569854736
5.50603174603	260.569854736
5.50893424036	260.569854736
5.51183673469	260.569854736
5.51473922902	260.720397949
5.51764172336	260.871063232
5.52054421769	261.172607422
5.52344671202	261.474487305
5.52634920635	261.927978516
5.52925170068	262.079315186
5.53215419501	261.927978516
5.53505668934	261.776733398
5.53795918367	261.474487305
5.540861678	261.021789551
5.54376417234	260.569854736
5.54666666667	260.419372559
5.549569161	260.269012451
5.55247165533	260.419372559
5.55537414966	260.419372559
5.55827664399	260.419372559
5.56117913832	260.419372559
5.56408163265	260.419372559
5.56698412698	260.419372559
5.56988662132	260.720397949
5.57278911565	260.871063232
5.57569160998	261.021789551
5.57859410431	261.172607422
5.58149659864	261.172607422
5.58439909297	261.021789551
5.5873015873	261.021789551
5.59020408163	260.871063232
5.59310657596	260.720397949
5.59600907029	260.569854736
5.59891156463	260.720397949
5.60181405896	260.720397949
5.60471655329	260.871063232
5.60761904762	261.021789551
5.61052154195	260.871063232
5.61342403628	260.871063232
5.61632653061	260.871063232
5.61922902494	260.871063232
5.62213151927	260.871063232
5.62503401361	260.871063232
5.62793650794	260.871063232
5.63083900227	260.871063232
5.6337414966	260.720397949
5.63664399093	260.720397949
5.63954648526	260.720397949
5.64244897959	260.720397949
5.64535147392	260.720397949
5.64825396825	260.720397949
5.65115646259	261.021789551
5.65405895692	261.172607422
5.65696145125	261.323486328
5.65986394558	261.625579834
5.66276643991	261.625579834
5.66566893424	261.776733398
5.66857142857	261.474487305
5.6714739229	261.172607422
5.67437641723	260.871063232
5.67727891156	260.569854736
5.6801814059	260.419372559
5.68308390023	260.269012451
5.68598639456	260.269012451
5.68888888889	260.419372559
5.69179138322	260.569854736
5.69469387755	260.871063232
5.69759637188	261.172607422
5.70049886621	261.323486328
5.70340136054	261.323486328
5.70630385488	261.474487305
5.70920634921	261.474487305
5.71210884354	261.625579834
5.71501133787	261.474487305
5.7179138322	261.323486328
5.72081632653	261.021789551
5.72371882086	260.720397949
5.72662131519	260.720397949
5.72952380952	260.720397949
5.73242630385	260.720397949
5.73532879819	260.720397949
5.73823129252	260.871063232
5.74113378685	261.021789551
5.74403628118	261.021789551
5.74693877551	261.021789551
5.74984126984	260.871063232
5.75274376417	260.720397949
5.7556462585	260.569854736
5.75854875283	260.569854736
5.76145124717	260.569854736
5.7643537415	260.720397949
5.76725623583	261.021789551
5.77015873016	261.323486328
5.77306122449	261.474487305
5.77596371882	261.625579834
5.77886621315	261.625579834
5.78176870748	261.474487305
5.78467120181	261.323486328
5.78757369615	261.021789551
5.79047619048	260.871063232
5.79337868481	260.720397949
5.79628117914	260.720397949
5.79918367347	260.720397949
5.8020861678	260.720397949
5.80498866213	260.720397949
5.80789115646	260.720397949
5.81079365079	260.569854736
5.81369614512	260.569854736
5.81659863946	260.569854736
5.81950113379	260.569854736
5.82240362812	260.720397949
5.82530612245	260.871063232
5.82820861678	261.323486328
5.83111111111	261.474487305
5.83401360544	261.625579834
5.83691609977	261.474487305
5.8398185941	261.323486328
5.84272108844	261.172607422
5.84562358277	261.021789551
5.8485260771	260.871063232
5.85142857143	260.871063232
5.85433106576	260.871063232
5.85723356009	260.871063232
5.86013605442	260.871063232
5.86303854875	260.871063232
5.86594104308	260.569854736
5.86884353741	260.419372559
5.87174603175	260.269012451
5.87464852608	260.269012451
5.87755102041	260.269012451
5.88045351474	260.269012451
5.88335600907	260.569854736
5.8862585034	260.720397949
5.88916099773	261.021789551
5.89206349206	261.172607422
5.89496598639	261.323486328
5.89786848073	261.323486328
5.90077097506	261.172607422
5.90367346939	261.172607422
5.90657596372	261.172607422
5.90947845805	261.172607422
5.91238095238	260.871063232
5.91528344671	260.720397949
5.91818594104	260.569854736
5.92108843537	260.569854736
5.92399092971	260.720397949
5.92689342404	261.021789551
5.92979591837	261.021789551
5.9326984127	261.172607422
5.93560090703	261.172607422
5.93850340136	261.172607422
5.94140589569	261.021789551
5.94430839002	260.871063232
5.94721088435	260.720397949
5.95011337868	260.569854736
5.95301587302	260.569854736
5.95591836735	260.569854736
5.95882086168	260.720397949
5.96172335601	260.871063232
5.96462585034	260.871063232
5.96752834467	261.021789551
5.970430839	261.021789551
5.97333333333	261.021789551
5.97623582766	261.021789551
5.979138322	261.021789551
5.98204081633	261.021789551
5.98494331066	261.172607422
5.98784580499	261.172607422
5.99074829932	261.776733398
5.99365079365	262.230743408
5.99655328798	262.382263184
5.99945578231	262.382263184
6.00235827664	262.533874512
6.00526077098	261.927978516
6.00816326531	261.474487305
6.01106575964	260.419372559
6.01396825397	259.368530273
6.0168707483	258.471191406
6.01977324263	256.685821533
6.02267573696	255.650024414
6.02557823129	256.389434814
6.02848072562	259.218780518
6.03138321995	259.5184021
6.03428571429	259.818389893
6.03718820862	259.818389893
6.04009070295	259.668365479
6.04299319728	259.818389893
6.04589569161	259.818389893
6.04879818594	259.968505859
6.05170068027	260.118713379
6.0546031746	260.419372559
6.05750566893	260.419372559
6.06040816327	260.419372559
6.0633106576	260.419372559
6.06621315193	260.118713379
6.06911564626	259.968505859
6.07201814059	259.818389893
6.07492063492	259.818389893
6.07782312925	259.668365479
6.08072562358	259.5184021
6.08362811791	259.5184021
6.08653061224	259.5184021
6.08943310658	259.668365479
6.09233560091	259.968505859
6.09523809524	260.269012451
6.09814058957	260.569854736
6.1010430839	260.871063232
6.10394557823	261.021789551
6.10684807256	261.172607422
6.10975056689	261.021789551
6.11265306122	260.871063232
6.11555555556	260.569854736
6.11845804989	0.0
6.12136054422	0.0
6.12426303855	0.0
6.12716553288	0.0
6.13006802721	0.0
6.13297052154	0.0
6.13587301587	0.0
6.1387755102	0.0
6.14167800454	0.0
6.14458049887	0.0
6.1474829932	0.0
6.15038548753	0.0
6.15328798186	0.0
6.15619047619	0.0
6.15909297052	0.0
6.16199546485	0.0
6.16489795918	0.0
6.16780045351	0.0
6.17070294785	0.0
6.17360544218	0.0
6.17650793651	0.0
6.17941043084	0.0
6.18231292517	0.0
6.1852154195	0.0
6.18811791383	0.0
6.19102040816	0.0
6.19392290249	0.0
6.19682539683	0.0
6.19972789116	0.0
6.20263038549	0.0
6.20553287982	0.0
6.20843537415	0.0
6.21133786848	0.0
6.21424036281	0.0
6.21714285714	0.0
6.22004535147	0.0
6.2229478458	0.0
6.22585034014	0.0
6.22875283447	0.0
6.2316553288	0.0
6.23455782313	0.0
6.23746031746	0.0
6.24036281179	0.0
6.24326530612	0.0
6.24616780045	0.0
6.24907029478	0.0
6.25197278912	0.0
6.25487528345	0.0
6.25777777778	0.0
6.26068027211	0.0
6.26358276644	0.0
6.26648526077	0.0
6.2693877551	0.0
6.27229024943	0.0
6.27519274376	0.0
6.2780952381	0.0
6.28099773243	0.0
6.28390022676	0.0
6.28680272109	0.0
6.28970521542	0.0
6.29260770975	0.0
6.29551020408	0.0
6.29841269841	0.0
6.30131519274	0.0
6.30421768707	0.0
6.30712018141	0.0
6.31002267574	0.0
6.31292517007	0.0
6.3158276644	0.0
6.31873015873	0.0
6.32163265306	0.0
6.32453514739	0.0
6.32743764172	0.0
6.33034013605	0.0
6.33324263039	0.0
6.33614512472	0.0
6.33904761905	0.0
6.34195011338	0.0
6.34485260771	0.0
6.34775510204	0.0
6.35065759637	0.0
6.3535600907	0.0
6.35646258503	0.0
6.35936507937	0.0
6.3622675737	0.0
6.36517006803	0.0
6.36807256236	0.0
6.37097505669	0.0
6.37387755102	0.0
6.37678004535	0.0
6.37968253968	0.0
6.38258503401	0.0
6.38548752834	0.0
6.38839002268	0.0
