0.0	0.0
0.00290249433107	0.0
0.00580498866213	0.0
0.0087074829932	0.0
0.0116099773243	0.0
0.0145124716553	0.0
0.0174149659864	0.0
0.0203174603175	0.0
0.0232199546485	0.0
0.0261224489796	0.0
0.0290249433107	0.0
0.0319274376417	0.0
0.0348299319728	0.0
0.0377324263039	0.0
0.0406349206349	0.0
0.043537414966	0.0
0.0464399092971	0.0
0.0493424036281	0.0
0.0522448979592	0.0
0.0551473922902	0.0
0.0580498866213	0.0
0.0609523809524	0.0
0.0638548752834	0.0
0.0667573696145	0.0
0.0696598639456	0.0
0.0725623582766	0.0
0.0754648526077	0.0
0.0783673469388	0.0
0.0812698412698	0.0
0.0841723356009	0.0
0.087074829932	0.0
0.089977324263	0.0
0.0928798185941	0.0
0.0957823129252	0.0
0.0986848072562	0.0
0.101587301587	0.0
0.104489795918	0.0
0.107392290249	0.0
0.11029478458	0.0
0.113197278912	0.0
0.116099773243	0.0
0.119002267574	0.0
0.121904761905	0.0
0.124807256236	0.0
0.127709750567	0.0
0.130612244898	0.0
0.133514739229	0.0
0.13641723356	0.0
0.139319727891	0.0
0.142222222222	0.0
0.145124716553	0.0
0.148027210884	0.0
0.150929705215	0.0
0.153832199546	0.0
0.156734693878	0.0
0.159637188209	0.0
0.16253968254	0.0
0.165442176871	0.0
0.168344671202	0.0
0.171247165533	0.0
0.174149659864	0.0
0.177052154195	0.0
0.179954648526	289.287414551
0.182857142857	290.12411499
0.185759637188	291.299560547
0.188662131519	290.963226318
0.19156462585	291.131347656
0.194467120181	291.299560547
0.197369614512	288.619781494
0.200272108844	287.787414551
0.203174603175	287.787414551
0.206077097506	288.12008667
0.208979591837	288.619781494
0.211882086168	289.621795654
0.214784580499	290.627288818
0.21768707483	291.46786499
0.220589569161	291.973388672
0.223492063492	292.310882568
0.226394557823	292.479766846
0.229297052154	292.479766846
0.232199546485	292.310882568
0.235102040816	291.973388672
0.238004535147	291.804779053
0.240907029478	291.46786499
0.24380952381	291.299560547
0.246712018141	291.46786499
0.249614512472	291.299560547
0.252517006803	291.46786499
0.255419501134	291.636291504
0.258321995465	291.804779053
0.261224489796	291.973388672
0.264126984127	292.310882568
0.267029478458	292.310882568
0.269931972789	292.310882568
0.27283446712	292.310882568
0.275736961451	292.310882568
0.278639455782	292.142089844
0.281541950113	291.973388672
0.284444444444	291.973388672
0.287346938776	291.973388672
0.290249433107	292.142089844
0.293151927438	292.310882568
0.296054421769	292.648773193
0.2989569161	292.817840576
0.301859410431	292.817840576
0.304761904762	292.817840576
0.307664399093	292.817840576
0.310566893424	292.648773193
0.313469387755	292.479766846
0.316371882086	292.310882568
0.319274376417	292.310882568
0.322176870748	292.142089844
0.325079365079	292.142089844
0.32798185941	292.142089844
0.330884353741	292.310882568
0.333786848073	292.310882568
0.336689342404	292.479766846
0.339591836735	292.479766846
0.342494331066	292.479766846
0.345396825397	292.479766846
0.348299319728	292.648773193
0.351201814059	292.648773193
0.35410430839	292.648773193
0.357006802721	292.648773193
0.359909297052	292.817840576
0.362811791383	292.817840576
0.365714285714	292.648773193
0.368616780045	292.648773193
0.371519274376	292.479766846
0.374421768707	292.479766846
0.377324263039	292.310882568
0.38022675737	292.310882568
0.383129251701	292.310882568
0.386031746032	292.479766846
0.388934240363	292.479766846
0.391836734694	292.479766846
0.394739229025	292.479766846
0.397641723356	292.310882568
0.400544217687	292.310882568
0.403446712018	292.142089844
0.406349206349	292.142089844
0.40925170068	292.142089844
0.412154195011	292.142089844
0.415056689342	292.310882568
0.417959183673	292.310882568
0.420861678005	292.479766846
0.423764172336	292.479766846
0.426666666667	292.648773193
0.429569160998	292.817840576
0.432471655329	292.987030029
0.43537414966	292.987030029
0.438276643991	292.987030029
0.441179138322	293.156341553
0.444081632653	293.156341553
0.446984126984	292.987030029
0.449886621315	292.817840576
0.452789115646	292.817840576
0.455691609977	292.817840576
0.458594104308	292.648773193
0.461496598639	292.648773193
0.464399092971	292.479766846
0.467301587302	292.479766846
0.470204081633	292.479766846
0.473106575964	292.479766846
0.476009070295	292.479766846
0.478911564626	292.479766846
0.481814058957	292.479766846
0.484716553288	292.479766846
0.487619047619	292.479766846
0.49052154195	292.310882568
0.493424036281	292.310882568
0.496326530612	292.310882568
0.499229024943	292.310882568
0.502131519274	292.479766846
0.505034013605	292.479766846
0.507936507937	292.648773193
0.510839002268	292.817840576
0.513741496599	292.817840576
0.51664399093	292.817840576
0.519546485261	292.817840576
0.522448979592	292.817840576
0.525351473923	292.817840576
0.528253968254	292.648773193
0.531156462585	292.648773193
0.534058956916	292.479766846
0.536961451247	292.479766846
0.539863945578	292.479766846
0.542766439909	292.479766846
0.54566893424	292.648773193
0.548571428571	292.479766846
0.551473922902	292.648773193
0.554376417234	292.817840576
0.557278911565	292.817840576
0.560181405896	292.817840576
0.563083900227	292.987030029
0.565986394558	292.987030029
0.568888888889	292.817840576
0.57179138322	292.817840576
0.574693877551	292.817840576
0.577596371882	292.648773193
0.580498866213	292.648773193
0.583401360544	292.479766846
0.586303854875	292.310882568
0.589206349206	292.142089844
0.592108843537	292.142089844
0.595011337868	292.142089844
0.5979138322	292.142089844
0.600816326531	292.142089844
0.603718820862	292.310882568
0.606621315193	292.310882568
0.609523809524	292.479766846
0.612426303855	292.648773193
0.615328798186	292.817840576
0.618231292517	292.817840576
0.621133786848	292.817840576
0.624036281179	292.817840576
0.62693877551	292.817840576
0.629841269841	292.817840576
0.632743764172	292.817840576
0.635646258503	292.817840576
0.638548752834	292.987030029
0.641451247166	292.987030029
0.644353741497	293.156341553
0.647256235828	293.156341553
0.650158730159	293.156341553
0.65306122449	292.987030029
0.655963718821	292.987030029
0.658866213152	292.987030029
0.661768707483	292.987030029
0.664671201814	292.817840576
0.667573696145	292.817840576
0.670476190476	292.817840576
0.673378684807	292.987030029
0.676281179138	292.987030029
0.679183673469	292.987030029
0.6820861678	293.156341553
0.684988662132	292.987030029
0.687891156463	292.987030029
0.690793650794	292.987030029
0.693696145125	292.987030029
0.696598639456	292.987030029
0.699501133787	292.817840576
0.702403628118	293.325714111
0.705306122449	294.174102783
0.70820861678	294.004211426
0.711111111111	294.174102783
0.714013605442	294.004211426
0.716916099773	293.325714111
0.719818594104	409.11416626
0.722721088435	403.481781006
0.725623582766	400.694732666
0.728526077098	400.000976562
0.731428571429	400.232086182
0.73433106576	401.389678955
0.737233560091	403.948181152
0.740136054422	409.11416626
0.743038548753	421.588897705
0.745941043084	430.696075439
0.748843537415	432.191345215
0.751746031746	432.441070557
0.754648526077	432.191345215
0.757551020408	432.191345215
0.760453514739	432.191345215
0.76335600907	432.940917969
0.766258503401	433.942382812
0.769160997732	435.197479248
0.772063492063	436.204162598
0.774965986395	436.708374023
0.777868480726	436.960693359
0.780770975057	436.960693359
0.783673469388	436.204162598
0.786575963719	435.197479248
0.78947845805	434.193115234
0.792380952381	433.942382812
0.795283446712	434.193115234
0.798185941043	434.193115234
0.801088435374	434.444000244
0.803990929705	434.695007324
0.806893424036	435.197479248
0.809795918367	435.952270508
0.812698412698	436.960693359
0.815600907029	438.224517822
0.818503401361	439.491973877
0.821405895692	440.508605957
0.824308390023	441.272613525
0.827210884354	441.782684326
0.830113378685	442.03793335
0.833015873016	442.03793335
0.835918367347	442.03793335
0.838820861678	441.782684326
0.841723356009	441.272613525
0.84462585034	441.017791748
0.847528344671	440.508605957
0.850430839002	440.0
0.853333333333	438.984558105
0.856235827664	437.971466064
0.859138321995	437.213165283
0.862040816327	436.960693359
0.864943310658	437.213165283
0.867845804989	437.971466064
0.87074829932	438.477722168
0.873650793651	438.984558105
0.876553287982	439.238189697
0.879455782313	439.238189697
0.882358276644	438.984558105
0.885260770975	438.477722168
0.888163265306	438.224517822
0.891065759637	437.465789795
0.893968253968	437.465789795
0.896870748299	437.465789795
0.89977324263	437.718536377
0.902675736961	438.224517822
0.905578231293	438.984558105
0.908480725624	439.491973877
0.911383219955	439.745910645
0.914285714286	439.745910645
0.917188208617	439.238189697
0.920090702948	438.984558105
0.922993197279	438.224517822
0.92589569161	437.718536377
0.928798185941	437.465789795
0.931700680272	437.213165283
0.934603174603	437.465789795
0.937505668934	437.718536377
0.940408163265	437.971466064
0.943310657596	438.224517822
0.946213151927	438.224517822
0.949115646259	438.224517822
0.95201814059	438.477722168
0.954920634921	438.477722168
0.957823129252	438.477722168
0.960725623583	438.731048584
0.963628117914	439.238189697
0.966530612245	439.745910645
0.969433106576	439.491973877
0.972335600907	439.238189697
0.975238095238	438.224517822
0.978140589569	436.960693359
0.9810430839	434.946166992
0.983945578231	431.193939209
0.986848072562	440.0
0.989750566893	396.779327393
0.992653061224	393.811035156
0.995555555556	392.902191162
0.998458049887	392.675292969
1.00136054422	392.675292969
1.00426303855	393.129211426
1.00716553288	393.583618164
1.01006802721	393.35635376
1.01297052154	392.448547363
1.01587301587	391.54284668
1.0187755102	390.639221191
1.02167800454	389.962890625
1.02458049887	389.512664795
1.0274829932	389.287719727
1.03038548753	389.287719727
1.03328798186	389.287719727
1.03619047619	389.062927246
1.03909297052	389.062927246
1.04199546485	389.062927246
1.04489795918	389.287719727
1.04780045351	389.737701416
1.05070294785	389.962890625
1.05360544218	390.188201904
1.05650793651	390.413665771
1.05941043084	390.639221191
1.06231292517	390.413665771
1.0652154195	390.413665771
1.06811791383	390.413665771
1.07102040816	390.639221191
1.07392290249	390.864929199
1.07682539683	391.090789795
1.07972789116	391.090789795
1.08263038549	391.316741943
1.08553287982	391.54284668
1.08843537415	391.54284668
1.09133786848	391.769073486
1.09424036281	391.769073486
1.09714285714	391.54284668
1.10004535147	391.54284668
1.1029478458	391.54284668
1.10585034014	391.769073486
1.10875283447	391.995422363
1.1116553288	392.221923828
1.11455782313	392.448547363
1.11746031746	392.448547363
1.12036281179	392.221923828
1.12326530612	391.995422363
1.12616780045	391.995422363
1.12907029478	391.769073486
1.13197278912	391.54284668
1.13487528345	391.090789795
1.13777777778	390.639221191
1.14068027211	390.413665771
1.14358276644	389.737701416
1.14648526077	389.287719727
1.1493877551	389.287719727
1.15229024943	389.062927246
1.15519274376	389.287719727
1.1580952381	389.512664795
1.16099773243	389.512664795
1.16390022676	389.962890625
1.16680272109	390.188201904
1.16970521542	390.639221191
1.17260770975	390.864929199
1.17551020408	391.316741943
1.17841269841	391.54284668
1.18131519274	391.54284668
1.18421768707	391.090789795
1.18712018141	390.864929199
1.19002267574	390.413665771
1.19292517007	389.962890625
1.1958276644	389.287719727
1.19873015873	388.838256836
1.20163265306	388.389312744
1.20453514739	388.165039062
1.20743764172	388.165039062
1.21034013605	388.389312744
1.21324263039	388.389312744
1.21614512472	388.838256836
1.21904761905	389.287719727
1.22195011338	389.287719727
1.22485260771	389.512664795
1.22775510204	389.287719727
1.23065759637	388.613739014
1.2335600907	387.940887451
1.23646258503	386.82208252
1.23936507937	385.706512451
1.2422675737	384.150115967
1.24517006803	382.821044922
1.24807256236	381.937561035
1.25097505669	381.496612549
1.25387755102	382.15826416
1.25678004535	383.485015869
1.25968253968	385.261199951
1.26258503401	387.269226074
1.26548752834	388.838256836
1.26839002268	391.316741943
1.27129251701	393.35635376
1.27419501134	394.038574219
1.27709750567	393.35635376
1.28	391.769073486
1.28290249433	388.613739014
1.28580498866	384.594146729
1.28870748299	381.056121826
1.29160997732	378.64263916
1.29451247166	377.332641602
1.29741496599	377.987060547
1.30031746032	378.205474854
1.30321995465	378.64263916
1.30612244898	379.957183838
1.30902494331	0.0
1.31192743764	0.0
1.31482993197	0.0
1.3177324263	0.0
1.32063492063	0.0
1.32353741497	0.0
1.3264399093	392.675292969
1.32934240363	384.150115967
1.33224489796	380.176727295
1.33514739229	379.737762451
1.33804988662	379.737762451
1.34095238095	379.957183838
1.34385487528	380.61618042
1.34675736961	381.937561035
1.34965986395	382.379058838
1.35256235828	382.15826416
1.35546485261	382.15826416
1.35836734694	382.821044922
1.36126984127	386.152374268
1.3641723356	393.35635376
1.36707482993	396.550201416
1.36997732426	398.386901855
1.37287981859	399.077850342
1.37578231293	397.926940918
1.37868480726	395.635040283
1.38158730159	391.316741943
1.38448979592	383.263580322
1.38739229025	379.957183838
1.39029478458	377.55065918
1.39319727891	376.027160645
1.39609977324	374.50982666
1.39900226757	372.783203125
1.4019047619	371.064544678
1.40480725624	369.353820801
1.40770975057	368.075958252
1.4106122449	367.014434814
1.41351473923	366.802520752
1.41641723356	367.014434814
1.41931972789	367.651000977
1.42222222222	368.714324951
1.42512471655	369.994415283
1.42802721088	371.493469238
1.43092970522	372.567932129
1.43383219955	373.645507812
1.43673469388	374.293548584
1.43963718821	374.293548584
1.44253968254	373.645507812
1.44544217687	372.137786865
1.4483446712	369.994415283
1.45124716553	368.288635254
1.45414965986	367.438690186
1.4570521542	367.226501465
1.45995464853	367.226501465
1.46285714286	367.651000977
1.46575963719	368.501434326
1.46866213152	369.994415283
1.47156462585	371.064544678
1.47446712018	371.708129883
1.47736961451	372.567932129
1.48027210884	373.86138916
1.48317460317	375.593017578
1.48607709751	377.332641602
1.48897959184	379.299346924
1.49188208617	381.717010498
1.4947845805	385.261199951
1.49768707483	389.062927246
1.50058956916	391.769073486
1.50349206349	393.35635376
1.50639455782	394.266235352
1.50929705215	394.721984863
1.51219954649	394.494049072
1.51510204082	394.038574219
1.51800453515	393.35635376
1.52090702948	392.448547363
1.52380952381	391.769073486
1.52671201814	391.316741943
1.52961451247	390.864929199
1.5325170068	390.639221191
1.53541950113	390.413665771
1.53832199546	389.962890625
1.5412244898	390.188201904
1.54412698413	390.188201904
1.54702947846	390.188201904
1.54993197279	390.413665771
1.55283446712	389.962890625
1.55573696145	389.962890625
1.55863945578	389.737701416
1.56154195011	389.512664795
1.56444444444	389.287719727
1.56734693878	389.062927246
1.57024943311	388.838256836
1.57315192744	388.838256836
1.57605442177	388.838256836
1.5789569161	388.838256836
1.58185941043	389.287719727
1.58476190476	389.512664795
1.58766439909	390.413665771
1.59056689342	391.090789795
1.59346938776	391.316741943
1.59637188209	391.769073486
1.59927437642	391.995422363
1.60217687075	391.995422363
1.60507936508	391.995422363
1.60798185941	391.769073486
1.61088435374	391.316741943
1.61378684807	391.090789795
1.6166893424	390.864929199
1.61959183673	390.864929199
1.62249433107	391.090789795
1.6253968254	391.54284668
1.62829931973	391.769073486
1.63120181406	392.221923828
1.63410430839	392.675292969
1.63700680272	393.129211426
1.63990929705	393.35635376
1.64281179138	393.129211426
1.64571428571	392.675292969
1.64861678005	391.769073486
1.65151927438	390.413665771
1.65442176871	389.287719727
1.65732426304	388.389312744
1.66022675737	387.492980957
1.6631292517	387.045593262
1.66603174603	386.82208252
1.66893424036	387.045593262
1.67183673469	387.716888428
1.67473922902	388.838256836
1.67764172336	390.188201904
1.68054421769	391.54284668
1.68344671202	392.902191162
1.68634920635	393.583618164
1.68925170068	394.038574219
1.69215419501	393.811035156
1.69505668934	393.129211426
1.69795918367	391.769073486
1.700861678	390.188201904
1.70376417234	388.389312744
1.70666666667	387.045593262
1.709569161	385.706512451
1.71247165533	384.816375732
1.71537414966	384.372070312
1.71827664399	384.150115967
1.72117913832	384.594146729
1.72408163265	385.483795166
1.72698412698	387.045593262
1.72988662132	389.062927246
1.73278911565	391.090789795
1.73569160998	392.675292969
1.73859410431	393.583618164
1.74149659864	393.583618164
1.74439909297	393.129211426
1.7473015873	391.769073486
1.75020408163	389.962890625
1.75310657596	388.389312744
1.75600907029	387.045593262
1.75891156463	386.375488281
1.76181405896	385.929382324
1.76471655329	386.152374268
1.76761904762	386.375488281
1.77052154195	386.82208252
1.77342403628	387.492980957
1.77632653061	388.838256836
1.77922902494	390.413665771
1.78213151927	392.448547363
1.78503401361	394.266235352
1.78793650794	395.863616943
1.79083900227	396.779327393
1.7937414966	396.779327393
1.79664399093	396.092346191
1.79954648526	394.950042725
1.80244897959	394.038574219
1.80535147392	392.221923828
1.80825396825	388.613739014
1.81115646259	384.150115967
1.81405895692	439.491973877
1.81696145125	436.960693359
1.81986394558	436.456207275
1.82276643991	435.197479248
1.82566893424	433.691802979
1.82857142857	429.453979492
1.8314739229	425.503265381
1.83437641723	424.276123047
1.83727891156	429.453979492
1.8401814059	433.691802979
1.84308390023	435.952270508
1.84598639456	436.960693359
1.84888888889	437.213165283
1.85179138322	436.960693359
1.85469387755	435.952270508
1.85759637188	434.695007324
1.86049886621	434.695007324
1.86340136054	435.197479248
1.86630385488	435.448913574
1.86920634921	435.197479248
1.87210884354	434.695007324
1.87501133787	433.942382812
1.8779138322	432.690917969
1.88081632653	432.441070557
1.88371882086	433.691802979
1.88662131519	435.952270508
1.88952380952	437.971466064
1.89242630385	439.491973877
1.89532879819	440.763122559
1.89823129252	441.782684326
1.90113378685	442.54888916
1.90403628118	442.54888916
1.90693877551	442.54888916
1.90984126984	442.54888916
1.91274376417	442.03793335
1.9156462585	441.782684326
1.91854875283	441.272613525
1.92145124717	440.763122559
1.9243537415	440.254241943
1.92725623583	439.491973877
1.93015873016	438.731048584
1.93306122449	437.971466064
1.93596371882	436.960693359
1.93886621315	436.204162598
1.94176870748	436.708374023
1.94467120181	438.224517822
1.94757369615	438.984558105
1.95047619048	439.491973877
1.95337868481	439.491973877
1.95628117914	439.238189697
1.95918367347	438.224517822
1.9620861678	437.213165283
1.96498866213	436.708374023
1.96789115646	436.960693359
1.97079365079	437.213165283
1.97369614512	437.718536377
1.97659863946	438.224517822
1.97950113379	438.731048584
1.98240362812	439.491973877
1.98530612245	440.0
1.98820861678	440.254241943
1.99111111111	440.0
1.99401360544	439.491973877
1.99691609977	438.984558105
1.9998185941	437.971466064
2.00272108844	436.960693359
2.00562358277	436.708374023
2.0085260771	436.960693359
2.01142857143	437.465789795
2.01433106576	437.971466064
2.01723356009	438.224517822
2.02013605442	438.224517822
2.02303854875	438.224517822
2.02594104308	438.224517822
2.02884353741	438.477722168
2.03174603175	438.731048584
2.03464852608	438.731048584
2.03755102041	438.731048584
2.04045351474	438.984558105
2.04335600907	438.984558105
2.0462585034	438.984558105
2.04916099773	439.238189697
2.05206349206	439.491973877
2.05496598639	440.0
2.05786848073	440.0
2.06077097506	440.0
2.06367346939	439.491973877
2.06657596372	439.238189697
2.06947845805	438.731048584
2.07238095238	438.731048584
2.07528344671	438.984558105
2.07818594104	439.238189697
2.08108843537	439.491973877
2.08399092971	439.491973877
2.08689342404	439.745910645
2.08979591837	439.745910645
2.0926984127	439.491973877
2.09560090703	439.238189697
2.09850340136	438.984558105
2.10140589569	438.477722168
2.10430839002	438.224517822
2.10721088435	437.971466064
2.11011337868	438.477722168
2.11301587302	438.731048584
2.11591836735	439.238189697
2.11882086168	439.745910645
2.12172335601	440.0
2.12462585034	440.0
2.12752834467	439.491973877
2.130430839	439.238189697
2.13333333333	438.984558105
2.13623582766	438.731048584
2.139138322	438.477722168
2.14204081633	438.477722168
2.14494331066	438.477722168
2.14784580499	438.731048584
2.15074829932	438.984558105
2.15365079365	439.238189697
2.15655328798	439.238189697
2.15945578231	439.238189697
2.16235827664	439.238189697
2.16526077098	439.238189697
2.16816326531	438.984558105
2.17106575964	438.984558105
2.17396825397	438.984558105
2.1768707483	439.238189697
2.17977324263	439.238189697
2.18267573696	439.238189697
2.18557823129	439.491973877
2.18848072562	439.745910645
2.19138321995	440.0
2.19428571429	440.254241943
2.19718820862	440.254241943
2.20009070295	440.254241943
2.20299319728	440.254241943
2.20589569161	440.0
2.20879818594	440.0
2.21170068027	440.0
2.2146031746	440.0
2.21750566893	440.0
2.22040816327	440.0
2.2233106576	439.745910645
2.22621315193	439.491973877
2.22911564626	439.238189697
2.23201814059	439.238189697
2.23492063492	439.238189697
2.23782312925	439.491973877
2.24072562358	439.491973877
2.24362811791	439.491973877
2.24653061224	439.491973877
2.24943310658	439.745910645
2.25233560091	439.745910645
2.25523809524	439.745910645
2.25814058957	440.0
2.2610430839	440.0
2.26394557823	440.0
2.26684807256	439.745910645
2.26975056689	439.238189697
2.27265306122	438.984558105
2.27555555556	438.984558105
2.27845804989	438.731048584
2.28136054422	438.984558105
2.28426303855	438.731048584
2.28716553288	438.731048584
2.29006802721	438.731048584
2.29297052154	438.984558105
2.29587301587	438.984558105
2.2987755102	439.238189697
2.30167800454	438.984558105
2.30458049887	437.971466064
2.3074829932	435.952270508
2.31038548753	432.441070557
2.31328798186	425.257537842
2.31619047619	411.246520996
2.31909297052	398.61706543
2.32199546485	394.038574219
2.32489795918	392.675292969
2.32780045351	392.448547363
2.33070294785	392.675292969
2.33360544218	393.35635376
2.33650793651	393.811035156
2.33941043084	394.038574219
2.34231292517	393.811035156
2.3452154195	393.35635376
2.34811791383	392.448547363
2.35102040816	391.769073486
2.35392290249	390.864929199
2.35682539683	390.413665771
2.35972789116	389.737701416
2.36263038549	389.512664795
2.36553287982	389.287719727
2.36843537415	389.062927246
2.37133786848	389.062927246
2.37424036281	389.062927246
2.37714285714	389.062927246
2.38004535147	389.287719727
2.3829478458	389.512664795
2.38585034014	389.737701416
2.38875283447	389.962890625
2.3916553288	390.188201904
2.39455782313	390.413665771
2.39746031746	390.413665771
2.40036281179	390.639221191
2.40326530612	390.413665771
2.40616780045	390.413665771
2.40907029478	390.639221191
2.41197278912	390.639221191
2.41487528345	390.864929199
2.41777777778	391.316741943
2.42068027211	391.316741943
2.42358276644	391.316741943
2.42648526077	391.54284668
2.4293877551	391.54284668
2.43229024943	391.54284668
2.43519274376	391.54284668
2.4380952381	391.769073486
2.44099773243	391.769073486
2.44390022676	391.995422363
2.44680272109	392.221923828
2.44970521542	392.221923828
2.45260770975	392.448547363
2.45551020408	392.221923828
2.45841269841	392.221923828
2.46131519274	391.995422363
2.46421768707	391.769073486
2.46712018141	391.54284668
2.47002267574	391.316741943
2.47292517007	390.864929199
2.4758276644	390.639221191
2.47873015873	390.188201904
2.48163265306	389.737701416
2.48453514739	389.287719727
2.48743764172	389.287719727
2.49034013605	389.287719727
2.49324263039	389.287719727
2.49614512472	389.512664795
2.49904761905	389.737701416
2.50195011338	389.962890625
2.50485260771	390.413665771
2.50775510204	390.864929199
2.51065759637	391.090789795
2.5135600907	391.316741943
2.51646258503	391.316741943
2.51936507937	391.316741943
2.5222675737	391.090789795
2.52517006803	390.864929199
2.52807256236	390.188201904
2.53097505669	389.737701416
2.53387755102	389.287719727
2.53678004535	388.838256836
2.53968253968	388.389312744
2.54258503401	388.165039062
2.54548752834	388.165039062
2.54839002268	388.389312744
2.55129251701	388.613739014
2.55419501134	388.838256836
2.55709750567	389.287719727
2.56	389.287719727
2.56290249433	389.512664795
2.56580498866	389.737701416
2.56870748299	389.737701416
2.57160997732	389.737701416
2.57451247166	389.512664795
2.57741496599	389.512664795
2.58031746032	389.062927246
2.58321995465	388.613739014
2.58612244898	387.716888428
2.58902494331	387.269226074
2.59192743764	386.152374268
2.59482993197	385.261199951
2.5977324263	384.372070312
2.60063492063	384.150115967
2.60353741497	384.372070312
2.6064399093	385.038726807
2.60934240363	385.929382324
2.61224489796	387.269226074
2.61514739229	387.940887451
2.61804988662	389.287719727
2.62095238095	389.962890625
2.62385487528	390.864929199
2.62675736961	390.413665771
2.62965986395	388.838256836
2.63256235828	386.598724365
2.63546485261	382.600006104
2.63836734694	380.61618042
2.64126984127	379.737762451
2.6441723356	379.518493652
2.64707482993	380.176727295
2.64997732426	383.042236328
2.65287981859	385.483795166
2.65578231293	389.062927246
2.65868480726	392.448547363
2.66158730159	394.721984863
2.66448979592	396.550201416
2.66739229025	397.237976074
2.67029478458	397.008575439
2.67319727891	395.178253174
2.67609977324	393.35635376
2.67900226757	385.929382324
2.6819047619	382.821044922
2.68480725624	380.836090088
2.68770975057	380.836090088
2.6906122449	381.276306152
2.69351473923	382.15826416
2.69641723356	383.042236328
2.69931972789	384.150115967
2.70222222222	384.594146729
2.70512471655	384.594146729
2.70802721088	384.594146729
2.71092970522	386.152374268
2.71383219955	391.995422363
2.71673469388	395.406585693
2.71963718821	397.926940918
2.72253968254	398.847381592
2.72544217687	398.61706543
2.7283446712	397.008575439
2.73124716553	392.675292969
2.73414965986	380.61618042
2.7370521542	377.55065918
2.73995464853	375.810028076
2.74285714286	374.726196289
2.74575963719	373.86138916
2.74866213152	372.998596191
2.75156462585	372.352783203
2.75446712018	371.708129883
2.75736961451	370.850280762
2.76027210884	369.353820801
2.76317460317	367.86340332
2.76607709751	367.014434814
2.76897959184	367.014434814
2.77188208617	367.438690186
2.7747845805	368.288635254
2.77768707483	369.567230225
2.78058956916	372.352783203
2.78349206349	374.50982666
2.78639455782	375.159362793
2.78929705215	374.942718506
2.79219954649	374.077423096
2.79510204082	372.783203125
2.79800453515	371.493469238
2.80090702948	370.208190918
2.80380952381	369.140533447
2.80671201814	368.288635254
2.80961451247	367.438690186
2.8125170068	367.014434814
2.81541950113	366.802520752
2.81832199546	367.014434814
2.8212244898	367.651000977
2.82412698413	368.927368164
2.82702947846	370.422119141
2.82993197279	371.92288208
2.83283446712	373.429748535
2.83573696145	373.86138916
2.83863945578	373.86138916
2.84154195011	373.429748535
2.84444444444	372.567932129
2.84734693878	371.064544678
2.85024943311	369.353820801
2.85315192744	367.651000977
2.85605442177	366.378997803
2.8589569161	365.955993652
2.86185941043	366.167449951
2.86476190476	366.802520752
2.86766439909	367.86340332
2.87056689342	369.140533447
2.87346938776	370.422119141
2.87637188209	371.278961182
2.87927437642	371.278961182
2.88217687075	371.064544678
2.88507936508	370.422119141
2.88798185941	369.780761719
2.89088435374	369.140533447
2.89378684807	368.501434326
2.8966893424	368.501434326
2.89959183673	368.501434326
2.90249433107	368.714324951
2.9053968254	369.140533447
2.90829931973	369.567230225
2.91120181406	370.208190918
2.91410430839	370.636138916
2.91700680272	371.064544678
2.91990929705	371.278961182
2.92281179138	371.708129883
2.92571428571	371.708129883
2.92861678005	371.92288208
2.93151927438	371.708129883
2.93442176871	371.278961182
2.93732426304	370.422119141
2.94022675737	369.567230225
2.9431292517	368.714324951
2.94603174603	368.075958252
2.94893424036	367.438690186
2.95183673469	367.226501465
2.95473922902	367.438690186
2.95764172336	367.86340332
2.96054421769	368.288635254
2.96344671202	368.714324951
2.96634920635	369.140533447
2.96925170068	369.567230225
2.97215419501	369.994415283
2.97505668934	370.422119141
2.97795918367	370.422119141
2.980861678	370.422119141
2.98376417234	369.994415283
2.98666666667	369.140533447
2.989569161	367.86340332
2.99247165533	367.014434814
2.99537414966	366.378997803
2.99827664399	366.167449951
3.00117913832	366.378997803
3.00408163265	367.438690186
3.00698412698	368.714324951
3.00988662132	370.422119141
3.01278911565	371.493469238
3.01569160998	372.567932129
3.01859410431	373.214111328
3.02149659864	373.214111328
3.02439909297	373.429748535
3.0273015873	373.214111328
3.03020408163	373.214111328
3.03310657596	372.567932129
3.03600907029	371.92288208
3.03891156463	371.064544678
3.04181405896	369.567230225
3.04471655329	368.501434326
3.04761904762	367.651000977
3.05052154195	367.226501465
3.05342403628	367.226501465
3.05632653061	367.651000977
3.05922902494	368.501434326
3.06213151927	369.780761719
3.06503401361	370.850280762
3.06793650794	371.708129883
3.07083900227	372.137786865
3.0737414966	372.352783203
3.07664399093	372.137786865
3.07954648526	371.708129883
3.08244897959	371.708129883
3.08535147392	372.137786865
3.08825396825	372.783203125
3.09115646259	372.998596191
3.09405895692	374.077423096
3.09696145125	375.593017578
3.09986394558	377.114746094
3.10276643991	379.080322266
3.10566893424	380.396392822
3.10857142857	381.717010498
3.1114739229	382.600006104
3.11437641723	383.042236328
3.11727891156	384.816375732
3.1201814059	386.82208252
3.12308390023	388.838256836
3.12598639456	389.737701416
3.12888888889	387.269226074
3.13179138322	383.485015869
3.13469387755	380.396392822
3.13759637188	378.423980713
3.14049886621	376.46182251
3.14340136054	375.593017578
3.14630385488	375.810028076
3.14920634921	376.244415283
3.15210884354	377.114746094
3.15501133787	377.55065918
3.1579138322	377.55065918
3.16081632653	377.114746094
3.16371882086	376.027160645
3.16662131519	373.645507812
3.16952380952	369.994415283
3.17242630385	368.288635254
3.17532879819	368.075958252
3.17823129252	368.075958252
3.18113378685	368.714324951
3.18403628118	370.208190918
3.18693877551	373.645507812
3.18984126984	375.810028076
3.19274376417	377.332641602
3.1956462585	378.861419678
3.19854875283	379.299346924
3.20145124717	379.080322266
3.2043537415	378.64263916
3.20725623583	377.55065918
3.21015873016	376.244415283
3.21306122449	373.429748535
3.21596371882	369.567230225
3.21886621315	367.86340332
3.22176870748	367.438690186
3.22467120181	367.438690186
3.22757369615	368.075958252
3.23047619048	369.353820801
3.23337868481	371.493469238
3.23628117914	372.352783203
3.23918367347	372.137786865
3.2420861678	371.278961182
3.24498866213	370.636138916
3.24789115646	370.208190918
3.25079365079	370.208190918
3.25369614512	370.208190918
3.25659863946	370.636138916
3.25950113379	371.064544678
3.26240362812	371.278961182
3.26530612245	371.064544678
3.26820861678	370.422119141
3.27111111111	369.567230225
3.27401360544	369.140533447
3.27691609977	368.927368164
3.2798185941	368.714324951
3.28272108844	368.927368164
3.28562358277	369.140533447
3.2885260771	369.353820801
3.29142857143	369.567230225
3.29433106576	369.353820801
3.29723356009	369.353820801
3.30013605442	369.567230225
3.30303854875	369.780761719
3.30594104308	370.422119141
3.30884353741	371.064544678
3.31174603175	371.493469238
3.31464852608	371.278961182
3.31755102041	370.422119141
3.32045351474	369.140533447
3.32335600907	368.075958252
3.3262585034	367.226501465
3.32916099773	367.226501465
3.33206349206	367.226501465
3.33496598639	368.075958252
3.33786848073	369.140533447
3.34077097506	369.994415283
3.34367346939	369.994415283
3.34657596372	368.288635254
3.34947845805	365.533477783
3.35238095238	363.848236084
3.35528344671	363.428161621
3.35818594104	364.689880371
3.36108843537	367.438690186
3.36399092971	374.293548584
3.36689342404	390.413665771
3.36979591837	391.316741943
3.3726984127	392.448547363
3.37560090703	393.583618164
3.37850340136	394.494049072
3.38140589569	395.635040283
3.38430839002	396.092346191
3.38721088435	395.406585693
3.39011337868	394.950042725
3.39301587302	394.038574219
3.39591836735	392.675292969
3.39882086168	391.54284668
3.40172335601	390.413665771
3.40462585034	389.062927246
3.40752834467	388.165039062
3.410430839	387.716888428
3.41333333333	387.269226074
3.41623582766	387.045593262
3.419138322	387.045593262
3.42204081633	387.269226074
3.42494331066	387.940887451
3.42784580499	388.613739014
3.43074829932	389.287719727
3.43365079365	390.188201904
3.43655328798	391.090789795
3.43945578231	391.54284668
3.44235827664	391.54284668
3.44526077098	391.54284668
3.44816326531	391.090789795
3.45106575964	391.090789795
3.45396825397	390.639221191
3.4568707483	390.188201904
3.45977324263	389.962890625
3.46267573696	389.962890625
3.46557823129	390.188201904
3.46848072562	390.188201904
3.47138321995	390.639221191
3.47428571429	391.316741943
3.47718820862	391.995422363
3.48009070295	392.675292969
3.48299319728	393.35635376
3.48589569161	393.811035156
3.48879818594	393.811035156
3.49170068027	393.35635376
3.4946031746	392.675292969
3.49750566893	391.769073486
3.50040816327	391.090789795
3.5033106576	390.188201904
3.50621315193	389.512664795
3.50911564626	389.287719727
3.51201814059	389.062927246
3.51492063492	389.062927246
3.51782312925	389.512664795
3.52072562358	390.188201904
3.52362811791	390.864929199
3.52653061224	391.54284668
3.52943310658	391.995422363
3.53233560091	391.995422363
3.53523809524	391.769073486
3.53814058957	391.090789795
3.5410430839	390.413665771
3.54394557823	389.287719727
3.54684807256	388.613739014
3.54975056689	387.940887451
3.55265306122	387.492980957
3.55555555556	387.269226074
3.55845804989	387.269226074
3.56136054422	387.269226074
3.56426303855	387.716888428
3.56716553288	388.165039062
3.57006802721	389.287719727
3.57297052154	390.864929199
3.57587301587	391.995422363
3.5787755102	392.448547363
3.58167800454	392.675292969
3.58458049887	391.995422363
3.5874829932	390.864929199
3.59038548753	389.287719727
3.59328798186	387.492980957
3.59619047619	386.152374268
3.59909297052	385.038726807
3.60199546485	383.928283691
3.60489795918	383.263580322
3.60780045351	382.379058838
3.61070294785	379.737762451
3.61360544218	370.422119141
3.61650793651	363.638153076
3.61941043084	360.917785645
3.62231292517	360.292877197
3.6252154195	361.543731689
3.62811791383	363.428161621
3.63102040816	367.86340332
3.63392290249	372.998596191
3.63682539683	376.244415283
3.63972789116	376.679321289
3.64263038549	377.987060547
3.64553287982	379.737762451
3.64843537415	382.821044922
3.65133786848	385.706512451
3.65424036281	387.716888428
3.65714285714	389.062927246
3.66004535147	389.512664795
3.6629478458	390.188201904
3.66585034014	390.188201904
3.66875283447	390.188201904
3.6716553288	389.512664795
3.67455782313	388.613739014
3.67746031746	386.82208252
3.68036281179	384.816375732
3.68326530612	382.821044922
3.68616780045	380.396392822
3.68907029478	380.176727295
3.69197278912	380.396392822
3.69487528345	380.836090088
3.69777777778	380.836090088
3.70068027211	383.706573486
3.70358276644	371.064544678
3.70648526077	370.850280762
3.7093877551	370.850280762
3.71229024943	369.353820801
3.71519274376	368.927368164
3.7180952381	368.714324951
3.72099773243	368.075958252
3.72390022676	368.927368164
3.72680272109	370.636138916
3.72970521542	370.850280762
3.73260770975	371.278961182
3.73551020408	371.493469238
3.73841269841	372.137786865
3.74131519274	372.783203125
3.74421768707	373.214111328
3.74712018141	373.86138916
3.75002267574	374.077423096
3.75292517007	374.077423096
3.7558276644	372.352783203
3.75873015873	368.075958252
3.76163265306	366.590698242
3.76453514739	366.167449951
3.76743764172	366.167449951
3.77034013605	366.802520752
3.77324263039	368.927368164
3.77614512472	374.293548584
3.77904761905	375.593017578
3.78195011338	375.593017578
3.78485260771	375.37612915
3.78775510204	374.942718506
3.79065759637	374.726196289
3.7935600907	374.293548584
3.79646258503	374.077423096
3.79936507937	373.86138916
3.8022675737	374.942718506
3.80517006803	367.014434814
3.80807256236	365.955993652
3.81097505669	365.955993652
3.81387755102	366.167449951
3.81678004535	367.438690186
3.81968253968	370.636138916
3.82258503401	379.957183838
3.82548752834	378.423980713
3.82839002268	377.768798828
3.83129251701	377.332641602
3.83419501134	376.679321289
3.83709750567	375.810028076
3.84	374.726196289
3.84290249433	373.429748535
3.84580498866	370.208190918
3.84870748299	367.014434814
3.85160997732	365.533477783
3.85451247166	365.111450195
3.85741496599	365.322387695
3.86031746032	366.378997803
3.86321995465	368.927368164
3.86612244898	372.783203125
3.86902494331	374.50982666
3.87192743764	375.159362793
3.87482993197	375.37612915
3.8777324263	374.942718506
3.88063492063	374.077423096
3.88353741497	372.783203125
3.8864399093	371.493469238
3.88934240363	370.422119141
3.89224489796	368.927368164
3.89514739229	367.226501465
3.89804988662	365.744659424
3.90095238095	364.479309082
3.90385487528	363.638153076
3.90675736961	363.638153076
3.90965986395	364.689880371
3.91256235828	366.378997803
3.91546485261	367.651000977
3.91836734694	368.714324951
3.92126984127	369.140533447
3.9241723356	369.780761719
3.92707482993	369.780761719
3.92997732426	369.780761719
3.93287981859	369.780761719
3.93578231293	369.780761719
3.93868480726	370.422119141
3.94158730159	371.92288208
3.94448979592	373.429748535
3.94739229025	374.50982666
3.95029478458	374.50982666
3.95319727891	373.86138916
3.95609977324	372.998596191
3.95900226757	372.352783203
3.9619047619	312.387542725
3.96480725624	311.846679688
3.96770975057	311.846679688
3.9706122449	311.846679688
3.97351473923	311.486633301
3.97641723356	311.126983643
3.97931972789	310.76776123
3.98222222222	310.76776123
3.98512471655	311.126983643
3.98802721088	311.306762695
3.99092970522	311.306762695
3.99383219955	310.94732666
3.99673469388	310.588317871
3.99963718821	310.588317871
4.00253968254	311.126983643
4.00544217687	311.486633301
4.0083446712	311.666595459
4.01124716553	311.486633301
4.01414965986	311.126983643
4.0170521542	310.94732666
4.01995464853	311.126983643
4.02285714286	311.486633301
4.02575963719	311.306762695
4.02866213152	310.94732666
4.03156462585	310.588317871
4.03446712018	310.588317871
4.03736961451	311.126983643
4.04027210884	311.486633301
4.04317460317	311.486633301
4.04607709751	311.126983643
4.04897959184	310.76776123
4.05188208617	310.76776123
4.0547845805	311.126983643
4.05768707483	311.306762695
4.06058956916	311.126983643
4.06349206349	310.76776123
4.06639455782	310.408966064
4.06929705215	310.76776123
4.07219954649	311.306762695
4.07510204082	311.666595459
4.07800453515	311.666595459
4.08090702948	311.486633301
4.08380952381	311.126983643
4.08671201814	311.486633301
4.08961451247	311.666595459
4.0925170068	311.846679688
4.09541950113	311.486633301
4.09832199546	310.94732666
4.1012244898	310.76776123
4.10412698413	310.94732666
4.10702947846	311.666595459
4.10993197279	312.026855469
4.11283446712	311.846679688
4.11573696145	311.486633301
4.11863945578	311.306762695
4.12154195011	311.306762695
4.12444444444	311.666595459
4.12734693878	311.846679688
4.13024943311	311.486633301
4.13315192744	311.126983643
4.13605442177	310.94732666
4.1389569161	311.126983643
4.14185941043	311.486633301
4.14476190476	311.666595459
4.14766439909	311.306762695
4.15056689342	311.126983643
4.15346938776	311.126983643
4.15637188209	311.486633301
4.15927437642	311.846679688
4.16217687075	312.026855469
4.16507936508	311.666595459
4.16798185941	311.486633301
4.17088435374	311.486633301
4.17378684807	312.026855469
4.1766893424	312.568023682
4.17959183673	312.929321289
4.18249433107	312.748626709
4.1853968254	312.387542725
4.18829931973	312.20715332
4.19120181406	311.486633301
4.19410430839	310.229705811
4.19700680272	308.086791992
4.19990929705	306.312347412
4.20281179138	304.372253418
4.20571428571	304.196502686
4.20861678005	305.782012939
4.21151927438	308.621124268
4.21442176871	311.666595459
4.21732426304	314.197174072
4.22022675737	316.017303467
4.2231292517	316.931304932
4.22603174603	316.56539917
4.22893424036	315.470153809
4.23183673469	313.110137939
4.23473922902	309.692596436
4.23764172336	302.61920166
4.24054421769	300.008544922
4.24344671202	298.970581055
4.24634920635	298.625396729
4.24925170068	298.452941895
4.25215419501	297.764160156
4.25505668934	296.905426025
4.25795918367	295.878234863
4.260861678	294.684295654
4.26376417234	292.817840576
4.26666666667	291.131347656
4.269569161	290.12411499
4.27247165533	290.291748047
4.27537414966	290.291748047
4.27827664399	290.291748047
4.28117913832	290.963226318
4.28408163265	292.648773193
4.28698412698	294.174102783
4.28988662132	295.024932861
4.29278911565	295.365936279
4.29569160998	295.707366943
4.29859410431	295.707366943
4.30149659864	295.536621094
4.30439909297	295.195404053
4.3073015873	294.514129639
4.31020408163	293.834442139
4.31310657596	293.156341553
4.31600907029	292.310882568
4.31891156463	291.636291504
4.32181405896	291.131347656
4.32471655329	290.795227051
4.32761904762	290.795227051
4.33052154195	290.963226318
4.33342403628	291.299560547
4.33632653061	291.804779053
4.33922902494	292.648773193
4.34213151927	293.664764404
4.34503401361	294.174102783
4.34793650794	294.854553223
4.35083900227	295.024932861
4.3537414966	295.365936279
4.35664399093	295.365936279
4.35954648526	295.024932861
4.36244897959	294.684295654
4.36535147392	294.174102783
4.36825396825	293.325714111
4.37115646259	292.310882568
4.37405895692	291.46786499
4.37696145125	290.963226318
4.37986394558	290.795227051
4.38276643991	290.795227051
4.38566893424	290.963226318
4.38857142857	291.46786499
4.3914739229	292.142089844
4.39437641723	292.987030029
4.39727891156	293.664764404
4.4001814059	294.174102783
4.40308390023	294.684295654
4.40598639456	294.854553223
4.40888888889	295.024932861
4.41179138322	294.854553223
4.41469387755	294.514129639
4.41759637188	293.834442139
4.42049886621	293.156341553
4.42340136054	292.310882568
4.42630385488	291.804779053
4.42920634921	291.299560547
4.43210884354	291.299560547
4.43501133787	291.299560547
4.4379138322	291.636291504
4.44081632653	292.310882568
4.44371882086	292.817840576
4.44662131519	293.495178223
4.44952380952	293.834442139
4.45242630385	294.004211426
4.45532879819	294.174102783
4.45823129252	294.004211426
4.46113378685	294.004211426
4.46403628118	293.664764404
4.46693877551	293.325714111
4.46984126984	292.817840576
4.47274376417	292.479766846
4.4756462585	292.142089844
4.47854875283	291.804779053
4.48145124717	291.46786499
4.4843537415	291.299560547
4.48725623583	291.299560547
4.49015873016	291.636291504
4.49306122449	291.804779053
4.49596371882	292.310882568
4.49886621315	292.817840576
4.50176870748	293.325714111
4.50467120181	293.664764404
4.50757369615	294.004211426
4.51047619048	294.174102783
4.51337868481	294.004211426
4.51628117914	293.834442139
4.51918367347	293.495178223
4.5220861678	293.156341553
4.52498866213	292.817840576
4.52789115646	292.479766846
4.53079365079	292.142089844
4.53369614512	291.973388672
4.53659863946	291.973388672
4.53950113379	291.804779053
4.54240362812	291.973388672
4.54530612245	292.142089844
4.54820861678	292.310882568
4.55111111111	292.648773193
4.55401360544	292.987030029
4.55691609977	293.156341553
4.5598185941	293.325714111
4.56272108844	293.325714111
4.56562358277	293.325714111
4.5685260771	293.325714111
4.57142857143	293.156341553
4.57433106576	292.987030029
4.57723356009	292.817840576
4.58013605442	292.479766846
4.58303854875	292.310882568
4.58594104308	292.310882568
4.58884353741	292.310882568
4.59174603175	292.310882568
4.59464852608	292.310882568
4.59755102041	292.479766846
4.60045351474	292.479766846
4.60335600907	292.648773193
4.6062585034	292.648773193
4.60916099773	292.648773193
4.61206349206	292.817840576
4.61496598639	292.817840576
4.61786848073	292.817840576
4.62077097506	292.987030029
4.62367346939	292.987030029
4.62657596372	293.156341553
4.62947845805	293.325714111
4.63238095238	293.325714111
4.63528344671	293.325714111
4.63818594104	293.495178223
4.64108843537	293.495178223
4.64399092971	293.495178223
4.64689342404	293.325714111
4.64979591837	293.325714111
4.6526984127	293.156341553
4.65560090703	292.987030029
4.65850340136	292.817840576
4.66140589569	292.648773193
4.66430839002	292.648773193
4.66721088435	292.648773193
4.67011337868	292.648773193
4.67301587302	292.648773193
4.67591836735	292.817840576
4.67882086168	292.987030029
4.68172335601	293.156341553
4.68462585034	293.325714111
4.68752834467	293.325714111
4.690430839	293.495178223
4.69333333333	293.495178223
4.69623582766	293.495178223
4.699138322	293.325714111
4.70204081633	293.156341553
4.70494331066	292.987030029
4.70784580499	292.817840576
4.71074829932	292.648773193
4.71365079365	292.479766846
4.71655328798	292.479766846
4.71945578231	292.479766846
4.72235827664	292.479766846
4.72526077098	292.648773193
4.72816326531	292.817840576
4.73106575964	292.987030029
4.73396825397	293.325714111
4.7368707483	293.325714111
4.73977324263	293.664764404
4.74267573696	293.664764404
4.74557823129	293.834442139
4.74848072562	293.834442139
4.75138321995	293.834442139
4.75428571429	293.664764404
4.75718820862	293.664764404
4.76009070295	293.325714111
4.76299319728	292.987030029
4.76589569161	292.817840576
4.76879818594	292.479766846
4.77170068027	292.310882568
4.7746031746	292.142089844
4.77750566893	292.142089844
4.78040816327	292.142089844
4.7833106576	292.310882568
4.78621315193	292.479766846
4.78911564626	292.648773193
4.79201814059	292.987030029
4.79492063492	293.325714111
4.79782312925	293.495178223
4.80072562358	293.495178223
4.80362811791	293.495178223
4.80653061224	293.495178223
4.80943310658	293.495178223
4.81233560091	293.325714111
4.81523809524	293.156341553
4.81814058957	292.987030029
4.8210430839	292.817840576
4.82394557823	292.648773193
4.82684807256	292.648773193
4.82975056689	292.648773193
4.83265306122	292.648773193
4.83555555556	292.817840576
4.83845804989	292.817840576
4.84136054422	292.987030029
4.84426303855	292.987030029
4.84716553288	292.987030029
4.85006802721	292.987030029
4.85297052154	292.987030029
4.85587301587	292.987030029
4.8587755102	292.817840576
4.86167800454	292.817840576
4.86458049887	292.648773193
4.8674829932	292.648773193
4.87038548753	292.648773193
4.87328798186	292.817840576
4.87619047619	292.817840576
4.87909297052	292.987030029
4.88199546485	292.987030029
4.88489795918	292.987030029
4.88780045351	293.156341553
4.89070294785	292.987030029
4.89360544218	292.987030029
4.89650793651	292.817840576
4.89941043084	292.817840576
4.90231292517	292.648773193
4.9052154195	292.479766846
4.90811791383	292.479766846
4.91102040816	292.479766846
4.91392290249	292.648773193
4.91682539683	292.817840576
4.91972789116	292.987030029
4.92263038549	293.156341553
4.92553287982	293.156341553
4.92843537415	293.325714111
4.93133786848	293.325714111
4.93424036281	293.325714111
4.93714285714	293.325714111
4.94004535147	293.156341553
4.9429478458	292.987030029
4.94585034014	292.817840576
4.94875283447	292.648773193
4.9516553288	292.648773193
4.95455782313	292.310882568
4.95746031746	292.310882568
4.96036281179	291.973388672
4.96326530612	292.142089844
4.96616780045	292.142089844
4.96907029478	292.142089844
4.97197278912	292.479766846
4.97487528345	292.479766846
4.97777777778	292.648773193
4.98068027211	292.817840576
4.98358276644	292.987030029
4.98648526077	293.156341553
4.9893877551	293.156341553
4.99229024943	293.156341553
4.99519274376	293.156341553
4.9980952381	292.987030029
5.00099773243	292.817840576
5.00390022676	292.817840576
5.00680272109	292.648773193
5.00970521542	292.648773193
5.01260770975	292.479766846
5.01551020408	292.479766846
5.01841269841	292.479766846
5.02131519274	292.310882568
5.02421768707	292.310882568
5.02712018141	292.310882568
5.03002267574	292.479766846
5.03292517007	292.479766846
5.0358276644	292.479766846
5.03873015873	292.648773193
5.04163265306	292.648773193
5.04453514739	292.817840576
5.04743764172	292.817840576
5.05034013605	292.817840576
5.05324263039	292.817840576
5.05614512472	292.817840576
5.05904761905	292.817840576
5.06195011338	292.648773193
5.06485260771	292.648773193
5.06775510204	292.648773193
5.07065759637	292.648773193
5.0735600907	292.648773193
5.07646258503	292.648773193
5.07936507937	292.648773193
5.0822675737	292.479766846
5.08517006803	292.479766846
5.08807256236	292.310882568
5.09097505669	292.310882568
5.09387755102	292.142089844
5.09678004535	291.973388672
5.09968253968	291.973388672
5.10258503401	291.973388672
5.10548752834	291.973388672
5.10839002268	292.142089844
5.11129251701	292.310882568
5.11419501134	292.479766846
5.11709750567	292.648773193
5.12	292.648773193
5.12290249433	292.817840576
5.12580498866	292.648773193
5.12870748299	292.648773193
5.13160997732	292.648773193
5.13451247166	292.648773193
5.13741496599	292.479766846
5.14031746032	292.310882568
5.14321995465	292.142089844
5.14612244898	291.973388672
5.14902494331	291.973388672
5.15192743764	291.973388672
5.15482993197	291.973388672
5.1577324263	291.973388672
5.16063492063	292.142089844
5.16353741497	292.310882568
5.1664399093	292.479766846
5.16934240363	292.648773193
5.17224489796	292.648773193
5.17514739229	292.479766846
5.17804988662	292.310882568
5.18095238095	292.142089844
5.18385487528	291.804779053
5.18675736961	291.636291504
5.18965986395	291.804779053
5.19256235828	0.0
5.19546485261	0.0
5.19836734694	0.0
5.20126984127	0.0
5.2041723356	0.0
5.20707482993	0.0
5.20997732426	0.0
5.21287981859	0.0
5.21578231293	0.0
5.21868480726	0.0
5.22158730159	0.0
5.22448979592	0.0
5.22739229025	0.0
5.23029478458	0.0
5.23319727891	0.0
5.23609977324	0.0
5.23900226757	0.0
5.2419047619	0.0
5.24480725624	0.0
5.24770975057	0.0
5.2506122449	0.0
5.25351473923	0.0
5.25641723356	0.0
5.25931972789	0.0
5.26222222222	0.0
5.26512471655	0.0
5.26802721088	0.0
5.27092970522	0.0
5.27383219955	0.0
5.27673469388	0.0
5.27963718821	0.0
5.28253968254	0.0
5.28544217687	0.0
5.2883446712	0.0
5.29124716553	0.0
5.29414965986	0.0
5.2970521542	0.0
5.29995464853	0.0
5.30285714286	0.0
5.30575963719	0.0
5.30866213152	0.0
5.31156462585	0.0
5.31446712018	0.0
5.31736961451	0.0
5.32027210884	0.0
5.32317460317	0.0
5.32607709751	0.0
5.32897959184	0.0
5.33188208617	0.0
5.3347845805	0.0
5.33768707483	0.0
5.34058956916	0.0
5.34349206349	0.0
5.34639455782	0.0
5.34929705215	0.0
5.35219954649	0.0
5.35510204082	0.0
5.35800453515	0.0
5.36090702948	0.0
5.36380952381	0.0
5.36671201814	0.0
5.36961451247	0.0
5.3725170068	0.0
5.37541950113	0.0
5.37832199546	0.0
5.3812244898	0.0
5.38412698413	0.0
5.38702947846	0.0
5.38993197279	0.0
5.39283446712	0.0
5.39573696145	0.0
5.39863945578	0.0
5.40154195011	0.0
