0.0	0.0
0.00290249433107	0.0
0.00580498866213	0.0
0.0087074829932	196.110961914
0.0116099773243	195.77142334
0.0145124716553	195.4324646
0.0174149659864	195.319610596
0.0203174603175	195.206832886
0.0232199546485	195.094100952
0.0261224489796	195.094100952
0.0290249433107	194.981445312
0.0319274376417	194.868850708
0.0348299319728	194.868850708
0.0377324263039	194.756332397
0.0406349206349	194.643859863
0.043537414966	194.643859863
0.0464399092971	194.531463623
0.0493424036281	194.531463623
0.0522448979592	194.531463623
0.0551473922902	194.531463623
0.0580498866213	194.531463623
0.0609523809524	194.531463623
0.0638548752834	194.531463623
0.0667573696145	194.643859863
0.0696598639456	194.868850708
0.0725623582766	194.981445312
0.0754648526077	195.094100952
0.0783673469388	195.319610596
0.0812698412698	195.4324646
0.0841723356009	194.981445312
0.087074829932	194.306869507
0.089977324263	193.858444214
0.0928798185941	193.522796631
0.0957823129252	193.299362183
0.0986848072562	193.299362183
0.101587301587	193.522796631
0.104489795918	193.634613037
0.107392290249	193.522796631
0.11029478458	193.634613037
0.113197278912	193.746490479
0.116099773243	193.746490479
0.119002267574	193.858444214
0.121904761905	194.082519531
0.124807256236	194.194656372
0.127709750567	194.306869507
0.130612244898	194.419128418
0.133514739229	194.531463623
0.13641723356	194.419128418
0.139319727891	194.419128418
0.142222222222	194.306869507
0.145124716553	194.194656372
0.148027210884	194.194656372
0.150929705215	194.194656372
0.153832199546	194.419128418
0.156734693878	194.643859863
0.159637188209	194.868850708
0.16253968254	195.206832886
0.165442176871	195.545394897
0.168344671202	195.77142334
0.171247165533	195.997711182
0.174149659864	196.110961914
0.177052154195	196.224273682
0.179954648526	196.224273682
0.182857142857	196.224273682
0.185759637188	196.224273682
0.188662131519	196.224273682
0.19156462585	196.337646484
0.194467120181	196.451095581
0.197369614512	196.67817688
0.200272108844	196.905517578
0.203174603175	197.247024536
0.206077097506	197.589126587
0.208979591837	197.817520142
0.211882086168	197.931808472
0.214784580499	198.046173096
0.21768707483	198.046173096
0.220589569161	197.931808472
0.223492063492	198.046173096
0.226394557823	198.160614014
0.229297052154	198.275100708
0.232199546485	198.160614014
0.235102040816	198.275100708
0.238004535147	198.275100708
0.240907029478	198.275100708
0.24380952381	198.389663696
0.246712018141	198.73374939
0.249614512472	199.078414917
0.252517006803	199.538925171
0.255419501134	199.884994507
0.258321995465	200.231674194
0.261224489796	200.463119507
0.264126984127	200.463119507
0.267029478458	200.463119507
0.269931972789	200.463119507
0.27283446712	200.347366333
0.275736961451	200.231674194
0.278639455782	200.000488281
0.281541950113	199.769577026
0.284444444444	199.538925171
0.287346938776	199.423690796
0.290249433107	199.308532715
0.293151927438	199.308532715
0.296054421769	199.193450928
0.2989569161	199.078414917
0.301859410431	199.078414917
0.304761904762	199.078414917
0.307664399093	198.963470459
0.310566893424	198.963470459
0.313469387755	198.963470459
0.316371882086	198.963470459
0.319274376417	198.963470459
0.322176870748	198.963470459
0.325079365079	198.848571777
0.32798185941	198.848571777
0.330884353741	198.73374939
0.333786848073	198.73374939
0.336689342404	198.73374939
0.339591836735	198.73374939
0.342494331066	198.73374939
0.345396825397	198.73374939
0.348299319728	198.848571777
0.351201814059	198.848571777
0.35410430839	198.848571777
0.357006802721	198.848571777
0.359909297052	198.848571777
0.362811791383	198.963470459
0.365714285714	198.848571777
0.368616780045	198.963470459
0.371519274376	198.963470459
0.374421768707	198.963470459
0.377324263039	198.963470459
0.38022675737	198.963470459
0.383129251701	198.963470459
0.386031746032	198.848571777
0.388934240363	198.73374939
0.391836734694	198.618988037
0.394739229025	198.618988037
0.397641723356	198.618988037
0.400544217687	198.618988037
0.403446712018	198.618988037
0.406349206349	198.618988037
0.40925170068	198.618988037
0.412154195011	198.618988037
0.415056689342	198.618988037
0.417959183673	198.618988037
0.420861678005	198.618988037
0.423764172336	198.618988037
0.426666666667	198.618988037
0.429569160998	198.50428772
0.432471655329	198.618988037
0.43537414966	198.618988037
0.438276643991	198.50428772
0.441179138322	198.618988037
0.444081632653	198.73374939
0.446984126984	198.73374939
0.449886621315	198.848571777
0.452789115646	198.848571777
0.455691609977	198.963470459
0.458594104308	198.963470459
0.461496598639	198.963470459
0.464399092971	198.963470459
0.467301587302	199.078414917
0.470204081633	198.963470459
0.473106575964	199.078414917
0.476009070295	199.078414917
0.478911564626	199.078414917
0.481814058957	199.078414917
0.484716553288	198.963470459
0.487619047619	199.078414917
0.49052154195	198.963470459
0.493424036281	199.078414917
0.496326530612	199.078414917
0.499229024943	198.963470459
0.502131519274	198.963470459
0.505034013605	198.848571777
0.507936507937	198.848571777
0.510839002268	198.73374939
0.513741496599	198.618988037
0.51664399093	198.618988037
0.519546485261	198.50428772
0.522448979592	198.50428772
0.525351473923	198.389663696
0.528253968254	198.275100708
0.531156462585	198.160614014
0.534058956916	198.160614014
0.536961451247	198.046173096
0.539863945578	198.046173096
0.542766439909	197.931808472
0.54566893424	197.931808472
0.548571428571	197.817520142
0.551473922902	197.589126587
0.554376417234	197.475021362
0.557278911565	197.247024536
0.560181405896	197.019287109
0.563083900227	196.791809082
0.565986394558	196.451095581
0.568888888889	196.110961914
0.57179138322	195.77142334
0.574693877551	195.545394897
0.577596371882	195.4324646
0.580498866213	195.319610596
0.583401360544	195.094100952
0.586303854875	194.756332397
0.589206349206	194.194656372
0.592108843537	193.858444214
0.595011337868	193.634613037
0.5979138322	193.522796631
0.600816326531	193.634613037
0.603718820862	193.634613037
0.606621315193	193.746490479
0.609523809524	193.746490479
0.612426303855	193.746490479
0.615328798186	193.634613037
0.618231292517	193.522796631
0.621133786848	193.299362183
0.624036281179	193.076187134
0.62693877551	192.853256226
0.629841269841	192.630599976
0.632743764172	192.408187866
0.635646258503	192.186035156
0.638548752834	191.964141846
0.641451247166	191.410522461
0.644353741497	190.748306274
0.647256235828	190.198196411
0.650158730159	189.540161133
0.65306122449	188.884399414
0.655963718821	188.013580322
0.658866213152	186.93069458
0.661768707483	185.96144104
0.664671201814	185.21105957
0.667573696145	184.463684082
0.670476190476	183.719345093
0.673378684807	182.977996826
0.676281179138	181.924118042
0.679183673469	180.667480469
0.6820861678	179.315917969
0.684988662132	178.077285767
0.687891156463	177.256286621
0.690793650794	176.439086914
0.693696145125	176.031890869
0.696598639456	175.727127075
0.699501133787	175.930252075
0.702403628118	176.439086914
0.705306122449	177.051635742
0.70820861678	176.949401855
0.711111111111	175.930252075
0.714013605442	174.614120483
0.716916099773	174.311798096
0.719818594104	174.815948486
0.722721088435	175.828659058
0.725623582766	176.643035889
0.728526077098	177.153930664
0.731428571429	177.768966675
0.73433106576	178.180175781
0.737233560091	178.592330933
0.740136054422	178.902084351
0.743038548753	179.315917969
0.745941043084	179.83454895
0.748843537415	180.354675293
0.751746031746	180.667480469
0.754648526077	180.563156128
0.757551020408	180.146438599
0.760453514739	179.626907349
0.76335600907	179.212371826
0.766258503401	179.005447388
0.769160997732	179.005447388
0.772063492063	179.212371826
0.774965986395	179.730697632
0.777868480726	180.354675293
0.780770975057	180.980819702
0.783673469388	181.504272461
0.786575963719	181.714080811
0.78947845805	181.819076538
0.792380952381	181.819076538
0.795283446712	181.819076538
0.798185941043	181.819076538
0.801088435374	181.714080811
0.803990929705	181.819076538
0.806893424036	181.924118042
0.809795918367	181.924118042
0.812698412698	182.239654541
0.815600907029	182.344940186
0.818503401361	182.555725098
0.821405895692	182.766738892
0.824308390023	182.872329712
0.827210884354	182.977996826
0.830113378685	182.977996826
0.833015873016	182.977996826
0.835918367347	182.872329712
0.838820861678	182.766738892
0.841723356009	182.661193848
0.84462585034	182.450302124
0.847528344671	182.344940186
0.850430839002	182.239654541
0.853333333333	182.134414673
0.856235827664	182.02923584
0.859138321995	181.924118042
0.862040816327	181.714080811
0.864943310658	181.504272461
0.867845804989	181.399459839
0.87074829932	181.1900177
0.873650793651	180.980819702
0.876553287982	180.771865845
0.879455782313	180.563156128
0.882358276644	180.354675293
0.885260770975	180.146438599
0.888163265306	180.042419434
0.891065759637	179.938446045
0.893968253968	179.83454895
0.896870748299	179.83454895
0.89977324263	179.83454895
0.902675736961	179.730697632
0.905578231293	179.730697632
0.908480725624	179.730697632
0.911383219955	179.626907349
0.914285714286	179.626907349
0.917188208617	179.523193359
0.920090702948	179.419525146
0.922993197279	179.315917969
0.92589569161	179.315917969
0.928798185941	179.212371826
0.931700680272	179.005447388
0.934603174603	178.592330933
0.937505668934	178.386138916
0.940408163265	177.974456787
0.943310657596	177.666320801
0.946213151927	177.666320801
0.949115646259	177.256286621
0.95201814059	176.745101929
0.954920634921	176.337203979
0.957823129252	175.930252075
0.960725623583	175.524230957
0.963628117914	175.01802063
0.966530612245	174.614120483
0.969433106576	174.311798096
0.972335600907	174.110534668
0.975238095238	173.909515381
0.978140589569	173.708724976
0.9810430839	173.508163452
0.983945578231	173.207748413
0.986848072562	173.10774231
0.989750566893	172.907867432
0.992653061224	172.907867432
0.995555555556	173.407974243
0.998458049887	175.930252075
1.00136054422	177.461181641
1.00426303855	178.489212036
1.00716553288	179.005447388
1.01006802721	178.798782349
1.01297052154	177.871688843
1.01587301587	175.422866821
1.0187755102	168.861083984
1.02167800454	166.056045532
1.02458049887	165.00428772
1.0274829932	163.959197998
1.03038548753	162.169616699
1.03328798186	161.235580444
1.03619047619	161.049423218
1.03909297052	0.0
1.04199546485	0.0
1.04489795918	0.0
1.04780045351	0.0
1.05070294785	0.0
1.05360544218	0.0
1.05650793651	149.831069946
1.05941043084	151.48449707
1.06231292517	153.156173706
1.0652154195	154.935760498
1.06811791383	156.013427734
1.07102040816	157.280181885
1.07392290249	157.643997192
1.07682539683	158.099945068
1.07972789116	158.648834229
1.08263038549	159.383636475
1.08553287982	160.029388428
1.08843537415	160.770584106
1.09133786848	161.608551025
1.09424036281	161.049423218
1.09714285714	160.121856689
1.10004535147	159.383636475
1.1029478458	158.832214355
1.10585034014	158.740493774
1.10875283447	158.923980713
1.1116553288	159.475723267
1.11455782313	160.492233276
1.11746031746	161.701919556
1.12036281179	162.732620239
1.12326530612	163.203292847
1.12616780045	163.675323486
1.12907029478	164.053939819
1.13197278912	164.148727417
1.13487528345	164.053939819
1.13777777778	164.053939819
1.14068027211	164.243560791
1.14358276644	164.62348938
1.14648526077	164.813781738
1.1493877551	164.718612671
1.15229024943	164.62348938
1.15519274376	164.528427124
1.1580952381	164.433410645
1.16099773243	164.338470459
1.16390022676	164.243560791
1.16680272109	164.243560791
1.16970521542	164.338470459
1.17260770975	164.528427124
1.17551020408	164.813781738
1.17841269841	165.00428772
1.18131519274	165.385971069
1.18421768707	165.577148438
1.18712018141	165.768539429
1.19002267574	165.864318848
1.19292517007	165.960144043
1.1958276644	166.056045532
1.19873015873	166.151977539
1.20163265306	166.24798584
1.20453514739	166.24798584
1.20743764172	166.344039917
1.21034013605	166.440155029
1.21324263039	166.344039917
1.21614512472	166.056045532
1.21904761905	165.864318848
1.22195011338	165.672805786
1.22485260771	165.577148438
1.22775510204	165.577148438
1.23065759637	165.577148438
1.2335600907	165.768539429
1.23646258503	165.864318848
1.23936507937	165.960144043
1.2422675737	166.056045532
1.24517006803	165.960144043
1.24807256236	165.864318848
1.25097505669	165.768539429
1.25387755102	165.768539429
1.25678004535	165.577148438
1.25968253968	165.577148438
1.26258503401	165.577148438
1.26548752834	165.672805786
1.26839002268	165.672805786
1.27129251701	165.672805786
1.27419501134	165.672805786
1.27709750567	165.481521606
1.28	165.195022583
1.28290249433	164.909011841
1.28580498866	164.62348938
1.28870748299	164.148727417
1.29160997732	163.769897461
1.29451247166	163.297592163
1.29741496599	162.826644897
1.30031746032	162.54473877
1.30321995465	162.263320923
1.30612244898	162.169616699
1.30902494331	162.169616699
1.31192743764	162.169616699
1.31482993197	162.450881958
1.3177324263	162.920730591
1.32063492063	164.053939819
1.32353741497	165.481521606
1.3264399093	165.960144043
1.32934240363	165.960144043
1.33224489796	165.577148438
1.33514739229	164.909011841
1.33804988662	164.053939819
1.34095238095	0.0
1.34385487528	0.0
1.34675736961	0.0
1.34965986395	0.0
1.35256235828	0.0
1.35546485261	0.0
1.35836734694	0.0
1.36126984127	0.0
1.3641723356	0.0
1.36707482993	0.0
1.36997732426	0.0
1.37287981859	0.0
1.37578231293	0.0
1.37868480726	0.0
1.38158730159	0.0
1.38448979592	0.0
1.38739229025	0.0
1.39029478458	0.0
1.39319727891	141.585174561
1.39609977324	142.158813477
1.39900226757	142.487640381
1.4019047619	142.65234375
1.40480725624	142.65234375
1.40770975057	142.323135376
1.4106122449	141.748840332
1.41351473923	141.258422852
1.41641723356	141.095321655
1.41931972789	141.258422852
1.42222222222	141.666976929
1.42512471655	142.158813477
1.42802721088	142.569976807
1.43092970522	142.899765015
1.43383219955	143.147598267
1.43673469388	143.313064575
1.43963718821	143.313064575
1.44253968254	143.147598267
1.44544217687	142.982330322
1.4483446712	142.899765015
1.45124716553	142.982330322
1.45414965986	143.147598267
1.4570521542	143.313064575
1.45995464853	143.561630249
1.46285714286	143.893707275
1.46575963719	144.309890747
1.46866213152	144.810897827
1.47156462585	145.229736328
1.47446712018	145.733932495
1.47736961451	146.155441284
1.48027210884	146.155441284
1.48317460317	145.565673828
1.48607709751	145.818145752
1.48897959184	146.578170776
1.49188208617	146.832382202
1.4947845805	146.832382202
1.49768707483	146.408920288
1.50058956916	146.408920288
1.50349206349	146.578170776
1.50639455782	146.917221069
1.50929705215	147.597702026
1.51219954649	148.024597168
1.51510204082	148.19569397
1.51800453515	148.110122681
1.52090702948	147.853683472
1.52380952381	147.68296814
1.52671201814	147.512466431
1.52961451247	147.427276611
1.5325170068	147.597702026
1.53541950113	147.68296814
1.53832199546	147.853683472
1.5412244898	148.024597168
1.54412698413	148.19569397
1.54702947846	148.281326294
1.54993197279	148.19569397
1.55283446712	148.110122681
1.55573696145	148.024597168
1.55863945578	148.024597168
1.56154195011	148.110122681
1.56444444444	148.19569397
1.56734693878	148.366989136
1.57024943311	148.538497925
1.57315192744	148.710189819
1.57605442177	148.796112061
1.5789569161	148.968109131
1.58185941043	148.968109131
1.58476190476	148.968109131
1.58766439909	148.882080078
1.59056689342	148.710189819
1.59346938776	148.624313354
1.59637188209	148.452713013
1.59927437642	148.281326294
1.60217687075	148.19569397
1.60507936508	148.024597168
1.60798185941	147.939117432
1.61088435374	147.939117432
1.61378684807	147.853683472
1.6166893424	147.939117432
1.61959183673	148.024597168
1.62249433107	148.110122681
1.6253968254	148.110122681
1.62829931973	148.19569397
1.63120181406	148.19569397
1.63410430839	148.110122681
1.63700680272	147.853683472
1.63990929705	147.597702026
1.64281179138	147.342147827
1.64571428571	147.342147827
1.64861678005	147.768310547
1.65151927438	148.452713013
1.65442176871	149.485290527
1.65732426304	150.525039673
1.66022675737	151.659606934
1.6631292517	152.626296997
1.66603174603	153.333206177
1.66893424036	153.776687622
1.67183673469	154.310562134
1.67473922902	155.114852905
1.67764172336	156.284011841
1.68054421769	157.735076904
1.68344671202	158.832214355
1.68634920635	159.752319336
1.68925170068	160.584976196
1.69215419501	161.235580444
1.69505668934	162.075973511
1.69795918367	162.826644897
1.700861678	164.148727417
1.70376417234	165.864318848
1.70666666667	167.597839355
1.709569161	168.763565063
1.71247165533	169.153945923
1.71537414966	169.839279175
1.71827664399	171.218292236
1.72117913832	172.210144043
1.72408163265	172.708236694
1.72698412698	172.808029175
1.72988662132	173.407974243
1.73278911565	174.311798096
1.73569160998	174.009994507
1.73859410431	173.307830811
1.74149659864	172.708236694
1.74439909297	172.508834839
1.7473015873	172.708236694
1.75020408163	173.007766724
1.75310657596	173.407974243
1.75600907029	173.708724976
1.75891156463	174.211135864
1.76181405896	174.91696167
1.76471655329	175.625640869
1.76761904762	175.930252075
1.77052154195	176.133605957
1.77342403628	176.337203979
1.77632653061	176.337203979
1.77922902494	176.337203979
1.78213151927	176.235366821
1.78503401361	176.235366821
1.78793650794	176.337203979
1.79083900227	176.439086914
1.7937414966	176.643035889
1.79664399093	176.847213745
1.79954648526	177.051635742
1.80244897959	177.051635742
1.80535147392	177.051635742
1.80825396825	176.847213745
1.81115646259	176.643035889
1.81405895692	176.337203979
1.81696145125	176.133605957
1.81986394558	176.031890869
1.82276643991	175.930252075
1.82566893424	175.930252075
1.82857142857	175.828659058
1.8314739229	175.727127075
1.83437641723	175.625640869
1.83727891156	175.422866821
1.8401814059	175.321578979
1.84308390023	175.220336914
1.84598639456	175.01802063
1.84888888889	174.91696167
1.85179138322	174.715011597
1.85469387755	174.513290405
1.85759637188	174.311798096
1.86049886621	174.110534668
1.86340136054	173.909515381
1.86630385488	173.608413696
1.86920634921	173.407974243
1.87210884354	173.10774231
1.87501133787	172.808029175
1.8779138322	172.508834839
1.88081632653	172.309646606
1.88371882086	172.011322021
1.88662131519	171.812713623
1.88952380952	171.614349365
1.89242630385	171.416213989
1.89532879819	171.218292236
1.89823129252	171.020614624
1.90113378685	170.921859741
1.90403628118	170.823150635
1.90693877551	170.823150635
1.90984126984	170.823150635
1.91274376417	170.823150635
1.9156462585	170.823150635
1.91854875283	170.724502563
1.92145124717	170.625930786
1.9243537415	170.428924561
1.92725623583	170.330505371
1.93015873016	170.133850098
1.93306122449	170.035598755
1.93596371882	170.232147217
1.93886621315	170.232147217
1.94176870748	170.133850098
1.94467120181	170.035598755
1.94757369615	169.545227051
1.95047619048	169.44732666
1.95337868481	169.545227051
1.95628117914	169.937408447
1.95918367347	169.937408447
1.9620861678	169.937408447
1.96498866213	169.937408447
1.96789115646	169.44732666
1.97079365079	171.317214966
1.97369614512	169.643188477
1.97659863946	170.232147217
1.97950113379	170.921859741
1.98240362812	172.110702515
1.98530612245	171.911987305
1.98820861678	171.911987305
1.99111111111	172.309646606
1.99401360544	172.708236694
1.99691609977	173.207748413
1.9998185941	173.809082031
2.00272108844	174.513290405
2.00562358277	175.01802063
2.0085260771	175.727127075
2.01142857143	176.031890869
2.01433106576	176.337203979
2.01723356009	176.235366821
2.02013605442	175.828659058
2.02303854875	175.220336914
2.02594104308	174.715011597
2.02884353741	174.412506104
2.03174603175	174.211135864
2.03464852608	174.412506104
2.03755102041	174.815948486
2.04045351474	175.220336914
2.04335600907	175.727127075
2.0462585034	176.439086914
2.04916099773	177.051635742
2.05206349206	177.768966675
2.05496598639	178.386138916
2.05786848073	178.695526123
2.06077097506	178.902084351
2.06367346939	178.902084351
2.06657596372	178.902084351
2.06947845805	178.798782349
2.07238095238	178.695526123
2.07528344671	178.592330933
2.07818594104	178.798782349
2.08108843537	178.902084351
2.08399092971	179.005447388
2.08689342404	179.10887146
2.08979591837	179.212371826
2.0926984127	179.212371826
2.09560090703	179.212371826
2.09850340136	179.10887146
2.10140589569	179.10887146
2.10430839002	179.005447388
2.10721088435	179.10887146
2.11011337868	179.10887146
2.11301587302	179.10887146
2.11591836735	179.10887146
2.11882086168	179.005447388
2.12172335601	179.005447388
2.12462585034	179.005447388
2.12752834467	179.005447388
2.130430839	179.005447388
2.13333333333	179.10887146
2.13623582766	179.315917969
2.139138322	179.523193359
2.14204081633	179.626907349
2.14494331066	179.730697632
2.14784580499	179.83454895
2.15074829932	179.83454895
2.15365079365	179.83454895
2.15655328798	179.83454895
2.15945578231	179.83454895
2.16235827664	179.83454895
2.16526077098	179.83454895
2.16816326531	179.938446045
2.17106575964	179.938446045
2.17396825397	179.938446045
2.1768707483	179.938446045
2.17977324263	179.938446045
2.18267573696	179.938446045
2.18557823129	179.938446045
2.18848072562	179.938446045
2.19138321995	179.83454895
2.19428571429	179.83454895
2.19718820862	179.730697632
2.20009070295	179.626907349
2.20299319728	179.626907349
2.20589569161	179.523193359
2.20879818594	179.315917969
2.21170068027	179.212371826
2.2146031746	179.10887146
2.21750566893	178.902084351
2.22040816327	178.798782349
2.2233106576	178.695526123
2.22621315193	178.489212036
2.22911564626	178.386138916
2.23201814059	178.180175781
2.23492063492	177.974456787
2.23782312925	177.768966675
2.24072562358	177.461181641
2.24362811791	177.256286621
2.24653061224	177.153930664
2.24943310658	177.153930664
2.25233560091	177.153930664
2.25523809524	177.256286621
2.25814058957	177.256286621
2.2610430839	177.256286621
2.26394557823	177.153930664
2.26684807256	177.153930664
2.26975056689	177.051635742
2.27265306122	177.153930664
2.27555555556	177.153930664
2.27845804989	177.256286621
2.28136054422	177.358703613
2.28426303855	177.563720703
2.28716553288	177.666320801
2.29006802721	177.666320801
2.29297052154	177.666320801
2.29587301587	177.768966675
2.2987755102	177.666320801
2.30167800454	177.666320801
2.30458049887	177.563720703
2.3074829932	177.563720703
2.31038548753	177.666320801
2.31328798186	177.666320801
2.31619047619	177.666320801
2.31909297052	177.871688843
2.32199546485	177.974456787
2.32489795918	178.180175781
2.32780045351	178.180175781
2.33070294785	178.283126831
2.33360544218	178.180175781
2.33650793651	177.974456787
2.33941043084	177.871688843
2.34231292517	177.768966675
2.3452154195	177.666320801
2.34811791383	177.666320801
2.35102040816	177.563720703
2.35392290249	177.563720703
2.35682539683	177.666320801
2.35972789116	177.563720703
2.36263038549	177.563720703
2.36553287982	177.461181641
2.36843537415	177.358703613
2.37133786848	177.256286621
2.37424036281	177.153930664
2.37714285714	177.051635742
2.38004535147	177.051635742
2.3829478458	177.051635742
2.38585034014	177.051635742
2.38875283447	177.153930664
2.3916553288	177.153930664
2.39455782313	177.153930664
2.39746031746	177.256286621
2.40036281179	177.358703613
2.40326530612	177.563720703
2.40616780045	177.768966675
2.40907029478	177.974456787
2.41197278912	178.180175781
2.41487528345	178.386138916
2.41777777778	178.489212036
2.42068027211	178.489212036
2.42358276644	178.489212036
2.42648526077	178.489212036
2.4293877551	178.386138916
2.43229024943	178.386138916
2.43519274376	178.283126831
2.4380952381	178.283126831
2.44099773243	178.180175781
2.44390022676	178.077285767
2.44680272109	177.974456787
2.44970521542	177.871688843
2.45260770975	177.768966675
2.45551020408	177.563720703
2.45841269841	177.461181641
2.46131519274	177.461181641
2.46421768707	177.563720703
2.46712018141	177.461181641
2.47002267574	177.563720703
2.47292517007	177.461181641
2.4758276644	177.358703613
2.47873015873	177.358703613
2.48163265306	177.256286621
2.48453514739	177.358703613
2.48743764172	177.358703613
2.49034013605	177.461181641
2.49324263039	177.666320801
2.49614512472	177.768966675
2.49904761905	177.666320801
2.50195011338	177.563720703
2.50485260771	177.358703613
2.50775510204	177.153930664
2.51065759637	177.051635742
2.5135600907	177.358703613
2.51646258503	177.871688843
2.51936507937	178.592330933
2.5222675737	179.419525146
2.52517006803	180.458892822
2.52807256236	181.294708252
2.53097505669	182.450302124
2.53387755102	184.250717163
2.53678004535	185.104095459
2.53968253968	185.532272339
2.54258503401	185.96144104
2.54548752834	186.391601562
2.54839002268	186.714874268
2.55129251701	186.822753906
2.55419501134	186.93069458
2.55709750567	187.038711548
2.56	187.579681396
2.56290249433	188.230911255
2.56580498866	188.77532959
2.56870748299	189.102737427
2.57160997732	189.540161133
2.57451247166	189.759246826
2.57741496599	189.978591919
2.58031746032	189.978591919
2.58321995465	190.198196411
2.58612244898	190.30809021
2.58902494331	190.638153076
2.59192743764	190.858505249
2.59482993197	191.300003052
2.5977324263	191.742507935
2.60063492063	191.964141846
2.60353741497	192.408187866
2.6064399093	192.741897583
2.60934240363	193.076187134
2.61224489796	193.41104126
2.61514739229	193.746490479
2.61804988662	193.970443726
2.62095238095	194.194656372
2.62385487528	194.419128418
2.62675736961	194.531463623
2.62965986395	194.643859863
2.63256235828	194.868850708
2.63546485261	194.981445312
2.63836734694	195.658370972
2.64126984127	197.133117676
2.6441723356	0.0
2.64707482993	0.0
2.64997732426	0.0
2.65287981859	0.0
2.65578231293	0.0
2.65868480726	0.0
2.66158730159	0.0
2.66448979592	0.0
2.66739229025	0.0
2.67029478458	209.943847656
2.67319727891	209.943847656
2.67609977324	209.822616577
2.67900226757	209.822616577
2.6819047619	209.822616577
2.68480725624	209.580352783
2.68770975057	209.459335327
2.6906122449	209.217498779
2.69351473923	209.217498779
2.69641723356	209.217498779
2.69931972789	209.338378906
2.70222222222	209.459335327
2.70512471655	209.459335327
2.70802721088	209.338378906
2.71092970522	209.096679688
2.71383219955	208.734664917
2.71673469388	208.252944946
2.71963718821	207.772323608
2.72253968254	207.292831421
2.72544217687	206.695007324
2.7283446712	205.979888916
2.73124716553	205.148727417
2.73414965986	204.438964844
2.7370521542	203.849380493
2.73995464853	203.496429443
2.74285714286	203.496429443
2.74575963719	203.731658936
2.74866213152	204.320907593
2.75156462585	205.030258179
2.75446712018	205.623260498
2.75736961451	206.217987061
2.76027210884	206.575653076
2.76317460317	206.814437866
2.76607709751	206.814437866
2.76897959184	206.933929443
2.77188208617	206.933929443
2.7747845805	206.814437866
2.77768707483	206.575653076
2.78058956916	206.456359863
2.78349206349	206.217987061
2.78639455782	206.098907471
2.78929705215	205.860946655
2.79219954649	205.860946655
2.79510204082	205.860946655
2.79800453515	205.860946655
2.80090702948	205.742080688
2.80380952381	205.742080688
2.80671201814	205.742080688
2.80961451247	205.742080688
2.8125170068	205.860946655
2.81541950113	205.860946655
2.81832199546	205.979888916
2.8212244898	205.979888916
2.82412698413	205.979888916
2.82702947846	205.860946655
2.82993197279	205.623260498
2.83283446712	205.50453186
2.83573696145	205.385864258
2.83863945578	205.26725769
2.84154195011	205.148727417
2.84444444444	205.030258179
2.84734693878	205.030258179
2.85024943311	204.911865234
2.85315192744	204.793533325
2.85605442177	204.67527771
2.8589569161	204.438964844
2.86185941043	204.320907593
2.86476190476	204.085006714
2.86766439909	203.849380493
2.87056689342	203.731658936
2.87346938776	203.731658936
2.87637188209	203.849380493
2.87927437642	204.202926636
2.88217687075	204.55708313
2.88507936508	205.030258179
2.88798185941	205.26725769
2.89088435374	205.50453186
2.89378684807	205.623260498
2.8966893424	205.623260498
2.89959183673	205.623260498
2.90249433107	205.623260498
2.9053968254	205.50453186
2.90829931973	205.623260498
2.91120181406	205.742080688
2.91410430839	205.860946655
2.91700680272	205.979888916
2.91990929705	206.098907471
2.92281179138	206.098907471
2.92571428571	206.098907471
2.92861678005	206.098907471
2.93151927438	206.217987061
2.93442176871	206.217987061
2.93732426304	206.098907471
2.94022675737	206.695007324
2.9431292517	207.412597656
2.94603174603	209.096679688
2.94893424036	210.186523438
2.95183673469	210.794448853
2.95473922902	208.614120483
2.95764172336	207.65234375
2.96054421769	208.132675171
2.96344671202	208.614120483
2.96634920635	209.580352783
2.96925170068	210.30796814
2.97215419501	211.160049438
2.97505668934	212.015563965
2.97795918367	212.874557495
2.980861678	213.613601685
2.98376417234	214.231430054
2.98666666667	214.726989746
2.989569161	215.223678589
2.99247165533	215.596969604
2.99537414966	215.846176147
2.99827664399	216.095672607
3.00117913832	216.220535278
3.00408163265	216.345458984
3.00698412698	216.345458984
3.00988662132	216.345458984
3.01278911565	216.595535278
3.01569160998	216.720687866
3.01859410431	216.971191406
3.02149659864	217.473083496
3.02439909297	218.102081299
3.0273015873	219.112258911
3.03020408163	220.508895874
3.03310657596	221.658218384
3.03600907029	222.299316406
3.03891156463	222.684860229
3.04181405896	222.684860229
3.04471655329	222.684860229
3.04761904762	222.556274414
3.05052154195	222.170944214
3.05342403628	221.7862854
3.05632653061	221.402297974
3.05922902494	221.018966675
3.06213151927	220.636306763
3.06503401361	220.127120972
3.06793650794	219.872955322
3.07083900227	219.745986938
3.0737414966	219.619094849
3.07664399093	219.492279053
3.07954648526	219.365524292
3.08244897959	219.238861084
3.08535147392	218.985733032
3.08825396825	218.732894897
3.09115646259	218.48034668
3.09405895692	218.228103638
3.09696145125	218.228103638
3.09986394558	218.102081299
3.10276643991	218.102081299
3.10566893424	217.976135254
3.10857142857	218.102081299
3.1114739229	218.102081299
3.11437641723	218.228103638
3.11727891156	218.228103638
3.1201814059	218.354187012
3.12308390023	218.48034668
3.12598639456	218.48034668
3.12888888889	218.48034668
3.13179138322	218.354187012
3.13469387755	218.228103638
3.13759637188	218.102081299
3.14049886621	217.976135254
3.14340136054	217.850265503
3.14630385488	217.850265503
3.14920634921	217.850265503
3.15210884354	218.102081299
3.15501133787	218.102081299
3.1579138322	218.102081299
3.16081632653	217.976135254
3.16371882086	217.850265503
3.16662131519	217.724456787
3.16952380952	217.598739624
3.17242630385	217.473083496
3.17532879819	217.473083496
3.17823129252	217.473083496
3.18113378685	217.473083496
3.18403628118	217.473083496
3.18693877551	217.347503662
3.18984126984	217.222000122
3.19274376417	217.096557617
3.1956462585	216.971191406
3.19854875283	216.845901489
3.20145124717	216.720687866
3.2043537415	216.720687866
3.20725623583	216.595535278
3.21015873016	216.470458984
3.21306122449	216.220535278
3.21596371882	215.846176147
3.21886621315	215.34803772
3.22176870748	214.85105896
3.22467120181	214.231430054
3.22757369615	213.860519409
3.23047619048	213.490249634
3.23337868481	213.243759155
3.23628117914	212.997558594
3.23918367347	212.75163269
3.2420861678	212.628768921
3.24498866213	212.383285522
3.24789115646	212.015563965
3.25079365079	211.648483276
3.25369614512	211.282043457
3.25659863946	210.186523438
3.25950113379	209.096679688
3.26240362812	208.132675171
3.26530612245	207.65234375
3.26820861678	207.053497314
3.27111111111	208.012496948
3.27401360544	208.614120483
3.27691609977	208.373260498
3.2798185941	208.012496948
3.28272108844	207.532440186
3.28562358277	206.695007324
3.2885260771	205.860946655
3.29142857143	204.911865234
3.29433106576	204.202926636
3.29723356009	203.614013672
3.30013605442	203.261489868
3.30303854875	203.026794434
3.30594104308	203.026794434
3.30884353741	203.144104004
3.31174603175	203.614013672
3.31464852608	204.085006714
3.31755102041	204.55708313
3.32045351474	205.26725769
3.32335600907	205.860946655
3.3262585034	206.217987061
3.32916099773	206.695007324
3.33206349206	207.053497314
3.33496598639	206.933929443
3.33786848073	207.292831421
3.34077097506	207.412597656
3.34367346939	208.614120483
3.34657596372	205.860946655
3.34947845805	203.967163086
3.35238095238	202.792388916
3.35528344671	202.090789795
3.35818594104	201.740890503
3.36108843537	202.909561157
3.36399092971	202.909561157
3.36689342404	203.026794434
3.36979591837	203.261489868
3.3726984127	203.378921509
3.37560090703	203.378921509
3.37850340136	203.261489868
3.38140589569	203.026794434
3.38430839002	202.675292969
3.38721088435	202.207550049
3.39011337868	201.624389648
3.39301587302	201.042922974
3.39591836735	200.463119507
3.39882086168	199.769577026
3.40172335601	199.078414917
3.40462585034	198.389663696
3.40752834467	197.817520142
3.410430839	197.247024536
3.41333333333	196.67817688
3.41623582766	196.224273682
3.419138322	196.110961914
3.42204081633	196.110961914
3.42494331066	196.451095581
3.42784580499	196.791809082
3.43074829932	197.247024536
3.43365079365	197.475021362
3.43655328798	197.589126587
3.43945578231	197.703292847
3.44235827664	197.589126587
3.44526077098	197.475021362
3.44816326531	197.247024536
3.45106575964	197.019287109
3.45396825397	196.905517578
3.4568707483	196.791809082
3.45977324263	196.791809082
3.46267573696	197.019287109
3.46557823129	197.133117676
3.46848072562	197.360992432
3.47138321995	197.589126587
3.47428571429	197.703292847
3.47718820862	197.817520142
3.48009070295	197.817520142
3.48299319728	197.931808472
3.48589569161	197.931808472
3.48879818594	197.931808472
3.49170068027	197.703292847
3.4946031746	197.360992432
3.49750566893	196.905517578
3.50040816327	196.451095581
3.5033106576	195.884536743
3.50621315193	195.4324646
3.50911564626	194.981445312
3.51201814059	194.419128418
3.51492063492	193.970443726
3.51782312925	193.522796631
3.52072562358	193.41104126
3.52362811791	193.41104126
3.52653061224	193.41104126
3.52943310658	193.41104126
3.53233560091	193.187744141
3.53523809524	193.076187134
3.53814058957	192.741897583
3.5410430839	192.297073364
3.54394557823	191.964141846
3.54684807256	191.521118164
3.54975056689	191.189529419
3.55265306122	190.528060913
3.55555555556	189.759246826
3.55845804989	188.77532959
3.56136054422	188.339660645
3.56426303855	188.122207642
3.56716553288	187.905014038
3.57006802721	186.391601562
3.57297052154	184.997207642
3.57587301587	184.357162476
3.5787755102	183.613250732
3.58167800454	183.189498901
3.58458049887	182.766738892
3.5874829932	182.555725098
3.59038548753	182.661193848
3.59328798186	182.977996826
3.59619047619	183.083724976
3.59909297052	182.766738892
3.60199546485	180.980819702
3.60489795918	179.315917969
3.60780045351	177.974456787
3.61070294785	176.949401855
3.61360544218	175.930252075
3.61650793651	175.321578979
3.61941043084	176.541030884
3.62231292517	179.419525146
3.6252154195	179.523193359
3.62811791383	178.902084351
3.63102040816	177.871688843
3.63392290249	176.133605957
3.63682539683	175.727127075
3.63972789116	175.727127075
3.64263038549	175.727127075
3.64553287982	175.727127075
3.64843537415	175.524230957
3.65133786848	175.321578979
3.65424036281	175.220336914
3.65714285714	175.119155884
3.66004535147	175.01802063
3.6629478458	174.91696167
3.66585034014	174.91696167
3.66875283447	175.01802063
3.6716553288	175.01802063
3.67455782313	175.119155884
3.67746031746	175.119155884
3.68036281179	174.91696167
3.68326530612	174.715011597
3.68616780045	174.614120483
3.68907029478	174.614120483
3.69197278912	174.513290405
3.69487528345	174.211135864
3.69777777778	173.708724976
3.70068027211	173.307830811
3.70358276644	173.007766724
3.70648526077	173.007766724
3.7093877551	173.10774231
3.71229024943	173.307830811
3.71519274376	173.407974243
3.7180952381	173.407974243
3.72099773243	173.207748413
3.72390022676	173.10774231
3.72680272109	173.007766724
3.72970521542	172.808029175
3.73260770975	172.808029175
3.73551020408	172.808029175
3.73841269841	172.608505249
3.74131519274	172.508834839
3.74421768707	172.210144043
3.74712018141	172.210144043
3.75002267574	172.210144043
3.75292517007	172.309646606
3.7558276644	172.309646606
3.75873015873	172.409210205
3.76163265306	172.508834839
3.76453514739	172.808029175
3.76743764172	173.007766724
3.77034013605	173.307830811
3.77324263039	173.407974243
3.77614512472	173.608413696
3.77904761905	173.708724976
3.78195011338	173.909515381
3.78485260771	174.009994507
3.78775510204	174.110534668
3.79065759637	174.009994507
3.7935600907	174.211135864
3.79646258503	174.211135864
3.79936507937	174.412506104
3.8022675737	174.412506104
3.80517006803	174.513290405
3.80807256236	174.311798096
3.81097505669	174.211135864
3.81387755102	174.009994507
3.81678004535	173.708724976
3.81968253968	173.307830811
3.82258503401	172.907867432
3.82548752834	172.508834839
3.82839002268	172.309646606
3.83129251701	172.210144043
3.83419501134	172.309646606
3.83709750567	172.508834839
3.84	172.808029175
3.84290249433	173.007766724
3.84580498866	173.307830811
3.84870748299	173.407974243
3.85160997732	173.407974243
3.85451247166	173.407974243
3.85741496599	173.407974243
3.86031746032	173.207748413
3.86321995465	173.007766724
3.86612244898	172.708236694
3.86902494331	172.309646606
3.87192743764	171.713500977
3.87482993197	171.119430542
3.8777324263	170.527389526
3.88063492063	169.839279175
3.88353741497	169.153945923
3.8864399093	169.153945923
3.88934240363	168.861083984
3.89224489796	168.374099731
3.89514739229	167.501052856
3.89804988662	165.481521606
3.90095238095	162.169616699
3.90385487528	161.421966553
3.90675736961	161.888839722
3.90965986395	162.638656616
3.91256235828	163.580810547
3.91546485261	165.577148438
3.91836734694	166.825149536
3.92126984127	167.791564941
3.9241723356	168.374099731
3.92707482993	168.276870728
3.92997732426	167.888519287
3.93287981859	167.307662964
3.93578231293	166.536315918
3.93868480726	165.768539429
3.94158730159	165.195022583
3.94448979592	164.813781738
3.94739229025	164.813781738
3.95029478458	165.099624634
3.95319727891	165.195022583
3.95609977324	165.290466309
3.95900226757	165.290466309
3.9619047619	165.00428772
3.96480725624	164.718612671
3.96770975057	164.433410645
3.9706122449	164.243560791
3.97351473923	164.148727417
3.97641723356	164.243560791
3.97931972789	164.433410645
3.98222222222	164.62348938
3.98512471655	164.813781738
3.98802721088	164.813781738
3.99092970522	164.718612671
3.99383219955	164.433410645
3.99673469388	164.148727417
3.99963718821	163.864517212
4.00253968254	163.580810547
4.00544217687	163.580810547
4.0083446712	163.675323486
4.01124716553	163.959197998
4.01414965986	164.148727417
4.0170521542	164.433410645
4.01995464853	164.718612671
4.02285714286	164.813781738
4.02575963719	164.909011841
4.02866213152	164.813781738
4.03156462585	164.813781738
4.03446712018	164.813781738
4.03736961451	165.00428772
4.04027210884	165.195022583
4.04317460317	165.481521606
4.04607709751	165.768539429
4.04897959184	166.056045532
4.05188208617	166.24798584
4.0547845805	166.344039917
4.05768707483	166.344039917
4.06058956916	166.344039917
4.06349206349	166.344039917
4.06639455782	166.24798584
4.06929705215	166.24798584
4.07219954649	166.151977539
4.07510204082	166.24798584
4.07800453515	166.344039917
4.08090702948	166.344039917
4.08380952381	166.440155029
4.08671201814	166.536315918
4.08961451247	166.536315918
4.0925170068	166.536315918
4.09541950113	166.632537842
4.09832199546	166.632537842
4.1012244898	166.632537842
4.10412698413	166.632537842
4.10702947846	166.632537842
4.10993197279	166.728820801
4.11283446712	166.728820801
4.11573696145	166.825149536
4.11863945578	166.825149536
4.12154195011	166.825149536
4.12444444444	166.825149536
4.12734693878	166.825149536
4.13024943311	166.728820801
4.13315192744	166.728820801
4.13605442177	166.728820801
4.1389569161	166.728820801
4.14185941043	166.632537842
4.14476190476	166.632537842
4.14766439909	166.728820801
4.15056689342	166.632537842
4.15346938776	166.632537842
4.15637188209	166.536315918
4.15927437642	166.440155029
4.16217687075	166.344039917
4.16507936508	166.151977539
4.16798185941	165.864318848
4.17088435374	165.672805786
4.17378684807	165.577148438
4.1766893424	165.481521606
4.17959183673	165.481521606
4.18249433107	165.577148438
4.1853968254	165.577148438
4.18829931973	165.768539429
4.19120181406	165.960144043
4.19410430839	166.056045532
4.19700680272	166.151977539
4.19990929705	166.151977539
4.20281179138	166.151977539
4.20571428571	166.151977539
4.20861678005	166.056045532
4.21151927438	166.056045532
4.21442176871	166.151977539
4.21732426304	166.24798584
4.22022675737	166.344039917
4.2231292517	166.440155029
4.22603174603	166.536315918
4.22893424036	166.536315918
4.23183673469	166.536315918
4.23473922902	166.536315918
4.23764172336	166.632537842
4.24054421769	166.632537842
4.24344671202	166.536315918
4.24634920635	166.632537842
4.24925170068	166.536315918
4.25215419501	166.536315918
4.25505668934	166.536315918
4.25795918367	166.440155029
4.260861678	166.344039917
4.26376417234	166.24798584
4.26666666667	166.151977539
4.269569161	166.056045532
4.27247165533	165.960144043
4.27537414966	165.864318848
4.27827664399	165.768539429
4.28117913832	165.577148438
4.28408163265	165.385971069
4.28698412698	165.290466309
4.28988662132	165.195022583
4.29278911565	165.195022583
4.29569160998	165.290466309
4.29859410431	165.385971069
4.30149659864	165.577148438
4.30439909297	165.768539429
4.3073015873	165.672805786
4.31020408163	165.672805786
4.31310657596	165.577148438
4.31600907029	165.577148438
4.31891156463	165.577148438
4.32181405896	165.577148438
4.32471655329	165.768539429
4.32761904762	166.056045532
4.33052154195	166.344039917
4.33342403628	166.632537842
4.33632653061	166.921539307
4.33922902494	167.114486694
4.34213151927	167.211044312
4.34503401361	167.307662964
4.34793650794	167.307662964
4.35083900227	167.404327393
4.3537414966	167.404327393
4.35664399093	167.307662964
4.35954648526	167.307662964
4.36244897959	167.211044312
4.36535147392	167.211044312
4.36825396825	167.017990112
4.37115646259	166.825149536
4.37405895692	166.536315918
4.37696145125	166.151977539
4.37986394558	165.768539429
4.38276643991	165.385971069
4.38566893424	165.00428772
4.38857142857	164.813781738
4.3914739229	164.528427124
4.39437641723	164.528427124
4.39727891156	164.433410645
4.4001814059	164.433410645
4.40308390023	164.338470459
4.40598639456	164.243560791
4.40888888889	164.243560791
4.41179138322	164.148727417
4.41469387755	164.148727417
4.41759637188	164.338470459
4.42049886621	164.528427124
4.42340136054	164.718612671
4.42630385488	164.909011841
4.42920634921	165.099624634
4.43210884354	165.290466309
4.43501133787	165.385971069
4.4379138322	165.481521606
4.44081632653	165.577148438
4.44371882086	165.768539429
4.44662131519	165.864318848
4.44952380952	165.864318848
4.45242630385	165.960144043
4.45532879819	165.960144043
4.45823129252	166.056045532
4.46113378685	166.056045532
4.46403628118	166.24798584
4.46693877551	166.440155029
4.46984126984	166.632537842
4.47274376417	166.728820801
4.4756462585	166.825149536
4.47854875283	166.825149536
4.48145124717	166.728820801
4.4843537415	166.632537842
4.48725623583	166.440155029
4.49015873016	0.0
4.49306122449	0.0
4.49596371882	0.0
4.49886621315	0.0
4.50176870748	0.0
4.50467120181	0.0
4.50757369615	0.0
4.51047619048	0.0
4.51337868481	0.0
4.51628117914	0.0
4.51918367347	0.0
4.5220861678	0.0
4.52498866213	0.0
4.52789115646	0.0
4.53079365079	0.0
4.53369614512	0.0
4.53659863946	0.0
4.53950113379	0.0
4.54240362812	0.0
4.54530612245	0.0
4.54820861678	0.0
4.55111111111	0.0
4.55401360544	0.0
4.55691609977	0.0
4.5598185941	0.0
4.56272108844	0.0
4.56562358277	0.0
4.5685260771	0.0
4.57142857143	0.0
4.57433106576	0.0
4.57723356009	0.0
4.58013605442	0.0
4.58303854875	0.0
4.58594104308	0.0
4.58884353741	0.0
4.59174603175	0.0
4.59464852608	0.0
4.59755102041	0.0
4.60045351474	0.0
4.60335600907	0.0
4.6062585034	0.0
4.60916099773	0.0
4.61206349206	0.0
4.61496598639	0.0
4.61786848073	0.0
4.62077097506	0.0
4.62367346939	0.0
4.62657596372	0.0
4.62947845805	0.0
4.63238095238	0.0
4.63528344671	0.0
4.63818594104	0.0
4.64108843537	0.0
4.64399092971	0.0
4.64689342404	0.0
4.64979591837	0.0
4.6526984127	0.0
4.65560090703	0.0
4.65850340136	0.0
4.66140589569	0.0
4.66430839002	0.0
4.66721088435	0.0
