0.0	0.0
0.00290249433107	0.0
0.00580498866213	0.0
0.0087074829932	0.0
0.0116099773243	0.0
0.0145124716553	0.0
0.0174149659864	0.0
0.0203174603175	0.0
0.0232199546485	0.0
0.0261224489796	0.0
0.0290249433107	0.0
0.0319274376417	0.0
0.0348299319728	0.0
0.0377324263039	0.0
0.0406349206349	0.0
0.043537414966	0.0
0.0464399092971	0.0
0.0493424036281	0.0
0.0522448979592	0.0
0.0551473922902	0.0
0.0580498866213	0.0
0.0609523809524	0.0
0.0638548752834	0.0
0.0667573696145	0.0
0.0696598639456	0.0
0.0725623582766	0.0
0.0754648526077	0.0
0.0783673469388	0.0
0.0812698412698	0.0
0.0841723356009	0.0
0.087074829932	0.0
0.089977324263	0.0
0.0928798185941	0.0
0.0957823129252	0.0
0.0986848072562	0.0
0.101587301587	0.0
0.104489795918	0.0
0.107392290249	0.0
0.11029478458	0.0
0.113197278912	0.0
0.116099773243	0.0
0.119002267574	0.0
0.121904761905	0.0
0.124807256236	0.0
0.127709750567	0.0
0.130612244898	0.0
0.133514739229	0.0
0.13641723356	0.0
0.139319727891	0.0
0.142222222222	0.0
0.145124716553	0.0
0.148027210884	0.0
0.150929705215	0.0
0.153832199546	0.0
0.156734693878	0.0
0.159637188209	0.0
0.16253968254	0.0
0.165442176871	0.0
0.168344671202	0.0
0.171247165533	0.0
0.174149659864	0.0
0.177052154195	0.0
0.179954648526	0.0
0.182857142857	0.0
0.185759637188	0.0
0.188662131519	0.0
0.19156462585	0.0
0.194467120181	291.804779053
0.197369614512	288.12008667
0.200272108844	287.289154053
0.203174603175	287.953704834
0.206077097506	288.453125
0.208979591837	289.120361328
0.211882086168	289.621795654
0.214784580499	290.291748047
0.21768707483	290.963226318
0.220589569161	291.804779053
0.223492063492	292.479766846
0.226394557823	293.156341553
0.229297052154	293.325714111
0.232199546485	293.495178223
0.235102040816	293.325714111
0.238004535147	291.636291504
0.240907029478	292.987030029
0.24380952381	293.664764404
0.246712018141	293.495178223
0.249614512472	293.495178223
0.252517006803	293.495178223
0.255419501134	291.46786499
0.258321995465	293.156341553
0.261224489796	293.834442139
0.264126984127	294.174102783
0.267029478458	294.174102783
0.269931972789	294.004211426
0.27283446712	293.664764404
0.275736961451	293.156341553
0.278639455782	292.648773193
0.281541950113	292.479766846
0.284444444444	292.310882568
0.287346938776	292.479766846
0.290249433107	292.479766846
0.293151927438	292.648773193
0.296054421769	293.156341553
0.2989569161	293.325714111
0.301859410431	293.834442139
0.304761904762	294.174102783
0.307664399093	294.344055176
0.310566893424	294.684295654
0.313469387755	294.514129639
0.316371882086	294.514129639
0.319274376417	294.174102783
0.322176870748	293.834442139
0.325079365079	293.495178223
0.32798185941	293.156341553
0.330884353741	292.987030029
0.333786848073	292.648773193
0.336689342404	292.479766846
0.339591836735	292.648773193
0.342494331066	293.156341553
0.345396825397	293.325714111
0.348299319728	293.495178223
0.351201814059	293.495178223
0.35410430839	293.325714111
0.357006802721	292.817840576
0.359909297052	293.325714111
0.362811791383	293.325714111
0.365714285714	293.156341553
0.368616780045	293.156341553
0.371519274376	292.987030029
0.374421768707	292.817840576
0.377324263039	292.479766846
0.38022675737	293.325714111
0.383129251701	293.664764404
0.386031746032	293.834442139
0.388934240363	294.004211426
0.391836734694	294.004211426
0.394739229025	293.495178223
0.397641723356	292.987030029
0.400544217687	293.156341553
0.403446712018	293.495178223
0.406349206349	294.344055176
0.40925170068	295.024932861
0.412154195011	295.536621094
0.415056689342	295.707366943
0.417959183673	295.707366943
0.420861678005	295.536621094
0.423764172336	295.195404053
0.426666666667	294.344055176
0.429569160998	293.664764404
0.432471655329	293.495178223
0.43537414966	293.495178223
0.438276643991	293.834442139
0.441179138322	294.174102783
0.444081632653	294.344055176
0.446984126984	294.344055176
0.449886621315	294.174102783
0.452789115646	293.834442139
0.455691609977	293.325714111
0.458594104308	292.987030029
0.461496598639	292.648773193
0.464399092971	292.310882568
0.467301587302	291.973388672
0.470204081633	291.973388672
0.473106575964	292.142089844
0.476009070295	292.310882568
0.478911564626	292.648773193
0.481814058957	292.817840576
0.484716553288	447.432556152
0.487619047619	447.432556152
0.49052154195	445.627075195
0.493424036281	443.316436768
0.496326530612	440.254241943
0.499229024943	436.960693359
0.502131519274	435.197479248
0.505034013605	434.695007324
0.507936507937	434.444000244
0.510839002268	434.946166992
0.513741496599	435.952270508
0.51664399093	436.960693359
0.519546485261	438.224517822
0.522448979592	439.238189697
0.525351473923	440.254241943
0.528253968254	440.508605957
0.531156462585	441.017791748
0.534058956916	441.017791748
0.536961451247	441.017791748
0.539863945578	441.272613525
0.542766439909	440.508605957
0.54566893424	440.0
0.548571428571	438.984558105
0.551473922902	437.718536377
0.554376417234	436.708374023
0.557278911565	435.700531006
0.560181405896	435.197479248
0.563083900227	435.197479248
0.565986394558	435.700531006
0.568888888889	436.708374023
0.57179138322	437.718536377
0.574693877551	438.477722168
0.577596371882	439.238189697
0.580498866213	439.491973877
0.583401360544	439.238189697
0.586303854875	438.731048584
0.589206349206	438.224517822
0.592108843537	437.718536377
0.595011337868	437.213165283
0.5979138322	436.708374023
0.600816326531	436.204162598
0.603718820862	436.204162598
0.606621315193	436.204162598
0.609523809524	436.204162598
0.612426303855	436.456207275
0.615328798186	436.708374023
0.618231292517	436.708374023
0.621133786848	437.213165283
0.624036281179	437.465789795
0.62693877551	438.224517822
0.629841269841	438.984558105
0.632743764172	439.491973877
0.635646258503	440.254241943
0.638548752834	440.763122559
0.641451247166	441.017791748
0.644353741497	441.017791748
0.647256235828	441.017791748
0.650158730159	441.017791748
0.65306122449	440.508605957
0.655963718821	439.745910645
0.658866213152	439.491973877
0.661768707483	438.984558105
0.664671201814	438.731048584
0.667573696145	438.731048584
0.670476190476	439.238189697
0.673378684807	439.238189697
0.676281179138	439.745910645
0.679183673469	439.745910645
0.6820861678	439.745910645
0.684988662132	439.491973877
0.687891156463	438.984558105
0.690793650794	438.477722168
0.693696145125	437.971466064
0.696598639456	437.718536377
0.699501133787	437.465789795
0.702403628118	437.213165283
0.705306122449	436.960693359
0.70820861678	437.213165283
0.711111111111	437.465789795
0.714013605442	437.971466064
0.716916099773	437.971466064
0.719818594104	438.224517822
0.722721088435	438.224517822
0.725623582766	437.971466064
0.728526077098	437.465789795
0.731428571429	436.456207275
0.73433106576	435.700531006
0.737233560091	434.946166992
0.740136054422	434.946166992
0.743038548753	435.197479248
0.745941043084	435.448913574
0.748843537415	436.204162598
0.751746031746	436.960693359
0.754648526077	437.213165283
0.757551020408	437.465789795
0.760453514739	437.465789795
0.76335600907	437.213165283
0.766258503401	437.465789795
0.769160997732	437.718536377
0.772063492063	438.224517822
0.774965986395	438.984558105
0.777868480726	439.238189697
0.780770975057	439.491973877
0.783673469388	439.491973877
0.786575963719	439.491973877
0.78947845805	439.491973877
0.792380952381	439.238189697
0.795283446712	439.238189697
0.798185941043	439.238189697
0.801088435374	438.984558105
0.803990929705	438.984558105
0.806893424036	438.477722168
0.809795918367	437.971466064
0.812698412698	437.213165283
0.815600907029	437.213165283
0.818503401361	437.213165283
0.821405895692	437.213165283
0.824308390023	437.465789795
0.827210884354	437.718536377
0.830113378685	437.465789795
0.833015873016	437.465789795
0.835918367347	436.960693359
0.838820861678	436.960693359
0.841723356009	437.213165283
0.84462585034	437.213165283
0.847528344671	437.465789795
0.850430839002	437.971466064
0.853333333333	438.224517822
0.856235827664	437.971466064
0.859138321995	437.718536377
0.862040816327	437.718536377
0.864943310658	437.465789795
0.867845804989	437.213165283
0.87074829932	437.213165283
0.873650793651	437.213165283
0.876553287982	437.718536377
0.879455782313	437.971466064
0.882358276644	437.971466064
0.885260770975	438.477722168
0.888163265306	438.477722168
0.891065759637	438.477722168
0.893968253968	438.731048584
0.896870748299	438.984558105
0.89977324263	438.984558105
0.902675736961	438.984558105
0.905578231293	439.238189697
0.908480725624	439.238189697
0.911383219955	439.238189697
0.914285714286	438.984558105
0.917188208617	438.984558105
0.920090702948	438.731048584
0.922993197279	438.477722168
0.92589569161	438.224517822
0.928798185941	437.971466064
0.931700680272	437.971466064
0.934603174603	438.224517822
0.937505668934	438.477722168
0.940408163265	438.731048584
0.943310657596	438.731048584
0.946213151927	438.984558105
0.949115646259	438.984558105
0.95201814059	438.984558105
0.954920634921	438.984558105
0.957823129252	438.984558105
0.960725623583	438.984558105
0.963628117914	438.984558105
0.966530612245	438.731048584
0.969433106576	438.477722168
0.972335600907	438.731048584
0.975238095238	438.477722168
0.978140589569	438.477722168
0.9810430839	438.477722168
0.983945578231	438.731048584
0.986848072562	438.731048584
0.989750566893	438.731048584
0.992653061224	438.731048584
0.995555555556	438.731048584
0.998458049887	438.984558105
1.00136054422	438.984558105
1.00426303855	438.731048584
1.00716553288	438.731048584
1.01006802721	438.224517822
1.01297052154	437.718536377
1.01587301587	437.718536377
1.0187755102	438.477722168
1.02167800454	439.491973877
1.02458049887	440.254241943
1.0274829932	440.0
1.03038548753	439.238189697
1.03328798186	436.960693359
1.03619047619	393.583618164
1.03909297052	394.721984863
1.04199546485	405.350585938
1.04489795918	402.783203125
1.04780045351	400.926239014
1.05070294785	399.539154053
1.05360544218	398.156829834
1.05650793651	397.008575439
1.05941043084	395.863616943
1.06231292517	394.950042725
1.0652154195	394.494049072
1.06811791383	394.038574219
1.07102040816	393.811035156
1.07392290249	393.35635376
1.07682539683	392.902191162
1.07972789116	392.675292969
1.08263038549	392.675292969
1.08553287982	392.448547363
1.08843537415	392.221923828
1.09133786848	391.769073486
1.09424036281	391.316741943
1.09714285714	390.864929199
1.10004535147	390.413665771
1.1029478458	390.188201904
1.10585034014	390.188201904
1.10875283447	390.188201904
1.1116553288	390.413665771
1.11455782313	390.413665771
1.11746031746	390.639221191
1.12036281179	390.639221191
1.12326530612	390.864929199
1.12616780045	391.090789795
1.12907029478	391.090789795
1.13197278912	391.090789795
1.13487528345	390.864929199
1.13777777778	390.864929199
1.14068027211	390.188201904
1.14358276644	389.512664795
1.14648526077	388.613739014
1.1493877551	387.269226074
1.15229024943	385.483795166
1.15519274376	383.706573486
1.1580952381	381.937561035
1.16099773243	381.056121826
1.16390022676	380.836090088
1.16680272109	381.937561035
1.16970521542	383.485015869
1.17260770975	385.261199951
1.17551020408	387.045593262
1.17841269841	388.389312744
1.18131519274	389.287719727
1.18421768707	389.962890625
1.18712018141	390.413665771
1.19002267574	390.864929199
1.19292517007	391.090789795
1.1958276644	391.090789795
1.19873015873	391.090789795
1.20163265306	391.090789795
1.20453514739	391.090789795
1.20743764172	391.316741943
1.21034013605	391.316741943
1.21324263039	391.54284668
1.21614512472	391.995422363
1.21904761905	391.995422363
1.22195011338	392.221923828
1.22485260771	392.221923828
1.22775510204	392.448547363
1.23065759637	392.448547363
1.2335600907	392.448547363
1.23646258503	392.221923828
1.23936507937	391.995422363
1.2422675737	391.769073486
1.24517006803	391.769073486
1.24807256236	391.769073486
1.25097505669	391.995422363
1.25387755102	391.995422363
1.25678004535	391.995422363
1.25968253968	392.221923828
1.26258503401	392.448547363
1.26548752834	392.675292969
1.26839002268	392.902191162
1.27129251701	393.129211426
1.27419501134	393.583618164
1.27709750567	394.038574219
1.28	394.494049072
1.28290249433	394.950042725
1.28580498866	394.950042725
1.28870748299	394.721984863
1.29160997732	394.266235352
1.29451247166	393.811035156
1.29741496599	393.35635376
1.30031746032	392.448547363
1.30321995465	390.188201904
1.30612244898	385.483795166
1.30902494331	374.726196289
1.31192743764	367.651000977
1.31482993197	363.218292236
1.3177324263	358.21774292
1.32063492063	354.103271484
1.32353741497	351.657318115
1.3264399093	352.267211914
1.32934240363	354.307861328
1.33224489796	358.424743652
1.33514739229	363.428161621
1.33804988662	369.780761719
1.34095238095	375.159362793
1.34385487528	376.896972656
1.34675736961	377.55065918
1.34965986395	377.55065918
1.35256235828	376.679321289
1.35546485261	374.942718506
1.35836734694	372.137786865
1.36126984127	368.075958252
1.3641723356	364.689880371
1.36707482993	361.543731689
1.36997732426	360.292877197
1.37287981859	360.292877197
1.37578231293	362.170776367
1.37868480726	365.744659424
1.38158730159	369.140533447
1.38448979592	372.352783203
1.38739229025	374.293548584
1.39029478458	375.37612915
1.39319727891	375.810028076
1.39609977324	375.37612915
1.39900226757	374.726196289
1.4019047619	373.645507812
1.40480725624	372.352783203
1.40770975057	371.278961182
1.4106122449	370.208190918
1.41351473923	369.994415283
1.41641723356	369.780761719
1.41931972789	369.994415283
1.42222222222	369.567230225
1.42512471655	369.140533447
1.42802721088	367.86340332
1.43092970522	366.590698242
1.43383219955	365.322387695
1.43673469388	364.268829346
1.43963718821	363.848236084
1.44253968254	364.268829346
1.44544217687	365.533477783
1.4483446712	366.802520752
1.45124716553	368.714324951
1.45414965986	370.208190918
1.4570521542	371.278961182
1.45995464853	371.92288208
1.46285714286	371.708129883
1.46575963719	371.493469238
1.46866213152	370.636138916
1.47156462585	369.567230225
1.47446712018	368.714324951
1.47736961451	367.651000977
1.48027210884	367.226501465
1.48317460317	366.802520752
1.48607709751	367.226501465
1.48897959184	367.86340332
1.49188208617	368.927368164
1.4947845805	369.994415283
1.49768707483	371.064544678
1.50058956916	371.92288208
1.50349206349	372.352783203
1.50639455782	372.352783203
1.50929705215	371.92288208
1.51219954649	371.064544678
1.51510204082	369.994415283
1.51800453515	368.714324951
1.52090702948	367.651000977
1.52380952381	367.014434814
1.52671201814	366.802520752
1.52961451247	367.014434814
1.5325170068	367.438690186
1.53541950113	368.288635254
1.53832199546	369.140533447
1.5412244898	369.994415283
1.54412698413	370.636138916
1.54702947846	370.850280762
1.54993197279	370.850280762
1.55283446712	370.422119141
1.55573696145	369.994415283
1.55863945578	369.140533447
1.56154195011	368.288635254
1.56444444444	367.86340332
1.56734693878	367.651000977
1.57024943311	367.86340332
1.57315192744	368.288635254
1.57605442177	368.714324951
1.5789569161	369.567230225
1.58185941043	369.994415283
1.58476190476	370.636138916
1.58766439909	371.064544678
1.59056689342	371.064544678
1.59346938776	371.064544678
1.59637188209	370.850280762
1.59927437642	370.422119141
1.60217687075	369.780761719
1.60507936508	368.927368164
1.60798185941	368.075958252
1.61088435374	367.651000977
1.61378684807	367.438690186
1.6166893424	367.438690186
1.61959183673	368.075958252
1.62249433107	368.501434326
1.6253968254	369.353820801
1.62829931973	370.208190918
1.63120181406	370.850280762
1.63410430839	371.278961182
1.63700680272	371.493469238
1.63990929705	371.493469238
1.64281179138	371.064544678
1.64571428571	370.850280762
1.64861678005	370.422119141
1.65151927438	369.994415283
1.65442176871	369.780761719
1.65732426304	369.353820801
1.66022675737	369.140533447
1.6631292517	369.140533447
1.66603174603	369.140533447
1.66893424036	369.140533447
1.67183673469	369.140533447
1.67473922902	369.140533447
1.67764172336	368.927368164
1.68054421769	368.927368164
1.68344671202	368.927368164
1.68634920635	368.714324951
1.68925170068	368.501434326
1.69215419501	368.501434326
1.69505668934	368.714324951
1.69795918367	368.714324951
1.700861678	368.927368164
1.70376417234	368.927368164
1.70666666667	369.140533447
1.709569161	369.140533447
1.71247165533	369.140533447
1.71537414966	369.140533447
1.71827664399	368.927368164
1.72117913832	368.714324951
1.72408163265	368.927368164
1.72698412698	368.927368164
1.72988662132	368.927368164
1.73278911565	368.927368164
1.73569160998	368.927368164
1.73859410431	369.140533447
1.74149659864	369.140533447
1.74439909297	369.140533447
1.7473015873	369.353820801
1.75020408163	369.567230225
1.75310657596	369.567230225
1.75600907029	369.567230225
1.75891156463	369.567230225
1.76181405896	369.780761719
1.76471655329	369.567230225
1.76761904762	369.140533447
1.77052154195	368.714324951
1.77342403628	368.288635254
1.77632653061	368.075958252
1.77922902494	368.075958252
1.78213151927	368.075958252
1.78503401361	368.288635254
1.78793650794	368.714324951
1.79083900227	369.140533447
1.7937414966	369.353820801
1.79664399093	369.567230225
1.79954648526	369.780761719
1.80244897959	369.780761719
1.80535147392	369.780761719
1.80825396825	369.567230225
1.81115646259	369.353820801
1.81405895692	369.140533447
1.81696145125	368.927368164
1.81986394558	368.714324951
1.82276643991	368.714324951
1.82566893424	368.927368164
1.82857142857	368.714324951
1.8314739229	368.075958252
1.83437641723	367.86340332
1.83727891156	367.86340332
1.8401814059	368.714324951
1.84308390023	369.994415283
1.84598639456	370.422119141
1.84888888889	371.064544678
1.85179138322	371.278961182
1.85469387755	310.76776123
1.85759637188	310.229705811
1.86049886621	310.229705811
1.86340136054	310.76776123
1.86630385488	311.126983643
1.86920634921	310.76776123
1.87210884354	309.513763428
1.87501133787	308.264801025
1.8779138322	307.553375244
1.88081632653	307.375793457
1.88371882086	307.020904541
1.88662131519	306.666412354
1.88952380952	306.312347412
1.89242630385	306.312347412
1.89532879819	307.020904541
1.89823129252	307.908905029
1.90113378685	308.442932129
1.90403628118	308.621124268
1.90693877551	308.977874756
1.90984126984	309.335021973
1.91274376417	309.871520996
1.9156462585	310.76776123
1.91854875283	311.126983643
1.92145124717	311.306762695
1.9243537415	311.306762695
1.92725623583	311.486633301
1.93015873016	311.666595459
1.93306122449	311.666595459
1.93596371882	311.666595459
1.93886621315	311.846679688
1.94176870748	312.20715332
1.94467120181	312.568023682
1.94757369615	312.929321289
1.95047619048	313.110137939
1.95337868481	313.110137939
1.95628117914	312.929321289
1.95918367347	312.748626709
1.9620861678	312.748626709
1.96498866213	312.748626709
1.96789115646	312.568023682
1.97079365079	312.20715332
1.97369614512	311.846679688
1.97659863946	311.486633301
1.97950113379	310.76776123
1.98240362812	310.588317871
1.98530612245	310.588317871
1.98820861678	310.94732666
1.99111111111	311.126983643
1.99401360544	311.486633301
1.99691609977	311.666595459
1.9998185941	311.666595459
2.00272108844	311.846679688
2.00562358277	312.026855469
2.0085260771	312.026855469
2.01142857143	312.026855469
2.01433106576	312.026855469
2.01723356009	312.20715332
2.02013605442	312.20715332
2.02303854875	312.387542725
2.02594104308	312.20715332
2.02884353741	312.026855469
2.03174603175	312.026855469
2.03464852608	312.026855469
2.03755102041	312.026855469
2.04045351474	312.026855469
2.04335600907	311.846679688
2.0462585034	312.026855469
2.04916099773	312.20715332
2.05206349206	312.387542725
2.05496598639	312.568023682
2.05786848073	312.568023682
2.06077097506	312.387542725
2.06367346939	312.026855469
2.06657596372	311.846679688
2.06947845805	311.306762695
2.07238095238	311.126983643
2.07528344671	310.94732666
2.07818594104	311.126983643
2.08108843537	311.306762695
2.08399092971	311.306762695
2.08689342404	311.306762695
2.08979591837	311.306762695
2.0926984127	311.306762695
2.09560090703	311.306762695
2.09850340136	311.306762695
2.10140589569	311.126983643
2.10430839002	311.126983643
2.10721088435	311.126983643
2.11011337868	310.94732666
2.11301587302	311.126983643
2.11591836735	311.126983643
2.11882086168	311.486633301
2.12172335601	311.666595459
2.12462585034	311.846679688
2.12752834467	311.846679688
2.130430839	311.846679688
2.13333333333	311.846679688
2.13623582766	311.846679688
2.139138322	312.026855469
2.14204081633	312.026855469
2.14494331066	312.20715332
2.14784580499	312.20715332
2.15074829932	312.387542725
2.15365079365	312.568023682
2.15655328798	312.568023682
2.15945578231	312.387542725
2.16235827664	312.20715332
2.16526077098	312.20715332
2.16816326531	312.20715332
2.17106575964	312.026855469
2.17396825397	311.666595459
2.1768707483	311.486633301
2.17977324263	311.486633301
2.18267573696	311.486633301
2.18557823129	311.306762695
2.18848072562	311.306762695
2.19138321995	311.306762695
2.19428571429	311.306762695
2.19718820862	311.306762695
2.20009070295	311.486633301
2.20299319728	311.486633301
2.20589569161	311.666595459
2.20879818594	311.846679688
2.21170068027	311.846679688
2.2146031746	311.846679688
2.21750566893	311.846679688
2.22040816327	311.846679688
2.2233106576	311.846679688
2.22621315193	312.026855469
2.22911564626	312.026855469
2.23201814059	312.026855469
2.23492063492	312.387542725
2.23782312925	312.568023682
2.24072562358	312.568023682
2.24362811791	312.387542725
2.24653061224	312.20715332
2.24943310658	312.20715332
2.25233560091	312.20715332
2.25523809524	312.026855469
2.25814058957	311.846679688
2.2610430839	311.666595459
2.26394557823	311.666595459
2.26684807256	311.666595459
2.26975056689	311.846679688
2.27265306122	311.846679688
2.27555555556	311.846679688
2.27845804989	311.846679688
2.28136054422	311.846679688
2.28426303855	311.846679688
2.28716553288	311.846679688
2.29006802721	311.666595459
2.29297052154	311.666595459
2.29587301587	311.846679688
2.2987755102	311.846679688
2.30167800454	311.846679688
2.30458049887	312.026855469
2.3074829932	312.026855469
2.31038548753	312.026855469
2.31328798186	312.026855469
2.31619047619	312.026855469
2.31909297052	312.026855469
2.32199546485	312.026855469
2.32489795918	312.026855469
2.32780045351	312.026855469
2.33070294785	312.026855469
2.33360544218	311.846679688
2.33650793651	312.026855469
2.33941043084	312.026855469
2.34231292517	312.026855469
2.3452154195	312.20715332
2.34811791383	312.20715332
2.35102040816	312.026855469
2.35392290249	312.026855469
2.35682539683	312.026855469
2.35972789116	312.026855469
2.36263038549	312.026855469
2.36553287982	312.026855469
2.36843537415	312.026855469
2.37133786848	312.026855469
2.37424036281	312.026855469
2.37714285714	312.026855469
2.38004535147	311.846679688
2.3829478458	311.846679688
2.38585034014	311.666595459
2.38875283447	311.486633301
2.3916553288	311.486633301
2.39455782313	311.666595459
2.39746031746	311.846679688
2.40036281179	311.306762695
2.40326530612	309.871520996
2.40616780045	308.799438477
2.40907029478	308.621124268
2.41197278912	309.513763428
2.41487528345	360.917785645
2.41777777778	359.046386719
2.42068027211	356.566253662
2.42358276644	354.717407227
2.42648526077	355.53793335
2.4293877551	359.253814697
2.43229024943	363.848236084
2.43519274376	368.714324951
2.4380952381	372.137786865
2.44099773243	373.645507812
2.44390022676	374.077423096
2.44680272109	373.214111328
2.44970521542	371.278961182
2.45260770975	369.567230225
2.45551020408	368.075958252
2.45841269841	366.590698242
2.46131519274	365.322387695
2.46421768707	364.268829346
2.46712018141	364.268829346
2.47002267574	364.900604248
2.47292517007	366.167449951
2.4758276644	367.651000977
2.47873015873	369.353820801
2.48163265306	371.064544678
2.48453514739	372.352783203
2.48743764172	372.998596191
2.49034013605	373.429748535
2.49324263039	373.429748535
2.49614512472	373.429748535
2.49904761905	372.567932129
2.50195011338	371.92288208
2.50485260771	371.064544678
2.50775510204	370.636138916
2.51065759637	370.208190918
2.5135600907	369.567230225
2.51646258503	368.927368164
2.51936507937	367.86340332
2.5222675737	366.802520752
2.52517006803	365.955993652
2.52807256236	364.900604248
2.53097505669	364.689880371
2.53387755102	364.689880371
2.53678004535	365.322387695
2.53968253968	366.590698242
2.54258503401	367.86340332
2.54548752834	369.140533447
2.54839002268	369.994415283
2.55129251701	370.636138916
2.55419501134	370.850280762
2.55709750567	370.422119141
2.56	370.208190918
2.56290249433	369.780761719
2.56580498866	369.353820801
2.56870748299	368.927368164
2.57160997732	368.501434326
2.57451247166	368.288635254
2.57741496599	368.288635254
2.58031746032	368.501434326
2.58321995465	368.927368164
2.58612244898	369.353820801
2.58902494331	369.994415283
2.59192743764	370.208190918
2.59482993197	370.208190918
2.5977324263	370.208190918
2.60063492063	370.208190918
2.60353741497	369.994415283
2.6064399093	369.780761719
2.60934240363	369.353820801
2.61224489796	368.927368164
2.61514739229	368.714324951
2.61804988662	368.714324951
2.62095238095	368.714324951
2.62385487528	368.714324951
2.62675736961	368.714324951
2.62965986395	368.714324951
2.63256235828	368.714324951
2.63546485261	368.714324951
2.63836734694	368.927368164
2.64126984127	369.140533447
2.6441723356	369.353820801
2.64707482993	369.353820801
2.64997732426	369.353820801
2.65287981859	369.140533447
2.65578231293	369.353820801
2.65868480726	369.140533447
2.66158730159	369.140533447
2.66448979592	369.353820801
2.66739229025	369.567230225
2.67029478458	369.780761719
2.67319727891	369.994415283
2.67609977324	370.208190918
2.67900226757	370.422119141
2.6819047619	370.208190918
2.68480725624	369.994415283
2.68770975057	370.208190918
2.6906122449	370.422119141
2.69351473923	370.850280762
2.69641723356	371.064544678
2.69931972789	370.636138916
2.70222222222	368.927368164
2.70512471655	366.167449951
2.70802721088	363.848236084
2.71092970522	362.798919678
2.71383219955	363.428161621
2.71673469388	365.744659424
2.71963718821	369.994415283
2.72253968254	380.396392822
2.72544217687	386.82208252
2.7283446712	388.165039062
2.73124716553	389.062927246
2.73414965986	389.962890625
2.7370521542	391.090789795
2.73995464853	392.221923828
2.74285714286	393.129211426
2.74575963719	394.038574219
2.74866213152	394.494049072
2.75156462585	394.721984863
2.75446712018	394.266235352
2.75736961451	393.583618164
2.76027210884	392.221923828
2.76317460317	391.090789795
2.76607709751	389.962890625
2.76897959184	389.062927246
2.77188208617	388.613739014
2.7747845805	388.613739014
2.77768707483	388.838256836
2.78058956916	389.287719727
2.78349206349	389.737701416
2.78639455782	390.413665771
2.78929705215	390.864929199
2.79219954649	390.864929199
2.79510204082	390.864929199
2.79800453515	390.413665771
2.80090702948	389.962890625
2.80380952381	389.062927246
2.80671201814	387.940887451
2.80961451247	387.045593262
2.8125170068	385.706512451
2.81541950113	384.372070312
2.81832199546	383.042236328
2.8212244898	381.496612549
2.82412698413	380.61618042
2.82702947846	380.61618042
2.82993197279	381.056121826
2.83283446712	382.600006104
2.83573696145	383.928283691
2.83863945578	385.038726807
2.84154195011	386.375488281
2.84444444444	387.492980957
2.84734693878	388.165039062
2.85024943311	388.613739014
2.85315192744	388.838256836
2.85605442177	389.062927246
2.8589569161	389.287719727
2.86185941043	389.737701416
2.86476190476	389.962890625
2.86766439909	390.188201904
2.87056689342	390.413665771
2.87346938776	391.090789795
2.87637188209	391.769073486
2.87927437642	392.221923828
2.88217687075	392.448547363
2.88507936508	392.675292969
2.88798185941	392.902191162
2.89088435374	392.902191162
2.89378684807	392.675292969
2.8966893424	392.448547363
2.89959183673	391.995422363
2.90249433107	391.54284668
2.9053968254	391.090789795
2.90829931973	390.639221191
2.91120181406	390.639221191
2.91410430839	390.188201904
2.91700680272	390.639221191
2.91990929705	390.864929199
2.92281179138	391.090789795
2.92571428571	391.090789795
2.92861678005	391.54284668
2.93151927438	391.769073486
2.93442176871	391.995422363
2.93732426304	392.448547363
2.94022675737	392.902191162
2.9431292517	393.583618164
2.94603174603	394.494049072
2.94893424036	395.406585693
2.95183673469	395.863616943
2.95473922902	395.635040283
2.95764172336	394.266235352
2.96054421769	392.448547363
2.96344671202	390.864929199
2.96634920635	389.062927246
2.96925170068	389.062927246
2.97215419501	393.35635376
2.97505668934	397.697143555
2.97795918367	399.539154053
2.980861678	399.539154053
2.98376417234	397.926940918
2.98666666667	394.038574219
2.989569161	366.590698242
2.99247165533	376.244415283
2.99537414966	377.114746094
2.99827664399	376.679321289
3.00117913832	376.244415283
3.00408163265	375.810028076
3.00698412698	375.37612915
3.00988662132	374.726196289
3.01278911565	373.645507812
3.01569160998	371.708129883
3.01859410431	367.86340332
3.02149659864	364.268829346
3.02439909297	361.752624512
3.0273015873	361.126312256
3.03020408163	361.752624512
3.03310657596	363.848236084
3.03600907029	367.438690186
3.03891156463	371.92288208
3.04181405896	375.37612915
3.04471655329	376.46182251
3.04761904762	376.896972656
3.05052154195	376.896972656
3.05342403628	376.679321289
3.05632653061	376.244415283
3.05922902494	374.942718506
3.06213151927	373.645507812
3.06503401361	372.352783203
3.06793650794	371.064544678
3.07083900227	369.567230225
3.0737414966	368.288635254
3.07664399093	367.226501465
3.07954648526	366.378997803
3.08244897959	365.955993652
3.08535147392	365.533477783
3.08825396825	365.744659424
3.09115646259	365.955993652
3.09405895692	366.167449951
3.09696145125	366.590698242
3.09986394558	367.226501465
3.10276643991	367.651000977
3.10566893424	368.501434326
3.10857142857	369.140533447
3.1114739229	369.780761719
3.11437641723	370.422119141
3.11727891156	370.636138916
3.1201814059	370.850280762
3.12308390023	370.850280762
3.12598639456	370.636138916
3.12888888889	369.780761719
3.13179138322	368.927368164
3.13469387755	368.288635254
3.13759637188	367.651000977
3.14049886621	367.226501465
3.14340136054	367.438690186
3.14630385488	367.651000977
3.14920634921	368.288635254
3.15210884354	369.140533447
3.15501133787	369.994415283
3.1579138322	370.636138916
3.16081632653	371.278961182
3.16371882086	371.708129883
3.16662131519	371.92288208
3.16952380952	371.708129883
3.17242630385	371.493469238
3.17532879819	370.422119141
3.17823129252	369.353820801
3.18113378685	367.86340332
3.18403628118	367.014434814
3.18693877551	366.378997803
3.18984126984	366.167449951
3.19274376417	366.802520752
3.1956462585	367.86340332
3.19854875283	368.714324951
3.20145124717	369.567230225
3.2043537415	370.208190918
3.20725623583	370.636138916
3.21015873016	370.850280762
3.21306122449	370.850280762
3.21596371882	370.850280762
3.21886621315	370.208190918
3.22176870748	369.353820801
3.22467120181	368.501434326
3.22757369615	367.86340332
3.23047619048	367.86340332
3.23337868481	367.651000977
3.23628117914	367.86340332
3.23918367347	368.714324951
3.2420861678	370.208190918
3.24498866213	372.137786865
3.24789115646	373.214111328
3.25079365079	373.429748535
3.25369614512	306.489318848
3.25659863946	306.312347412
3.25950113379	305.782012939
3.26240362812	305.252593994
3.26530612245	305.605438232
3.26820861678	306.666412354
3.27111111111	307.553375244
3.27401360544	308.086791992
3.27691609977	308.086791992
3.2798185941	308.621124268
3.28272108844	309.335021973
3.28562358277	310.229705811
3.2885260771	310.76776123
3.29142857143	310.76776123
3.29433106576	310.76776123
3.29723356009	310.76776123
3.30013605442	310.76776123
3.30303854875	310.76776123
3.30594104308	310.94732666
3.30884353741	311.306762695
3.31174603175	311.846679688
3.31464852608	312.387542725
3.31755102041	313.110137939
3.32045351474	313.291046143
3.32335600907	313.110137939
3.3262585034	313.110137939
3.32916099773	312.929321289
3.33206349206	312.929321289
3.33496598639	312.748626709
3.33786848073	312.568023682
3.34077097506	312.387542725
3.34367346939	312.026855469
3.34657596372	311.666595459
3.34947845805	311.126983643
3.35238095238	310.94732666
3.35528344671	310.76776123
3.35818594104	310.94732666
3.36108843537	311.126983643
3.36399092971	311.306762695
3.36689342404	311.306762695
3.36979591837	311.306762695
3.3726984127	311.306762695
3.37560090703	311.306762695
3.37850340136	311.486633301
3.38140589569	311.486633301
3.38430839002	311.846679688
3.38721088435	312.026855469
3.39011337868	312.026855469
3.39301587302	312.026855469
3.39591836735	311.846679688
3.39882086168	311.846679688
3.40172335601	311.846679688
3.40462585034	311.846679688
3.40752834467	311.666595459
3.410430839	311.846679688
3.41333333333	311.846679688
3.41623582766	312.026855469
3.419138322	312.20715332
3.42204081633	312.387542725
3.42494331066	312.568023682
3.42784580499	312.568023682
3.43074829932	312.568023682
3.43365079365	312.387542725
3.43655328798	312.20715332
3.43945578231	311.666595459
3.44235827664	311.486633301
3.44526077098	311.126983643
3.44816326531	311.126983643
3.45106575964	311.126983643
3.45396825397	311.126983643
3.4568707483	311.126983643
3.45977324263	311.126983643
3.46267573696	311.126983643
3.46557823129	311.126983643
3.46848072562	311.306762695
3.47138321995	311.306762695
3.47428571429	311.126983643
3.47718820862	311.126983643
3.48009070295	311.126983643
3.48299319728	311.126983643
3.48589569161	311.126983643
3.48879818594	311.306762695
3.49170068027	311.486633301
3.4946031746	311.666595459
3.49750566893	311.846679688
3.50040816327	311.666595459
3.5033106576	311.486633301
3.50621315193	311.126983643
3.50911564626	310.76776123
3.51201814059	310.588317871
3.51492063492	310.229705811
3.51782312925	309.335021973
3.52072562358	309.692596436
3.52362811791	309.513763428
3.52653061224	308.977874756
3.52943310658	308.621124268
3.53233560091	308.799438477
3.53523809524	310.94732666
3.53814058957	314.01574707
3.5410430839	289.621795654
3.54394557823	291.973388672
3.54684807256	292.142089844
3.54975056689	291.46786499
3.55265306122	292.142089844
3.55555555556	292.310882568
3.55845804989	298.10836792
3.56136054422	298.10836792
3.56426303855	298.10836792
3.56716553288	298.280609131
3.57006802721	299.316162109
3.57297052154	297.592224121
3.57587301587	293.834442139
3.5787755102	293.495178223
3.58167800454	293.156341553
3.58458049887	293.156341553
3.5874829932	293.325714111
3.59038548753	293.325714111
3.59328798186	299.835296631
3.59619047619	299.489105225
3.59909297052	298.797943115
3.60199546485	298.280609131
3.60489795918	298.10836792
3.60780045351	297.592224121
3.61070294785	297.248626709
3.61360544218	296.562652588
3.61650793651	296.049194336
3.61941043084	294.344055176
3.62231292517	291.131347656
3.6252154195	290.795227051
3.62811791383	290.795227051
3.63102040816	290.963226318
3.63392290249	291.46786499
3.63682539683	292.310882568
3.63972789116	294.514129639
3.64263038549	296.562652588
3.64553287982	297.592224121
3.64843537415	298.280609131
3.65133786848	298.452941895
3.65424036281	298.625396729
3.65714285714	298.10836792
3.66004535147	295.878234863
3.6629478458	292.987030029
3.66585034014	292.987030029
3.66875283447	292.987030029
3.6716553288	293.156341553
3.67455782313	293.325714111
3.67746031746	293.664764404
3.68036281179	293.664764404
3.68326530612	293.495178223
3.68616780045	293.325714111
3.68907029478	292.987030029
3.69197278912	292.987030029
3.69487528345	292.817840576
3.69777777778	292.987030029
3.70068027211	292.987030029
3.70358276644	293.156341553
3.70648526077	292.987030029
3.7093877551	293.156341553
3.71229024943	293.156341553
3.71519274376	292.987030029
3.7180952381	292.987030029
3.72099773243	292.987030029
3.72390022676	293.325714111
3.72680272109	293.664764404
3.72970521542	293.834442139
3.73260770975	293.834442139
3.73551020408	293.834442139
3.73841269841	293.664764404
3.74131519274	293.495178223
3.74421768707	293.325714111
3.74712018141	293.495178223
3.75002267574	294.684295654
3.75292517007	296.391387939
3.7558276644	297.07699585
3.75873015873	297.07699585
3.76163265306	297.07699585
3.76453514739	296.905426025
3.76743764172	296.562652588
3.77034013605	296.049194336
3.77324263039	295.365936279
3.77614512472	294.344055176
3.77904761905	292.648773193
3.78195011338	291.299560547
3.78485260771	290.291748047
3.78775510204	289.956573486
3.79065759637	289.956573486
3.7935600907	290.291748047
3.79646258503	290.963226318
3.79936507937	292.310882568
3.8022675737	294.004211426
3.80517006803	295.365936279
3.80807256236	296.391387939
3.81097505669	297.07699585
3.81387755102	297.420379639
3.81678004535	297.592224121
3.81968253968	297.420379639
3.82258503401	296.905426025
3.82548752834	296.391387939
3.82839002268	295.365936279
3.83129251701	294.004211426
3.83419501134	292.479766846
3.83709750567	291.299560547
3.84	290.795227051
3.84290249433	290.627288818
3.84580498866	291.131347656
3.84870748299	291.973388672
3.85160997732	293.495178223
3.85451247166	295.195404053
3.85741496599	296.220245361
3.86031746032	297.07699585
3.86321995465	297.420379639
3.86612244898	297.592224121
3.86902494331	297.420379639
3.87192743764	297.07699585
3.87482993197	296.733978271
3.8777324263	296.049194336
3.88063492063	295.365936279
3.88353741497	294.344055176
3.8864399093	293.325714111
3.88934240363	292.310882568
3.89224489796	291.299560547
3.89514739229	290.963226318
3.89804988662	290.795227051
3.90095238095	291.131347656
3.90385487528	291.636291504
3.90675736961	292.479766846
3.90965986395	293.495178223
3.91256235828	294.174102783
3.91546485261	294.854553223
3.91836734694	295.195404053
3.92126984127	295.365936279
3.9241723356	295.195404053
3.92707482993	295.024932861
3.92997732426	294.684295654
3.93287981859	294.004211426
3.93578231293	293.156341553
3.93868480726	292.479766846
3.94158730159	291.973388672
3.94448979592	291.804779053
3.94739229025	291.804779053
3.95029478458	292.142089844
3.95319727891	292.648773193
3.95609977324	293.325714111
3.95900226757	294.004211426
3.9619047619	294.514129639
3.96480725624	294.854553223
3.96770975057	295.195404053
3.9706122449	295.365936279
3.97351473923	295.365936279
3.97641723356	295.195404053
3.97931972789	294.854553223
3.98222222222	294.514129639
3.98512471655	294.174102783
3.98802721088	293.664764404
3.99092970522	293.325714111
3.99383219955	292.987030029
3.99673469388	293.156341553
3.99963718821	293.325714111
4.00253968254	293.495178223
4.00544217687	294.004211426
4.0083446712	294.174102783
4.01124716553	294.514129639
4.01414965986	294.514129639
4.0170521542	294.344055176
4.01995464853	294.174102783
4.02285714286	294.004211426
4.02575963719	293.834442139
4.02866213152	293.834442139
4.03156462585	293.664764404
4.03446712018	293.495178223
4.03736961451	293.664764404
4.04027210884	293.664764404
4.04317460317	293.664764404
4.04607709751	293.664764404
4.04897959184	293.664764404
4.05188208617	293.664764404
4.0547845805	293.664764404
4.05768707483	293.664764404
4.06058956916	293.834442139
4.06349206349	294.004211426
4.06639455782	294.004211426
4.06929705215	293.834442139
4.07219954649	293.664764404
4.07510204082	293.664764404
4.07800453515	293.495178223
4.08090702948	293.156341553
4.08380952381	292.987030029
4.08671201814	292.817840576
4.08961451247	292.817840576
4.0925170068	292.987030029
4.09541950113	293.156341553
4.09832199546	293.325714111
4.1012244898	293.834442139
4.10412698413	294.174102783
4.10702947846	294.344055176
4.10993197279	294.514129639
4.11283446712	294.514129639
4.11573696145	294.344055176
4.11863945578	294.004211426
4.12154195011	293.495178223
4.12444444444	293.156341553
4.12734693878	292.817840576
4.13024943311	292.479766846
4.13315192744	292.479766846
4.13605442177	292.648773193
4.1389569161	292.987030029
4.14185941043	293.325714111
4.14476190476	293.834442139
4.14766439909	294.174102783
4.15056689342	294.514129639
4.15346938776	294.684295654
4.15637188209	294.854553223
4.15927437642	294.854553223
4.16217687075	294.854553223
4.16507936508	294.684295654
4.16798185941	294.344055176
4.17088435374	294.174102783
4.17378684807	293.834442139
4.1766893424	293.325714111
4.17959183673	292.987030029
4.18249433107	292.648773193
4.1853968254	292.479766846
4.18829931973	292.310882568
4.19120181406	292.479766846
4.19410430839	292.817840576
4.19700680272	293.325714111
4.19990929705	293.834442139
4.20281179138	294.174102783
4.20571428571	294.684295654
4.20861678005	294.854553223
4.21151927438	294.854553223
4.21442176871	294.854553223
4.21732426304	294.684295654
4.22022675737	294.344055176
4.2231292517	294.174102783
4.22603174603	293.664764404
4.22893424036	293.325714111
4.23183673469	292.817840576
4.23473922902	292.479766846
4.23764172336	292.310882568
4.24054421769	292.142089844
4.24344671202	292.310882568
4.24634920635	292.479766846
4.24925170068	292.987030029
4.25215419501	293.325714111
4.25505668934	293.834442139
4.25795918367	294.344055176
4.260861678	294.514129639
4.26376417234	294.684295654
4.26666666667	294.854553223
4.269569161	294.854553223
4.27247165533	294.684295654
4.27537414966	294.514129639
4.27827664399	294.344055176
4.28117913832	294.004211426
4.28408163265	293.664764404
4.28698412698	293.156341553
4.28988662132	292.817840576
4.29278911565	292.479766846
4.29569160998	292.142089844
4.29859410431	291.973388672
4.30149659864	291.973388672
4.30439909297	292.142089844
4.3073015873	292.648773193
4.31020408163	293.156341553
4.31310657596	293.664764404
4.31600907029	294.174102783
4.31891156463	294.344055176
4.32181405896	294.514129639
4.32471655329	294.514129639
4.32761904762	294.174102783
4.33052154195	293.834442139
4.33342403628	293.495178223
4.33632653061	292.817840576
4.33922902494	292.648773193
4.34213151927	292.479766846
4.34503401361	292.479766846
4.34793650794	292.648773193
4.35083900227	293.156341553
4.3537414966	293.834442139
4.35664399093	294.344055176
4.35954648526	294.854553223
4.36244897959	295.365936279
4.36535147392	295.878234863
4.36825396825	297.07699585
4.37115646259	297.764160156
4.37405895692	298.280609131
4.37696145125	298.625396729
4.37986394558	297.936218262
4.38276643991	297.936218262
4.38566893424	297.592224121
4.38857142857	297.07699585
4.3914739229	296.733978271
4.39437641723	296.220245361
4.39727891156	295.707366943
4.4001814059	295.365936279
4.40308390023	0.0
4.40598639456	0.0
4.40888888889	0.0
4.41179138322	0.0
4.41469387755	0.0
4.41759637188	0.0
4.42049886621	0.0
4.42340136054	0.0
4.42630385488	0.0
4.42920634921	0.0
4.43210884354	0.0
4.43501133787	0.0
4.4379138322	0.0
4.44081632653	0.0
4.44371882086	0.0
4.44662131519	0.0
4.44952380952	0.0
4.45242630385	0.0
4.45532879819	0.0
4.45823129252	0.0
4.46113378685	0.0
4.46403628118	0.0
4.46693877551	0.0
4.46984126984	0.0
4.47274376417	0.0
4.4756462585	0.0
4.47854875283	0.0
4.48145124717	0.0
4.4843537415	0.0
4.48725623583	0.0
4.49015873016	0.0
4.49306122449	0.0
4.49596371882	0.0
4.49886621315	0.0
4.50176870748	0.0
4.50467120181	0.0
4.50757369615	0.0
4.51047619048	0.0
4.51337868481	0.0
4.51628117914	0.0
4.51918367347	0.0
4.5220861678	0.0
4.52498866213	0.0
4.52789115646	0.0
4.53079365079	0.0
4.53369614512	0.0
4.53659863946	0.0
4.53950113379	0.0
4.54240362812	0.0
4.54530612245	0.0
4.54820861678	0.0
4.55111111111	0.0
4.55401360544	0.0
4.55691609977	0.0
4.5598185941	0.0
4.56272108844	0.0
4.56562358277	0.0
4.5685260771	0.0
4.57142857143	0.0
4.57433106576	0.0
4.57723356009	0.0
4.58013605442	0.0
4.58303854875	0.0
4.58594104308	0.0
4.58884353741	0.0
4.59174603175	0.0
4.59464852608	0.0
4.59755102041	0.0
4.60045351474	0.0
4.60335600907	0.0
4.6062585034	0.0
4.60916099773	0.0
4.61206349206	0.0
4.61496598639	0.0
4.61786848073	0.0
4.62077097506	0.0
4.62367346939	0.0
4.62657596372	0.0
4.62947845805	0.0
4.63238095238	0.0
4.63528344671	0.0
4.63818594104	0.0
4.64108843537	0.0
4.64399092971	0.0
4.64689342404	0.0
4.64979591837	0.0
4.6526984127	0.0
4.65560090703	0.0
4.65850340136	0.0
4.66140589569	0.0
4.66430839002	0.0
4.66721088435	0.0
4.67011337868	0.0
4.67301587302	0.0
4.67591836735	0.0
4.67882086168	0.0
4.68172335601	0.0
4.68462585034	0.0
4.68752834467	0.0
4.690430839	0.0
4.69333333333	0.0
4.69623582766	0.0
4.699138322	0.0
4.70204081633	0.0
4.70494331066	0.0
4.70784580499	0.0
4.71074829932	0.0
4.71365079365	0.0
4.71655328798	0.0
4.71945578231	0.0
4.72235827664	0.0
4.72526077098	0.0
4.72816326531	0.0
4.73106575964	0.0
4.73396825397	0.0
4.7368707483	0.0
4.73977324263	0.0
4.74267573696	0.0
4.74557823129	0.0
4.74848072562	0.0
4.75138321995	0.0
4.75428571429	0.0
4.75718820862	0.0
4.76009070295	0.0
4.76299319728	0.0
4.76589569161	0.0
4.76879818594	0.0
4.77170068027	0.0
4.7746031746	0.0
4.77750566893	0.0
4.78040816327	0.0
4.7833106576	0.0
4.78621315193	0.0
4.78911564626	0.0
4.79201814059	0.0
4.79492063492	0.0
4.79782312925	0.0
4.80072562358	0.0
4.80362811791	0.0
4.80653061224	0.0
4.80943310658	0.0
4.81233560091	0.0
