0.0	0.0
0.00290249433107	0.0
0.00580498866213	0.0
0.0087074829932	0.0
0.0116099773243	0.0
0.0145124716553	0.0
0.0174149659864	0.0
0.0203174603175	0.0
0.0232199546485	0.0
0.0261224489796	0.0
0.0290249433107	0.0
0.0319274376417	0.0
0.0348299319728	0.0
0.0377324263039	0.0
0.0406349206349	0.0
0.043537414966	0.0
0.0464399092971	0.0
0.0493424036281	0.0
0.0522448979592	0.0
0.0551473922902	0.0
0.0580498866213	0.0
0.0609523809524	0.0
0.0638548752834	0.0
0.0667573696145	0.0
0.0696598639456	0.0
0.0725623582766	0.0
0.0754648526077	0.0
0.0783673469388	0.0
0.0812698412698	0.0
0.0841723356009	0.0
0.087074829932	0.0
0.089977324263	0.0
0.0928798185941	0.0
0.0957823129252	0.0
0.0986848072562	0.0
0.101587301587	0.0
0.104489795918	0.0
0.107392290249	0.0
0.11029478458	0.0
0.113197278912	0.0
0.116099773243	0.0
0.119002267574	0.0
0.121904761905	0.0
0.124807256236	0.0
0.127709750567	0.0
0.130612244898	0.0
0.133514739229	0.0
0.13641723356	0.0
0.139319727891	0.0
0.142222222222	0.0
0.145124716553	0.0
0.148027210884	0.0
0.150929705215	0.0
0.153832199546	0.0
0.156734693878	0.0
0.159637188209	0.0
0.16253968254	0.0
0.165442176871	0.0
0.168344671202	0.0
0.171247165533	0.0
0.174149659864	0.0
0.177052154195	0.0
0.179954648526	0.0
0.182857142857	0.0
0.185759637188	0.0
0.188662131519	0.0
0.19156462585	0.0
0.194467120181	0.0
0.197369614512	0.0
0.200272108844	0.0
0.203174603175	0.0
0.206077097506	0.0
0.208979591837	0.0
0.211882086168	0.0
0.214784580499	0.0
0.21768707483	0.0
0.220589569161	0.0
0.223492063492	289.287414551
0.226394557823	289.789123535
0.229297052154	290.459472656
0.232199546485	290.459472656
0.235102040816	290.627288818
0.238004535147	290.459472656
0.240907029478	286.957458496
0.24380952381	283.989349365
0.246712018141	283.333953857
0.249614512472	283.989349365
0.252517006803	284.975280762
0.255419501134	286.129882812
0.258321995465	287.45513916
0.261224489796	288.286560059
0.264126984127	289.287414551
0.267029478458	290.291748047
0.269931972789	291.299560547
0.27283446712	291.973388672
0.275736961451	292.310882568
0.278639455782	292.310882568
0.281541950113	291.973388672
0.284444444444	291.46786499
0.287346938776	291.131347656
0.290249433107	290.963226318
0.293151927438	290.795227051
0.296054421769	290.963226318
0.2989569161	291.131347656
0.301859410431	291.299560547
0.304761904762	291.46786499
0.307664399093	291.636291504
0.310566893424	291.973388672
0.313469387755	292.142089844
0.316371882086	292.310882568
0.319274376417	292.142089844
0.322176870748	291.973388672
0.325079365079	291.804779053
0.32798185941	291.804779053
0.330884353741	291.636291504
0.333786848073	291.804779053
0.336689342404	291.973388672
0.339591836735	292.310882568
0.342494331066	292.479766846
0.345396825397	292.648773193
0.348299319728	292.648773193
0.351201814059	292.817840576
0.35410430839	292.648773193
0.357006802721	292.479766846
0.359909297052	292.142089844
0.362811791383	292.142089844
0.365714285714	291.973388672
0.368616780045	291.973388672
0.371519274376	291.973388672
0.374421768707	291.973388672
0.377324263039	291.973388672
0.38022675737	292.142089844
0.383129251701	292.310882568
0.386031746032	292.310882568
0.388934240363	292.479766846
0.391836734694	292.479766846
0.394739229025	292.648773193
0.397641723356	292.648773193
0.400544217687	292.479766846
0.403446712018	292.479766846
0.406349206349	292.648773193
0.40925170068	292.817840576
0.412154195011	292.817840576
0.415056689342	292.987030029
0.417959183673	293.156341553
0.420861678005	292.987030029
0.423764172336	292.817840576
0.426666666667	292.817840576
0.429569160998	292.648773193
0.432471655329	292.479766846
0.43537414966	292.310882568
0.438276643991	292.310882568
0.441179138322	292.142089844
0.444081632653	292.142089844
0.446984126984	291.973388672
0.449886621315	291.973388672
0.452789115646	291.973388672
0.455691609977	291.973388672
0.458594104308	292.142089844
0.461496598639	292.310882568
0.464399092971	292.310882568
0.467301587302	292.648773193
0.470204081633	292.648773193
0.473106575964	292.817840576
0.476009070295	292.987030029
0.478911564626	293.156341553
0.481814058957	293.156341553
0.484716553288	292.987030029
0.487619047619	292.987030029
0.49052154195	292.817840576
0.493424036281	292.648773193
0.496326530612	292.479766846
0.499229024943	292.310882568
0.502131519274	292.142089844
0.505034013605	291.973388672
0.507936507937	291.973388672
0.510839002268	291.973388672
0.513741496599	292.142089844
0.51664399093	292.142089844
0.519546485261	291.973388672
0.522448979592	291.973388672
0.525351473923	291.973388672
0.528253968254	420.858978271
0.531156462585	420.615936279
0.534058956916	423.05255127
0.536961451247	436.708374023
0.539863945578	440.254241943
0.542766439909	440.254241943
0.54566893424	440.254241943
0.548571428571	440.254241943
0.551473922902	439.238189697
0.554376417234	437.718536377
0.557278911565	436.708374023
0.560181405896	436.456207275
0.563083900227	437.213165283
0.565986394558	437.718536377
0.568888888889	437.971466064
0.57179138322	438.224517822
0.574693877551	438.224517822
0.577596371882	438.224517822
0.580498866213	438.477722168
0.583401360544	438.477722168
0.586303854875	438.477722168
0.589206349206	438.224517822
0.592108843537	437.718536377
0.595011337868	436.708374023
0.5979138322	435.952270508
0.600816326531	435.197479248
0.603718820862	435.448913574
0.606621315193	435.448913574
0.609523809524	435.952270508
0.612426303855	436.204162598
0.615328798186	436.708374023
0.618231292517	437.213165283
0.621133786848	437.718536377
0.624036281179	438.731048584
0.62693877551	439.238189697
0.629841269841	440.0
0.632743764172	440.508605957
0.635646258503	441.017791748
0.638548752834	441.272613525
0.641451247166	441.272613525
0.644353741497	441.272613525
0.647256235828	440.763122559
0.650158730159	440.508605957
0.65306122449	440.254241943
0.655963718821	439.745910645
0.658866213152	439.491973877
0.661768707483	438.984558105
0.664671201814	438.477722168
0.667573696145	438.224517822
0.670476190476	438.224517822
0.673378684807	438.731048584
0.676281179138	438.984558105
0.679183673469	439.238189697
0.6820861678	439.745910645
0.684988662132	440.0
0.687891156463	440.254241943
0.690793650794	440.0
0.693696145125	439.745910645
0.696598639456	439.238189697
0.699501133787	438.984558105
0.702403628118	438.731048584
0.705306122449	438.477722168
0.70820861678	438.477722168
0.711111111111	438.731048584
0.714013605442	438.984558105
0.716916099773	438.984558105
0.719818594104	439.238189697
0.722721088435	439.491973877
0.725623582766	439.238189697
0.728526077098	439.238189697
0.731428571429	438.984558105
0.73433106576	438.984558105
0.737233560091	438.731048584
0.740136054422	438.477722168
0.743038548753	438.477722168
0.745941043084	438.477722168
0.748843537415	438.477722168
0.751746031746	438.224517822
0.754648526077	438.224517822
0.757551020408	438.224517822
0.760453514739	438.224517822
0.76335600907	438.224517822
0.766258503401	438.477722168
0.769160997732	438.731048584
0.772063492063	438.731048584
0.774965986395	438.984558105
0.777868480726	438.984558105
0.780770975057	439.238189697
0.783673469388	439.238189697
0.786575963719	439.491973877
0.78947845805	439.745910645
0.792380952381	440.0
0.795283446712	440.0
0.798185941043	439.745910645
0.801088435374	439.491973877
0.803990929705	439.238189697
0.806893424036	439.238189697
0.809795918367	439.238189697
0.812698412698	439.238189697
0.815600907029	439.491973877
0.818503401361	439.745910645
0.821405895692	440.0
0.824308390023	440.0
0.827210884354	440.0
0.830113378685	439.745910645
0.833015873016	439.745910645
0.835918367347	439.491973877
0.838820861678	439.238189697
0.841723356009	439.238189697
0.84462585034	438.984558105
0.847528344671	438.984558105
0.850430839002	438.984558105
0.853333333333	438.984558105
0.856235827664	438.984558105
0.859138321995	438.984558105
0.862040816327	438.984558105
0.864943310658	439.238189697
0.867845804989	439.238189697
0.87074829932	439.238189697
0.873650793651	439.238189697
0.876553287982	438.984558105
0.879455782313	438.984558105
0.882358276644	438.731048584
0.885260770975	438.731048584
0.888163265306	438.731048584
0.891065759637	438.731048584
0.893968253968	438.731048584
0.896870748299	438.731048584
0.89977324263	438.984558105
0.902675736961	438.984558105
0.905578231293	438.984558105
0.908480725624	438.984558105
0.911383219955	438.984558105
0.914285714286	438.984558105
0.917188208617	438.984558105
0.920090702948	439.238189697
0.922993197279	439.491973877
0.92589569161	439.491973877
0.928798185941	439.491973877
0.931700680272	439.491973877
0.934603174603	439.238189697
0.937505668934	439.238189697
0.940408163265	438.984558105
0.943310657596	438.984558105
0.946213151927	438.984558105
0.949115646259	438.984558105
0.95201814059	439.238189697
0.954920634921	439.491973877
0.957823129252	439.491973877
0.960725623583	439.745910645
0.963628117914	439.491973877
0.966530612245	439.491973877
0.969433106576	439.238189697
0.972335600907	439.238189697
0.975238095238	438.984558105
0.978140589569	438.984558105
0.9810430839	438.984558105
0.983945578231	438.984558105
0.986848072562	439.238189697
0.989750566893	439.238189697
0.992653061224	439.491973877
0.995555555556	439.491973877
0.998458049887	439.491973877
1.00136054422	439.491973877
1.00426303855	439.491973877
1.00716553288	439.238189697
1.01006802721	438.984558105
1.01297052154	438.731048584
1.01587301587	438.731048584
1.0187755102	438.731048584
1.02167800454	438.477722168
1.02458049887	438.224517822
1.0274829932	438.224517822
1.03038548753	438.224517822
1.03328798186	438.224517822
1.03619047619	438.224517822
1.03909297052	438.477722168
1.04199546485	438.224517822
1.04489795918	438.224517822
1.04780045351	437.971466064
1.05070294785	437.465789795
1.05360544218	436.708374023
1.05650793651	435.197479248
1.05941043084	432.191345215
1.06231292517	426.980499268
1.0652154195	419.402893066
1.06811791383	412.912719727
1.07102040816	408.170013428
1.07392290249	404.648773193
1.07682539683	403.248779297
1.07972789116	402.783203125
1.08263038549	402.783203125
1.08553287982	403.248779297
1.08843537415	403.948181152
1.09133786848	404.882568359
1.09424036281	406.288208008
1.09714285714	408.405853271
1.10004535147	410.771728516
1.1029478458	413.390014648
1.10585034014	415.3046875
1.10875283447	416.024993896
1.1116553288	416.746520996
1.11455782313	416.265350342
1.11746031746	414.825195312
1.12036281179	413.390014648
1.12326530612	412.435974121
1.12616780045	411.246520996
1.12907029478	410.771728516
1.13197278912	410.060516357
1.13487528345	409.35055542
1.13777777778	407.934326172
1.14068027211	406.757843018
1.14358276644	406.053588867
1.14648526077	406.522979736
1.1493877551	408.405853271
1.15229024943	411.484161377
1.15519274376	414.825195312
1.1580952381	417.710540771
1.16099773243	419.160705566
1.16390022676	419.402893066
1.16680272109	418.193359375
1.16970521542	416.505889893
1.17260770975	414.585662842
1.17551020408	413.390014648
1.17841269841	412.435974121
1.18131519274	412.197814941
1.18421768707	411.721893311
1.18712018141	411.721893311
1.19002267574	411.721893311
1.19292517007	412.197814941
1.1958276644	413.151306152
1.19873015873	414.585662842
1.20163265306	416.987335205
1.20453514739	419.645233154
1.20743764172	421.102142334
1.21034013605	422.076202393
1.21324263039	422.320098877
1.21614512472	421.345428467
1.21904761905	420.130310059
1.22195011338	418.434997559
1.22485260771	417.469329834
1.22775510204	416.505889893
1.23065759637	416.024993896
1.2335600907	415.3046875
1.23646258503	414.825195312
1.23936507937	414.346252441
1.2422675737	413.867858887
1.24517006803	413.867858887
1.24807256236	413.628875732
1.25097505669	413.628875732
1.25387755102	413.628875732
1.25678004535	413.628875732
1.25968253968	413.628875732
1.26258503401	413.628875732
1.26548752834	413.628875732
1.26839002268	413.628875732
1.27129251701	413.867858887
1.27419501134	413.867858887
1.27709750567	413.628875732
1.28	413.628875732
1.28290249433	413.628875732
1.28580498866	413.628875732
1.28870748299	413.867858887
1.29160997732	414.346252441
1.29451247166	414.825195312
1.29741496599	415.544647217
1.30031746032	416.024993896
1.30321995465	416.265350342
1.30612244898	416.265350342
1.30902494331	416.265350342
1.31192743764	415.784759521
1.31482993197	415.064880371
1.3177324263	414.346252441
1.32063492063	413.867858887
1.32353741497	413.390014648
1.3264399093	413.390014648
1.32934240363	414.346252441
1.33224489796	415.784759521
1.33514739229	416.746520996
1.33804988662	416.505889893
1.34095238095	415.784759521
1.34385487528	413.867858887
1.34675736961	410.534515381
1.34965986395	405.116516113
1.35256235828	397.697143555
1.35546485261	392.448547363
1.35836734694	389.062927246
1.36126984127	385.483795166
1.3641723356	382.15826416
1.36707482993	379.299346924
1.36997732426	377.55065918
1.37287981859	376.244415283
1.37578231293	375.810028076
1.37868480726	376.027160645
1.38158730159	376.679321289
1.38448979592	377.114746094
1.38739229025	377.55065918
1.39029478458	376.679321289
1.39319727891	374.726196289
1.39609977324	371.064544678
1.39900226757	368.075958252
1.4019047619	367.014434814
1.40480725624	367.014434814
1.40770975057	367.438690186
1.4106122449	368.288635254
1.41351473923	369.994415283
1.41641723356	371.92288208
1.41931972789	373.214111328
1.42222222222	374.077423096
1.42512471655	374.726196289
1.42802721088	375.159362793
1.43092970522	374.942718506
1.43383219955	373.429748535
1.43673469388	370.850280762
1.43963718821	368.927368164
1.44253968254	367.86340332
1.44544217687	367.226501465
1.4483446712	367.226501465
1.45124716553	367.651000977
1.45414965986	368.927368164
1.4570521542	370.422119141
1.45995464853	371.708129883
1.46285714286	372.352783203
1.46575963719	372.783203125
1.46866213152	372.783203125
1.47156462585	371.92288208
1.47446712018	371.064544678
1.47736961451	370.208190918
1.48027210884	369.567230225
1.48317460317	369.780761719
1.48607709751	369.994415283
1.48897959184	370.422119141
1.49188208617	371.064544678
1.4947845805	370.850280762
1.49768707483	370.208190918
1.50058956916	369.567230225
1.50349206349	369.353820801
1.50639455782	369.567230225
1.50929705215	370.208190918
1.51219954649	371.278961182
1.51510204082	372.567932129
1.51800453515	373.214111328
1.52090702948	372.783203125
1.52380952381	371.708129883
1.52671201814	370.636138916
1.52961451247	370.208190918
1.5325170068	369.994415283
1.53541950113	369.994415283
1.53832199546	370.422119141
1.5412244898	370.636138916
1.54412698413	370.636138916
1.54702947846	369.994415283
1.54993197279	369.353820801
1.55283446712	368.927368164
1.55573696145	368.714324951
1.55863945578	368.927368164
1.56154195011	369.353820801
1.56444444444	369.994415283
1.56734693878	370.422119141
1.57024943311	370.636138916
1.57315192744	370.636138916
1.57605442177	370.636138916
1.5789569161	370.636138916
1.58185941043	370.636138916
1.58476190476	370.636138916
1.58766439909	370.422119141
1.59056689342	370.208190918
1.59346938776	369.567230225
1.59637188209	369.140533447
1.59927437642	368.714324951
1.60217687075	368.714324951
1.60507936508	368.714324951
1.60798185941	369.140533447
1.61088435374	369.567230225
1.61378684807	370.208190918
1.6166893424	370.422119141
1.61959183673	370.636138916
1.62249433107	370.850280762
1.6253968254	370.850280762
1.62829931973	371.064544678
1.63120181406	371.278961182
1.63410430839	371.278961182
1.63700680272	371.064544678
1.63990929705	370.850280762
1.64281179138	370.422119141
1.64571428571	370.208190918
1.64861678005	369.994415283
1.65151927438	369.994415283
1.65442176871	370.208190918
1.65732426304	370.208190918
1.66022675737	370.422119141
1.6631292517	370.422119141
1.66603174603	370.636138916
1.66893424036	370.636138916
1.67183673469	370.636138916
1.67473922902	370.636138916
1.67764172336	370.422119141
1.68054421769	370.422119141
1.68344671202	370.208190918
1.68634920635	369.994415283
1.68925170068	369.780761719
1.69215419501	369.353820801
1.69505668934	369.140533447
1.69795918367	369.140533447
1.700861678	369.140533447
1.70376417234	369.353820801
1.70666666667	369.567230225
1.709569161	369.780761719
1.71247165533	369.994415283
1.71537414966	369.994415283
1.71827664399	369.994415283
1.72117913832	370.208190918
1.72408163265	370.208190918
1.72698412698	370.208190918
1.72988662132	369.994415283
1.73278911565	369.994415283
1.73569160998	369.994415283
1.73859410431	369.780761719
1.74149659864	369.780761719
1.74439909297	369.780761719
1.7473015873	369.567230225
1.75020408163	369.567230225
1.75310657596	369.567230225
1.75600907029	369.567230225
1.75891156463	369.567230225
1.76181405896	369.567230225
1.76471655329	369.780761719
1.76761904762	369.994415283
1.77052154195	369.780761719
1.77342403628	369.567230225
1.77632653061	369.353820801
1.77922902494	369.140533447
1.78213151927	368.927368164
1.78503401361	368.927368164
1.78793650794	368.927368164
1.79083900227	369.140533447
1.7937414966	369.567230225
1.79664399093	369.567230225
1.79954648526	369.780761719
1.80244897959	369.994415283
1.80535147392	369.994415283
1.80825396825	370.208190918
1.81115646259	370.208190918
1.81405895692	370.208190918
1.81696145125	370.208190918
1.81986394558	369.780761719
1.82276643991	369.140533447
1.82566893424	368.501434326
1.82857142857	367.651000977
1.8314739229	367.014434814
1.83437641723	366.802520752
1.83727891156	367.014434814
1.8401814059	367.86340332
1.84308390023	368.714324951
1.84598639456	370.208190918
1.84888888889	371.92288208
1.85179138322	373.214111328
1.85469387755	374.077423096
1.85759637188	374.077423096
1.86049886621	373.645507812
1.86340136054	372.783203125
1.86630385488	371.708129883
1.86920634921	371.278961182
1.87210884354	371.064544678
1.87501133787	370.850280762
1.8779138322	370.850280762
1.88081632653	371.278961182
1.88371882086	371.92288208
1.88662131519	312.929321289
1.88952380952	312.20715332
1.89242630385	311.486633301
1.89532879819	311.126983643
1.89823129252	309.871520996
1.90113378685	308.442932129
1.90403628118	308.086791992
1.90693877551	308.264801025
1.90984126984	309.692596436
1.91274376417	311.306762695
1.9156462585	312.026855469
1.91854875283	312.387542725
1.92145124717	312.568023682
1.9243537415	312.568023682
1.92725623583	312.387542725
1.93015873016	312.20715332
1.93306122449	312.026855469
1.93596371882	311.846679688
1.93886621315	311.846679688
1.94176870748	312.20715332
1.94467120181	312.387542725
1.94757369615	312.387542725
1.95047619048	312.026855469
1.95337868481	311.846679688
1.95628117914	311.486633301
1.95918367347	311.126983643
1.9620861678	311.126983643
1.96498866213	311.126983643
1.96789115646	310.94732666
1.97079365079	310.94732666
1.97369614512	311.126983643
1.97659863946	311.306762695
1.97950113379	311.486633301
1.98240362812	311.486633301
1.98530612245	311.486633301
1.98820861678	311.306762695
1.99111111111	311.126983643
1.99401360544	311.126983643
1.99691609977	311.126983643
1.9998185941	311.126983643
2.00272108844	311.306762695
2.00562358277	311.306762695
2.0085260771	311.126983643
2.01142857143	311.306762695
2.01433106576	311.306762695
2.01723356009	311.306762695
2.02013605442	311.306762695
2.02303854875	311.126983643
2.02594104308	311.126983643
2.02884353741	311.306762695
2.03174603175	311.486633301
2.03464852608	311.486633301
2.03755102041	311.666595459
2.04045351474	311.666595459
2.04335600907	311.666595459
2.0462585034	311.666595459
2.04916099773	311.666595459
2.05206349206	311.666595459
2.05496598639	311.486633301
2.05786848073	311.306762695
2.06077097506	311.126983643
2.06367346939	311.306762695
2.06657596372	311.486633301
2.06947845805	311.486633301
2.07238095238	311.666595459
2.07528344671	311.666595459
2.07818594104	311.666595459
2.08108843537	311.666595459
2.08399092971	311.666595459
2.08689342404	311.486633301
2.08979591837	311.306762695
2.0926984127	311.126983643
2.09560090703	310.94732666
2.09850340136	310.94732666
2.10140589569	311.126983643
2.10430839002	311.126983643
2.10721088435	311.306762695
2.11011337868	311.306762695
2.11301587302	311.486633301
2.11591836735	311.666595459
2.11882086168	311.666595459
2.12172335601	311.486633301
2.12462585034	311.486633301
2.12752834467	311.486633301
2.130430839	311.486633301
2.13333333333	311.486633301
2.13623582766	311.486633301
2.139138322	311.486633301
2.14204081633	311.486633301
2.14494331066	311.486633301
2.14784580499	311.666595459
2.15074829932	311.666595459
2.15365079365	311.486633301
2.15655328798	311.486633301
2.15945578231	311.486633301
2.16235827664	311.666595459
2.16526077098	311.666595459
2.16816326531	311.846679688
2.17106575964	311.846679688
2.17396825397	311.846679688
2.1768707483	311.846679688
2.17977324263	311.666595459
2.18267573696	311.666595459
2.18557823129	311.486633301
2.18848072562	311.306762695
2.19138321995	311.126983643
2.19428571429	311.126983643
2.19718820862	311.306762695
2.20009070295	311.306762695
2.20299319728	311.306762695
2.20589569161	311.486633301
2.20879818594	311.666595459
2.21170068027	311.666595459
2.2146031746	311.666595459
2.21750566893	311.666595459
2.22040816327	311.666595459
2.2233106576	311.486633301
2.22621315193	311.486633301
2.22911564626	311.306762695
2.23201814059	311.306762695
2.23492063492	311.126983643
2.23782312925	311.126983643
2.24072562358	311.306762695
2.24362811791	311.306762695
2.24653061224	311.486633301
2.24943310658	311.486633301
2.25233560091	311.666595459
2.25523809524	311.666595459
2.25814058957	311.666595459
2.2610430839	311.486633301
2.26394557823	311.486633301
2.26684807256	311.306762695
2.26975056689	311.306762695
2.27265306122	311.306762695
2.27555555556	311.306762695
2.27845804989	311.306762695
2.28136054422	311.486633301
2.28426303855	311.486633301
2.28716553288	311.486633301
2.29006802721	311.486633301
2.29297052154	311.486633301
2.29587301587	311.486633301
2.2987755102	311.486633301
2.30167800454	311.306762695
2.30458049887	311.306762695
2.3074829932	311.486633301
2.31038548753	311.306762695
2.31328798186	310.94732666
2.31619047619	310.76776123
2.31909297052	310.94732666
2.32199546485	311.306762695
2.32489795918	311.846679688
2.32780045351	311.846679688
2.33070294785	311.666595459
2.33360544218	382.600006104
2.33650793651	382.379058838
2.33941043084	382.15826416
2.34231292517	381.937561035
2.3452154195	382.15826416
2.34811791383	382.15826416
2.35102040816	381.717010498
2.35392290249	381.496612549
2.35682539683	380.396392822
2.35972789116	379.299346924
2.36263038549	378.205474854
2.36553287982	376.896972656
2.36843537415	375.593017578
2.37133786848	374.726196289
2.37424036281	373.86138916
2.37714285714	372.998596191
2.38004535147	371.278961182
2.3829478458	368.288635254
2.38585034014	367.014434814
2.38875283447	366.802520752
2.3916553288	367.226501465
2.39455782313	368.075958252
2.39746031746	369.780761719
2.40036281179	372.567932129
2.40326530612	374.942718506
2.40616780045	375.810028076
2.40907029478	375.810028076
2.41197278912	375.810028076
2.41487528345	374.942718506
2.41777777778	373.429748535
2.42068027211	371.493469238
2.42358276644	368.927368164
2.42648526077	367.226501465
2.4293877551	366.378997803
2.43229024943	366.378997803
2.43519274376	367.014434814
2.4380952381	368.075958252
2.44099773243	369.994415283
2.44390022676	372.137786865
2.44680272109	373.429748535
2.44970521542	373.645507812
2.45260770975	372.998596191
2.45551020408	372.137786865
2.45841269841	371.064544678
2.46131519274	370.636138916
2.46421768707	369.994415283
2.46712018141	369.780761719
2.47002267574	369.567230225
2.47292517007	369.994415283
2.4758276644	370.208190918
2.47873015873	370.636138916
2.48163265306	370.636138916
2.48453514739	370.422119141
2.48743764172	370.208190918
2.49034013605	369.994415283
2.49324263039	370.208190918
2.49614512472	370.636138916
2.49904761905	371.278961182
2.50195011338	371.493469238
2.50485260771	371.708129883
2.50775510204	371.493469238
2.51065759637	371.493469238
2.5135600907	371.064544678
2.51646258503	370.636138916
2.51936507937	370.208190918
2.5222675737	369.994415283
2.52517006803	369.780761719
2.52807256236	369.994415283
2.53097505669	369.994415283
2.53387755102	369.780761719
2.53678004535	369.353820801
2.53968253968	369.140533447
2.54258503401	369.140533447
2.54548752834	369.353820801
2.54839002268	369.567230225
2.55129251701	369.994415283
2.55419501134	370.208190918
2.55709750567	370.422119141
2.56	370.850280762
2.56290249433	370.850280762
2.56580498866	370.850280762
2.56870748299	370.850280762
2.57160997732	371.064544678
2.57451247166	371.493469238
2.57741496599	372.137786865
2.58031746032	373.645507812
2.58321995465	375.37612915
2.58612244898	377.987060547
2.58902494331	383.485015869
2.59192743764	392.221923828
2.59482993197	396.550201416
2.5977324263	398.386901855
2.60063492063	399.308441162
2.60353741497	398.847381592
2.6064399093	397.237976074
2.60934240363	394.494049072
2.61224489796	391.54284668
2.61514739229	388.613739014
2.61804988662	387.045593262
2.62095238095	386.375488281
2.62385487528	385.706512451
2.62675736961	385.706512451
2.62965986395	385.706512451
2.63256235828	385.929382324
2.63546485261	386.152374268
2.63836734694	386.82208252
2.64126984127	387.492980957
2.6441723356	388.165039062
2.64707482993	389.062927246
2.64997732426	389.962890625
2.65287981859	390.864929199
2.65578231293	391.54284668
2.65868480726	391.995422363
2.66158730159	391.995422363
2.66448979592	391.769073486
2.66739229025	391.316741943
2.67029478458	390.639221191
2.67319727891	390.639221191
2.67609977324	390.188201904
2.67900226757	390.188201904
2.6819047619	390.413665771
2.68480725624	390.413665771
2.68770975057	390.864929199
2.6906122449	391.316741943
2.69351473923	391.769073486
2.69641723356	392.221923828
2.69931972789	392.448547363
2.70222222222	392.902191162
2.70512471655	392.902191162
2.70802721088	392.902191162
2.71092970522	392.902191162
2.71383219955	392.448547363
2.71673469388	391.995422363
2.71963718821	391.54284668
2.72253968254	391.090789795
2.72544217687	390.639221191
2.7283446712	390.188201904
2.73124716553	390.188201904
2.73414965986	390.188201904
2.7370521542	390.188201904
2.73995464853	390.188201904
2.74285714286	390.413665771
2.74575963719	390.639221191
2.74866213152	390.864929199
2.75156462585	390.639221191
2.75446712018	390.639221191
2.75736961451	390.413665771
2.76027210884	390.188201904
2.76317460317	389.737701416
2.76607709751	389.512664795
2.76897959184	389.512664795
2.77188208617	389.512664795
2.7747845805	389.737701416
2.77768707483	390.188201904
2.78058956916	390.639221191
2.78349206349	390.864929199
2.78639455782	391.316741943
2.78929705215	391.54284668
2.79219954649	391.54284668
2.79510204082	391.54284668
2.79800453515	391.316741943
2.80090702948	390.864929199
2.80380952381	390.188201904
2.80671201814	389.287719727
2.80961451247	388.613739014
2.8125170068	387.940887451
2.81541950113	387.045593262
2.81832199546	386.598724365
2.8212244898	386.152374268
2.82412698413	385.706512451
2.82702947846	385.706512451
2.82993197279	385.706512451
2.83283446712	385.929382324
2.83573696145	386.82208252
2.83863945578	387.492980957
2.84154195011	388.613739014
2.84444444444	389.287719727
2.84734693878	389.737701416
2.85024943311	389.962890625
2.85315192744	389.737701416
2.85605442177	389.287719727
2.8589569161	388.389312744
2.86185941043	387.940887451
2.86476190476	387.716888428
2.86766439909	387.269226074
2.87056689342	386.598724365
2.87346938776	385.929382324
2.87637188209	384.816375732
2.87927437642	384.150115967
2.88217687075	382.821044922
2.88507936508	381.496612549
2.88798185941	380.396392822
2.89088435374	379.518493652
2.89378684807	377.768798828
2.8966893424	377.114746094
2.89959183673	376.244415283
2.90249433107	376.679321289
2.9053968254	366.167449951
2.90829931973	365.111450195
2.91120181406	365.322387695
2.91410430839	366.167449951
2.91700680272	368.714324951
2.91990929705	383.928283691
2.92281179138	379.737762451
2.92571428571	380.176727295
2.92861678005	379.957183838
2.93151927438	379.299346924
2.93442176871	378.64263916
2.93732426304	378.205474854
2.94022675737	377.55065918
2.9431292517	377.114746094
2.94603174603	378.861419678
2.94893424036	367.651000977
2.95183673469	365.111450195
2.95473922902	364.900604248
2.95764172336	365.111450195
2.96054421769	366.378997803
2.96344671202	371.064544678
2.96634920635	381.496612549
2.96925170068	379.080322266
2.97215419501	378.861419678
2.97505668934	378.205474854
2.97795918367	377.114746094
2.980861678	376.027160645
2.98376417234	374.50982666
2.98666666667	373.214111328
2.989569161	371.708129883
2.99247165533	370.422119141
2.99537414966	369.353820801
2.99827664399	368.714324951
3.00117913832	368.288635254
3.00408163265	368.288635254
3.00698412698	368.501434326
3.00988662132	369.140533447
3.01278911565	370.208190918
3.01569160998	371.493469238
3.01859410431	372.783203125
3.02149659864	374.077423096
3.02439909297	374.942718506
3.0273015873	375.159362793
3.03020408163	374.942718506
3.03310657596	374.293548584
3.03600907029	372.567932129
3.03891156463	370.850280762
3.04181405896	369.353820801
3.04471655329	368.501434326
3.04761904762	368.075958252
3.05052154195	368.075958252
3.05342403628	368.501434326
3.05632653061	369.140533447
3.05922902494	369.994415283
3.06213151927	370.422119141
3.06503401361	370.850280762
3.06793650794	370.850280762
3.07083900227	371.064544678
3.0737414966	371.064544678
3.07664399093	370.850280762
3.07954648526	370.422119141
3.08244897959	369.780761719
3.08535147392	368.927368164
3.08825396825	368.501434326
3.09115646259	368.288635254
3.09405895692	368.714324951
3.09696145125	369.140533447
3.09986394558	370.208190918
3.10276643991	371.493469238
3.10566893424	372.352783203
3.10857142857	372.998596191
3.1114739229	373.645507812
3.11437641723	373.645507812
3.11727891156	373.86138916
3.1201814059	373.86138916
3.12308390023	373.645507812
3.12598639456	373.429748535
3.12888888889	372.998596191
3.13179138322	372.567932129
3.13469387755	371.708129883
3.13759637188	371.278961182
3.14049886621	370.422119141
3.14340136054	368.927368164
3.14630385488	367.86340332
3.14920634921	367.651000977
3.15210884354	309.692596436
3.15501133787	307.908905029
3.1579138322	307.020904541
3.16081632653	308.264801025
3.16371882086	310.050567627
3.16662131519	311.306762695
3.16952380952	311.846679688
3.17242630385	312.20715332
3.17532879819	312.748626709
3.17823129252	312.929321289
3.18113378685	312.929321289
3.18403628118	312.568023682
3.18693877551	312.026855469
3.18984126984	311.666595459
3.19274376417	311.666595459
3.1956462585	312.026855469
3.19854875283	312.20715332
3.20145124717	312.20715332
3.2043537415	312.026855469
3.20725623583	311.666595459
3.21015873016	311.486633301
3.21306122449	311.666595459
3.21596371882	311.486633301
3.21886621315	311.486633301
3.22176870748	310.94732666
3.22467120181	310.76776123
3.22757369615	310.76776123
3.23047619048	311.126983643
3.23337868481	311.486633301
3.23628117914	311.486633301
3.23918367347	311.306762695
3.2420861678	311.126983643
3.24498866213	311.126983643
3.24789115646	311.306762695
3.25079365079	311.486633301
3.25369614512	311.486633301
3.25659863946	311.306762695
3.25950113379	311.306762695
3.26240362812	311.486633301
3.26530612245	311.486633301
3.26820861678	311.486633301
3.27111111111	311.306762695
3.27401360544	311.126983643
3.27691609977	310.94732666
3.2798185941	310.94732666
3.28272108844	311.306762695
3.28562358277	311.486633301
3.2885260771	311.486633301
3.29142857143	311.306762695
3.29433106576	311.306762695
3.29723356009	311.486633301
3.30013605442	311.666595459
3.30303854875	311.666595459
3.30594104308	311.486633301
3.30884353741	311.306762695
3.31174603175	311.306762695
3.31464852608	311.306762695
3.31755102041	311.306762695
3.32045351474	311.486633301
3.32335600907	311.486633301
3.3262585034	311.486633301
3.32916099773	311.666595459
3.33206349206	311.666595459
3.33496598639	311.846679688
3.33786848073	311.666595459
3.34077097506	311.486633301
3.34367346939	311.126983643
3.34657596372	311.126983643
3.34947845805	311.126983643
3.35238095238	311.126983643
3.35528344671	310.94732666
3.35818594104	310.76776123
3.36108843537	310.76776123
3.36399092971	311.126983643
3.36689342404	311.666595459
3.36979591837	311.846679688
3.3726984127	312.026855469
3.37560090703	312.20715332
3.37850340136	312.026855469
3.38140589569	311.666595459
3.38430839002	310.94732666
3.38721088435	309.692596436
3.39011337868	308.086791992
3.39301587302	306.666412354
3.39591836735	307.020904541
3.39882086168	309.692596436
3.40172335601	312.387542725
3.40462585034	314.01574707
3.40752834467	314.923950195
3.410430839	315.105926514
3.41333333333	314.742095947
3.41623582766	313.472045898
3.419138322	312.026855469
3.42204081633	307.908905029
3.42494331066	305.428955078
3.42784580499	304.020843506
3.43074829932	302.269805908
3.43365079365	299.662139893
3.43655328798	297.592224121
3.43945578231	296.220245361
3.44235827664	295.195404053
3.44526077098	293.664764404
3.44816326531	291.804779053
3.45106575964	289.956573486
3.45396825397	288.786529541
3.4568707483	288.286560059
3.45977324263	288.453125
3.46267573696	289.120361328
3.46557823129	290.795227051
3.46848072562	292.987030029
3.47138321995	294.854553223
3.47428571429	295.707366943
3.47718820862	295.878234863
3.48009070295	296.049194336
3.48299319728	296.049194336
3.48589569161	295.878234863
3.48879818594	295.707366943
3.49170068027	295.195404053
3.4946031746	294.684295654
3.49750566893	293.664764404
3.50040816327	292.648773193
3.5033106576	291.46786499
3.50621315193	290.291748047
3.50911564626	289.454559326
3.51201814059	288.953399658
3.51492063492	289.120361328
3.51782312925	289.621795654
3.52072562358	290.627288818
3.52362811791	291.973388672
3.52653061224	293.325714111
3.52943310658	294.514129639
3.53233560091	295.195404053
3.53523809524	295.536621094
3.53814058957	295.707366943
3.5410430839	295.536621094
3.54394557823	295.195404053
3.54684807256	294.514129639
3.54975056689	293.664764404
3.55265306122	292.817840576
3.55555555556	292.142089844
3.55845804989	291.46786499
3.56136054422	290.963226318
3.56426303855	290.963226318
3.56716553288	291.131347656
3.57006802721	291.46786499
3.57297052154	292.142089844
3.57587301587	292.987030029
3.5787755102	294.004211426
3.58167800454	294.514129639
3.58458049887	294.684295654
3.5874829932	294.854553223
3.59038548753	294.514129639
3.59328798186	294.174102783
3.59619047619	293.834442139
3.59909297052	293.156341553
3.60199546485	292.479766846
3.60489795918	291.973388672
3.60780045351	291.46786499
3.61070294785	291.131347656
3.61360544218	291.131347656
3.61650793651	291.131347656
3.61941043084	291.299560547
3.62231292517	291.636291504
3.6252154195	292.142089844
3.62811791383	292.648773193
3.63102040816	293.156341553
3.63392290249	293.325714111
3.63682539683	293.495178223
3.63972789116	293.664764404
3.64263038549	293.664764404
3.64553287982	293.495178223
3.64843537415	293.325714111
3.65133786848	293.156341553
3.65424036281	292.817840576
3.65714285714	292.479766846
3.66004535147	291.973388672
3.6629478458	291.636291504
3.66585034014	291.46786499
3.66875283447	291.299560547
3.6716553288	291.46786499
3.67455782313	291.636291504
3.67746031746	292.142089844
3.68036281179	292.479766846
3.68326530612	292.987030029
3.68616780045	293.156341553
3.68907029478	293.495178223
3.69197278912	293.664764404
3.69487528345	293.664764404
3.69777777778	293.664764404
3.70068027211	293.664764404
3.70358276644	293.495178223
3.70648526077	293.325714111
3.7093877551	293.156341553
3.71229024943	292.987030029
3.71519274376	292.648773193
3.7180952381	292.310882568
3.72099773243	292.142089844
3.72390022676	291.973388672
3.72680272109	291.973388672
3.72970521542	292.142089844
3.73260770975	292.310882568
3.73551020408	292.479766846
3.73841269841	292.817840576
3.74131519274	292.987030029
3.74421768707	293.156341553
3.74712018141	293.156341553
3.75002267574	293.325714111
3.75292517007	293.325714111
3.7558276644	293.325714111
3.75873015873	293.325714111
3.76163265306	293.156341553
3.76453514739	293.156341553
3.76743764172	292.987030029
3.77034013605	292.817840576
3.77324263039	292.648773193
3.77614512472	292.479766846
3.77904761905	292.479766846
3.78195011338	292.310882568
3.78485260771	292.142089844
3.78775510204	292.142089844
3.79065759637	292.142089844
3.7935600907	292.310882568
3.79646258503	292.310882568
3.79936507937	292.479766846
3.8022675737	292.648773193
3.80517006803	292.648773193
3.80807256236	292.817840576
3.81097505669	292.817840576
3.81387755102	292.987030029
3.81678004535	292.987030029
3.81968253968	292.987030029
3.82258503401	292.987030029
3.82548752834	292.987030029
3.82839002268	292.987030029
3.83129251701	292.817840576
3.83419501134	292.817840576
3.83709750567	292.648773193
3.84	292.479766846
3.84290249433	292.479766846
3.84580498866	292.310882568
3.84870748299	292.310882568
3.85160997732	292.479766846
3.85451247166	292.479766846
3.85741496599	292.479766846
3.86031746032	292.648773193
3.86321995465	292.817840576
3.86612244898	292.817840576
3.86902494331	292.987030029
3.87192743764	292.987030029
3.87482993197	293.156341553
3.8777324263	292.987030029
3.88063492063	292.987030029
3.88353741497	292.987030029
3.8864399093	292.817840576
3.88934240363	292.817840576
3.89224489796	292.648773193
3.89514739229	292.648773193
3.89804988662	292.479766846
3.90095238095	292.310882568
3.90385487528	292.310882568
3.90675736961	292.310882568
3.90965986395	292.479766846
3.91256235828	292.479766846
3.91546485261	292.648773193
3.91836734694	292.648773193
3.92126984127	292.817840576
3.9241723356	292.987030029
3.92707482993	293.156341553
3.92997732426	293.325714111
3.93287981859	293.325714111
3.93578231293	293.325714111
3.93868480726	293.325714111
3.94158730159	293.156341553
3.94448979592	292.987030029
3.94739229025	292.817840576
3.95029478458	292.479766846
3.95319727891	292.479766846
3.95609977324	292.310882568
3.95900226757	292.310882568
3.9619047619	292.479766846
3.96480725624	292.648773193
3.96770975057	292.648773193
3.9706122449	292.817840576
3.97351473923	292.817840576
3.97641723356	292.817840576
3.97931972789	292.817840576
3.98222222222	292.817840576
3.98512471655	292.817840576
3.98802721088	292.817840576
3.99092970522	292.648773193
3.99383219955	292.648773193
3.99673469388	292.648773193
3.99963718821	292.648773193
4.00253968254	292.817840576
4.00544217687	292.817840576
4.0083446712	292.817840576
4.01124716553	292.987030029
4.01414965986	292.987030029
4.0170521542	292.987030029
4.01995464853	292.987030029
4.02285714286	292.987030029
4.02575963719	292.987030029
4.02866213152	292.817840576
4.03156462585	292.817840576
4.03446712018	292.648773193
4.03736961451	292.479766846
4.04027210884	292.479766846
4.04317460317	292.479766846
4.04607709751	292.479766846
4.04897959184	292.648773193
4.05188208617	292.817840576
4.0547845805	292.987030029
4.05768707483	293.156341553
4.06058956916	293.156341553
4.06349206349	293.495178223
4.06639455782	293.495178223
4.06929705215	293.495178223
4.07219954649	293.495178223
4.07510204082	293.156341553
4.07800453515	292.987030029
4.08090702948	292.817840576
4.08380952381	292.648773193
4.08671201814	292.479766846
4.08961451247	292.310882568
4.0925170068	292.142089844
4.09541950113	292.142089844
4.09832199546	292.142089844
4.1012244898	292.310882568
4.10412698413	292.648773193
4.10702947846	292.817840576
4.10993197279	292.987030029
4.11283446712	293.325714111
4.11573696145	293.664764404
4.11863945578	293.664764404
4.12154195011	293.834442139
4.12444444444	293.834442139
4.12734693878	293.664764404
4.13024943311	293.664764404
4.13315192744	293.325714111
4.13605442177	292.987030029
4.1389569161	292.648773193
4.14185941043	292.479766846
4.14476190476	292.142089844
4.14766439909	291.973388672
4.15056689342	291.973388672
4.15346938776	292.142089844
4.15637188209	292.310882568
4.15927437642	292.479766846
4.16217687075	292.817840576
4.16507936508	293.156341553
4.16798185941	293.325714111
4.17088435374	293.495178223
4.17378684807	293.495178223
4.1766893424	293.495178223
4.17959183673	293.325714111
4.18249433107	292.987030029
4.1853968254	292.817840576
4.18829931973	292.479766846
4.19120181406	292.310882568
4.19410430839	292.310882568
4.19700680272	292.142089844
4.19990929705	292.142089844
4.20281179138	292.310882568
4.20571428571	292.479766846
4.20861678005	292.648773193
4.21151927438	292.817840576
4.21442176871	292.987030029
4.21732426304	292.987030029
4.22022675737	292.987030029
4.2231292517	292.987030029
4.22603174603	292.987030029
4.22893424036	292.987030029
4.23183673469	292.987030029
4.23473922902	292.817840576
4.23764172336	292.817840576
4.24054421769	292.648773193
4.24344671202	292.648773193
4.24634920635	292.648773193
4.24925170068	292.648773193
4.25215419501	292.648773193
4.25505668934	292.648773193
4.25795918367	292.648773193
4.260861678	292.648773193
4.26376417234	292.479766846
4.26666666667	292.479766846
4.269569161	292.648773193
4.27247165533	292.648773193
4.27537414966	292.479766846
4.27827664399	292.479766846
4.28117913832	292.648773193
4.28408163265	292.648773193
4.28698412698	292.648773193
4.28988662132	292.648773193
4.29278911565	292.817840576
4.29569160998	292.817840576
4.29859410431	292.987030029
4.30149659864	292.987030029
4.30439909297	292.987030029
4.3073015873	293.156341553
4.31020408163	292.987030029
4.31310657596	292.987030029
4.31600907029	292.987030029
4.31891156463	292.817840576
4.32181405896	292.648773193
4.32471655329	292.479766846
4.32761904762	292.310882568
4.33052154195	292.142089844
4.33342403628	292.142089844
4.33632653061	292.142089844
4.33922902494	292.142089844
4.34213151927	292.310882568
4.34503401361	292.479766846
4.34793650794	292.648773193
4.35083900227	292.817840576
4.3537414966	292.987030029
4.35664399093	292.987030029
4.35954648526	292.987030029
4.36244897959	292.987030029
4.36535147392	292.987030029
4.36825396825	292.817840576
4.37115646259	292.648773193
4.37405895692	292.648773193
4.37696145125	292.310882568
4.37986394558	292.310882568
4.38276643991	292.142089844
4.38566893424	292.142089844
4.38857142857	292.142089844
4.3914739229	292.310882568
4.39437641723	292.310882568
4.39727891156	292.479766846
4.4001814059	292.648773193
4.40308390023	292.817840576
4.40598639456	292.817840576
4.40888888889	292.987030029
4.41179138322	292.987030029
4.41469387755	292.987030029
4.41759637188	292.987030029
4.42049886621	292.817840576
4.42340136054	292.817840576
4.42630385488	292.648773193
4.42920634921	292.479766846
4.43210884354	292.479766846
4.43501133787	292.310882568
4.4379138322	292.142089844
4.44081632653	292.142089844
4.44371882086	292.142089844
4.44662131519	292.142089844
4.44952380952	292.310882568
4.45242630385	292.479766846
4.45532879819	292.479766846
4.45823129252	292.648773193
4.46113378685	292.817840576
4.46403628118	292.817840576
4.46693877551	292.987030029
4.46984126984	292.987030029
4.47274376417	292.987030029
4.4756462585	292.817840576
4.47854875283	292.817840576
4.48145124717	292.817840576
4.4843537415	292.648773193
4.48725623583	292.479766846
4.49015873016	292.479766846
4.49306122449	292.479766846
4.49596371882	292.479766846
4.49886621315	292.479766846
4.50176870748	292.479766846
4.50467120181	292.479766846
4.50757369615	292.479766846
4.51047619048	292.479766846
4.51337868481	292.479766846
4.51628117914	292.479766846
4.51918367347	292.479766846
4.5220861678	292.479766846
4.52498866213	292.479766846
4.52789115646	292.479766846
4.53079365079	292.479766846
4.53369614512	292.648773193
4.53659863946	292.648773193
4.53950113379	292.648773193
4.54240362812	292.479766846
4.54530612245	292.479766846
4.54820861678	292.310882568
4.55111111111	292.142089844
4.55401360544	292.142089844
4.55691609977	291.973388672
4.5598185941	291.804779053
4.56272108844	291.804779053
4.56562358277	291.804779053
4.5685260771	291.636291504
4.57142857143	291.804779053
4.57433106576	291.973388672
4.57723356009	292.142089844
4.58013605442	292.479766846
4.58303854875	292.648773193
4.58594104308	292.987030029
4.58884353741	293.156341553
4.59174603175	293.325714111
4.59464852608	293.325714111
4.59755102041	293.325714111
4.60045351474	293.325714111
4.60335600907	293.325714111
4.6062585034	293.325714111
4.60916099773	293.156341553
4.61206349206	292.817840576
4.61496598639	292.648773193
4.61786848073	292.310882568
4.62077097506	291.973388672
4.62367346939	291.804779053
4.62657596372	291.46786499
4.62947845805	291.46786499
4.63238095238	291.46786499
4.63528344671	291.636291504
4.63818594104	0.0
4.64108843537	0.0
4.64399092971	0.0
4.64689342404	0.0
4.64979591837	0.0
4.6526984127	0.0
4.65560090703	0.0
4.65850340136	0.0
4.66140589569	0.0
4.66430839002	0.0
4.66721088435	0.0
4.67011337868	0.0
4.67301587302	0.0
4.67591836735	0.0
4.67882086168	0.0
4.68172335601	0.0
4.68462585034	0.0
4.68752834467	0.0
4.690430839	0.0
4.69333333333	0.0
4.69623582766	0.0
4.699138322	0.0
4.70204081633	0.0
4.70494331066	0.0
4.70784580499	0.0
4.71074829932	0.0
4.71365079365	0.0
4.71655328798	0.0
4.71945578231	0.0
4.72235827664	0.0
4.72526077098	0.0
4.72816326531	0.0
4.73106575964	0.0
4.73396825397	0.0
4.7368707483	0.0
4.73977324263	0.0
4.74267573696	0.0
4.74557823129	0.0
4.74848072562	0.0
4.75138321995	0.0
4.75428571429	0.0
4.75718820862	0.0
4.76009070295	0.0
4.76299319728	0.0
4.76589569161	0.0
4.76879818594	0.0
4.77170068027	0.0
4.7746031746	0.0
4.77750566893	0.0
4.78040816327	0.0
4.7833106576	0.0
4.78621315193	0.0
4.78911564626	0.0
4.79201814059	0.0
4.79492063492	0.0
4.79782312925	0.0
4.80072562358	0.0
4.80362811791	0.0
4.80653061224	0.0
4.80943310658	0.0
4.81233560091	0.0
4.81523809524	0.0
4.81814058957	0.0
4.8210430839	0.0
4.82394557823	0.0
4.82684807256	0.0
4.82975056689	0.0
4.83265306122	0.0
4.83555555556	0.0
4.83845804989	0.0
4.84136054422	0.0
4.84426303855	0.0
4.84716553288	0.0
4.85006802721	0.0
4.85297052154	0.0
4.85587301587	0.0
4.8587755102	0.0
4.86167800454	0.0
4.86458049887	0.0
4.8674829932	0.0
4.87038548753	0.0
4.87328798186	0.0
4.87619047619	0.0
4.87909297052	0.0
4.88199546485	0.0
4.88489795918	0.0
