0.0	0.0
0.00290249433107	0.0
0.00580498866213	0.0
0.0087074829932	0.0
0.0116099773243	0.0
0.0145124716553	0.0
0.0174149659864	0.0
0.0203174603175	0.0
0.0232199546485	0.0
0.0261224489796	0.0
0.0290249433107	0.0
0.0319274376417	0.0
0.0348299319728	0.0
0.0377324263039	0.0
0.0406349206349	0.0
0.043537414966	0.0
0.0464399092971	0.0
0.0493424036281	0.0
0.0522448979592	0.0
0.0551473922902	0.0
0.0580498866213	0.0
0.0609523809524	0.0
0.0638548752834	0.0
0.0667573696145	0.0
0.0696598639456	0.0
0.0725623582766	0.0
0.0754648526077	0.0
0.0783673469388	0.0
0.0812698412698	0.0
0.0841723356009	0.0
0.087074829932	0.0
0.089977324263	0.0
0.0928798185941	0.0
0.0957823129252	0.0
0.0986848072562	0.0
0.101587301587	0.0
0.104489795918	0.0
0.107392290249	250.244232178
0.11029478458	253.737518311
0.113197278912	261.927978516
0.116099773243	262.837341309
0.119002267574	262.533874512
0.121904761905	262.230743408
0.124807256236	262.079315186
0.127709750567	262.230743408
0.130612244898	262.382263184
0.133514739229	262.533874512
0.13641723356	262.837341309
0.139319727891	263.141143799
0.142222222222	263.59753418
0.145124716553	263.90222168
0.148027210884	264.512664795
0.150929705215	265.430999756
0.153832199546	266.96862793
0.156734693878	268.825531006
0.159637188209	270.851776123
0.16253968254	272.893280029
0.165442176871	274.632720947
0.168344671202	276.064147949
0.171247165533	277.022583008
0.174149659864	277.342773438
0.177052154195	277.663360596
0.179954648526	278.466461182
0.182857142857	279.271850586
0.185759637188	279.756225586
0.188662131519	279.756225586
0.19156462585	278.144927979
0.194467120181	274.632720947
0.197369614512	267.740783691
0.200272108844	259.668365479
0.203174603175	255.650024414
0.206077097506	253.884124756
0.208979591837	253.005752563
0.211882086168	253.151931763
0.214784580499	254.765548706
0.21768707483	258.023681641
0.220589569161	262.533874512
0.223492063492	266.814453125
0.226394557823	269.291778564
0.229297052154	269.603057861
0.232199546485	268.360107422
0.235102040816	265.277709961
0.238004535147	260.871063232
0.240907029478	257.428222656
0.24380952381	255.060028076
0.246712018141	253.444564819
0.249614512472	252.421859741
0.252517006803	251.258117676
0.255419501134	250.388824463
0.258321995465	249.52255249
0.261224489796	248.802932739
0.264126984127	248.372161865
0.267029478458	248.085403442
0.269931972789	247.512863159
0.27283446712	246.514099121
0.275736961451	245.80317688
0.278639455782	245.519378662
0.281541950113	245.519378662
0.284444444444	245.661224365
0.287346938776	246.087295532
0.290249433107	246.799057007
0.293151927438	248.085403442
0.296054421769	249.090530396
0.2989569161	249.378463745
0.301859410431	249.090530396
0.304761904762	248.802932739
0.307664399093	247.942138672
0.310566893424	247.084335327
0.313469387755	246.371749878
0.316371882086	245.80317688
0.319274376417	245.661224365
0.322176870748	246.087295532
0.325079365079	246.941650391
0.32798185941	250.8230896
0.330884353741	256.241394043
0.333786848073	258.17276001
0.336689342404	258.769958496
0.339591836735	258.471191406
0.342494331066	257.279571533
0.345396825397	251.113021851
0.348299319728	246.941650391
0.351201814059	244.811309814
0.35410430839	243.401290894
0.357006802721	242.419128418
0.359909297052	241.859664917
0.362811791383	241.580413818
0.365714285714	241.440917969
0.368616780045	241.440917969
0.371519274376	241.301498413
0.374421768707	241.301498413
0.377324263039	241.162155151
0.38022675737	241.440917969
0.383129251701	241.859664917
0.386031746032	242.419128418
0.388934240363	242.69934082
0.391836734694	242.839569092
0.394739229025	242.419128418
0.397641723356	241.720001221
0.400544217687	240.883712769
0.403446712018	240.050323486
0.406349206349	239.496322632
0.40925170068	239.219802856
0.412154195011	239.219802856
0.415056689342	239.63470459
0.417959183673	240.050323486
0.420861678005	240.466659546
0.423764172336	239.773162842
0.426666666667	239.081665039
0.429569160998	238.943603516
0.432471655329	238.805633545
0.43537414966	238.667724609
0.438276643991	238.392166138
0.441179138322	238.392166138
0.444081632653	238.805633545
0.446984126984	239.219802856
0.449886621315	239.219802856
0.452789115646	239.496322632
0.455691609977	239.63470459
0.458594104308	239.773162842
0.461496598639	240.050323486
0.464399092971	240.18901062
0.467301587302	240.327789307
0.470204081633	240.466659546
0.473106575964	240.327789307
0.476009070295	240.327789307
0.478911564626	240.466659546
0.481814058957	240.60559082
0.484716553288	241.022888184
0.487619047619	241.440917969
0.49052154195	241.999404907
0.493424036281	242.69934082
0.496326530612	243.120269775
0.499229024943	243.682647705
0.502131519274	243.964324951
0.505034013605	244.105285645
0.507936507937	244.105285645
0.510839002268	243.682647705
0.513741496599	243.260742188
0.51664399093	242.839569092
0.519546485261	242.419128418
0.522448979592	241.859664917
0.525351473923	241.440917969
0.528253968254	241.301498413
0.531156462585	241.162155151
0.534058956916	241.440917969
0.536961451247	241.859664917
0.539863945578	242.419128418
0.542766439909	242.979873657
0.54566893424	243.541931152
0.548571428571	243.964324951
0.551473922902	244.105285645
0.554376417234	244.105285645
0.557278911565	243.682647705
0.560181405896	242.839569092
0.563083900227	242.839569092
0.565986394558	242.839569092
0.568888888889	242.979873657
0.57179138322	242.979873657
0.574693877551	243.120269775
0.577596371882	243.120269775
0.580498866213	243.260742188
0.583401360544	243.260742188
0.586303854875	243.964324951
0.589206349206	244.387451172
0.592108843537	244.105285645
0.595011337868	243.682647705
0.5979138322	243.120269775
0.600816326531	242.979873657
0.603718820862	242.979873657
0.606621315193	243.120269775
0.609523809524	243.401290894
0.612426303855	243.401290894
0.615328798186	243.541931152
0.618231292517	243.682647705
0.621133786848	243.682647705
0.624036281179	243.682647705
0.62693877551	243.401290894
0.629841269841	242.979873657
0.632743764172	242.839569092
0.635646258503	242.839569092
0.638548752834	242.839569092
0.641451247166	243.120269775
0.644353741497	243.401290894
0.647256235828	243.682647705
0.650158730159	243.823440552
0.65306122449	244.105285645
0.655963718821	244.246322632
0.658866213152	244.246322632
0.661768707483	244.387451172
0.664671201814	244.387451172
0.667573696145	244.528656006
0.670476190476	244.669937134
0.673378684807	244.669937134
0.676281179138	244.669937134
0.679183673469	244.528656006
0.6820861678	244.387451172
0.684988662132	244.246322632
0.687891156463	243.964324951
0.690793650794	243.682647705
0.693696145125	243.541931152
0.696598639456	243.541931152
0.699501133787	243.401290894
0.702403628118	243.401290894
0.705306122449	243.401290894
0.70820861678	243.401290894
0.711111111111	243.401290894
0.714013605442	243.260742188
0.716916099773	243.260742188
0.719818594104	243.260742188
0.722721088435	243.120269775
0.725623582766	243.260742188
0.728526077098	243.260742188
0.731428571429	243.260742188
0.73433106576	243.260742188
0.737233560091	243.260742188
0.740136054422	243.260742188
0.743038548753	243.260742188
0.745941043084	243.260742188
0.748843537415	243.260742188
0.751746031746	243.260742188
0.754648526077	243.260742188
0.757551020408	243.260742188
0.760453514739	243.260742188
0.76335600907	243.260742188
0.766258503401	243.260742188
0.769160997732	243.260742188
0.772063492063	243.401290894
0.774965986395	243.541931152
0.777868480726	243.541931152
0.780770975057	243.401290894
0.783673469388	242.979873657
0.786575963719	242.419128418
0.78947845805	241.999404907
0.792380952381	241.580413818
0.795283446712	241.022888184
0.798185941043	240.60559082
0.801088435374	240.050323486
0.803990929705	240.327789307
0.806893424036	240.60559082
0.809795918367	240.883712769
0.812698412698	241.440917969
0.815600907029	242.559188843
0.818503401361	244.105285645
0.821405895692	244.952758789
0.824308390023	245.80317688
0.827210884354	246.087295532
0.830113378685	245.80317688
0.833015873016	244.811309814
0.835918367347	242.559188843
0.838820861678	238.254516602
0.841723356009	234.838699341
0.84462585034	232.007293701
0.847528344671	230.537826538
0.850430839002	229.342468262
0.853333333333	227.363952637
0.856235827664	225.793426514
0.859138321995	223.071090698
0.862040816327	220.381561279
0.864943310658	216.595535278
0.867845804989	215.099411011
0.87074829932	215.596969604
0.873650793651	216.720687866
0.876553287982	219.112258911
0.879455782313	222.556274414
0.882358276644	227.10144043
0.885260770975	231.739425659
0.888163265306	235.517929077
0.891065759637	237.567398071
0.893968253968	239.358032227
0.896870748299	240.327789307
0.89977324263	240.327789307
0.902675736961	240.18901062
0.905578231293	238.805633545
0.908480725624	236.472137451
0.911383219955	233.621032715
0.914285714286	230.804321289
0.917188208617	226.970306396
0.920090702948	224.752456665
0.922993197279	223.457977295
0.92589569161	222.170944214
0.928798185941	220.508895874
0.931700680272	218.985733032
0.934603174603	217.976135254
0.937505668934	218.354187012
0.940408163265	218.228103638
0.943310657596	218.48034668
0.946213151927	218.732894897
0.949115646259	216.220535278
0.95201814059	215.97088623
0.954920634921	215.7215271
0.957823129252	215.472457886
0.960725623583	215.34803772
0.963628117914	215.472457886
0.966530612245	215.472457886
0.969433106576	215.596969604
0.972335600907	215.223678589
0.975238095238	214.602996826
0.978140589569	214.479064941
0.9810430839	214.479064941
0.983945578231	214.975189209
0.986848072562	214.726989746
0.989750566893	214.479064941
0.992653061224	214.107727051
0.995555555556	213.984085083
0.998458049887	213.984085083
1.00136054422	213.984085083
1.00426303855	213.120620728
1.00716553288	213.366973877
1.01006802721	213.490249634
1.01297052154	213.490249634
1.01587301587	213.737030029
1.0187755102	213.860519409
1.02167800454	214.107727051
1.02458049887	214.355209351
1.0274829932	214.479064941
1.03038548753	214.602996826
1.03328798186	214.85105896
1.03619047619	214.975189209
1.03909297052	215.099411011
1.04199546485	215.099411011
1.04489795918	214.479064941
1.04780045351	215.223678589
1.05070294785	215.34803772
1.05360544218	216.095672607
1.05650793651	220.763778687
1.05941043084	223.071090698
1.06231292517	224.104278564
1.0652154195	224.752456665
1.06811791383	225.14225769
1.07102040816	224.492950439
1.07392290249	222.684860229
1.07682539683	219.619094849
1.07972789116	217.976135254
1.08263038549	217.473083496
1.08553287982	217.096557617
1.08843537415	217.096557617
1.09133786848	216.845901489
1.09424036281	216.971191406
1.09714285714	217.096557617
1.10004535147	217.096557617
1.1029478458	217.096557617
1.10585034014	217.222000122
1.10875283447	217.096557617
1.1116553288	217.096557617
1.11455782313	216.971191406
1.11746031746	216.595535278
1.12036281179	216.470458984
1.12326530612	216.095672607
1.12616780045	215.7215271
1.12907029478	215.97088623
1.13197278912	215.97088623
1.13487528345	215.97088623
1.13777777778	215.596969604
1.14068027211	215.596969604
1.14358276644	216.095672607
1.14648526077	216.971191406
1.1493877551	217.222000122
1.15229024943	217.598739624
1.15519274376	217.598739624
1.1580952381	217.222000122
1.16099773243	216.845901489
1.16390022676	216.971191406
1.16680272109	216.971191406
1.16970521542	216.595535278
1.17260770975	217.473083496
1.17551020408	218.102081299
1.17841269841	222.042663574
1.18131519274	217.598739624
1.18421768707	214.726989746
1.18712018141	212.260635376
1.19002267574	211.648483276
1.19292517007	210.672714233
1.1958276644	210.065155029
1.19873015873	213.490249634
1.20163265306	212.75163269
1.20453514739	212.260635376
1.20743764172	212.015563965
1.21034013605	211.404129028
1.21324263039	210.065155029
1.21614512472	206.337142944
1.21904761905	203.378921509
1.22195011338	202.675292969
1.22485260771	202.44128418
1.22775510204	201.974090576
1.23065759637	201.507965088
1.2335600907	201.159072876
1.23646258503	200.231674194
1.23936507937	199.193450928
1.2422675737	198.046173096
1.24517006803	197.360992432
1.24807256236	198.963470459
1.25097505669	198.73374939
1.25387755102	198.963470459
1.25678004535	199.308532715
1.25968253968	199.884994507
1.26258503401	200.231674194
1.26548752834	200.463119507
1.26839002268	200.578948975
1.27129251701	200.578948975
1.27419501134	200.578948975
1.27709750567	200.578948975
1.28	200.463119507
1.28290249433	200.231674194
1.28580498866	200.116043091
1.28870748299	199.884994507
1.29160997732	199.884994507
1.29451247166	199.884994507
1.29741496599	199.884994507
1.30031746032	200.347366333
1.30321995465	200.463119507
1.30612244898	200.578948975
1.30902494331	200.463119507
1.31192743764	200.347366333
1.31482993197	199.769577026
1.3177324263	199.538925171
1.32063492063	199.423690796
1.32353741497	199.423690796
1.3264399093	199.423690796
1.32934240363	199.423690796
1.33224489796	199.423690796
1.33514739229	199.423690796
1.33804988662	199.308532715
1.34095238095	199.193450928
1.34385487528	198.963470459
1.34675736961	198.848571777
1.34965986395	198.73374939
1.35256235828	198.73374939
1.35546485261	198.618988037
1.35836734694	198.73374939
1.36126984127	198.618988037
1.3641723356	198.618988037
1.36707482993	198.50428772
1.36997732426	198.160614014
1.37287981859	197.703292847
1.37578231293	197.360992432
1.37868480726	197.133117676
1.38158730159	197.133117676
1.38448979592	197.247024536
1.38739229025	197.475021362
1.39029478458	197.703292847
1.39319727891	198.046173096
1.39609977324	198.275100708
1.39900226757	198.046173096
1.4019047619	197.817520142
1.40480725624	197.247024536
1.40770975057	196.791809082
1.4106122449	196.110961914
1.41351473923	196.110961914
1.41641723356	195.658370972
1.41931972789	195.094100952
1.42222222222	194.643859863
1.42512471655	194.868850708
1.42802721088	194.531463623
1.43092970522	195.206832886
1.43383219955	195.658370972
1.43673469388	195.77142334
1.43963718821	196.110961914
1.44253968254	196.337646484
1.44544217687	197.019287109
1.4483446712	197.475021362
1.45124716553	197.931808472
1.45414965986	198.275100708
1.4570521542	198.275100708
1.45995464853	198.963470459
1.46285714286	199.308532715
1.46575963719	199.193450928
1.46866213152	198.618988037
1.47156462585	197.931808472
1.47446712018	196.451095581
1.47736961451	196.564605713
1.48027210884	196.564605713
1.48317460317	196.564605713
1.48607709751	196.564605713
1.48897959184	196.564605713
1.49188208617	196.451095581
1.4947845805	196.110961914
1.49768707483	195.545394897
1.50058956916	194.981445312
1.50349206349	194.756332397
1.50639455782	194.643859863
1.50929705215	194.531463623
1.51219954649	194.306869507
1.51510204082	193.522796631
1.51800453515	193.41104126
1.52090702948	192.741897583
1.52380952381	192.075057983
1.52671201814	191.521118164
1.52961451247	190.748306274
1.5325170068	190.30809021
1.53541950113	190.198196411
1.53832199546	190.198196411
1.5412244898	190.088363647
1.54412698413	190.198196411
1.54702947846	189.868881226
1.54993197279	189.649673462
1.55283446712	189.32131958
1.55573696145	189.32131958
1.55863945578	189.102737427
1.56154195011	189.102737427
1.56444444444	188.884399414
1.56734693878	188.557373047
1.57024943311	188.013580322
1.57315192744	187.363098145
1.57605442177	186.607055664
1.5789569161	186.068893433
1.58185941043	185.532272339
1.58476190476	185.425140381
1.58766439909	185.532272339
1.59056689342	185.854064941
1.59346938776	186.176391602
1.59637188209	186.607055664
1.59927437642	186.822753906
1.60217687075	187.146774292
1.60507936508	186.283966064
1.60798185941	185.639480591
1.61088435374	185.425140381
1.61378684807	185.318069458
1.6166893424	185.21105957
1.61959183673	185.104095459
1.62249433107	185.104095459
1.6253968254	184.997207642
1.62829931973	184.250717163
1.63120181406	183.401260376
1.63410430839	182.555725098
1.63700680272	182.02923584
1.63990929705	182.134414673
1.64281179138	182.02923584
1.64571428571	182.134414673
1.64861678005	182.766738892
1.65151927438	183.613250732
1.65442176871	183.93170166
1.65732426304	183.93170166
1.66022675737	184.250717163
1.6631292517	184.144317627
1.66603174603	184.357162476
1.66893424036	184.570266724
1.67183673469	184.783615112
1.67473922902	184.997207642
1.67764172336	185.318069458
1.68054421769	185.639480591
1.68344671202	186.499298096
1.68634920635	187.905014038
1.68925170068	188.448486328
1.69215419501	189.759246826
1.69505668934	191.189529419
1.69795918367	192.075057983
1.700861678	193.746490479
1.70376417234	193.076187134
1.70666666667	182.134414673
1.709569161	182.450302124
1.71247165533	181.294708252
1.71537414966	180.458892822
1.71827664399	180.667480469
1.72117913832	180.876312256
1.72408163265	180.980819702
1.72698412698	181.504272461
1.72988662132	181.924118042
1.73278911565	181.504272461
1.73569160998	181.1900177
1.73859410431	181.294708252
1.74149659864	181.609146118
1.74439909297	181.085388184
1.7473015873	180.146438599
1.75020408163	179.83454895
1.75310657596	179.212371826
1.75600907029	179.005447388
1.75891156463	179.315917969
1.76181405896	179.315917969
1.76471655329	180.042419434
1.76761904762	180.667480469
1.77052154195	181.085388184
1.77342403628	181.399459839
1.77632653061	181.609146118
1.77922902494	181.504272461
1.78213151927	181.294708252
1.78503401361	181.085388184
1.78793650794	181.1900177
1.79083900227	181.294708252
1.7937414966	181.609146118
1.79664399093	182.02923584
1.79954648526	182.344940186
1.80244897959	182.344940186
1.80535147392	182.766738892
1.80825396825	183.189498901
1.81115646259	183.93170166
1.81405895692	184.890380859
1.81696145125	185.854064941
1.81986394558	187.146774292
1.82276643991	188.666320801
1.82566893424	190.198196411
1.82857142857	191.07913208
1.8314739229	191.410522461
1.83437641723	191.410522461
1.83727891156	191.07913208
1.8401814059	190.088363647
1.84308390023	188.884399414
1.84598639456	187.363098145
1.84888888889	186.822753906
1.85179138322	186.391601562
1.85469387755	186.068893433
1.85759637188	186.068893433
1.86049886621	186.068893433
1.86340136054	186.176391602
1.86630385488	186.176391602
1.86920634921	188.339660645
1.87210884354	190.858505249
1.87501133787	190.858505249
1.8779138322	189.978591919
1.88081632653	190.528060913
1.88371882086	192.297073364
1.88662131519	193.858444214
1.88952380952	195.4324646
1.89242630385	197.133117676
1.89532879819	197.931808472
1.89823129252	198.389663696
1.90113378685	198.275100708
1.90403628118	197.931808472
1.90693877551	197.360992432
1.90984126984	196.564605713
1.91274376417	195.658370972
1.9156462585	194.868850708
1.91854875283	194.419128418
1.92145124717	194.082519531
1.9243537415	194.082519531
1.92725623583	194.082519531
1.93015873016	194.194656372
1.93306122449	194.194656372
1.93596371882	194.082519531
1.93886621315	193.858444214
1.94176870748	193.634613037
1.94467120181	193.522796631
1.94757369615	193.522796631
1.95047619048	193.41104126
1.95337868481	193.299362183
1.95628117914	193.41104126
1.95918367347	193.522796631
1.9620861678	193.522796631
1.96498866213	193.41104126
1.96789115646	193.187744141
1.97079365079	192.853256226
1.97369614512	192.408187866
1.97659863946	191.964141846
1.97950113379	191.410522461
1.98240362812	190.748306274
1.98530612245	190.088363647
1.98820861678	190.418045044
1.99111111111	190.198196411
1.99401360544	190.30809021
1.99691609977	190.198196411
1.9998185941	190.088363647
2.00272108844	189.978591919
2.00562358277	189.759246826
2.0085260771	190.418045044
2.01142857143	190.638153076
2.01433106576	190.748306274
2.01723356009	190.858505249
2.02013605442	190.858505249
2.02303854875	190.968780518
2.02594104308	190.858505249
2.02884353741	190.748306274
2.03174603175	190.638153076
2.03464852608	190.638153076
2.03755102041	190.748306274
2.04045351474	190.858505249
2.04335600907	190.968780518
2.0462585034	190.968780518
2.04916099773	190.858505249
2.05206349206	190.528060913
2.05496598639	190.088363647
2.05786848073	188.993530273
2.06077097506	188.77532959
2.06367346939	188.77532959
2.06657596372	188.884399414
2.06947845805	189.211990356
2.07238095238	189.32131958
2.07528344671	189.32131958
2.07818594104	189.211990356
2.08108843537	188.993530273
2.08399092971	188.666320801
2.08689342404	188.230911255
2.08979591837	187.688064575
2.0926984127	187.146774292
2.09560090703	186.714874268
2.09850340136	186.283966064
2.10140589569	185.854064941
2.10430839002	185.425140381
2.10721088435	186.391601562
2.11011337868	186.822753906
2.11301587302	186.607055664
2.11591836735	186.499298096
2.11882086168	187.25491333
2.12172335601	188.77532959
2.12462585034	190.748306274
2.12752834467	191.742507935
2.130430839	192.964691162
2.13333333333	192.630599976
2.13623582766	192.297073364
2.139138322	191.631790161
2.14204081633	190.638153076
2.14494331066	191.742507935
2.14784580499	190.088363647
2.15074829932	187.688064575
2.15365079365	187.25491333
2.15655328798	186.93069458
2.15945578231	186.499298096
2.16235827664	184.6769104
2.16526077098	176.133605957
2.16816326531	174.311798096
2.17106575964	172.011322021
2.17396825397	170.527389526
2.1768707483	169.643188477
2.17977324263	169.056274414
2.18267573696	168.1796875
2.18557823129	169.056274414
2.18848072562	169.839279175
2.19138321995	165.290466309
2.19428571429	165.099624634
2.19718820862	164.528427124
2.20009070295	165.672805786
2.20299319728	165.385971069
2.20589569161	164.813781738
2.20879818594	164.909011841
2.21170068027	164.909011841
2.2146031746	166.440155029
2.21750566893	170.625930786
2.22040816327	169.349472046
2.2233106576	168.568725586
2.22621315193	168.082580566
2.22911564626	167.501052856
2.23201814059	166.728820801
2.23492063492	166.440155029
2.23782312925	166.344039917
2.24072562358	166.151977539
2.24362811791	165.864318848
2.24653061224	165.577148438
2.24943310658	165.099624634
2.25233560091	165.00428772
2.25523809524	165.099624634
2.25814058957	165.290466309
2.2610430839	165.385971069
2.26394557823	165.672805786
2.26684807256	166.344039917
2.26975056689	167.114486694
2.27265306122	166.921539307
2.27555555556	166.440155029
2.27845804989	166.440155029
2.28136054422	166.24798584
2.28426303855	166.151977539
2.28716553288	166.440155029
2.29006802721	166.151977539
2.29297052154	166.825149536
2.29587301587	167.404327393
2.2987755102	166.728820801
2.30167800454	166.440155029
2.30458049887	166.825149536
2.3074829932	166.921539307
2.31038548753	167.114486694
2.31328798186	167.501052856
2.31619047619	168.082580566
2.31909297052	168.082580566
2.32199546485	167.888519287
2.32489795918	167.985519409
2.32780045351	168.276870728
2.33070294785	168.276870728
2.33360544218	168.666122437
2.33650793651	168.958648682
2.33941043084	169.153945923
2.34231292517	169.251678467
2.3452154195	169.251678467
2.34811791383	169.44732666
2.35102040816	169.643188477
2.35392290249	169.839279175
2.35682539683	170.232147217
2.35972789116	169.839279175
2.36263038549	169.741210938
2.36553287982	169.349472046
2.36843537415	169.056274414
2.37133786848	168.861083984
2.37424036281	169.545227051
2.37714285714	169.545227051
2.38004535147	170.035598755
2.3829478458	171.317214966
2.38585034014	172.309646606
2.38875283447	172.808029175
2.3916553288	172.907867432
2.39455782313	172.808029175
2.39746031746	172.508834839
2.40036281179	172.409210205
2.40326530612	172.210144043
2.40616780045	172.011322021
2.40907029478	171.812713623
2.41197278912	171.51524353
2.41487528345	171.119430542
2.41777777778	170.921859741
2.42068027211	170.625930786
2.42358276644	170.527389526
2.42648526077	170.330505371
2.4293877551	170.527389526
2.43229024943	170.724502563
2.43519274376	170.823150635
2.4380952381	171.020614624
2.44099773243	171.119430542
2.44390022676	171.119430542
2.44680272109	171.317214966
2.44970521542	171.317214966
2.45260770975	171.218292236
2.45551020408	170.921859741
2.45841269841	170.428924561
2.46131519274	170.133850098
2.46421768707	169.937408447
2.46712018141	169.839279175
2.47002267574	169.839279175
2.47292517007	169.741210938
2.4758276644	169.545227051
2.47873015873	169.153945923
2.48163265306	168.666122437
2.48453514739	168.082580566
2.48743764172	167.597839355
2.49034013605	167.307662964
2.49324263039	167.211044312
2.49614512472	167.211044312
2.49904761905	167.404327393
2.50195011338	167.694671631
2.50485260771	168.1796875
2.50775510204	168.568725586
2.51065759637	168.861083984
2.5135600907	168.958648682
2.51646258503	169.153945923
2.51936507937	169.349472046
2.5222675737	169.643188477
2.52517006803	169.545227051
2.52807256236	169.153945923
2.53097505669	168.471374512
2.53387755102	167.888519287
2.53678004535	167.404327393
2.53968253968	167.211044312
2.54258503401	167.307662964
2.54548752834	166.632537842
2.54839002268	167.114486694
2.55129251701	167.791564941
2.55419501134	168.568725586
2.55709750567	169.545227051
2.56	168.1796875
2.56290249433	168.276870728
2.56580498866	168.374099731
2.56870748299	168.082580566
2.57160997732	168.082580566
2.57451247166	168.1796875
2.57741496599	168.276870728
2.58031746032	168.861083984
2.58321995465	163.297592163
2.58612244898	162.263320923
2.58902494331	161.235580444
2.59192743764	161.142486572
2.59482993197	161.608551025
2.5977324263	163.769897461
2.60063492063	166.24798584
2.60353741497	169.44732666
2.6064399093	169.349472046
2.60934240363	168.082580566
2.61224489796	167.307662964
2.61514739229	166.728820801
2.61804988662	166.24798584
2.62095238095	165.481521606
2.62385487528	164.718612671
2.62675736961	163.769897461
2.62965986395	163.109054565
2.63256235828	163.769897461
2.63546485261	165.385971069
2.63836734694	166.632537842
2.64126984127	167.307662964
2.6441723356	167.985519409
2.64707482993	166.151977539
2.64997732426	165.768539429
2.65287981859	165.290466309
2.65578231293	164.813781738
2.65868480726	164.528427124
2.66158730159	164.338470459
2.66448979592	164.62348938
2.66739229025	164.909011841
2.67029478458	160.121856689
2.67319727891	159.567871094
2.67609977324	158.832214355
2.67900226757	158.374145508
2.6819047619	157.826217651
2.68480725624	157.826217651
2.68770975057	157.826217651
2.6906122449	158.099945068
2.69351473923	158.282699585
2.69641723356	158.648834229
2.69931972789	159.199615479
2.70222222222	159.752319336
2.70512471655	160.492233276
2.70802721088	161.608551025
2.71092970522	162.826644897
2.71383219955	163.675323486
2.71673469388	164.148727417
2.71963718821	164.338470459
2.72253968254	164.338470459
2.72544217687	164.148727417
2.7283446712	164.148727417
2.73124716553	164.243560791
2.73414965986	164.528427124
2.7370521542	164.813781738
2.73995464853	165.195022583
2.74285714286	165.577148438
2.74575963719	165.960144043
2.74866213152	166.344039917
2.75156462585	166.632537842
2.75446712018	166.825149536
2.75736961451	167.114486694
2.76027210884	167.791564941
2.76317460317	168.666122437
2.76607709751	169.251678467
2.76897959184	169.153945923
2.77188208617	169.349472046
2.7747845805	169.643188477
2.77768707483	169.741210938
2.78058956916	170.035598755
2.78349206349	169.153945923
2.78639455782	168.374099731
2.78929705215	167.694671631
2.79219954649	167.307662964
2.79510204082	167.211044312
2.79800453515	167.114486694
2.80090702948	167.211044312
2.80380952381	167.501052856
2.80671201814	167.888519287
2.80961451247	168.568725586
2.8125170068	169.349472046
2.81541950113	170.035598755
2.81832199546	170.625930786
2.8212244898	171.020614624
2.82412698413	171.317214966
2.82702947846	171.317214966
2.82993197279	171.218292236
2.83283446712	171.218292236
2.83573696145	171.317214966
2.83863945578	171.614349365
2.84154195011	171.911987305
2.84444444444	172.309646606
2.84734693878	172.508834839
2.85024943311	172.708236694
2.85315192744	173.007766724
2.85605442177	173.207748413
2.8589569161	173.307830811
2.86185941043	173.207748413
2.86476190476	173.10774231
2.86766439909	172.907867432
2.87056689342	172.708236694
2.87346938776	172.608505249
2.87637188209	172.608505249
2.87927437642	172.808029175
2.88217687075	173.207748413
2.88507936508	173.608413696
2.88798185941	174.009994507
2.89088435374	174.311798096
2.89378684807	174.412506104
2.8966893424	174.513290405
2.89959183673	174.311798096
2.90249433107	174.211135864
2.9053968254	174.211135864
2.90829931973	174.412506104
2.91120181406	174.715011597
2.91410430839	175.220336914
2.91700680272	175.422866821
2.91990929705	175.321578979
2.92281179138	174.513290405
2.92571428571	174.412506104
2.92861678005	173.508163452
2.93151927438	173.007766724
2.93442176871	172.309646606
2.93732426304	171.812713623
2.94022675737	171.713500977
2.9431292517	172.508834839
2.94603174603	173.508163452
2.94893424036	174.412506104
2.95183673469	175.01802063
2.95473922902	175.524230957
2.95764172336	175.930252075
2.96054421769	175.625640869
2.96344671202	174.513290405
2.96634920635	174.815948486
2.96925170068	174.91696167
2.97215419501	175.01802063
2.97505668934	175.119155884
2.97795918367	175.321578979
2.980861678	175.422866821
2.98376417234	176.235366821
2.98666666667	177.256286621
2.989569161	178.077285767
2.99247165533	178.592330933
2.99537414966	179.212371826
2.99827664399	179.730697632
3.00117913832	180.667480469
3.00408163265	181.609146118
3.00698412698	0.0
3.00988662132	0.0
3.01278911565	0.0
3.01569160998	0.0
3.01859410431	0.0
3.02149659864	0.0
3.02439909297	0.0
3.0273015873	0.0
3.03020408163	0.0
3.03310657596	0.0
3.03600907029	0.0
3.03891156463	0.0
3.04181405896	180.458892822
3.04471655329	181.924118042
3.04761904762	183.083724976
3.05052154195	184.250717163
3.05342403628	184.890380859
3.05632653061	185.425140381
3.05922902494	186.391601562
3.06213151927	191.189529419
3.06503401361	193.858444214
3.06793650794	193.970443726
3.07083900227	193.858444214
3.0737414966	193.634613037
3.07664399093	193.970443726
3.07954648526	193.970443726
3.08244897959	193.634613037
3.08535147392	193.076187134
3.08825396825	191.964141846
3.09115646259	191.410522461
3.09405895692	191.742507935
3.09696145125	191.521118164
3.09986394558	191.410522461
3.10276643991	193.858444214
3.10566893424	195.884536743
3.10857142857	197.019287109
3.1114739229	198.160614014
3.11437641723	197.931808472
3.11727891156	197.589126587
3.1201814059	197.360992432
3.12308390023	197.019287109
3.12598639456	196.337646484
3.12888888889	195.658370972
3.13179138322	195.319610596
3.13469387755	195.319610596
3.13759637188	195.094100952
3.14049886621	195.206832886
3.14340136054	195.4324646
3.14630385488	195.77142334
3.14920634921	195.997711182
3.15210884354	196.337646484
3.15501133787	196.67817688
3.1579138322	196.791809082
3.16081632653	196.791809082
3.16371882086	196.67817688
3.16662131519	196.451095581
3.16952380952	196.110961914
3.17242630385	195.77142334
3.17532879819	195.4324646
3.17823129252	195.094100952
3.18113378685	194.868850708
3.18403628118	194.643859863
3.18693877551	194.306869507
3.18984126984	194.306869507
3.19274376417	194.194656372
3.1956462585	194.306869507
3.19854875283	194.306869507
3.20145124717	194.531463623
3.2043537415	194.756332397
3.20725623583	195.319610596
3.21015873016	196.110961914
3.21306122449	197.247024536
3.21596371882	198.389663696
3.21886621315	199.308532715
3.22176870748	199.193450928
3.22467120181	197.931808472
3.22757369615	196.451095581
3.23047619048	195.658370972
3.23337868481	195.319610596
3.23628117914	194.756332397
3.23918367347	193.970443726
3.2420861678	193.522796631
3.24498866213	193.187744141
3.24789115646	192.853256226
3.25079365079	193.187744141
3.25369614512	193.299362183
3.25659863946	192.964691162
3.25950113379	193.076187134
3.26240362812	193.076187134
3.26530612245	192.964691162
3.26820861678	192.853256226
3.27111111111	193.41104126
3.27401360544	192.853256226
3.27691609977	192.519363403
3.2798185941	192.075057983
3.28272108844	191.631790161
3.28562358277	191.189529419
3.2885260771	190.638153076
3.29142857143	190.30809021
3.29433106576	189.868881226
3.29723356009	189.540161133
3.30013605442	189.211990356
3.30303854875	188.993530273
3.30594104308	188.77532959
3.30884353741	188.666320801
3.31174603175	188.557373047
3.31464852608	188.557373047
3.31755102041	188.448486328
3.32045351474	188.557373047
3.32335600907	188.557373047
3.3262585034	188.666320801
3.32916099773	188.993530273
3.33206349206	189.32131958
3.33496598639	189.759246826
3.33786848073	190.30809021
3.34077097506	190.858505249
3.34367346939	191.742507935
3.34657596372	193.746490479
3.34947845805	194.419128418
3.35238095238	195.206832886
3.35528344671	195.658370972
3.35818594104	196.224273682
3.36108843537	196.905517578
3.36399092971	178.489212036
3.36689342404	178.386138916
3.36979591837	178.283126831
3.3726984127	178.283126831
3.37560090703	178.283126831
3.37850340136	178.489212036
3.38140589569	178.798782349
3.38430839002	179.212371826
3.38721088435	179.419525146
3.39011337868	179.419525146
3.39301587302	179.212371826
3.39591836735	178.592330933
3.39882086168	178.077285767
3.40172335601	177.666320801
3.40462585034	177.358703613
3.40752834467	177.256286621
3.410430839	177.563720703
3.41333333333	178.180175781
3.41623582766	179.315917969
3.419138322	180.354675293
3.42204081633	180.563156128
3.42494331066	180.354675293
3.42784580499	180.042419434
3.43074829932	179.523193359
3.43365079365	179.212371826
3.43655328798	178.798782349
3.43945578231	178.489212036
3.44235827664	178.386138916
3.44526077098	178.283126831
3.44816326531	178.077285767
3.45106575964	177.563720703
3.45396825397	177.256286621
3.4568707483	177.256286621
3.45977324263	177.563720703
3.46267573696	177.974456787
3.46557823129	178.283126831
3.46848072562	178.592330933
3.47138321995	179.005447388
3.47428571429	179.523193359
3.47718820862	180.042419434
3.48009070295	179.730697632
3.48299319728	179.419525146
3.48589569161	178.489212036
3.48879818594	177.153930664
3.49170068027	175.727127075
3.4946031746	175.828659058
3.49750566893	175.422866821
3.50040816327	175.625640869
3.5033106576	176.133605957
3.50621315193	176.745101929
3.50911564626	177.153930664
3.51201814059	177.256286621
3.51492063492	177.256286621
3.51782312925	177.256286621
3.52072562358	177.051635742
3.52362811791	176.949401855
3.52653061224	176.847213745
3.52943310658	176.643035889
3.53233560091	176.541030884
3.53523809524	176.541030884
3.53814058957	176.439086914
3.5410430839	176.439086914
3.54394557823	176.541030884
3.54684807256	177.153930664
3.54975056689	177.768966675
3.55265306122	178.695526123
3.55555555556	179.523193359
3.55845804989	180.042419434
3.56136054422	180.667480469
3.56426303855	181.1900177
3.56716553288	182.02923584
3.57006802721	182.661193848
3.57297052154	182.239654541
3.57587301587	181.085388184
3.5787755102	178.283126831
3.58167800454	178.077285767
3.58458049887	178.695526123
3.5874829932	178.180175781
3.59038548753	177.563720703
3.59328798186	177.461181641
3.59619047619	177.666320801
3.59909297052	177.974456787
3.60199546485	178.902084351
3.60489795918	179.523193359
3.60780045351	179.730697632
3.61070294785	179.419525146
3.61360544218	178.902084351
3.61650793651	178.283126831
3.61941043084	177.563720703
3.62231292517	177.153930664
3.6252154195	176.949401855
3.62811791383	177.051635742
3.63102040816	177.461181641
3.63392290249	177.871688843
3.63682539683	178.489212036
3.63972789116	178.902084351
3.64263038549	179.212371826
3.64553287982	179.212371826
3.64843537415	179.10887146
3.65133786848	179.005447388
3.65424036281	178.798782349
3.65714285714	178.695526123
3.66004535147	178.592330933
3.6629478458	178.489212036
3.66585034014	178.283126831
3.66875283447	178.592330933
3.6716553288	178.798782349
3.67455782313	179.315917969
3.67746031746	179.315917969
3.68036281179	179.10887146
3.68326530612	178.902084351
3.68616780045	178.798782349
3.68907029478	178.592330933
3.69197278912	178.386138916
3.69487528345	178.077285767
3.69777777778	177.871688843
3.70068027211	177.871688843
3.70358276644	177.871688843
3.70648526077	177.974456787
3.7093877551	178.077285767
3.71229024943	178.180175781
3.71519274376	178.283126831
3.7180952381	178.283126831
3.72099773243	178.180175781
3.72390022676	178.077285767
3.72680272109	177.768966675
3.72970521542	177.461181641
3.73260770975	177.461181641
3.73551020408	177.461181641
3.73841269841	177.358703613
3.74131519274	177.256286621
3.74421768707	177.153930664
3.74712018141	177.051635742
3.75002267574	177.153930664
3.75292517007	177.461181641
3.7558276644	177.871688843
3.75873015873	178.386138916
3.76163265306	178.695526123
3.76453514739	178.798782349
3.76743764172	178.798782349
3.77034013605	178.695526123
3.77324263039	178.489212036
3.77614512472	178.180175781
3.77904761905	177.974456787
3.78195011338	177.768966675
3.78485260771	177.563720703
3.78775510204	177.153930664
3.79065759637	176.643035889
3.7935600907	175.930252075
3.79646258503	176.031890869
3.79936507937	175.422866821
3.8022675737	174.412506104
3.80517006803	173.608413696
3.80807256236	172.708236694
3.81097505669	171.812713623
3.81387755102	171.020614624
3.81678004535	170.823150635
3.81968253968	169.643188477
3.82258503401	168.861083984
3.82548752834	168.568725586
3.82839002268	168.763565063
3.83129251701	168.958648682
3.83419501134	168.861083984
3.83709750567	168.276870728
3.84	167.888519287
3.84290249433	167.404327393
3.84580498866	167.307662964
3.84870748299	166.921539307
3.85160997732	167.211044312
3.85451247166	167.694671631
3.85741496599	168.374099731
3.86031746032	169.251678467
3.86321995465	169.937408447
3.86612244898	171.218292236
3.86902494331	172.409210205
3.87192743764	174.009994507
3.87482993197	175.220336914
3.8777324263	176.235366821
3.88063492063	177.768966675
3.88353741497	179.523193359
3.8864399093	165.672805786
3.88934240363	165.672805786
3.89224489796	165.195022583
3.89514739229	165.768539429
3.89804988662	166.921539307
3.90095238095	167.404327393
3.90385487528	167.404327393
3.90675736961	167.501052856
3.90965986395	167.404327393
3.91256235828	167.017990112
3.91546485261	166.440155029
3.91836734694	165.960144043
3.92126984127	166.151977539
3.9241723356	166.440155029
3.92707482993	166.921539307
3.92997732426	167.404327393
3.93287981859	167.888519287
3.93578231293	168.082580566
3.93868480726	168.276870728
3.94158730159	168.471374512
3.94448979592	168.568725586
3.94739229025	168.666122437
3.95029478458	168.568725586
3.95319727891	168.276870728
3.95609977324	168.082580566
3.95900226757	167.791564941
3.9619047619	167.114486694
3.96480725624	166.440155029
3.96770975057	166.632537842
3.9706122449	166.536315918
3.97351473923	166.344039917
3.97641723356	166.440155029
3.97931972789	166.440155029
3.98222222222	166.921539307
3.98512471655	167.017990112
3.98802721088	167.017990112
3.99092970522	167.017990112
3.99383219955	167.114486694
3.99673469388	167.888519287
3.99963718821	168.276870728
4.00253968254	168.276870728
4.00544217687	168.276870728
4.0083446712	168.1796875
4.01124716553	167.985519409
4.01414965986	167.694671631
4.0170521542	167.985519409
4.01995464853	167.694671631
4.02285714286	167.404327393
4.02575963719	167.307662964
4.02866213152	167.211044312
4.03156462585	167.114486694
4.03446712018	167.017990112
4.03736961451	167.211044312
4.04027210884	167.211044312
4.04317460317	167.114486694
4.04607709751	166.825149536
4.04897959184	166.440155029
4.05188208617	166.151977539
4.0547845805	165.960144043
4.05768707483	165.768539429
4.06058956916	165.768539429
4.06349206349	165.768539429
4.06639455782	165.864318848
4.06929705215	165.960144043
4.07219954649	166.24798584
4.07510204082	166.536315918
4.07800453515	166.825149536
4.08090702948	167.017990112
4.08380952381	167.211044312
4.08671201814	167.307662964
4.08961451247	167.501052856
4.0925170068	167.597839355
4.09541950113	167.888519287
4.09832199546	168.082580566
4.1012244898	168.471374512
4.10412698413	168.666122437
4.10702947846	169.056274414
4.10993197279	169.153945923
4.11283446712	169.44732666
4.11573696145	169.545227051
4.11863945578	170.035598755
4.12154195011	169.643188477
4.12444444444	169.643188477
4.12734693878	169.643188477
4.13024943311	169.44732666
4.13315192744	169.251678467
4.13605442177	169.056274414
4.1389569161	168.861083984
4.14185941043	168.568725586
4.14476190476	168.276870728
4.14766439909	168.276870728
4.15056689342	168.1796875
4.15346938776	168.374099731
4.15637188209	168.666122437
4.15927437642	169.056274414
4.16217687075	169.349472046
4.16507936508	169.643188477
4.16798185941	169.741210938
4.17088435374	169.741210938
4.17378684807	169.741210938
4.1766893424	169.643188477
4.17959183673	169.349472046
4.18249433107	169.349472046
4.1853968254	169.349472046
4.18829931973	169.545227051
4.19120181406	169.741210938
4.19410430839	169.643188477
4.19700680272	169.545227051
4.19990929705	169.741210938
4.20281179138	169.839279175
4.20571428571	169.937408447
4.20861678005	169.839279175
4.21151927438	169.643188477
4.21442176871	169.44732666
4.21732426304	169.349472046
4.22022675737	169.349472046
4.2231292517	169.44732666
4.22603174603	169.545227051
4.22893424036	169.839279175
4.23183673469	169.937408447
4.23473922902	169.937408447
4.23764172336	169.643188477
4.24054421769	169.251678467
4.24344671202	168.861083984
4.24634920635	168.568725586
4.24925170068	168.568725586
4.25215419501	168.666122437
4.25505668934	168.763565063
4.25795918367	168.958648682
4.260861678	169.251678467
4.26376417234	169.349472046
4.26666666667	169.44732666
4.269569161	169.545227051
4.27247165533	169.545227051
4.27537414966	169.545227051
4.27827664399	169.44732666
4.28117913832	169.349472046
4.28408163265	169.44732666
4.28698412698	169.741210938
4.28988662132	170.035598755
4.29278911565	170.527389526
4.29569160998	171.119430542
4.29859410431	171.51524353
4.30149659864	171.911987305
4.30439909297	172.110702515
4.3073015873	172.011322021
4.31020408163	171.614349365
4.31310657596	170.527389526
4.31600907029	169.839279175
4.31891156463	169.545227051
4.32181405896	169.44732666
4.32471655329	169.839279175
4.32761904762	169.937408447
4.33052154195	169.839279175
4.33342403628	169.741210938
4.33632653061	169.545227051
4.33922902494	169.153945923
4.34213151927	168.861083984
4.34503401361	168.666122437
4.34793650794	168.471374512
4.35083900227	168.471374512
4.3537414966	168.568725586
4.35664399093	168.763565063
4.35954648526	169.056274414
4.36244897959	169.44732666
4.36535147392	169.643188477
4.36825396825	169.839279175
4.37115646259	169.741210938
4.37405895692	169.643188477
4.37696145125	169.44732666
4.37986394558	169.349472046
4.38276643991	169.153945923
4.38566893424	169.056274414
4.38857142857	169.056274414
4.3914739229	169.153945923
4.39437641723	169.44732666
4.39727891156	170.035598755
4.4001814059	170.625930786
4.40308390023	171.020614624
4.40598639456	170.921859741
4.40888888889	170.625930786
4.41179138322	170.330505371
4.41469387755	170.035598755
4.41759637188	169.839279175
4.42049886621	169.741210938
4.42340136054	170.035598755
4.42630385488	170.823150635
4.42920634921	172.011322021
4.43210884354	172.708236694
4.43501133787	172.708236694
4.4379138322	172.110702515
4.44081632653	171.020614624
4.44371882086	169.643188477
4.44662131519	168.568725586
4.44952380952	167.985519409
4.45242630385	167.791564941
4.45532879819	167.985519409
4.45823129252	168.763565063
4.46113378685	170.133850098
4.46403628118	171.218292236
4.46693877551	172.210144043
4.46984126984	172.210144043
4.47274376417	171.614349365
4.4756462585	170.625930786
4.47854875283	169.545227051
4.48145124717	168.666122437
4.4843537415	167.985519409
4.48725623583	167.985519409
4.49015873016	168.471374512
4.49306122449	169.153945923
4.49596371882	169.937408447
4.49886621315	169.545227051
4.50176870748	170.035598755
4.50467120181	170.035598755
4.50757369615	169.44732666
4.51047619048	168.471374512
4.51337868481	168.276870728
4.51628117914	168.374099731
4.51918367347	168.471374512
4.5220861678	168.861083984
4.52498866213	169.44732666
4.52789115646	170.527389526
4.53079365079	170.921859741
4.53369614512	171.119430542
4.53659863946	171.218292236
4.53950113379	171.614349365
4.54240362812	171.911987305
4.54530612245	172.210144043
4.54820861678	171.812713623
4.55111111111	171.614349365
4.55401360544	170.921859741
4.55691609977	170.625930786
4.5598185941	170.724502563
4.56272108844	171.020614624
4.56562358277	171.119430542
4.5685260771	171.51524353
4.57142857143	171.713500977
4.57433106576	172.110702515
4.57723356009	172.210144043
4.58013605442	171.812713623
4.58303854875	171.416213989
4.58594104308	170.724502563
4.58884353741	170.133850098
4.59174603175	169.349472046
4.59464852608	169.251678467
4.59755102041	169.643188477
4.60045351474	170.133850098
4.60335600907	170.823150635
4.6062585034	171.812713623
4.60916099773	171.812713623
4.61206349206	171.614349365
4.61496598639	171.51524353
4.61786848073	171.416213989
4.62077097506	171.119430542
4.62367346939	0.0
4.62657596372	0.0
4.62947845805	0.0
4.63238095238	0.0
4.63528344671	0.0
