0.0	0.0
0.00290249433107	0.0
0.00580498866213	0.0
0.0087074829932	0.0
0.0116099773243	0.0
0.0145124716553	0.0
0.0174149659864	0.0
0.0203174603175	0.0
0.0232199546485	0.0
0.0261224489796	0.0
0.0290249433107	0.0
0.0319274376417	0.0
0.0348299319728	0.0
0.0377324263039	0.0
0.0406349206349	0.0
0.043537414966	0.0
0.0464399092971	0.0
0.0493424036281	0.0
0.0522448979592	0.0
0.0551473922902	0.0
0.0580498866213	0.0
0.0609523809524	0.0
0.0638548752834	0.0
0.0667573696145	0.0
0.0696598639456	0.0
0.0725623582766	0.0
0.0754648526077	0.0
0.0783673469388	0.0
0.0812698412698	0.0
0.0841723356009	0.0
0.087074829932	0.0
0.089977324263	0.0
0.0928798185941	0.0
0.0957823129252	0.0
0.0986848072562	0.0
0.101587301587	0.0
0.104489795918	0.0
0.107392290249	0.0
0.11029478458	0.0
0.113197278912	0.0
0.116099773243	0.0
0.119002267574	0.0
0.121904761905	0.0
0.124807256236	0.0
0.127709750567	0.0
0.130612244898	0.0
0.133514739229	0.0
0.13641723356	0.0
0.139319727891	0.0
0.142222222222	0.0
0.145124716553	0.0
0.148027210884	0.0
0.150929705215	0.0
0.153832199546	0.0
0.156734693878	0.0
0.159637188209	0.0
0.16253968254	0.0
0.165442176871	0.0
0.168344671202	0.0
0.171247165533	0.0
0.174149659864	0.0
0.177052154195	0.0
0.179954648526	0.0
0.182857142857	0.0
0.185759637188	0.0
0.188662131519	0.0
0.19156462585	0.0
0.194467120181	0.0
0.197369614512	0.0
0.200272108844	0.0
0.203174603175	0.0
0.206077097506	0.0
0.208979591837	0.0
0.211882086168	0.0
0.214784580499	0.0
0.21768707483	316.382598877
0.220589569161	312.20715332
0.223492063492	306.843597412
0.226394557823	299.662139893
0.229297052154	295.536621094
0.232199546485	293.325714111
0.235102040816	292.142089844
0.238004535147	291.636291504
0.240907029478	291.636291504
0.24380952381	291.804779053
0.246712018141	292.142089844
0.249614512472	292.648773193
0.252517006803	292.987030029
0.255419501134	293.325714111
0.258321995465	293.664764404
0.261224489796	294.004211426
0.264126984127	294.344055176
0.267029478458	294.854553223
0.269931972789	295.536621094
0.27283446712	296.220245361
0.275736961451	296.220245361
0.278639455782	295.536621094
0.281541950113	294.514129639
0.284444444444	293.664764404
0.287346938776	294.004211426
0.290249433107	294.684295654
0.293151927438	295.365936279
0.296054421769	295.365936279
0.2989569161	294.854553223
0.301859410431	294.344055176
0.304761904762	294.004211426
0.307664399093	293.495178223
0.310566893424	293.495178223
0.313469387755	293.325714111
0.316371882086	293.156341553
0.319274376417	292.987030029
0.322176870748	292.817840576
0.325079365079	292.310882568
0.32798185941	292.142089844
0.330884353741	291.973388672
0.333786848073	292.142089844
0.336689342404	292.479766846
0.339591836735	292.987030029
0.342494331066	293.156341553
0.345396825397	293.495178223
0.348299319728	293.495178223
0.351201814059	293.495178223
0.35410430839	293.325714111
0.357006802721	292.817840576
0.359909297052	292.310882568
0.362811791383	292.142089844
0.365714285714	292.817840576
0.368616780045	293.495178223
0.371519274376	293.495178223
0.374421768707	293.325714111
0.377324263039	293.325714111
0.38022675737	293.325714111
0.383129251701	293.495178223
0.386031746032	293.325714111
0.388934240363	293.156341553
0.391836734694	292.987030029
0.394739229025	292.987030029
0.397641723356	292.817840576
0.400544217687	292.817840576
0.403446712018	292.817840576
0.406349206349	292.817840576
0.40925170068	292.648773193
0.412154195011	293.495178223
0.415056689342	293.325714111
0.417959183673	293.325714111
0.420861678005	293.664764404
0.423764172336	293.664764404
0.426666666667	293.664764404
0.429569160998	293.156341553
0.432471655329	292.987030029
0.43537414966	293.325714111
0.438276643991	294.004211426
0.441179138322	294.174102783
0.444081632653	294.004211426
0.446984126984	294.004211426
0.449886621315	294.174102783
0.452789115646	294.344055176
0.455691609977	294.344055176
0.458594104308	293.834442139
0.461496598639	293.495178223
0.464399092971	293.495178223
0.467301587302	293.664764404
0.470204081633	293.834442139
0.473106575964	294.004211426
0.476009070295	294.004211426
0.478911564626	293.834442139
0.481814058957	293.664764404
0.484716553288	293.325714111
0.487619047619	292.817840576
0.49052154195	292.310882568
0.493424036281	291.973388672
0.496326530612	292.310882568
0.499229024943	292.310882568
0.502131519274	292.479766846
0.505034013605	292.479766846
0.507936507937	292.648773193
0.510839002268	292.648773193
0.513741496599	292.310882568
0.51664399093	291.973388672
0.519546485261	291.804779053
0.522448979592	430.696075439
0.525351473923	430.696075439
0.528253968254	430.696075439
0.531156462585	430.696075439
0.534058956916	430.944915771
0.536961451247	431.941772461
0.539863945578	434.193115234
0.542766439909	435.700531006
0.54566893424	437.465789795
0.548571428571	438.477722168
0.551473922902	439.491973877
0.554376417234	440.0
0.557278911565	440.0
0.560181405896	440.254241943
0.563083900227	440.254241943
0.565986394558	440.254241943
0.568888888889	440.0
0.57179138322	439.238189697
0.574693877551	438.477722168
0.577596371882	437.718536377
0.580498866213	437.213165283
0.583401360544	436.960693359
0.586303854875	436.456207275
0.589206349206	436.204162598
0.592108843537	436.456207275
0.595011337868	436.708374023
0.5979138322	437.465789795
0.600816326531	438.224517822
0.603718820862	438.984558105
0.606621315193	439.745910645
0.609523809524	440.254241943
0.612426303855	440.254241943
0.615328798186	440.254241943
0.618231292517	440.0
0.621133786848	439.238189697
0.624036281179	438.477722168
0.62693877551	437.465789795
0.629841269841	436.708374023
0.632743764172	436.204162598
0.635646258503	435.700531006
0.638548752834	435.448913574
0.641451247166	435.448913574
0.644353741497	435.952270508
0.647256235828	436.204162598
0.650158730159	436.960693359
0.65306122449	437.718536377
0.655963718821	438.224517822
0.658866213152	439.238189697
0.661768707483	439.491973877
0.664671201814	439.745910645
0.667573696145	440.0
0.670476190476	440.0
0.673378684807	440.254241943
0.676281179138	440.254241943
0.679183673469	440.254241943
0.6820861678	440.0
0.684988662132	440.0
0.687891156463	439.745910645
0.690793650794	439.491973877
0.693696145125	439.491973877
0.696598639456	439.745910645
0.699501133787	440.0
0.702403628118	440.0
0.705306122449	440.0
0.70820861678	439.745910645
0.711111111111	439.491973877
0.714013605442	438.984558105
0.716916099773	438.731048584
0.719818594104	438.224517822
0.722721088435	437.718536377
0.725623582766	437.213165283
0.728526077098	436.960693359
0.731428571429	436.960693359
0.73433106576	437.213165283
0.737233560091	437.465789795
0.740136054422	437.971466064
0.743038548753	438.224517822
0.745941043084	438.477722168
0.748843537415	438.731048584
0.751746031746	438.477722168
0.754648526077	438.224517822
0.757551020408	437.718536377
0.760453514739	437.465789795
0.76335600907	436.960693359
0.766258503401	436.456207275
0.769160997732	436.456207275
0.772063492063	436.456207275
0.774965986395	436.456207275
0.777868480726	436.960693359
0.780770975057	437.213165283
0.783673469388	437.213165283
0.786575963719	437.465789795
0.78947845805	437.718536377
0.792380952381	437.718536377
0.795283446712	437.971466064
0.798185941043	438.224517822
0.801088435374	438.477722168
0.803990929705	438.731048584
0.806893424036	438.731048584
0.809795918367	438.731048584
0.812698412698	438.984558105
0.815600907029	438.731048584
0.818503401361	438.731048584
0.821405895692	438.731048584
0.824308390023	438.731048584
0.827210884354	438.731048584
0.830113378685	438.731048584
0.833015873016	438.477722168
0.835918367347	437.971466064
0.838820861678	437.465789795
0.841723356009	437.465789795
0.84462585034	437.213165283
0.847528344671	437.213165283
0.850430839002	436.960693359
0.853333333333	436.960693359
0.856235827664	436.708374023
0.859138321995	436.708374023
0.862040816327	436.456207275
0.864943310658	436.708374023
0.867845804989	436.960693359
0.87074829932	437.465789795
0.873650793651	437.718536377
0.876553287982	437.718536377
0.879455782313	437.718536377
0.882358276644	437.718536377
0.885260770975	437.465789795
0.888163265306	437.465789795
0.891065759637	437.465789795
0.893968253968	437.465789795
0.896870748299	437.718536377
0.89977324263	437.971466064
0.902675736961	438.224517822
0.905578231293	438.224517822
0.908480725624	437.971466064
0.911383219955	437.971466064
0.914285714286	437.718536377
0.917188208617	437.718536377
0.920090702948	437.718536377
0.922993197279	437.718536377
0.92589569161	437.718536377
0.928798185941	437.971466064
0.931700680272	437.971466064
0.934603174603	438.224517822
0.937505668934	438.224517822
0.940408163265	437.971466064
0.943310657596	437.971466064
0.946213151927	437.718536377
0.949115646259	437.465789795
0.95201814059	437.465789795
0.954920634921	437.465789795
0.957823129252	437.465789795
0.960725623583	437.718536377
0.963628117914	437.718536377
0.966530612245	437.971466064
0.969433106576	438.224517822
0.972335600907	438.224517822
0.975238095238	437.971466064
0.978140589569	437.971466064
0.9810430839	437.971466064
0.983945578231	438.224517822
0.986848072562	438.224517822
0.989750566893	438.477722168
0.992653061224	438.477722168
0.995555555556	438.477722168
0.998458049887	438.477722168
1.00136054422	438.477722168
1.00426303855	438.477722168
1.00716553288	438.224517822
1.01006802721	437.971466064
1.01297052154	437.971466064
1.01587301587	437.718536377
1.0187755102	437.718536377
1.02167800454	437.465789795
1.02458049887	437.718536377
1.0274829932	437.718536377
1.03038548753	437.971466064
1.03328798186	437.971466064
1.03619047619	438.224517822
1.03909297052	438.224517822
1.04199546485	438.477722168
1.04489795918	438.224517822
1.04780045351	438.224517822
1.05070294785	438.477722168
1.05360544218	438.477722168
1.05650793651	438.477722168
1.05941043084	438.731048584
1.06231292517	438.731048584
1.0652154195	438.984558105
1.06811791383	439.238189697
1.07102040816	439.238189697
1.07392290249	438.984558105
1.07682539683	437.971466064
1.07972789116	436.456207275
1.08263038549	434.193115234
1.08553287982	431.692352295
1.08843537415	427.721038818
1.09133786848	417.951873779
1.09424036281	403.015930176
1.09714285714	399.539154053
1.10004535147	398.156829834
1.1029478458	398.156829834
1.10585034014	398.156829834
1.10875283447	398.61706543
1.1116553288	399.308441162
1.11455782313	399.539154053
1.11746031746	398.386901855
1.12036281179	397.008575439
1.12326530612	395.406585693
1.12616780045	394.038574219
1.12907029478	393.129211426
1.13197278912	392.902191162
1.13487528345	392.675292969
1.13777777778	392.902191162
1.14068027211	392.902191162
1.14358276644	392.448547363
1.14648526077	392.221923828
1.1493877551	391.769073486
1.15229024943	391.54284668
1.15519274376	391.316741943
1.1580952381	391.316741943
1.16099773243	391.316741943
1.16390022676	391.54284668
1.16680272109	391.54284668
1.16970521542	391.769073486
1.17260770975	391.769073486
1.17551020408	392.221923828
1.17841269841	392.902191162
1.18131519274	393.35635376
1.18421768707	393.811035156
1.18712018141	394.494049072
1.19002267574	394.494049072
1.19292517007	394.721984863
1.1958276644	395.178253174
1.19873015873	395.863616943
1.20163265306	396.779327393
1.20453514739	397.697143555
1.20743764172	398.61706543
1.21034013605	399.077850342
1.21324263039	399.077850342
1.21614512472	398.61706543
1.21904761905	398.156829834
1.22195011338	397.237976074
1.22485260771	396.092346191
1.22775510204	395.406585693
1.23065759637	394.721984863
1.2335600907	394.494049072
1.23646258503	394.266235352
1.23936507937	394.038574219
1.2422675737	393.811035156
1.24517006803	393.811035156
1.24807256236	393.811035156
1.25097505669	393.811035156
1.25387755102	393.811035156
1.25678004535	393.583618164
1.25968253968	393.35635376
1.26258503401	393.129211426
1.26548752834	393.35635376
1.26839002268	393.35635376
1.27129251701	393.583618164
1.27419501134	393.811035156
1.27709750567	394.038574219
1.28	394.266235352
1.28290249433	394.266235352
1.28580498866	394.266235352
1.28870748299	394.038574219
1.29160997732	393.811035156
1.29451247166	393.583618164
1.29741496599	393.35635376
1.30031746032	393.35635376
1.30321995465	393.35635376
1.30612244898	393.129211426
1.30902494331	393.129211426
1.31192743764	392.902191162
1.31482993197	392.902191162
1.3177324263	392.902191162
1.32063492063	392.902191162
1.32353741497	392.902191162
1.3264399093	392.902191162
1.32934240363	392.902191162
1.33224489796	392.902191162
1.33514739229	393.129211426
1.33804988662	393.35635376
1.34095238095	393.35635376
1.34385487528	393.35635376
1.34675736961	393.583618164
1.34965986395	393.583618164
1.35256235828	393.583618164
1.35546485261	393.35635376
1.35836734694	393.35635376
1.36126984127	392.902191162
1.3641723356	392.675292969
1.36707482993	391.995422363
1.36997732426	391.54284668
1.37287981859	391.090789795
1.37578231293	391.090789795
1.37868480726	391.54284668
1.38158730159	392.221923828
1.38448979592	392.902191162
1.38739229025	393.129211426
1.39029478458	392.675292969
1.39319727891	391.316741943
1.39609977324	388.165039062
1.39900226757	382.15826416
1.4019047619	374.077423096
1.40480725624	369.140533447
1.40770975057	365.744659424
1.4106122449	364.900604248
1.41351473923	365.322387695
1.41641723356	365.533477783
1.41931972789	366.802520752
1.42222222222	368.075958252
1.42512471655	369.353820801
1.42802721088	369.780761719
1.43092970522	369.780761719
1.43383219955	369.567230225
1.43673469388	369.353820801
1.43963718821	369.140533447
1.44253968254	369.140533447
1.44544217687	368.927368164
1.4483446712	368.714324951
1.45124716553	368.288635254
1.45414965986	367.651000977
1.4570521542	367.226501465
1.45995464853	367.014434814
1.46285714286	367.014434814
1.46575963719	367.226501465
1.46866213152	367.86340332
1.47156462585	368.927368164
1.47446712018	369.994415283
1.47736961451	371.064544678
1.48027210884	371.493469238
1.48317460317	372.137786865
1.48607709751	371.92288208
1.48897959184	371.92288208
1.49188208617	372.137786865
1.4947845805	372.137786865
1.49768707483	371.92288208
1.50058956916	371.708129883
1.50349206349	371.064544678
1.50639455782	370.208190918
1.50929705215	369.140533447
1.51219954649	367.86340332
1.51510204082	366.590698242
1.51800453515	365.744659424
1.52090702948	365.111450195
1.52380952381	365.322387695
1.52671201814	365.955993652
1.52961451247	367.014434814
1.5325170068	368.075958252
1.53541950113	369.140533447
1.53832199546	369.780761719
1.5412244898	370.208190918
1.54412698413	370.422119141
1.54702947846	370.208190918
1.54993197279	370.208190918
1.55283446712	369.780761719
1.55573696145	369.567230225
1.55863945578	369.353820801
1.56154195011	369.140533447
1.56444444444	369.140533447
1.56734693878	369.140533447
1.57024943311	369.353820801
1.57315192744	369.353820801
1.57605442177	369.567230225
1.5789569161	369.780761719
1.58185941043	369.994415283
1.58476190476	369.780761719
1.58766439909	369.353820801
1.59056689342	369.140533447
1.59346938776	368.927368164
1.59637188209	368.714324951
1.59927437642	368.927368164
1.60217687075	369.140533447
1.60507936508	369.353820801
1.60798185941	369.567230225
1.61088435374	369.780761719
1.61378684807	370.208190918
1.6166893424	370.422119141
1.61959183673	370.850280762
1.62249433107	371.064544678
1.6253968254	371.064544678
1.62829931973	370.636138916
1.63120181406	370.208190918
1.63410430839	369.353820801
1.63700680272	368.288635254
1.63990929705	367.651000977
1.64281179138	367.226501465
1.64571428571	367.226501465
1.64861678005	367.651000977
1.65151927438	368.288635254
1.65442176871	368.927368164
1.65732426304	369.567230225
1.66022675737	369.994415283
1.6631292517	370.208190918
1.66603174603	370.208190918
1.66893424036	370.208190918
1.67183673469	370.208190918
1.67473922902	370.208190918
1.67764172336	369.780761719
1.68054421769	369.353820801
1.68344671202	368.714324951
1.68634920635	368.075958252
1.68925170068	367.438690186
1.69215419501	367.226501465
1.69505668934	367.226501465
1.69795918367	367.651000977
1.700861678	368.075958252
1.70376417234	368.714324951
1.70666666667	369.567230225
1.709569161	369.994415283
1.71247165533	370.636138916
1.71537414966	370.850280762
1.71827664399	371.064544678
1.72117913832	370.850280762
1.72408163265	370.636138916
1.72698412698	370.208190918
1.72988662132	369.780761719
1.73278911565	369.140533447
1.73569160998	368.501434326
1.73859410431	368.075958252
1.74149659864	368.075958252
1.74439909297	368.288635254
1.7473015873	368.501434326
1.75020408163	368.714324951
1.75310657596	369.140533447
1.75600907029	369.567230225
1.75891156463	369.567230225
1.76181405896	369.567230225
1.76471655329	369.353820801
1.76761904762	369.353820801
1.77052154195	369.353820801
1.77342403628	369.353820801
1.77632653061	369.353820801
1.77922902494	369.567230225
1.78213151927	369.567230225
1.78503401361	369.353820801
1.78793650794	368.927368164
1.79083900227	368.501434326
1.7937414966	367.86340332
1.79664399093	367.651000977
1.79954648526	367.226501465
1.80244897959	367.226501465
1.80535147392	367.651000977
1.80825396825	368.288635254
1.81115646259	368.714324951
1.81405895692	369.353820801
1.81696145125	369.780761719
1.81986394558	369.994415283
1.82276643991	369.994415283
1.82566893424	369.780761719
1.82857142857	369.780761719
1.8314739229	369.567230225
1.83437641723	369.567230225
1.83727891156	369.567230225
1.8401814059	369.353820801
1.84308390023	369.140533447
1.84598639456	368.927368164
1.84888888889	368.501434326
1.85179138322	368.075958252
1.85469387755	367.86340332
1.85759637188	368.075958252
1.86049886621	368.075958252
1.86340136054	368.714324951
1.86630385488	369.140533447
1.86920634921	369.353820801
1.87210884354	369.567230225
1.87501133787	369.567230225
1.8779138322	369.567230225
1.88081632653	369.567230225
1.88371882086	369.567230225
1.88662131519	369.353820801
1.88952380952	369.140533447
1.89242630385	368.927368164
1.89532879819	368.927368164
1.89823129252	368.714324951
1.90113378685	368.714324951
1.90403628118	368.714324951
1.90693877551	368.714324951
1.90984126984	368.714324951
1.91274376417	369.140533447
1.9156462585	369.353820801
1.91854875283	369.567230225
1.92145124717	369.567230225
1.9243537415	369.567230225
1.92725623583	369.567230225
1.93015873016	369.567230225
1.93306122449	369.353820801
1.93596371882	369.353820801
1.93886621315	369.140533447
1.94176870748	370.208190918
1.94467120181	371.493469238
1.94757369615	372.137786865
1.95047619048	371.92288208
1.95337868481	371.064544678
1.95628117914	369.567230225
1.95918367347	367.438690186
1.9620861678	312.568023682
1.96498866213	311.846679688
1.96789115646	311.846679688
1.97079365079	312.026855469
1.97369614512	311.846679688
1.97659863946	311.486633301
1.97950113379	310.94732666
1.98240362812	310.76776123
1.98530612245	310.94732666
1.98820861678	310.94732666
1.99111111111	310.229705811
1.99401360544	309.335021973
1.99691609977	308.442932129
1.9998185941	307.553375244
2.00272108844	307.375793457
2.00562358277	307.198303223
2.0085260771	307.198303223
2.01142857143	307.375793457
2.01433106576	307.553375244
2.01723356009	308.086791992
2.02013605442	308.621124268
2.02303854875	309.156402588
2.02594104308	309.335021973
2.02884353741	309.335021973
2.03174603175	309.513763428
2.03464852608	309.871520996
2.03755102041	310.408966064
2.04045351474	310.408966064
2.04335600907	310.229705811
2.0462585034	309.871520996
2.04916099773	309.513763428
2.05206349206	309.692596436
2.05496598639	310.050567627
2.05786848073	310.94732666
2.06077097506	311.666595459
2.06367346939	312.387542725
2.06657596372	312.748626709
2.06947845805	313.110137939
2.07238095238	313.110137939
2.07528344671	313.291046143
2.07818594104	313.291046143
2.08108843537	313.472045898
2.08399092971	313.291046143
2.08689342404	312.568023682
2.08979591837	311.486633301
2.0926984127	310.588317871
2.09560090703	310.229705811
2.09850340136	310.229705811
2.10140589569	310.229705811
2.10430839002	310.588317871
2.10721088435	310.94732666
2.11011337868	311.666595459
2.11301587302	312.026855469
2.11591836735	312.20715332
2.11882086168	312.20715332
2.12172335601	312.20715332
2.12462585034	312.568023682
2.12752834467	313.110137939
2.130430839	313.653167725
2.13333333333	313.834411621
2.13623582766	314.01574707
2.139138322	313.834411621
2.14204081633	313.653167725
2.14494331066	313.653167725
2.14784580499	313.653167725
2.15074829932	313.472045898
2.15365079365	313.110137939
2.15655328798	312.568023682
2.15945578231	312.20715332
2.16235827664	312.20715332
2.16526077098	312.387542725
2.16816326531	312.387542725
2.17106575964	311.846679688
2.17396825397	310.76776123
2.1768707483	309.871520996
2.17977324263	309.156402588
2.18267573696	308.977874756
2.18557823129	308.977874756
2.18848072562	308.977874756
2.19138321995	309.513763428
2.19428571429	309.871520996
2.19718820862	310.588317871
2.20009070295	311.306762695
2.20299319728	311.666595459
2.20589569161	311.666595459
2.20879818594	311.666595459
2.21170068027	311.666595459
2.2146031746	311.846679688
2.21750566893	311.666595459
2.22040816327	311.486633301
2.2233106576	311.306762695
2.22621315193	311.306762695
2.22911564626	311.666595459
2.23201814059	312.20715332
2.23492063492	312.748626709
2.23782312925	313.110137939
2.24072562358	313.110137939
2.24362811791	313.110137939
2.24653061224	312.568023682
2.24943310658	312.568023682
2.25233560091	312.387542725
2.25523809524	312.20715332
2.25814058957	311.846679688
2.2610430839	311.846679688
2.26394557823	312.026855469
2.26684807256	312.20715332
2.26975056689	312.568023682
2.27265306122	312.568023682
2.27555555556	312.387542725
2.27845804989	312.387542725
2.28136054422	312.20715332
2.28426303855	312.026855469
2.28716553288	311.846679688
2.29006802721	311.666595459
2.29297052154	311.666595459
2.29587301587	311.666595459
2.2987755102	311.666595459
2.30167800454	311.846679688
2.30458049887	312.026855469
2.3074829932	312.026855469
2.31038548753	312.20715332
2.31328798186	312.387542725
2.31619047619	312.568023682
2.31909297052	312.748626709
2.32199546485	312.748626709
2.32489795918	312.748626709
2.32780045351	312.568023682
2.33070294785	312.387542725
2.33360544218	312.20715332
2.33650793651	311.846679688
2.33941043084	311.846679688
2.34231292517	312.026855469
2.3452154195	312.026855469
2.34811791383	312.20715332
2.35102040816	312.20715332
2.35392290249	312.387542725
2.35682539683	312.568023682
2.35972789116	312.568023682
2.36263038549	312.387542725
2.36553287982	312.20715332
2.36843537415	312.026855469
2.37133786848	311.846679688
2.37424036281	311.846679688
2.37714285714	311.666595459
2.38004535147	311.666595459
2.3829478458	311.486633301
2.38585034014	311.486633301
2.38875283447	311.666595459
2.3916553288	311.666595459
2.39455782313	311.666595459
2.39746031746	311.666595459
2.40036281179	311.846679688
2.40326530612	311.846679688
2.40616780045	312.026855469
2.40907029478	312.20715332
2.41197278912	312.20715332
2.41487528345	312.387542725
2.41777777778	312.568023682
2.42068027211	312.568023682
2.42358276644	312.568023682
2.42648526077	312.568023682
2.4293877551	312.387542725
2.43229024943	312.387542725
2.43519274376	312.20715332
2.4380952381	312.20715332
2.44099773243	312.20715332
2.44390022676	312.20715332
2.44680272109	312.20715332
2.44970521542	312.20715332
2.45260770975	312.026855469
2.45551020408	312.026855469
2.45841269841	311.846679688
2.46131519274	311.846679688
2.46421768707	311.666595459
2.46712018141	311.486633301
2.47002267574	311.306762695
2.47292517007	311.306762695
2.4758276644	311.486633301
2.47873015873	311.486633301
2.48163265306	311.486633301
2.48453514739	311.666595459
2.48743764172	311.666595459
2.49034013605	311.846679688
2.49324263039	312.026855469
2.49614512472	312.026855469
2.49904761905	312.026855469
2.50195011338	311.846679688
2.50485260771	311.666595459
2.50775510204	311.666595459
2.51065759637	311.666595459
2.5135600907	311.666595459
2.51646258503	312.026855469
2.51936507937	312.387542725
2.5222675737	313.291046143
2.52517006803	314.742095947
2.52807256236	316.56539917
2.53097505669	318.031616211
2.53387755102	318.399230957
2.53678004535	313.291046143
2.53968253968	310.050567627
2.54258503401	360.917785645
2.54548752834	363.218292236
2.54839002268	363.218292236
2.55129251701	361.961639404
2.55419501134	359.87689209
2.55709750567	358.631835938
2.56	359.046386719
2.56290249433	361.334960938
2.56580498866	363.638153076
2.56870748299	366.590698242
2.57160997732	370.208190918
2.57451247166	372.998596191
2.57741496599	374.293548584
2.58031746032	374.077423096
2.58321995465	373.214111328
2.58612244898	371.92288208
2.58902494331	370.636138916
2.59192743764	368.714324951
2.59482993197	367.226501465
2.5977324263	365.955993652
2.60063492063	364.900604248
2.60353741497	364.479309082
2.6064399093	364.900604248
2.60934240363	365.744659424
2.61224489796	367.226501465
2.61514739229	368.714324951
2.61804988662	370.208190918
2.62095238095	371.493469238
2.62385487528	372.567932129
2.62675736961	372.783203125
2.62965986395	372.783203125
2.63256235828	372.137786865
2.63546485261	371.493469238
2.63836734694	371.064544678
2.64126984127	370.850280762
2.6441723356	370.850280762
2.64707482993	371.278961182
2.64997732426	371.278961182
2.65287981859	371.278961182
2.65578231293	370.636138916
2.65868480726	369.994415283
2.66158730159	368.927368164
2.66448979592	367.651000977
2.66739229025	366.590698242
2.67029478458	365.744659424
2.67319727891	365.533477783
2.67609977324	365.744659424
2.67900226757	366.378997803
2.6819047619	367.651000977
2.68480725624	368.714324951
2.68770975057	369.780761719
2.6906122449	370.422119141
2.69351473923	370.850280762
2.69641723356	370.850280762
2.69931972789	370.850280762
2.70222222222	370.208190918
2.70512471655	369.567230225
2.70802721088	368.927368164
2.71092970522	368.501434326
2.71383219955	368.288635254
2.71673469388	368.288635254
2.71963718821	368.288635254
2.72253968254	368.501434326
2.72544217687	368.714324951
2.7283446712	369.140533447
2.73124716553	369.353820801
2.73414965986	369.780761719
2.7370521542	369.994415283
2.73995464853	369.780761719
2.74285714286	369.353820801
2.74575963719	369.353820801
2.74866213152	369.353820801
2.75156462585	369.140533447
2.75446712018	369.140533447
2.75736961451	369.140533447
2.76027210884	369.140533447
2.76317460317	369.567230225
2.76607709751	369.780761719
2.76897959184	370.422119141
2.77188208617	370.636138916
2.7747845805	370.850280762
2.77768707483	370.850280762
2.78058956916	370.636138916
2.78349206349	370.208190918
2.78639455782	369.567230225
2.78929705215	368.714324951
2.79219954649	368.075958252
2.79510204082	367.438690186
2.79800453515	367.438690186
2.80090702948	367.651000977
2.80380952381	368.075958252
2.80671201814	368.714324951
2.80961451247	369.140533447
2.8125170068	369.567230225
2.81541950113	369.780761719
2.81832199546	370.422119141
2.8212244898	371.278961182
2.82412698413	372.567932129
2.82702947846	374.50982666
2.82993197279	382.15826416
2.83283446712	395.406585693
2.83573696145	400.000976562
2.83863945578	402.783203125
2.84154195011	404.415100098
2.84444444444	404.648773193
2.84734693878	403.248779297
2.85024943311	400.694732666
2.85315192744	398.61706543
2.85605442177	397.237976074
2.8589569161	397.008575439
2.86185941043	396.779327393
2.86476190476	396.550201416
2.86766439909	396.550201416
2.87056689342	396.092346191
2.87346938776	395.635040283
2.87637188209	394.950042725
2.87927437642	394.038574219
2.88217687075	393.35635376
2.88507936508	392.902191162
2.88798185941	392.448547363
2.89088435374	391.995422363
2.89378684807	391.769073486
2.8966893424	391.54284668
2.89959183673	391.090789795
2.90249433107	391.090789795
2.9053968254	391.090789795
2.90829931973	391.090789795
2.91120181406	391.316741943
2.91410430839	391.54284668
2.91700680272	391.769073486
2.91990929705	391.995422363
2.92281179138	392.448547363
2.92571428571	393.129211426
2.92861678005	394.038574219
2.93151927438	395.178253174
2.93442176871	395.863616943
2.93732426304	396.550201416
2.94022675737	397.008575439
2.9431292517	396.779327393
2.94603174603	396.321228027
2.94893424036	395.635040283
2.95183673469	395.178253174
2.95473922902	395.406585693
2.95764172336	396.092346191
2.96054421769	397.008575439
2.96344671202	398.386901855
2.96634920635	399.308441162
2.96925170068	399.539154053
2.97215419501	399.077850342
2.97505668934	397.697143555
2.97795918367	396.092346191
2.980861678	394.494049072
2.98376417234	393.583618164
2.98666666667	392.902191162
2.989569161	392.675292969
2.99247165533	392.675292969
2.99537414966	392.902191162
2.99827664399	393.35635376
3.00117913832	393.811035156
3.00408163265	394.266235352
3.00698412698	394.266235352
3.00988662132	394.494049072
3.01278911565	394.266235352
3.01569160998	393.811035156
3.01859410431	393.35635376
3.02149659864	392.902191162
3.02439909297	392.221923828
3.0273015873	391.995422363
3.03020408163	391.995422363
3.03310657596	392.221923828
3.03600907029	392.902191162
3.03891156463	393.35635376
3.04181405896	394.038574219
3.04471655329	394.494049072
3.04761904762	394.950042725
3.05052154195	394.950042725
3.05342403628	394.721984863
3.05632653061	394.266235352
3.05922902494	393.35635376
3.06213151927	392.448547363
3.06503401361	391.316741943
3.06793650794	390.639221191
3.07083900227	390.639221191
3.0737414966	390.639221191
3.07664399093	391.090789795
3.07954648526	391.769073486
3.08244897959	392.675292969
3.08535147392	393.583618164
3.08825396825	394.266235352
3.09115646259	394.721984863
3.09405895692	394.494049072
3.09696145125	394.266235352
3.09986394558	393.35635376
3.10276643991	391.769073486
3.10566893424	389.962890625
3.10857142857	387.716888428
3.1114739229	385.706512451
3.11437641723	385.483795166
3.11727891156	387.716888428
3.1201814059	394.494049072
3.12308390023	398.61706543
3.12598639456	400.232086182
3.12888888889	400.232086182
3.13179138322	398.61706543
3.13469387755	394.721984863
3.13759637188	385.038726807
3.14049886621	380.176727295
3.14340136054	378.861419678
3.14630385488	378.205474854
3.14920634921	377.114746094
3.15210884354	376.027160645
3.15501133787	374.50982666
3.1579138322	372.567932129
3.16081632653	369.780761719
3.16371882086	367.014434814
3.16662131519	364.689880371
3.16952380952	363.218292236
3.17242630385	363.008544922
3.17532879819	363.638153076
3.17823129252	365.322387695
3.18113378685	367.651000977
3.18403628118	369.994415283
3.18693877551	371.92288208
3.18984126984	372.998596191
3.19274376417	373.645507812
3.1956462585	373.645507812
3.19854875283	373.429748535
3.20145124717	373.214111328
3.2043537415	372.998596191
3.20725623583	372.783203125
3.21015873016	372.137786865
3.21306122449	371.708129883
3.21596371882	371.064544678
3.21886621315	370.208190918
3.22176870748	368.927368164
3.22467120181	367.86340332
3.22757369615	366.802520752
3.23047619048	366.167449951
3.23337868481	365.533477783
3.23628117914	365.533477783
3.23918367347	365.744659424
3.2420861678	366.378997803
3.24498866213	367.226501465
3.24789115646	368.075958252
3.25079365079	368.927368164
3.25369614512	369.780761719
3.25659863946	370.422119141
3.25950113379	370.636138916
3.26240362812	370.636138916
3.26530612245	370.422119141
3.26820861678	369.780761719
3.27111111111	369.353820801
3.27401360544	368.714324951
3.27691609977	368.288635254
3.2798185941	368.075958252
3.28272108844	368.288635254
3.28562358277	368.501434326
3.2885260771	368.501434326
3.29142857143	368.927368164
3.29433106576	368.927368164
3.29723356009	369.140533447
3.30013605442	369.353820801
3.30303854875	369.353820801
3.30594104308	369.353820801
3.30884353741	369.353820801
3.31174603175	369.780761719
3.31464852608	369.994415283
3.31755102041	369.994415283
3.32045351474	369.994415283
3.32335600907	369.780761719
3.3262585034	369.780761719
3.32916099773	369.780761719
3.33206349206	369.780761719
3.33496598639	369.567230225
3.33786848073	369.567230225
3.34077097506	369.353820801
3.34367346939	369.140533447
3.34657596372	368.714324951
3.34947845805	368.501434326
3.35238095238	368.288635254
3.35528344671	368.501434326
3.35818594104	368.714324951
3.36108843537	368.927368164
3.36399092971	368.927368164
3.36689342404	368.714324951
3.36979591837	368.501434326
3.3726984127	369.353820801
3.37560090703	369.994415283
3.37850340136	370.208190918
3.38140589569	370.208190918
3.38430839002	313.291046143
3.38721088435	312.20715332
3.39011337868	311.306762695
3.39301587302	310.94732666
3.39591836735	311.126983643
3.39882086168	311.486633301
3.40172335601	311.306762695
3.40462585034	310.76776123
3.40752834467	309.871520996
3.410430839	309.335021973
3.41333333333	308.977874756
3.41623582766	308.799438477
3.419138322	308.442932129
3.42204081633	307.553375244
3.42494331066	307.020904541
3.42784580499	306.666412354
3.43074829932	307.020904541
3.43365079365	307.731079102
3.43655328798	308.442932129
3.43945578231	308.799438477
3.44235827664	308.977874756
3.44526077098	309.335021973
3.44816326531	309.692596436
3.45106575964	309.871520996
3.45396825397	309.692596436
3.4568707483	309.871520996
3.45977324263	310.050567627
3.46267573696	310.229705811
3.46557823129	310.408966064
3.46848072562	310.229705811
3.47138321995	310.050567627
3.47428571429	310.050567627
3.47718820862	310.229705811
3.48009070295	310.76776123
3.48299319728	311.306762695
3.48589569161	311.666595459
3.48879818594	312.387542725
3.49170068027	312.748626709
3.4946031746	313.472045898
3.49750566893	313.472045898
3.50040816327	312.929321289
3.5033106576	312.387542725
3.50621315193	312.20715332
3.50911564626	311.666595459
3.51201814059	310.588317871
3.51492063492	309.513763428
3.51782312925	308.799438477
3.52072562358	308.977874756
3.52362811791	309.692596436
3.52653061224	310.588317871
3.52943310658	311.126983643
3.53233560091	311.486633301
3.53523809524	311.846679688
3.53814058957	312.568023682
3.5410430839	312.929321289
3.54394557823	313.110137939
3.54684807256	313.110137939
3.54975056689	313.110137939
3.55265306122	313.291046143
3.55555555556	313.291046143
3.55845804989	313.110137939
3.56136054422	312.748626709
3.56426303855	312.568023682
3.56716553288	312.026855469
3.57006802721	311.666595459
3.57297052154	311.666595459
3.57587301587	312.026855469
3.5787755102	312.387542725
3.58167800454	312.748626709
3.58458049887	312.929321289
3.5874829932	312.929321289
3.59038548753	312.929321289
3.59328798186	312.568023682
3.59619047619	311.846679688
3.59909297052	310.76776123
3.60199546485	309.513763428
3.60489795918	308.977874756
3.60780045351	308.977874756
3.61070294785	309.513763428
3.61360544218	310.050567627
3.61650793651	310.408966064
3.61941043084	310.408966064
3.62231292517	310.76776123
3.6252154195	311.306762695
3.62811791383	311.666595459
3.63102040816	312.026855469
3.63392290249	311.846679688
3.63682539683	311.486633301
3.63972789116	311.306762695
3.64263038549	311.306762695
3.64553287982	311.126983643
3.64843537415	311.306762695
3.65133786848	311.486633301
3.65424036281	311.666595459
3.65714285714	312.026855469
3.66004535147	312.387542725
3.6629478458	312.568023682
3.66585034014	312.20715332
3.66875283447	311.486633301
3.6716553288	310.588317871
3.67455782313	309.692596436
3.67746031746	308.621124268
3.68036281179	307.375793457
3.68326530612	305.428955078
3.68616780045	302.794036865
3.68907029478	299.489105225
3.69197278912	296.220245361
3.69487528345	293.834442139
3.69777777778	292.310882568
3.70068027211	291.46786499
3.70358276644	290.963226318
3.70648526077	290.795227051
3.7093877551	290.963226318
3.71229024943	291.299560547
3.71519274376	291.636291504
3.7180952381	291.804779053
3.72099773243	291.636291504
3.72390022676	291.46786499
3.72680272109	291.46786499
3.72970521542	291.804779053
3.73260770975	292.648773193
3.73551020408	293.834442139
3.73841269841	295.024932861
3.74131519274	295.024932861
3.74421768707	293.495178223
3.74712018141	293.325714111
3.75002267574	293.156341553
3.75292517007	292.987030029
3.7558276644	292.817840576
3.75873015873	294.684295654
3.76163265306	295.365936279
3.76453514739	295.707366943
3.76743764172	295.536621094
3.77034013605	295.365936279
3.77324263039	295.024932861
3.77614512472	294.344055176
3.77904761905	293.325714111
3.78195011338	292.142089844
3.78485260771	291.299560547
3.78775510204	290.795227051
3.79065759637	290.963226318
3.7935600907	291.46786499
3.79646258503	292.479766846
3.79936507937	293.664764404
3.8022675737	294.684295654
3.80517006803	295.195404053
3.80807256236	295.365936279
3.81097505669	295.365936279
3.81387755102	295.024932861
3.81678004535	295.024932861
3.81968253968	294.854553223
3.82258503401	292.479766846
3.82548752834	293.495178223
3.82839002268	293.495178223
3.83129251701	293.325714111
3.83419501134	293.325714111
3.83709750567	293.156341553
3.84	293.156341553
3.84290249433	293.325714111
3.84580498866	294.004211426
3.84870748299	294.174102783
3.85160997732	294.344055176
3.85451247166	294.174102783
3.85741496599	294.004211426
3.86031746032	293.664764404
3.86321995465	292.648773193
3.86612244898	292.817840576
3.86902494331	292.817840576
3.87192743764	292.987030029
3.87482993197	292.987030029
3.8777324263	292.987030029
3.88063492063	293.156341553
3.88353741497	293.156341553
3.8864399093	293.325714111
3.88934240363	293.325714111
3.89224489796	293.325714111
3.89514739229	293.664764404
3.89804988662	293.664764404
3.90095238095	293.495178223
3.90385487528	293.156341553
3.90675736961	293.156341553
3.90965986395	293.156341553
3.91256235828	293.664764404
3.91546485261	294.684295654
3.91836734694	295.536621094
3.92126984127	295.536621094
3.9241723356	295.536621094
3.92707482993	295.536621094
3.92997732426	295.365936279
3.93287981859	294.854553223
3.93578231293	294.344055176
3.93868480726	293.156341553
3.94158730159	292.142089844
3.94448979592	291.131347656
3.94739229025	290.459472656
3.95029478458	290.291748047
3.95319727891	290.459472656
3.95609977324	290.963226318
3.95900226757	291.973388672
3.9619047619	293.325714111
3.96480725624	294.344055176
3.96770975057	295.365936279
3.9706122449	295.878234863
3.97351473923	296.391387939
3.97641723356	296.391387939
3.97931972789	296.391387939
3.98222222222	296.049194336
3.98512471655	295.365936279
3.98802721088	294.514129639
3.99092970522	293.325714111
3.99383219955	292.310882568
3.99673469388	291.46786499
3.99963718821	290.963226318
4.00253968254	290.795227051
4.00544217687	290.963226318
4.0083446712	291.636291504
4.01124716553	292.648773193
4.01414965986	293.834442139
4.0170521542	295.024932861
4.01995464853	295.878234863
4.02285714286	296.391387939
4.02575963719	296.562652588
4.02866213152	296.562652588
4.03156462585	296.220245361
4.03446712018	295.707366943
4.03736961451	295.195404053
4.04027210884	294.684295654
4.04317460317	294.174102783
4.04607709751	293.664764404
4.04897959184	292.987030029
4.05188208617	292.648773193
4.0547845805	292.142089844
4.05768707483	291.973388672
4.06058956916	291.973388672
4.06349206349	292.310882568
4.06639455782	292.987030029
4.06929705215	293.664764404
4.07219954649	294.344055176
4.07510204082	295.024932861
4.07800453515	295.365936279
4.08090702948	295.707366943
4.08380952381	295.707366943
4.08671201814	295.536621094
4.08961451247	295.195404053
4.0925170068	294.854553223
4.09541950113	294.344055176
4.09832199546	293.664764404
4.1012244898	292.817840576
4.10412698413	292.142089844
4.10702947846	291.804779053
4.10993197279	291.636291504
4.11283446712	291.804779053
4.11573696145	292.142089844
4.11863945578	292.817840576
4.12154195011	293.495178223
4.12444444444	294.174102783
4.12734693878	294.684295654
4.13024943311	295.024932861
4.13315192744	295.024932861
4.13605442177	294.854553223
4.1389569161	294.514129639
4.14185941043	293.834442139
4.14476190476	293.495178223
4.14766439909	292.817840576
4.15056689342	292.479766846
4.15346938776	292.142089844
4.15637188209	292.142089844
4.15927437642	292.479766846
4.16217687075	292.817840576
4.16507936508	293.156341553
4.16798185941	293.664764404
4.17088435374	294.004211426
4.17378684807	294.344055176
4.1766893424	294.514129639
4.17959183673	294.514129639
4.18249433107	294.344055176
4.1853968254	294.344055176
4.18829931973	294.174102783
4.19120181406	294.004211426
4.19410430839	293.834442139
4.19700680272	293.834442139
4.19990929705	293.664764404
4.20281179138	293.325714111
4.20571428571	293.156341553
4.20861678005	292.987030029
4.21151927438	292.987030029
4.21442176871	293.156341553
4.21732426304	293.325714111
4.22022675737	293.664764404
4.2231292517	294.004211426
4.22603174603	294.344055176
4.22893424036	294.514129639
4.23183673469	294.514129639
4.23473922902	294.514129639
4.23764172336	294.344055176
4.24054421769	294.004211426
4.24344671202	293.495178223
4.24634920635	293.156341553
4.24925170068	292.817840576
4.25215419501	292.479766846
4.25505668934	292.310882568
4.25795918367	292.310882568
4.260861678	292.479766846
4.26376417234	292.987030029
4.26666666667	293.325714111
4.269569161	293.834442139
4.27247165533	294.174102783
4.27537414966	294.344055176
4.27827664399	294.344055176
4.28117913832	294.344055176
4.28408163265	294.174102783
4.28698412698	294.004211426
4.28988662132	293.664764404
4.29278911565	293.495178223
4.29569160998	293.156341553
4.29859410431	293.156341553
4.30149659864	292.987030029
4.30439909297	292.987030029
4.3073015873	292.987030029
4.31020408163	293.156341553
4.31310657596	293.325714111
4.31600907029	293.495178223
4.31891156463	293.834442139
4.32181405896	294.174102783
4.32471655329	294.344055176
4.32761904762	294.514129639
4.33052154195	294.514129639
4.33342403628	294.514129639
4.33632653061	294.344055176
4.33922902494	294.174102783
4.34213151927	293.834442139
4.34503401361	293.325714111
4.34793650794	292.987030029
4.35083900227	292.817840576
4.3537414966	292.648773193
4.35664399093	292.479766846
4.35954648526	292.648773193
4.36244897959	292.817840576
4.36535147392	292.987030029
4.36825396825	293.325714111
4.37115646259	293.664764404
4.37405895692	293.834442139
4.37696145125	294.004211426
4.37986394558	294.174102783
4.38276643991	294.174102783
4.38566893424	294.004211426
4.38857142857	294.004211426
4.3914739229	293.834442139
4.39437641723	293.664764404
4.39727891156	293.495178223
4.4001814059	293.325714111
4.40308390023	293.156341553
4.40598639456	292.987030029
4.40888888889	292.817840576
4.41179138322	292.987030029
4.41469387755	292.817840576
4.41759637188	292.987030029
4.42049886621	293.156341553
4.42340136054	293.325714111
4.42630385488	293.495178223
4.42920634921	293.834442139
4.43210884354	293.834442139
4.43501133787	294.004211426
4.4379138322	294.004211426
4.44081632653	294.004211426
4.44371882086	294.004211426
4.44662131519	293.834442139
4.44952380952	293.664764404
4.45242630385	293.495178223
4.45532879819	293.156341553
4.45823129252	292.987030029
4.46113378685	292.817840576
4.46403628118	292.817840576
4.46693877551	292.648773193
4.46984126984	292.817840576
4.47274376417	292.817840576
4.4756462585	293.156341553
4.47854875283	293.325714111
4.48145124717	293.495178223
4.4843537415	293.664764404
4.48725623583	293.834442139
4.49015873016	293.834442139
4.49306122449	293.834442139
4.49596371882	293.834442139
4.49886621315	293.664764404
4.50176870748	293.495178223
4.50467120181	293.325714111
4.50757369615	293.325714111
4.51047619048	293.156341553
4.51337868481	292.987030029
4.51628117914	292.987030029
4.51918367347	292.817840576
4.5220861678	292.817840576
4.52498866213	292.987030029
4.52789115646	293.156341553
4.53079365079	293.156341553
4.53369614512	293.156341553
4.53659863946	293.325714111
4.53950113379	293.495178223
4.54240362812	293.664764404
4.54530612245	293.664764404
4.54820861678	293.664764404
4.55111111111	293.834442139
4.55401360544	293.834442139
4.55691609977	293.664764404
4.5598185941	293.664764404
4.56272108844	293.495178223
4.56562358277	293.325714111
4.5685260771	293.156341553
4.57142857143	293.156341553
4.57433106576	293.156341553
4.57723356009	292.987030029
4.58013605442	293.156341553
4.58303854875	293.156341553
4.58594104308	293.325714111
4.58884353741	293.495178223
4.59174603175	293.495178223
4.59464852608	293.664764404
4.59755102041	293.834442139
4.60045351474	293.834442139
4.60335600907	293.834442139
4.6062585034	293.834442139
4.60916099773	293.834442139
4.61206349206	293.834442139
4.61496598639	293.664764404
4.61786848073	293.664764404
4.62077097506	293.495178223
4.62367346939	293.325714111
4.62657596372	293.325714111
4.62947845805	293.156341553
4.63238095238	293.325714111
4.63528344671	293.156341553
4.63818594104	293.325714111
4.64108843537	293.325714111
4.64399092971	293.325714111
4.64689342404	293.495178223
4.64979591837	293.495178223
4.6526984127	293.664764404
4.65560090703	293.664764404
4.65850340136	293.495178223
4.66140589569	293.664764404
4.66430839002	293.664764404
4.66721088435	293.664764404
4.67011337868	293.664764404
4.67301587302	293.495178223
4.67591836735	293.325714111
4.67882086168	293.325714111
4.68172335601	293.325714111
4.68462585034	293.156341553
4.68752834467	293.156341553
4.690430839	293.156341553
4.69333333333	293.156341553
4.69623582766	293.156341553
4.699138322	293.325714111
4.70204081633	293.325714111
4.70494331066	293.495178223
4.70784580499	293.664764404
4.71074829932	293.664764404
4.71365079365	293.834442139
4.71655328798	293.834442139
4.71945578231	293.834442139
4.72235827664	293.664764404
4.72526077098	293.664764404
4.72816326531	293.495178223
4.73106575964	293.156341553
4.73396825397	292.817840576
4.7368707483	292.310882568
4.73977324263	292.142089844
4.74267573696	291.804779053
4.74557823129	291.636291504
4.74848072562	291.636291504
4.75138321995	291.973388672
4.75428571429	292.310882568
4.75718820862	292.987030029
4.76009070295	293.495178223
4.76299319728	293.834442139
4.76589569161	294.004211426
4.76879818594	294.174102783
4.77170068027	294.174102783
4.7746031746	294.174102783
4.77750566893	294.174102783
4.78040816327	294.344055176
4.7833106576	294.514129639
4.78621315193	294.684295654
4.78911564626	294.854553223
4.79201814059	294.854553223
4.79492063492	294.854553223
4.79782312925	294.684295654
4.80072562358	294.514129639
4.80362811791	294.344055176
4.80653061224	294.344055176
4.80943310658	294.514129639
4.81233560091	294.854553223
4.81523809524	295.024932861
4.81814058957	295.024932861
4.8210430839	294.854553223
4.82394557823	294.684295654
4.82684807256	294.514129639
4.82975056689	294.344055176
4.83265306122	294.174102783
4.83555555556	294.174102783
4.83845804989	294.174102783
4.84136054422	294.344055176
4.84426303855	294.174102783
4.84716553288	293.664764404
4.85006802721	292.817840576
4.85297052154	291.804779053
4.85587301587	290.795227051
4.8587755102	290.459472656
4.86167800454	290.459472656
4.86458049887	290.795227051
4.8674829932	291.46786499
4.87038548753	292.479766846
4.87328798186	293.664764404
4.87619047619	294.514129639
4.87909297052	294.854553223
4.88199546485	294.514129639
4.88489795918	294.344055176
4.88780045351	294.004211426
4.89070294785	293.664764404
4.89360544218	293.495178223
4.89650793651	293.156341553
4.89941043084	292.987030029
4.90231292517	292.987030029
4.9052154195	293.156341553
4.90811791383	293.156341553
4.91102040816	293.156341553
4.91392290249	293.325714111
4.91682539683	293.495178223
4.91972789116	294.174102783
4.92263038549	294.854553223
4.92553287982	295.365936279
4.92843537415	295.707366943
4.93133786848	295.707366943
4.93424036281	295.878234863
4.93714285714	296.049194336
4.94004535147	296.049194336
4.9429478458	295.878234863
4.94585034014	295.707366943
4.94875283447	295.195404053
4.9516553288	294.684295654
4.95455782313	0.0
4.95746031746	0.0
4.96036281179	0.0
4.96326530612	0.0
4.96616780045	0.0
4.96907029478	0.0
4.97197278912	0.0
4.97487528345	0.0
4.97777777778	0.0
4.98068027211	0.0
4.98358276644	0.0
4.98648526077	0.0
4.9893877551	0.0
4.99229024943	0.0
4.99519274376	0.0
4.9980952381	0.0
5.00099773243	0.0
5.00390022676	0.0
5.00680272109	0.0
5.00970521542	0.0
5.01260770975	0.0
5.01551020408	0.0
5.01841269841	0.0
5.02131519274	0.0
5.02421768707	0.0
5.02712018141	0.0
5.03002267574	0.0
5.03292517007	0.0
5.0358276644	0.0
5.03873015873	0.0
5.04163265306	0.0
5.04453514739	0.0
5.04743764172	0.0
5.05034013605	0.0
5.05324263039	0.0
5.05614512472	0.0
5.05904761905	0.0
5.06195011338	0.0
5.06485260771	0.0
5.06775510204	0.0
5.07065759637	0.0
5.0735600907	0.0
5.07646258503	0.0
5.07936507937	0.0
5.0822675737	0.0
5.08517006803	0.0
5.08807256236	0.0
5.09097505669	0.0
5.09387755102	0.0
5.09678004535	0.0
5.09968253968	0.0
5.10258503401	0.0
5.10548752834	0.0
5.10839002268	0.0
5.11129251701	0.0
5.11419501134	0.0
5.11709750567	0.0
5.12	0.0
5.12290249433	0.0
5.12580498866	0.0
5.12870748299	0.0
5.13160997732	0.0
5.13451247166	0.0
5.13741496599	0.0
5.14031746032	0.0
5.14321995465	0.0
5.14612244898	0.0
5.14902494331	0.0
5.15192743764	0.0
5.15482993197	0.0
5.1577324263	0.0
5.16063492063	0.0
5.16353741497	0.0
5.1664399093	0.0
5.16934240363	0.0
5.17224489796	0.0
5.17514739229	0.0
5.17804988662	0.0
5.18095238095	0.0
5.18385487528	0.0
5.18675736961	0.0
5.18965986395	0.0
5.19256235828	0.0
5.19546485261	0.0
5.19836734694	0.0
5.20126984127	0.0
5.2041723356	0.0
5.20707482993	0.0
5.20997732426	0.0
5.21287981859	0.0
5.21578231293	0.0
5.21868480726	0.0
5.22158730159	0.0
5.22448979592	0.0
5.22739229025	0.0
5.23029478458	0.0
5.23319727891	0.0
5.23609977324	0.0
5.23900226757	0.0
5.2419047619	0.0
5.24480725624	0.0
5.24770975057	0.0
5.2506122449	0.0
5.25351473923	0.0
5.25641723356	0.0
5.25931972789	0.0
5.26222222222	0.0
5.26512471655	0.0
5.26802721088	0.0
5.27092970522	0.0
5.27383219955	0.0
5.27673469388	0.0
5.27963718821	0.0
5.28253968254	0.0
5.28544217687	0.0
5.2883446712	0.0
5.29124716553	0.0
5.29414965986	0.0
5.2970521542	0.0
5.29995464853	0.0
5.30285714286	0.0
5.30575963719	0.0
5.30866213152	0.0
5.31156462585	0.0
5.31446712018	0.0
5.31736961451	0.0
5.32027210884	0.0
