0.0	0.0
0.00290249433107	0.0
0.00580498866213	0.0
0.0087074829932	0.0
0.0116099773243	0.0
0.0145124716553	0.0
0.0174149659864	0.0
0.0203174603175	0.0
0.0232199546485	0.0
0.0261224489796	0.0
0.0290249433107	0.0
0.0319274376417	0.0
0.0348299319728	0.0
0.0377324263039	0.0
0.0406349206349	0.0
0.043537414966	0.0
0.0464399092971	0.0
0.0493424036281	0.0
0.0522448979592	0.0
0.0551473922902	0.0
0.0580498866213	0.0
0.0609523809524	0.0
0.0638548752834	0.0
0.0667573696145	0.0
0.0696598639456	0.0
0.0725623582766	0.0
0.0754648526077	0.0
0.0783673469388	0.0
0.0812698412698	0.0
0.0841723356009	0.0
0.087074829932	0.0
0.089977324263	294.684295654
0.0928798185941	296.391387939
0.0957823129252	297.07699585
0.0986848072562	297.592224121
0.101587301587	298.280609131
0.104489795918	299.489105225
0.107392290249	300.702484131
0.11029478458	301.57220459
0.113197278912	302.095245361
0.116099773243	302.61920166
0.119002267574	302.444458008
0.121904761905	301.920806885
0.124807256236	300.702484131
0.127709750567	298.797943115
0.130612244898	296.562652588
0.133514739229	295.024932861
0.13641723356	294.004211426
0.139319727891	293.834442139
0.142222222222	294.004211426
0.145124716553	293.834442139
0.148027210884	293.664764404
0.150929705215	294.174102783
0.153832199546	294.344055176
0.156734693878	294.514129639
0.159637188209	294.854553223
0.16253968254	295.365936279
0.165442176871	295.707366943
0.168344671202	295.878234863
0.171247165533	295.707366943
0.174149659864	295.365936279
0.177052154195	295.024932861
0.179954648526	294.854553223
0.182857142857	294.854553223
0.185759637188	294.854553223
0.188662131519	294.854553223
0.19156462585	294.854553223
0.194467120181	294.684295654
0.197369614512	294.514129639
0.200272108844	294.514129639
0.203174603175	294.514129639
0.206077097506	294.514129639
0.208979591837	294.684295654
0.211882086168	294.684295654
0.214784580499	294.854553223
0.21768707483	294.854553223
0.220589569161	295.024932861
0.223492063492	294.854553223
0.226394557823	295.024932861
0.229297052154	295.024932861
0.232199546485	295.024932861
0.235102040816	294.854553223
0.238004535147	295.024932861
0.240907029478	295.024932861
0.24380952381	294.854553223
0.246712018141	294.854553223
0.249614512472	295.024932861
0.252517006803	295.195404053
0.255419501134	295.195404053
0.258321995465	295.365936279
0.261224489796	295.365936279
0.264126984127	295.365936279
0.267029478458	295.195404053
0.269931972789	295.024932861
0.27283446712	294.854553223
0.275736961451	294.854553223
0.278639455782	294.684295654
0.281541950113	294.684295654
0.284444444444	294.514129639
0.287346938776	294.514129639
0.290249433107	294.514129639
0.293151927438	294.684295654
0.296054421769	294.684295654
0.2989569161	294.684295654
0.301859410431	294.684295654
0.304761904762	294.684295654
0.307664399093	294.514129639
0.310566893424	294.514129639
0.313469387755	294.514129639
0.316371882086	294.514129639
0.319274376417	294.514129639
0.322176870748	294.514129639
0.325079365079	294.344055176
0.32798185941	294.174102783
0.330884353741	294.174102783
0.333786848073	294.174102783
0.336689342404	294.174102783
0.339591836735	294.174102783
0.342494331066	294.344055176
0.345396825397	294.514129639
0.348299319728	294.514129639
0.351201814059	294.514129639
0.35410430839	294.684295654
0.357006802721	294.854553223
0.359909297052	295.195404053
0.362811791383	295.536621094
0.365714285714	295.707366943
0.368616780045	296.049194336
0.371519274376	296.220245361
0.374421768707	296.220245361
0.377324263039	296.220245361
0.38022675737	296.049194336
0.383129251701	296.049194336
0.386031746032	296.220245361
0.388934240363	296.049194336
0.391836734694	295.878234863
0.394739229025	295.536621094
0.397641723356	295.195404053
0.400544217687	295.024932861
0.403446712018	294.684295654
0.406349206349	294.514129639
0.40925170068	294.514129639
0.412154195011	294.514129639
0.415056689342	294.514129639
0.417959183673	294.684295654
0.420861678005	294.684295654
0.423764172336	294.684295654
0.426666666667	294.684295654
0.429569160998	294.684295654
0.432471655329	294.684295654
0.43537414966	294.514129639
0.438276643991	294.514129639
0.441179138322	294.514129639
0.444081632653	294.514129639
0.446984126984	294.684295654
0.449886621315	294.684295654
0.452789115646	294.854553223
0.455691609977	294.854553223
0.458594104308	294.854553223
0.461496598639	294.854553223
0.464399092971	294.854553223
0.467301587302	294.854553223
0.470204081633	294.684295654
0.473106575964	294.684295654
0.476009070295	294.684295654
0.478911564626	294.684295654
0.481814058957	294.684295654
0.484716553288	294.174102783
0.487619047619	294.344055176
0.49052154195	294.684295654
0.493424036281	295.024932861
0.496326530612	295.365936279
0.499229024943	296.220245361
0.502131519274	442.54888916
0.505034013605	440.508605957
0.507936507937	438.731048584
0.510839002268	437.971466064
0.513741496599	437.213165283
0.51664399093	437.718536377
0.519546485261	439.238189697
0.522448979592	441.527557373
0.525351473923	443.572570801
0.528253968254	444.341888428
0.531156462585	444.341888428
0.534058956916	444.341888428
0.536961451247	443.572570801
0.539863945578	442.54888916
0.542766439909	441.527557373
0.54566893424	440.763122559
0.548571428571	440.254241943
0.551473922902	440.254241943
0.554376417234	440.254241943
0.557278911565	440.763122559
0.560181405896	441.017791748
0.563083900227	441.272613525
0.565986394558	441.527557373
0.568888888889	441.017791748
0.57179138322	440.0
0.574693877551	438.731048584
0.577596371882	437.718536377
0.580498866213	437.213165283
0.583401360544	436.708374023
0.586303854875	436.204162598
0.589206349206	436.456207275
0.592108843537	437.465789795
0.595011337868	438.984558105
0.5979138322	439.745910645
0.600816326531	440.0
0.603718820862	439.745910645
0.606621315193	438.224517822
0.609523809524	436.456207275
0.612426303855	434.695007324
0.615328798186	433.942382812
0.618231292517	433.441375732
0.621133786848	433.441375732
0.624036281179	434.444000244
0.62693877551	435.448913574
0.629841269841	437.213165283
0.632743764172	438.477722168
0.635646258503	438.984558105
0.638548752834	438.984558105
0.641451247166	439.238189697
0.644353741497	439.238189697
0.647256235828	439.491973877
0.650158730159	439.745910645
0.65306122449	440.0
0.655963718821	440.0
0.658866213152	440.0
0.661768707483	439.491973877
0.664671201814	439.238189697
0.667573696145	439.238189697
0.670476190476	439.745910645
0.673378684807	440.508605957
0.676281179138	441.272613525
0.679183673469	441.782684326
0.6820861678	442.03793335
0.684988662132	441.782684326
0.687891156463	441.527557373
0.690793650794	441.017791748
0.693696145125	440.508605957
0.696598639456	440.0
0.699501133787	439.745910645
0.702403628118	439.491973877
0.705306122449	439.745910645
0.70820861678	439.491973877
0.711111111111	439.745910645
0.714013605442	439.491973877
0.716916099773	439.238189697
0.719818594104	439.238189697
0.722721088435	438.731048584
0.725623582766	438.477722168
0.728526077098	438.477722168
0.731428571429	438.477722168
0.73433106576	438.731048584
0.737233560091	438.731048584
0.740136054422	438.984558105
0.743038548753	439.238189697
0.745941043084	439.491973877
0.748843537415	439.491973877
0.751746031746	439.491973877
0.754648526077	439.238189697
0.757551020408	439.491973877
0.760453514739	439.491973877
0.76335600907	439.491973877
0.766258503401	439.491973877
0.769160997732	439.491973877
0.772063492063	439.491973877
0.774965986395	439.491973877
0.777868480726	439.491973877
0.780770975057	439.238189697
0.783673469388	439.238189697
0.786575963719	439.238189697
0.78947845805	439.491973877
0.792380952381	439.491973877
0.795283446712	439.745910645
0.798185941043	439.745910645
0.801088435374	439.491973877
0.803990929705	439.491973877
0.806893424036	439.491973877
0.809795918367	439.238189697
0.812698412698	438.984558105
0.815600907029	438.984558105
0.818503401361	438.731048584
0.821405895692	438.731048584
0.824308390023	438.477722168
0.827210884354	438.224517822
0.830113378685	437.971466064
0.833015873016	437.971466064
0.835918367347	438.224517822
0.838820861678	437.971466064
0.841723356009	437.971466064
0.84462585034	438.224517822
0.847528344671	438.224517822
0.850430839002	438.224517822
0.853333333333	438.477722168
0.856235827664	438.477722168
0.859138321995	438.731048584
0.862040816327	438.984558105
0.864943310658	438.984558105
0.867845804989	438.984558105
0.87074829932	438.984558105
0.873650793651	438.984558105
0.876553287982	438.731048584
0.879455782313	438.984558105
0.882358276644	438.731048584
0.885260770975	438.731048584
0.888163265306	438.731048584
0.891065759637	438.731048584
0.893968253968	438.731048584
0.896870748299	438.731048584
0.89977324263	438.984558105
0.902675736961	439.238189697
0.905578231293	439.238189697
0.908480725624	439.238189697
0.911383219955	438.984558105
0.914285714286	438.984558105
0.917188208617	438.984558105
0.920090702948	438.731048584
0.922993197279	438.731048584
0.92589569161	438.984558105
0.928798185941	438.984558105
0.931700680272	438.984558105
0.934603174603	438.984558105
0.937505668934	438.984558105
0.940408163265	438.984558105
0.943310657596	438.984558105
0.946213151927	438.984558105
0.949115646259	438.984558105
0.95201814059	438.984558105
0.954920634921	438.984558105
0.957823129252	438.984558105
0.960725623583	438.984558105
0.963628117914	439.238189697
0.966530612245	438.984558105
0.969433106576	439.238189697
0.972335600907	439.238189697
0.975238095238	439.238189697
0.978140589569	439.238189697
0.9810430839	438.984558105
0.983945578231	438.984558105
0.986848072562	439.238189697
0.989750566893	439.238189697
0.992653061224	439.238189697
0.995555555556	439.238189697
0.998458049887	439.238189697
1.00136054422	439.238189697
1.00426303855	439.238189697
1.00716553288	439.238189697
1.01006802721	439.238189697
1.01297052154	439.491973877
1.01587301587	439.491973877
1.0187755102	439.745910645
1.02167800454	439.745910645
1.02458049887	440.0
1.0274829932	440.0
1.03038548753	440.0
1.03328798186	440.0
1.03619047619	440.0
1.03909297052	440.0
1.04199546485	439.745910645
1.04489795918	439.745910645
1.04780045351	439.745910645
1.05070294785	439.745910645
1.05360544218	440.0
1.05650793651	439.745910645
1.05941043084	439.745910645
1.06231292517	439.491973877
1.0652154195	439.491973877
1.06811791383	439.745910645
1.07102040816	439.745910645
1.07392290249	439.491973877
1.07682539683	439.491973877
1.07972789116	439.491973877
1.08263038549	439.491973877
1.08553287982	439.745910645
1.08843537415	439.491973877
1.09133786848	439.491973877
1.09424036281	439.491973877
1.09714285714	439.491973877
1.10004535147	439.491973877
1.1029478458	439.491973877
1.10585034014	439.238189697
1.10875283447	439.491973877
1.1116553288	439.238189697
1.11455782313	438.984558105
1.11746031746	438.731048584
1.12036281179	438.731048584
1.12326530612	439.745910645
1.12616780045	440.254241943
1.12907029478	440.0
1.13197278912	439.238189697
1.13487528345	382.821044922
1.13777777778	383.485015869
1.14068027211	383.706573486
1.14358276644	385.929382324
1.14648526077	388.389312744
1.1493877551	390.864929199
1.15229024943	392.675292969
1.15519274376	394.038574219
1.1580952381	395.863616943
1.16099773243	396.550201416
1.16390022676	396.092346191
1.16680272109	394.494049072
1.16970521542	392.221923828
1.17260770975	389.737701416
1.17551020408	387.716888428
1.17841269841	385.929382324
1.18131519274	385.706512451
1.18421768707	386.82208252
1.18712018141	388.838256836
1.19002267574	390.413665771
1.19292517007	391.54284668
1.1958276644	392.448547363
1.19873015873	393.129211426
1.20163265306	394.038574219
1.20453514739	394.721984863
1.20743764172	395.635040283
1.21034013605	397.008575439
1.21324263039	394.950042725
1.21614512472	394.266235352
1.21904761905	394.038574219
1.22195011338	394.721984863
1.22485260771	394.038574219
1.22775510204	394.038574219
1.23065759637	394.266235352
1.2335600907	394.038574219
1.23646258503	393.811035156
1.23936507937	394.038574219
1.2422675737	394.038574219
1.24517006803	394.266235352
1.24807256236	394.038574219
1.25097505669	394.266235352
1.25387755102	393.583618164
1.25678004535	393.129211426
1.25968253968	393.129211426
1.26258503401	393.583618164
1.26548752834	394.721984863
1.26839002268	394.038574219
1.27129251701	393.35635376
1.27419501134	393.129211426
1.27709750567	392.902191162
1.28	392.675292969
1.28290249433	392.675292969
1.28580498866	393.129211426
1.28870748299	393.583618164
1.29160997732	393.811035156
1.29451247166	393.583618164
1.29741496599	394.038574219
1.30031746032	394.038574219
1.30321995465	394.721984863
1.30612244898	395.406585693
1.30902494331	396.092346191
1.31192743764	396.092346191
1.31482993197	395.635040283
1.3177324263	394.494049072
1.32063492063	393.811035156
1.32353741497	393.35635376
1.3264399093	392.902191162
1.32934240363	392.675292969
1.33224489796	392.448547363
1.33514739229	392.221923828
1.33804988662	391.995422363
1.34095238095	391.54284668
1.34385487528	391.54284668
1.34675736961	391.54284668
1.34965986395	391.54284668
1.35256235828	391.995422363
1.35546485261	392.448547363
1.35836734694	393.129211426
1.36126984127	393.583618164
1.3641723356	393.811035156
1.36707482993	394.038574219
1.36997732426	394.721984863
1.37287981859	395.635040283
1.37578231293	395.863616943
1.37868480726	395.863616943
1.38158730159	395.406585693
1.38448979592	394.721984863
1.38739229025	394.494049072
1.39029478458	394.038574219
1.39319727891	394.266235352
1.39609977324	394.266235352
1.39900226757	394.266235352
1.4019047619	394.266235352
1.40480725624	394.038574219
1.40770975057	394.038574219
1.4106122449	393.811035156
1.41351473923	393.583618164
1.41641723356	393.35635376
1.41931972789	393.129211426
1.42222222222	393.129211426
1.42512471655	392.902191162
1.42802721088	392.675292969
1.43092970522	392.675292969
1.43383219955	392.675292969
1.43673469388	392.675292969
1.43963718821	392.675292969
1.44253968254	392.448547363
1.44544217687	391.995422363
1.4483446712	391.090789795
1.45124716553	389.512664795
1.45414965986	384.150115967
1.4570521542	376.679321289
1.45995464853	372.567932129
1.46285714286	371.278961182
1.46575963719	371.064544678
1.46866213152	369.780761719
1.47156462585	372.137786865
1.47446712018	373.645507812
1.47736961451	374.077423096
1.48027210884	373.429748535
1.48317460317	372.998596191
1.48607709751	372.352783203
1.48897959184	371.92288208
1.49188208617	371.708129883
1.4947845805	371.708129883
1.49768707483	371.708129883
1.50058956916	371.708129883
1.50349206349	371.493469238
1.50639455782	371.064544678
1.50929705215	370.636138916
1.51219954649	370.636138916
1.51510204082	370.636138916
1.51800453515	370.850280762
1.52090702948	371.278961182
1.52380952381	371.708129883
1.52671201814	371.92288208
1.52961451247	372.137786865
1.5325170068	372.137786865
1.53541950113	372.352783203
1.53832199546	372.137786865
1.5412244898	372.352783203
1.54412698413	372.567932129
1.54702947846	372.352783203
1.54993197279	372.352783203
1.55283446712	372.137786865
1.55573696145	372.137786865
1.55863945578	371.92288208
1.56154195011	371.708129883
1.56444444444	371.708129883
1.56734693878	371.708129883
1.57024943311	371.92288208
1.57315192744	372.352783203
1.57605442177	372.567932129
1.5789569161	372.783203125
1.58185941043	372.783203125
1.58476190476	372.567932129
1.58766439909	372.567932129
1.59056689342	372.352783203
1.59346938776	372.137786865
1.59637188209	371.708129883
1.59927437642	371.493469238
1.60217687075	371.064544678
1.60507936508	370.850280762
1.60798185941	370.850280762
1.61088435374	370.850280762
1.61378684807	371.278961182
1.6166893424	371.493469238
1.61959183673	372.137786865
1.62249433107	372.567932129
1.6253968254	372.783203125
1.62829931973	372.783203125
1.63120181406	372.567932129
1.63410430839	372.137786865
1.63700680272	371.708129883
1.63990929705	371.278961182
1.64281179138	371.064544678
1.64571428571	371.064544678
1.64861678005	371.064544678
1.65151927438	371.493469238
1.65442176871	372.137786865
1.65732426304	372.567932129
1.66022675737	372.783203125
1.6631292517	372.567932129
1.66603174603	372.567932129
1.66893424036	371.92288208
1.67183673469	371.708129883
1.67473922902	371.064544678
1.67764172336	371.064544678
1.68054421769	371.064544678
1.68344671202	371.064544678
1.68634920635	371.064544678
1.68925170068	371.493469238
1.69215419501	371.708129883
1.69505668934	372.137786865
1.69795918367	372.352783203
1.700861678	372.352783203
1.70376417234	372.352783203
1.70666666667	372.352783203
1.709569161	372.352783203
1.71247165533	372.137786865
1.71537414966	371.92288208
1.71827664399	371.92288208
1.72117913832	371.708129883
1.72408163265	371.92288208
1.72698412698	371.92288208
1.72988662132	372.137786865
1.73278911565	371.92288208
1.73569160998	372.137786865
1.73859410431	372.137786865
1.74149659864	371.92288208
1.74439909297	371.92288208
1.7473015873	371.708129883
1.75020408163	371.708129883
1.75310657596	371.708129883
1.75600907029	371.92288208
1.75891156463	371.708129883
1.76181405896	371.92288208
1.76471655329	371.92288208
1.76761904762	372.137786865
1.77052154195	372.137786865
1.77342403628	371.92288208
1.77632653061	372.137786865
1.77922902494	372.137786865
1.78213151927	372.137786865
1.78503401361	371.92288208
1.78793650794	372.137786865
1.79083900227	372.137786865
1.7937414966	372.352783203
1.79664399093	372.352783203
1.79954648526	372.567932129
1.80244897959	372.352783203
1.80535147392	372.137786865
1.80825396825	372.137786865
1.81115646259	371.92288208
1.81405895692	371.92288208
1.81696145125	372.137786865
1.81986394558	372.137786865
1.82276643991	372.352783203
1.82566893424	372.352783203
1.82857142857	372.352783203
1.8314739229	372.352783203
1.83437641723	372.352783203
1.83727891156	372.352783203
1.8401814059	372.352783203
1.84308390023	372.352783203
1.84598639456	372.137786865
1.84888888889	372.137786865
1.85179138322	372.137786865
1.85469387755	371.92288208
1.85759637188	372.137786865
1.86049886621	371.92288208
1.86340136054	372.137786865
1.86630385488	372.137786865
1.86920634921	372.137786865
1.87210884354	372.137786865
1.87501133787	372.352783203
1.8779138322	372.567932129
1.88081632653	372.352783203
1.88371882086	372.567932129
1.88662131519	372.567932129
1.88952380952	372.567932129
1.89242630385	372.352783203
1.89532879819	372.137786865
1.89823129252	372.137786865
1.90113378685	372.137786865
1.90403628118	372.137786865
1.90693877551	372.137786865
1.90984126984	372.137786865
1.91274376417	372.352783203
1.9156462585	372.352783203
1.91854875283	372.567932129
1.92145124717	372.567932129
1.9243537415	372.567932129
1.92725623583	372.352783203
1.93015873016	372.352783203
1.93306122449	372.352783203
1.93596371882	372.352783203
1.93886621315	372.352783203
1.94176870748	372.567932129
1.94467120181	372.567932129
1.94757369615	372.567932129
1.95047619048	372.567932129
1.95337868481	372.783203125
1.95628117914	372.783203125
1.95918367347	372.567932129
1.9620861678	372.567932129
1.96498866213	372.352783203
1.96789115646	372.567932129
1.97079365079	372.352783203
1.97369614512	372.567932129
1.97659863946	372.783203125
1.97950113379	372.783203125
1.98240362812	372.998596191
1.98530612245	372.998596191
1.98820861678	372.998596191
1.99111111111	372.998596191
1.99401360544	372.998596191
1.99691609977	372.783203125
1.9998185941	372.783203125
2.00272108844	372.783203125
2.00562358277	372.783203125
2.0085260771	372.783203125
2.01142857143	372.783203125
2.01433106576	372.998596191
2.01723356009	372.998596191
2.02013605442	372.998596191
2.02303854875	373.214111328
2.02594104308	373.214111328
2.02884353741	372.998596191
2.03174603175	372.783203125
2.03464852608	372.783203125
2.03755102041	372.783203125
2.04045351474	372.998596191
2.04335600907	373.429748535
2.0462585034	373.86138916
2.04916099773	373.645507812
2.05206349206	372.352783203
2.05496598639	370.208190918
2.05786848073	314.923950195
2.06077097506	314.56036377
2.06367346939	314.56036377
2.06657596372	314.56036377
2.06947845805	314.197174072
2.07238095238	313.472045898
2.07528344671	313.110137939
2.07818594104	312.568023682
2.08108843537	312.20715332
2.08399092971	311.846679688
2.08689342404	311.666595459
2.08979591837	311.666595459
2.0926984127	311.486633301
2.09560090703	311.666595459
2.09850340136	312.026855469
2.10140589569	312.387542725
2.10430839002	312.929321289
2.10721088435	313.291046143
2.11011337868	313.110137939
2.11301587302	312.929321289
2.11591836735	312.748626709
2.11882086168	312.568023682
2.12172335601	312.387542725
2.12462585034	312.20715332
2.12752834467	312.20715332
2.130430839	312.20715332
2.13333333333	312.387542725
2.13623582766	312.387542725
2.139138322	312.387542725
2.14204081633	312.20715332
2.14494331066	312.026855469
2.14784580499	311.846679688
2.15074829932	311.846679688
2.15365079365	312.026855469
2.15655328798	312.568023682
2.15945578231	312.929321289
2.16235827664	313.472045898
2.16526077098	313.834411621
2.16816326531	314.378723145
2.17106575964	314.56036377
2.17396825397	314.378723145
2.1768707483	314.01574707
2.17977324263	313.472045898
2.18267573696	312.929321289
2.18557823129	312.568023682
2.18848072562	312.20715332
2.19138321995	312.20715332
2.19428571429	312.026855469
2.19718820862	312.20715332
2.20009070295	312.387542725
2.20299319728	312.568023682
2.20589569161	312.568023682
2.20879818594	312.568023682
2.21170068027	312.387542725
2.2146031746	312.026855469
2.21750566893	312.026855469
2.22040816327	311.846679688
2.2233106576	311.666595459
2.22621315193	311.666595459
2.22911564626	311.846679688
2.23201814059	312.026855469
2.23492063492	312.20715332
2.23782312925	312.568023682
2.24072562358	312.748626709
2.24362811791	312.929321289
2.24653061224	313.110137939
2.24943310658	313.110137939
2.25233560091	312.929321289
2.25523809524	312.929321289
2.25814058957	312.929321289
2.2610430839	312.929321289
2.26394557823	313.110137939
2.26684807256	313.110137939
2.26975056689	313.110137939
2.27265306122	312.929321289
2.27555555556	312.748626709
2.27845804989	312.568023682
2.28136054422	312.387542725
2.28426303855	312.20715332
2.28716553288	312.20715332
2.29006802721	312.20715332
2.29297052154	312.20715332
2.29587301587	312.387542725
2.2987755102	312.568023682
2.30167800454	312.568023682
2.30458049887	312.387542725
2.3074829932	312.387542725
2.31038548753	312.387542725
2.31328798186	312.387542725
2.31619047619	312.20715332
2.31909297052	312.20715332
2.32199546485	312.20715332
2.32489795918	312.20715332
2.32780045351	312.20715332
2.33070294785	312.20715332
2.33360544218	312.387542725
2.33650793651	312.568023682
2.33941043084	312.568023682
2.34231292517	312.748626709
2.3452154195	312.748626709
2.34811791383	312.748626709
2.35102040816	312.748626709
2.35392290249	312.748626709
2.35682539683	312.748626709
2.35972789116	312.387542725
2.36263038549	312.20715332
2.36553287982	312.387542725
2.36843537415	312.568023682
2.37133786848	312.748626709
2.37424036281	312.748626709
2.37714285714	312.748626709
2.38004535147	312.568023682
2.3829478458	312.568023682
2.38585034014	312.387542725
2.38875283447	312.387542725
2.3916553288	312.20715332
2.39455782313	312.20715332
2.39746031746	312.20715332
2.40036281179	312.20715332
2.40326530612	312.20715332
2.40616780045	312.026855469
2.40907029478	312.026855469
2.41197278912	312.026855469
2.41487528345	312.026855469
2.41777777778	312.026855469
2.42068027211	312.026855469
2.42358276644	312.20715332
2.42648526077	312.026855469
2.4293877551	312.20715332
2.43229024943	312.20715332
2.43519274376	312.20715332
2.4380952381	312.20715332
2.44099773243	312.20715332
2.44390022676	312.20715332
2.44680272109	312.20715332
2.44970521542	312.026855469
2.45260770975	312.026855469
2.45551020408	312.026855469
2.45841269841	312.026855469
2.46131519274	312.20715332
2.46421768707	312.20715332
2.46712018141	312.20715332
2.47002267574	312.20715332
2.47292517007	312.20715332
2.4758276644	312.026855469
2.47873015873	312.026855469
2.48163265306	312.026855469
2.48453514739	312.026855469
2.48743764172	312.026855469
2.49034013605	312.026855469
2.49324263039	312.026855469
2.49614512472	312.20715332
2.49904761905	312.20715332
2.50195011338	312.20715332
2.50485260771	312.20715332
2.50775510204	312.026855469
2.51065759637	312.026855469
2.5135600907	312.026855469
2.51646258503	312.026855469
2.51936507937	312.026855469
2.5222675737	312.026855469
2.52517006803	312.026855469
2.52807256236	312.20715332
2.53097505669	312.20715332
2.53387755102	312.026855469
2.53678004535	312.026855469
2.53968253968	312.026855469
2.54258503401	312.026855469
2.54548752834	311.846679688
2.54839002268	311.846679688
2.55129251701	312.026855469
2.55419501134	312.026855469
2.55709750567	312.026855469
2.56	312.20715332
2.56290249433	312.20715332
2.56580498866	312.026855469
2.56870748299	312.026855469
2.57160997732	312.026855469
2.57451247166	311.846679688
2.57741496599	311.846679688
2.58031746032	311.846679688
2.58321995465	312.026855469
2.58612244898	312.026855469
2.58902494331	312.026855469
2.59192743764	312.026855469
2.59482993197	312.026855469
2.5977324263	312.026855469
2.60063492063	312.026855469
2.60353741497	312.026855469
2.6064399093	312.026855469
2.60934240363	311.846679688
2.61224489796	312.026855469
2.61514739229	312.026855469
2.61804988662	312.026855469
2.62095238095	312.026855469
2.62385487528	312.026855469
2.62675736961	312.026855469
2.62965986395	312.026855469
2.63256235828	312.026855469
2.63546485261	312.026855469
2.63836734694	312.026855469
2.64126984127	312.026855469
2.6441723356	312.026855469
2.64707482993	312.026855469
2.64997732426	312.026855469
2.65287981859	312.20715332
2.65578231293	312.568023682
2.65868480726	313.291046143
2.66158730159	314.197174072
2.66448979592	315.470153809
2.66739229025	373.645507812
2.67029478458	372.567932129
2.67319727891	371.278961182
2.67609977324	370.850280762
2.67900226757	371.278961182
2.6819047619	371.92288208
2.68480725624	372.783203125
2.68770975057	373.214111328
2.6906122449	373.429748535
2.69351473923	373.214111328
2.69641723356	372.998596191
2.69931972789	372.783203125
2.70222222222	372.567932129
2.70512471655	372.137786865
2.70802721088	371.708129883
2.71092970522	371.278961182
2.71383219955	371.064544678
2.71673469388	370.636138916
2.71963718821	370.422119141
2.72253968254	370.636138916
2.72544217687	370.636138916
2.7283446712	370.850280762
2.73124716553	371.278961182
2.73414965986	371.493469238
2.7370521542	371.92288208
2.73995464853	371.92288208
2.74285714286	372.137786865
2.74575963719	371.92288208
2.74866213152	371.708129883
2.75156462585	371.708129883
2.75446712018	371.708129883
2.75736961451	371.92288208
2.76027210884	372.137786865
2.76317460317	372.137786865
2.76607709751	372.352783203
2.76897959184	372.567932129
2.77188208617	372.352783203
2.7747845805	372.567932129
2.77768707483	372.352783203
2.78058956916	372.137786865
2.78349206349	371.92288208
2.78639455782	371.708129883
2.78929705215	371.92288208
2.79219954649	371.92288208
2.79510204082	372.137786865
2.79800453515	372.352783203
2.80090702948	372.352783203
2.80380952381	372.567932129
2.80671201814	372.352783203
2.80961451247	372.352783203
2.8125170068	371.92288208
2.81541950113	371.92288208
2.81832199546	371.278961182
2.8212244898	371.064544678
2.82412698413	370.850280762
2.82702947846	370.850280762
2.82993197279	371.064544678
2.83283446712	371.278961182
2.83573696145	371.708129883
2.83863945578	371.92288208
2.84154195011	372.137786865
2.84444444444	372.352783203
2.84734693878	372.137786865
2.85024943311	371.92288208
2.85315192744	371.92288208
2.85605442177	371.708129883
2.8589569161	371.493469238
2.86185941043	371.493469238
2.86476190476	371.708129883
2.86766439909	371.92288208
2.87056689342	371.92288208
2.87346938776	371.92288208
2.87637188209	371.92288208
2.87927437642	371.708129883
2.88217687075	371.708129883
2.88507936508	371.708129883
2.88798185941	371.493469238
2.89088435374	371.278961182
2.89378684807	371.493469238
2.8966893424	371.493469238
2.89959183673	371.708129883
2.90249433107	371.708129883
2.9053968254	371.708129883
2.90829931973	371.708129883
2.91120181406	371.708129883
2.91410430839	371.708129883
2.91700680272	371.92288208
2.91990929705	372.137786865
2.92281179138	372.137786865
2.92571428571	372.352783203
2.92861678005	372.137786865
2.93151927438	372.137786865
2.93442176871	372.137786865
2.93732426304	372.137786865
2.94022675737	371.92288208
2.9431292517	371.708129883
2.94603174603	371.92288208
2.94893424036	371.708129883
2.95183673469	371.708129883
2.95473922902	371.278961182
2.95764172336	370.636138916
2.96054421769	369.353820801
2.96344671202	367.86340332
2.96634920635	366.802520752
2.96925170068	365.533477783
2.97215419501	365.533477783
2.97505668934	366.590698242
2.97795918367	370.208190918
2.980861678	372.998596191
2.98376417234	375.810028076
2.98666666667	378.423980713
2.989569161	380.61618042
2.99247165533	382.600006104
2.99537414966	383.706573486
2.99827664399	384.150115967
3.00117913832	383.928283691
3.00408163265	383.485015869
3.00698412698	383.042236328
3.00988662132	384.594146729
3.01278911565	384.594146729
3.01569160998	384.594146729
3.01859410431	384.594146729
3.02149659864	388.165039062
3.02439909297	391.54284668
3.0273015873	392.221923828
3.03020408163	394.266235352
3.03310657596	395.178253174
3.03600907029	394.266235352
3.03891156463	385.261199951
3.04181405896	385.483795166
3.04471655329	386.375488281
3.04761904762	386.82208252
3.05052154195	389.062927246
3.05342403628	390.188201904
3.05632653061	391.54284668
3.05922902494	394.721984863
3.06213151927	394.266235352
3.06503401361	394.038574219
3.06793650794	394.494049072
3.07083900227	394.266235352
3.0737414966	394.494049072
3.07664399093	393.811035156
3.07954648526	393.583618164
3.08244897959	394.038574219
3.08535147392	394.721984863
3.08825396825	394.266235352
3.09115646259	394.266235352
3.09405895692	394.266235352
3.09696145125	394.494049072
3.09986394558	390.864929199
3.10276643991	390.864929199
3.10566893424	391.090789795
3.10857142857	391.316741943
3.1114739229	391.316741943
3.11437641723	391.54284668
3.11727891156	391.769073486
3.1201814059	391.769073486
3.12308390023	391.995422363
3.12598639456	392.448547363
3.12888888889	392.902191162
3.13179138322	393.583618164
3.13469387755	394.266235352
3.13759637188	394.950042725
3.14049886621	395.406585693
3.14340136054	395.635040283
3.14630385488	395.635040283
3.14920634921	395.406585693
3.15210884354	395.178253174
3.15501133787	394.721984863
3.1579138322	394.266235352
3.16081632653	394.038574219
3.16371882086	393.811035156
3.16662131519	393.583618164
3.16952380952	393.129211426
3.17242630385	392.675292969
3.17532879819	392.448547363
3.17823129252	391.769073486
3.18113378685	391.316741943
3.18403628118	390.864929199
3.18693877551	390.639221191
3.18984126984	390.413665771
3.19274376417	390.639221191
3.1956462585	391.090789795
3.19854875283	391.769073486
3.20145124717	392.448547363
3.2043537415	393.35635376
3.20725623583	394.494049072
3.21015873016	395.178253174
3.21306122449	395.635040283
3.21596371882	395.863616943
3.21886621315	396.092346191
3.22176870748	395.863616943
3.22467120181	395.863616943
3.22757369615	395.406585693
3.23047619048	394.950042725
3.23337868481	394.266235352
3.23628117914	393.583618164
3.23918367347	393.35635376
3.2420861678	393.35635376
3.24498866213	393.583618164
3.24789115646	394.494049072
3.25079365079	395.635040283
3.25369614512	396.321228027
3.25659863946	395.863616943
3.25950113379	394.950042725
3.26240362812	392.675292969
3.26530612245	387.716888428
3.26820861678	384.372070312
3.27111111111	380.176727295
3.27401360544	377.987060547
3.27691609977	376.896972656
3.2798185941	375.810028076
3.28272108844	374.726196289
3.28562358277	373.86138916
3.2885260771	372.998596191
3.29142857143	372.352783203
3.29433106576	371.92288208
3.29723356009	371.708129883
3.30013605442	371.278961182
3.30303854875	371.064544678
3.30594104308	370.850280762
3.30884353741	370.636138916
3.31174603175	370.208190918
3.31464852608	370.208190918
3.31755102041	370.422119141
3.32045351474	371.064544678
3.32335600907	371.708129883
3.3262585034	372.352783203
3.32916099773	372.567932129
3.33206349206	372.352783203
3.33496598639	372.137786865
3.33786848073	371.708129883
3.34077097506	371.493469238
3.34367346939	371.278961182
3.34657596372	371.278961182
3.34947845805	371.493469238
3.35238095238	371.92288208
3.35528344671	372.567932129
3.35818594104	372.998596191
3.36108843537	372.998596191
3.36399092971	372.998596191
3.36689342404	372.567932129
3.36979591837	372.567932129
3.3726984127	372.137786865
3.37560090703	371.708129883
3.37850340136	371.493469238
3.38140589569	371.278961182
3.38430839002	371.278961182
3.38721088435	371.493469238
3.39011337868	371.92288208
3.39301587302	372.352783203
3.39591836735	372.567932129
3.39882086168	372.783203125
3.40172335601	372.567932129
3.40462585034	372.567932129
3.40752834467	372.137786865
3.410430839	371.493469238
3.41333333333	371.064544678
3.41623582766	370.850280762
3.419138322	370.636138916
3.42204081633	370.850280762
3.42494331066	370.850280762
3.42784580499	371.064544678
3.43074829932	371.493469238
3.43365079365	371.708129883
3.43655328798	371.92288208
3.43945578231	372.137786865
3.44235827664	372.352783203
3.44526077098	372.567932129
3.44816326531	372.567932129
3.45106575964	372.352783203
3.45396825397	372.352783203
3.4568707483	372.352783203
3.45977324263	371.92288208
3.46267573696	371.708129883
3.46557823129	371.278961182
3.46848072562	371.064544678
3.47138321995	370.850280762
3.47428571429	370.850280762
3.47718820862	371.064544678
3.48009070295	371.708129883
3.48299319728	371.92288208
3.48589569161	372.352783203
3.48879818594	372.567932129
3.49170068027	372.352783203
3.4946031746	372.137786865
3.49750566893	371.92288208
3.50040816327	371.493469238
3.5033106576	371.278961182
3.50621315193	371.278961182
3.50911564626	371.493469238
3.51201814059	371.708129883
3.51492063492	372.137786865
3.51782312925	372.567932129
3.52072562358	372.567932129
3.52362811791	372.783203125
3.52653061224	372.567932129
3.52943310658	372.137786865
3.53233560091	371.493469238
3.53523809524	371.064544678
3.53814058957	370.208190918
3.5410430839	369.994415283
3.54394557823	370.422119141
3.54684807256	371.708129883
3.54975056689	372.783203125
3.55265306122	373.214111328
3.55555555556	373.429748535
3.55845804989	313.472045898
3.56136054422	312.748626709
3.56426303855	312.20715332
3.56716553288	312.20715332
3.57006802721	312.387542725
3.57297052154	312.568023682
3.57587301587	312.20715332
3.5787755102	311.666595459
3.58167800454	311.306762695
3.58458049887	311.846679688
3.5874829932	312.568023682
3.59038548753	313.110137939
3.59328798186	313.291046143
3.59619047619	313.110137939
3.59909297052	312.929321289
3.60199546485	312.748626709
3.60489795918	312.748626709
3.60780045351	312.568023682
3.61070294785	312.20715332
3.61360544218	311.846679688
3.61650793651	312.026855469
3.61941043084	312.387542725
3.62231292517	312.568023682
3.6252154195	312.568023682
3.62811791383	312.20715332
3.63102040816	311.846679688
3.63392290249	311.666595459
3.63682539683	311.846679688
3.63972789116	312.387542725
3.64263038549	312.568023682
3.64553287982	312.929321289
3.64843537415	313.291046143
3.65133786848	314.01574707
3.65424036281	314.742095947
3.65714285714	314.923950195
3.66004535147	314.742095947
3.6629478458	314.197174072
3.66585034014	313.472045898
3.66875283447	312.929321289
3.6716553288	312.387542725
3.67455782313	312.20715332
3.67746031746	312.026855469
3.68036281179	311.846679688
3.68326530612	312.026855469
3.68616780045	312.20715332
3.68907029478	312.568023682
3.69197278912	312.748626709
3.69487528345	312.748626709
3.69777777778	312.387542725
3.70068027211	312.20715332
3.70358276644	312.026855469
3.70648526077	311.846679688
3.7093877551	311.846679688
3.71229024943	311.666595459
3.71519274376	311.666595459
3.7180952381	311.846679688
3.72099773243	312.026855469
3.72390022676	312.387542725
3.72680272109	312.568023682
3.72970521542	312.748626709
3.73260770975	312.929321289
3.73551020408	312.929321289
3.73841269841	313.110137939
3.74131519274	313.291046143
3.74421768707	313.291046143
3.74712018141	313.291046143
3.75002267574	313.291046143
3.75292517007	313.291046143
3.7558276644	313.110137939
3.75873015873	312.929321289
3.76163265306	312.748626709
3.76453514739	312.568023682
3.76743764172	312.387542725
3.77034013605	312.20715332
3.77324263039	312.20715332
3.77614512472	312.20715332
3.77904761905	312.20715332
3.78195011338	312.387542725
3.78485260771	312.387542725
3.78775510204	312.20715332
3.79065759637	312.20715332
3.7935600907	312.20715332
3.79646258503	312.026855469
3.79936507937	312.026855469
3.8022675737	312.026855469
3.80517006803	311.846679688
3.80807256236	312.026855469
3.81097505669	312.026855469
3.81387755102	312.026855469
3.81678004535	312.026855469
3.81968253968	312.20715332
3.82258503401	312.387542725
3.82548752834	312.387542725
3.82839002268	312.387542725
3.83129251701	313.472045898
3.83419501134	314.01574707
3.83709750567	314.742095947
3.84	315.470153809
3.84290249433	315.470153809
3.84580498866	313.653167725
3.84870748299	312.568023682
3.85160997732	308.621124268
3.85451247166	305.252593994
3.85741496599	304.196502686
3.86031746032	304.372253418
3.86321995465	304.372253418
3.86612244898	304.372253418
3.86902494331	304.020843506
3.87192743764	303.319213867
3.87482993197	301.398071289
3.8777324263	298.452941895
3.88063492063	295.707366943
3.88353741497	294.344055176
3.8864399093	294.174102783
3.88934240363	294.174102783
3.89224489796	294.174102783
3.89514739229	294.514129639
3.89804988662	294.684295654
3.90095238095	294.514129639
3.90385487528	294.514129639
3.90675736961	295.024932861
3.90965986395	295.707366943
3.91256235828	295.878234863
3.91546485261	296.049194336
3.91836734694	296.391387939
3.92126984127	296.391387939
3.9241723356	296.391387939
3.92707482993	295.707366943
3.92997732426	294.854553223
3.93287981859	294.514129639
3.93578231293	294.344055176
3.93868480726	294.174102783
3.94158730159	294.004211426
3.94448979592	294.344055176
3.94739229025	295.024932861
3.95029478458	295.707366943
3.95319727891	296.049194336
3.95609977324	296.391387939
3.95900226757	296.391387939
3.9619047619	296.220245361
3.96480725624	296.049194336
3.96770975057	295.707366943
3.9706122449	295.365936279
3.97351473923	294.854553223
3.97641723356	294.514129639
3.97931972789	294.344055176
3.98222222222	294.174102783
3.98512471655	294.174102783
3.98802721088	294.004211426
3.99092970522	294.174102783
3.99383219955	294.344055176
3.99673469388	294.684295654
3.99963718821	295.024932861
4.00253968254	295.536621094
4.00544217687	295.878234863
4.0083446712	296.220245361
4.01124716553	296.391387939
4.01414965986	296.391387939
4.0170521542	296.220245361
4.01995464853	295.707366943
4.02285714286	295.365936279
4.02575963719	294.854553223
4.02866213152	294.344055176
4.03156462585	294.174102783
4.03446712018	293.834442139
4.03736961451	294.004211426
4.04027210884	293.834442139
4.04317460317	294.004211426
4.04607709751	294.344055176
4.04897959184	294.514129639
4.05188208617	294.854553223
4.0547845805	295.024932861
4.05768707483	295.195404053
4.06058956916	295.365936279
4.06349206349	295.195404053
4.06639455782	295.024932861
4.06929705215	294.684295654
4.07219954649	294.174102783
4.07510204082	294.004211426
4.07800453515	293.834442139
4.08090702948	293.834442139
4.08380952381	294.004211426
4.08671201814	294.344055176
4.08961451247	294.514129639
4.0925170068	294.684295654
4.09541950113	294.854553223
4.09832199546	294.854553223
4.1012244898	294.684295654
4.10412698413	294.514129639
4.10702947846	294.514129639
4.10993197279	294.514129639
4.11283446712	294.684295654
4.11573696145	294.854553223
4.11863945578	295.195404053
4.12154195011	295.707366943
4.12444444444	296.049194336
4.12734693878	296.220245361
4.13024943311	296.049194336
4.13315192744	296.049194336
4.13605442177	295.707366943
4.1389569161	295.536621094
4.14185941043	295.707366943
4.14476190476	295.365936279
4.14766439909	295.024932861
4.15056689342	294.854553223
4.15346938776	294.684295654
4.15637188209	294.684295654
4.15927437642	294.514129639
4.16217687075	294.514129639
4.16507936508	294.514129639
4.16798185941	294.684295654
4.17088435374	294.684295654
4.17378684807	294.684295654
4.1766893424	294.684295654
4.17959183673	294.684295654
4.18249433107	294.684295654
4.1853968254	294.684295654
4.18829931973	294.514129639
4.19120181406	294.514129639
4.19410430839	294.514129639
4.19700680272	294.514129639
4.19990929705	294.684295654
4.20281179138	294.684295654
4.20571428571	294.684295654
4.20861678005	294.854553223
4.21151927438	294.854553223
4.21442176871	294.854553223
4.21732426304	294.854553223
4.22022675737	294.854553223
4.2231292517	294.854553223
4.22603174603	294.684295654
4.22893424036	294.684295654
4.23183673469	294.854553223
4.23473922902	294.854553223
4.23764172336	294.854553223
4.24054421769	294.854553223
4.24344671202	294.854553223
4.24634920635	294.854553223
4.24925170068	294.854553223
4.25215419501	294.854553223
4.25505668934	294.854553223
4.25795918367	294.684295654
4.260861678	294.684295654
4.26376417234	294.684295654
4.26666666667	294.684295654
4.269569161	294.854553223
4.27247165533	294.854553223
4.27537414966	294.854553223
4.27827664399	294.684295654
4.28117913832	294.684295654
4.28408163265	294.684295654
4.28698412698	294.684295654
4.28988662132	294.684295654
4.29278911565	294.684295654
4.29569160998	294.684295654
4.29859410431	294.854553223
4.30149659864	294.854553223
4.30439909297	294.684295654
4.3073015873	294.684295654
4.31020408163	294.514129639
4.31310657596	294.514129639
4.31600907029	294.684295654
4.31891156463	294.514129639
4.32181405896	294.514129639
4.32471655329	294.514129639
4.32761904762	294.514129639
4.33052154195	294.684295654
4.33342403628	294.684295654
4.33632653061	294.684295654
4.33922902494	294.684295654
4.34213151927	294.854553223
4.34503401361	294.854553223
4.34793650794	294.854553223
4.35083900227	294.684295654
4.3537414966	294.684295654
4.35664399093	294.514129639
4.35954648526	294.514129639
4.36244897959	294.514129639
4.36535147392	294.514129639
4.36825396825	294.344055176
4.37115646259	294.174102783
4.37405895692	294.344055176
4.37696145125	294.344055176
4.37986394558	294.344055176
4.38276643991	294.344055176
4.38566893424	294.344055176
4.38857142857	294.514129639
4.3914739229	294.514129639
4.39437641723	294.514129639
4.39727891156	294.344055176
4.4001814059	294.344055176
4.40308390023	294.344055176
4.40598639456	294.344055176
4.40888888889	294.174102783
4.41179138322	294.174102783
4.41469387755	294.174102783
4.41759637188	294.174102783
4.42049886621	294.174102783
4.42340136054	294.174102783
4.42630385488	294.174102783
4.42920634921	294.174102783
4.43210884354	294.344055176
4.43501133787	294.514129639
4.4379138322	294.514129639
4.44081632653	294.344055176
4.44371882086	294.344055176
4.44662131519	294.344055176
4.44952380952	294.344055176
4.45242630385	294.174102783
4.45532879819	294.174102783
4.45823129252	294.004211426
4.46113378685	294.004211426
4.46403628118	294.174102783
4.46693877551	294.344055176
4.46984126984	294.514129639
4.47274376417	294.514129639
4.4756462585	294.684295654
4.47854875283	294.854553223
4.48145124717	295.024932861
4.4843537415	295.195404053
4.48725623583	295.365936279
4.49015873016	295.536621094
4.49306122449	295.536621094
4.49596371882	295.365936279
4.49886621315	295.536621094
4.50176870748	295.536621094
4.50467120181	295.365936279
4.50757369615	295.195404053
4.51047619048	295.024932861
4.51337868481	294.684295654
4.51628117914	294.344055176
4.51918367347	294.344055176
4.5220861678	294.174102783
4.52498866213	294.174102783
4.52789115646	294.344055176
4.53079365079	294.684295654
4.53369614512	294.854553223
4.53659863946	295.365936279
4.53950113379	295.536621094
4.54240362812	295.878234863
4.54530612245	296.049194336
4.54820861678	296.391387939
4.55111111111	296.562652588
4.55401360544	296.733978271
4.55691609977	297.07699585
4.5598185941	297.420379639
4.56272108844	297.764160156
4.56562358277	0.0
4.5685260771	0.0
4.57142857143	0.0
4.57433106576	0.0
4.57723356009	0.0
4.58013605442	0.0
4.58303854875	0.0
4.58594104308	0.0
4.58884353741	0.0
4.59174603175	0.0
4.59464852608	0.0
4.59755102041	0.0
4.60045351474	0.0
4.60335600907	0.0
4.6062585034	0.0
4.60916099773	0.0
4.61206349206	0.0
4.61496598639	0.0
4.61786848073	0.0
4.62077097506	0.0
4.62367346939	0.0
4.62657596372	0.0
4.62947845805	0.0
4.63238095238	0.0
4.63528344671	0.0
4.63818594104	0.0
4.64108843537	0.0
4.64399092971	0.0
4.64689342404	0.0
4.64979591837	0.0
4.6526984127	0.0
4.65560090703	0.0
4.65850340136	0.0
4.66140589569	0.0
4.66430839002	0.0
4.66721088435	0.0
4.67011337868	0.0
4.67301587302	0.0
4.67591836735	0.0
4.67882086168	0.0
4.68172335601	0.0
4.68462585034	0.0
4.68752834467	0.0
4.690430839	0.0
4.69333333333	0.0
4.69623582766	0.0
4.699138322	0.0
4.70204081633	0.0
4.70494331066	0.0
4.70784580499	0.0
4.71074829932	0.0
4.71365079365	0.0
4.71655328798	0.0
4.71945578231	0.0
4.72235827664	0.0
4.72526077098	0.0
4.72816326531	0.0
4.73106575964	0.0
4.73396825397	0.0
4.7368707483	0.0
4.73977324263	0.0
4.74267573696	0.0
4.74557823129	0.0
4.74848072562	0.0
4.75138321995	0.0
4.75428571429	0.0
4.75718820862	0.0
4.76009070295	0.0
4.76299319728	0.0
4.76589569161	0.0
4.76879818594	0.0
4.77170068027	0.0
4.7746031746	0.0
4.77750566893	0.0
4.78040816327	0.0
4.7833106576	0.0
4.78621315193	0.0
4.78911564626	0.0
4.79201814059	0.0
4.79492063492	0.0
4.79782312925	0.0
4.80072562358	0.0
4.80362811791	0.0
4.80653061224	0.0
4.80943310658	0.0
4.81233560091	0.0
4.81523809524	0.0
4.81814058957	0.0
4.8210430839	0.0
4.82394557823	0.0
4.82684807256	0.0
4.82975056689	0.0
4.83265306122	0.0
4.83555555556	0.0
4.83845804989	0.0
4.84136054422	0.0
4.84426303855	0.0
4.84716553288	0.0
4.85006802721	0.0
4.85297052154	0.0
4.85587301587	0.0
4.8587755102	0.0
4.86167800454	0.0
4.86458049887	0.0
4.8674829932	0.0
4.87038548753	0.0
4.87328798186	0.0
4.87619047619	0.0
4.87909297052	0.0
4.88199546485	0.0
4.88489795918	0.0
4.88780045351	0.0
4.89070294785	0.0
4.89360544218	0.0
4.89650793651	0.0
4.89941043084	0.0
4.90231292517	0.0
4.9052154195	0.0
4.90811791383	0.0
4.91102040816	0.0
4.91392290249	0.0
4.91682539683	0.0
4.91972789116	0.0
4.92263038549	0.0
4.92553287982	0.0
4.92843537415	0.0
4.93133786848	0.0
4.93424036281	0.0
4.93714285714	0.0
4.94004535147	0.0
4.9429478458	0.0
