0.0	0.0
0.00290249433107	0.0
0.00580498866213	0.0
0.0087074829932	0.0
0.0116099773243	0.0
0.0145124716553	0.0
0.0174149659864	0.0
0.0203174603175	0.0
0.0232199546485	0.0
0.0261224489796	0.0
0.0290249433107	0.0
0.0319274376417	0.0
0.0348299319728	0.0
0.0377324263039	0.0
0.0406349206349	0.0
0.043537414966	0.0
0.0464399092971	0.0
0.0493424036281	0.0
0.0522448979592	0.0
0.0551473922902	0.0
0.0580498866213	0.0
0.0609523809524	0.0
0.0638548752834	0.0
0.0667573696145	0.0
0.0696598639456	0.0
0.0725623582766	394.494049072
0.0754648526077	391.54284668
0.0783673469388	389.062927246
0.0812698412698	387.269226074
0.0841723356009	386.375488281
0.087074829932	385.483795166
0.089977324263	385.261199951
0.0928798185941	385.261199951
0.0957823129252	386.152374268
0.0986848072562	387.940887451
0.101587301587	390.639221191
0.104489795918	392.902191162
0.107392290249	394.950042725
0.11029478458	396.092346191
0.113197278912	396.550201416
0.116099773243	396.550201416
0.119002267574	396.092346191
0.121904761905	394.950042725
0.124807256236	393.35635376
0.127709750567	391.316741943
0.130612244898	390.188201904
0.133514739229	390.188201904
0.13641723356	390.413665771
0.139319727891	391.090789795
0.142222222222	391.769073486
0.145124716553	392.902191162
0.148027210884	393.583618164
0.150929705215	394.266235352
0.153832199546	394.950042725
0.156734693878	395.406585693
0.159637188209	396.092346191
0.16253968254	396.779327393
0.165442176871	397.237976074
0.168344671202	397.697143555
0.171247165533	397.467498779
0.174149659864	397.008575439
0.177052154195	396.321228027
0.179954648526	395.178253174
0.182857142857	394.494049072
0.185759637188	394.038574219
0.188662131519	393.583618164
0.19156462585	393.583618164
0.194467120181	393.35635376
0.197369614512	393.35635376
0.200272108844	393.129211426
0.203174603175	393.129211426
0.206077097506	392.675292969
0.208979591837	392.448547363
0.211882086168	392.221923828
0.214784580499	392.448547363
0.21768707483	392.448547363
0.220589569161	392.675292969
0.223492063492	392.902191162
0.226394557823	393.129211426
0.229297052154	393.583618164
0.232199546485	394.266235352
0.235102040816	394.950042725
0.238004535147	395.406585693
0.240907029478	395.635040283
0.24380952381	395.406585693
0.246712018141	395.178253174
0.249614512472	394.721984863
0.252517006803	394.038574219
0.255419501134	393.35635376
0.258321995465	393.129211426
0.261224489796	392.675292969
0.264126984127	392.902191162
0.267029478458	393.129211426
0.269931972789	393.35635376
0.27283446712	393.811035156
0.275736961451	394.038574219
0.278639455782	394.721984863
0.281541950113	395.178253174
0.284444444444	395.406585693
0.287346938776	395.635040283
0.290249433107	395.406585693
0.293151927438	395.178253174
0.296054421769	394.721984863
0.2989569161	394.266235352
0.301859410431	393.811035156
0.304761904762	393.35635376
0.307664399093	393.129211426
0.310566893424	392.675292969
0.313469387755	392.675292969
0.316371882086	392.675292969
0.319274376417	392.902191162
0.322176870748	393.129211426
0.325079365079	393.35635376
0.32798185941	393.583618164
0.330884353741	393.811035156
0.333786848073	393.811035156
0.336689342404	393.811035156
0.339591836735	393.811035156
0.342494331066	393.583618164
0.345396825397	393.35635376
0.348299319728	393.129211426
0.351201814059	393.129211426
0.35410430839	393.35635376
0.357006802721	393.35635376
0.359909297052	393.583618164
0.362811791383	393.811035156
0.365714285714	393.811035156
0.368616780045	394.038574219
0.371519274376	394.038574219
0.374421768707	394.038574219
0.377324263039	394.038574219
0.38022675737	393.811035156
0.383129251701	393.811035156
0.386031746032	393.811035156
0.388934240363	393.583618164
0.391836734694	393.35635376
0.394739229025	393.35635376
0.397641723356	393.129211426
0.400544217687	393.129211426
0.403446712018	393.129211426
0.406349206349	393.129211426
0.40925170068	393.129211426
0.412154195011	393.129211426
0.415056689342	393.129211426
0.417959183673	393.129211426
0.420861678005	393.35635376
0.423764172336	393.35635376
0.426666666667	393.129211426
0.429569160998	393.129211426
0.432471655329	393.35635376
0.43537414966	393.129211426
0.438276643991	393.129211426
0.441179138322	393.129211426
0.444081632653	393.129211426
0.446984126984	393.129211426
0.449886621315	393.129211426
0.452789115646	393.129211426
0.455691609977	393.129211426
0.458594104308	393.129211426
0.461496598639	393.129211426
0.464399092971	393.35635376
0.467301587302	393.35635376
0.470204081633	393.35635376
0.473106575964	393.35635376
0.476009070295	393.35635376
0.478911564626	393.35635376
0.481814058957	393.35635376
0.484716553288	393.35635376
0.487619047619	393.35635376
0.49052154195	393.35635376
0.493424036281	393.35635376
0.496326530612	393.129211426
0.499229024943	393.129211426
0.502131519274	392.902191162
0.505034013605	392.902191162
0.507936507937	392.902191162
0.510839002268	392.902191162
0.513741496599	393.129211426
0.51664399093	393.583618164
0.519546485261	394.038574219
0.522448979592	394.721984863
0.525351473923	395.406585693
0.528253968254	396.092346191
0.531156462585	396.550201416
0.534058956916	396.779327393
0.536961451247	397.008575439
0.539863945578	397.008575439
0.542766439909	397.237976074
0.54566893424	397.237976074
0.548571428571	397.237976074
0.551473922902	397.467498779
0.554376417234	397.467498779
0.557278911565	397.467498779
0.560181405896	397.237976074
0.563083900227	397.008575439
0.565986394558	396.550201416
0.568888888889	396.321228027
0.57179138322	396.092346191
0.574693877551	396.321228027
0.577596371882	396.321228027
0.580498866213	396.092346191
0.583401360544	395.863616943
0.586303854875	395.863616943
0.589206349206	396.092346191
0.592108843537	396.550201416
0.595011337868	396.550201416
0.5979138322	396.779327393
0.600816326531	396.779327393
0.603718820862	397.237976074
0.606621315193	397.237976074
0.609523809524	397.467498779
0.612426303855	397.467498779
0.615328798186	397.237976074
0.618231292517	397.237976074
0.621133786848	397.237976074
0.624036281179	397.008575439
0.62693877551	397.008575439
0.629841269841	397.008575439
0.632743764172	396.779327393
0.635646258503	396.779327393
0.638548752834	396.779327393
0.641451247166	395.406585693
0.644353741497	392.902191162
0.647256235828	389.287719727
0.650158730159	386.152374268
0.65306122449	375.593017578
0.655963718821	371.278961182
0.658866213152	369.780761719
0.661768707483	370.636138916
0.664671201814	374.293548584
0.667573696145	381.496612549
0.670476190476	384.150115967
0.673378684807	386.82208252
0.676281179138	389.512664795
0.679183673469	391.54284668
0.6820861678	393.583618164
0.684988662132	395.406585693
0.687891156463	396.092346191
0.690793650794	396.550201416
0.693696145125	396.550201416
0.696598639456	395.863616943
0.699501133787	394.266235352
0.702403628118	392.902191162
0.705306122449	390.864929199
0.70820861678	390.188201904
0.711111111111	390.188201904
0.714013605442	390.639221191
0.716916099773	391.769073486
0.719818594104	392.675292969
0.722721088435	393.35635376
0.725623582766	393.811035156
0.728526077098	394.494049072
0.731428571429	395.178253174
0.73433106576	395.635040283
0.737233560091	396.321228027
0.740136054422	396.779327393
0.743038548753	397.237976074
0.745941043084	397.467498779
0.748843537415	397.467498779
0.751746031746	397.008575439
0.754648526077	396.092346191
0.757551020408	394.950042725
0.760453514739	394.266235352
0.76335600907	393.811035156
0.766258503401	393.583618164
0.769160997732	393.35635376
0.772063492063	393.35635376
0.774965986395	393.35635376
0.777868480726	393.129211426
0.780770975057	392.902191162
0.783673469388	392.448547363
0.786575963719	392.221923828
0.78947845805	392.221923828
0.792380952381	392.221923828
0.795283446712	392.448547363
0.798185941043	392.675292969
0.801088435374	393.129211426
0.803990929705	393.35635376
0.806893424036	393.811035156
0.809795918367	394.266235352
0.812698412698	394.950042725
0.815600907029	395.635040283
0.818503401361	395.863616943
0.821405895692	395.863616943
0.824308390023	395.178253174
0.827210884354	394.721984863
0.830113378685	394.038574219
0.833015873016	393.35635376
0.835918367347	392.902191162
0.838820861678	392.675292969
0.841723356009	392.675292969
0.84462585034	392.902191162
0.847528344671	393.129211426
0.850430839002	393.583618164
0.853333333333	394.038574219
0.856235827664	394.494049072
0.859138321995	394.950042725
0.862040816327	395.406585693
0.864943310658	395.406585693
0.867845804989	395.406585693
0.87074829932	395.178253174
0.873650793651	394.721984863
0.876553287982	394.266235352
0.879455782313	393.583618164
0.882358276644	393.129211426
0.885260770975	392.902191162
0.888163265306	392.448547363
0.891065759637	392.448547363
0.893968253968	392.675292969
0.896870748299	392.902191162
0.89977324263	393.129211426
0.902675736961	393.35635376
0.905578231293	393.583618164
0.908480725624	393.811035156
0.911383219955	393.811035156
0.914285714286	393.811035156
0.917188208617	393.583618164
0.920090702948	393.35635376
0.922993197279	393.35635376
0.92589569161	393.35635376
0.928798185941	393.35635376
0.931700680272	393.129211426
0.934603174603	392.902191162
0.937505668934	392.902191162
0.940408163265	392.448547363
0.943310657596	391.54284668
0.946213151927	390.188201904
0.949115646259	387.940887451
0.95201814059	383.485015869
0.954920634921	377.55065918
0.957823129252	371.278961182
0.960725623583	368.075958252
0.963628117914	366.802520752
0.966530612245	366.590698242
0.969433106576	367.438690186
0.972335600907	368.927368164
0.975238095238	370.850280762
0.978140589569	372.352783203
0.9810430839	373.429748535
0.983945578231	373.645507812
0.986848072562	373.645507812
0.989750566893	373.429748535
0.992653061224	372.998596191
0.995555555556	372.352783203
0.998458049887	371.708129883
1.00136054422	370.850280762
1.00426303855	370.422119141
1.00716553288	369.994415283
1.01006802721	369.994415283
1.01297052154	369.994415283
1.01587301587	370.422119141
1.0187755102	371.064544678
1.02167800454	371.708129883
1.02458049887	372.352783203
1.0274829932	372.998596191
1.03038548753	373.214111328
1.03328798186	373.214111328
1.03619047619	372.998596191
1.03909297052	372.783203125
1.04199546485	372.352783203
1.04489795918	371.92288208
1.04780045351	371.708129883
1.05070294785	371.493469238
1.05360544218	371.493469238
1.05650793651	371.493469238
1.05941043084	371.708129883
1.06231292517	371.708129883
1.0652154195	371.92288208
1.06811791383	372.137786865
1.07102040816	372.137786865
1.07392290249	372.137786865
1.07682539683	371.92288208
1.07972789116	371.708129883
1.08263038549	371.493469238
1.08553287982	371.493469238
1.08843537415	371.493469238
1.09133786848	371.708129883
1.09424036281	371.708129883
1.09714285714	371.92288208
1.10004535147	372.137786865
1.1029478458	372.137786865
1.10585034014	372.137786865
1.10875283447	371.92288208
1.1116553288	371.493469238
1.11455782313	371.278961182
1.11746031746	371.064544678
1.12036281179	370.850280762
1.12326530612	370.850280762
1.12616780045	371.064544678
1.12907029478	371.278961182
1.13197278912	371.493469238
1.13487528345	371.92288208
1.13777777778	372.137786865
1.14068027211	372.137786865
1.14358276644	372.137786865
1.14648526077	372.137786865
1.1493877551	371.92288208
1.15229024943	371.708129883
1.15519274376	371.493469238
1.1580952381	371.493469238
1.16099773243	371.493469238
1.16390022676	371.493469238
1.16680272109	371.493469238
1.16970521542	371.708129883
1.17260770975	371.92288208
1.17551020408	371.92288208
1.17841269841	371.92288208
1.18131519274	371.92288208
1.18421768707	371.92288208
1.18712018141	371.708129883
1.19002267574	371.708129883
1.19292517007	371.708129883
1.1958276644	371.708129883
1.19873015873	371.708129883
1.20163265306	371.708129883
1.20453514739	371.92288208
1.20743764172	371.92288208
1.21034013605	371.92288208
1.21324263039	372.137786865
1.21614512472	372.137786865
1.21904761905	372.137786865
1.22195011338	372.137786865
1.22485260771	371.92288208
1.22775510204	371.92288208
1.23065759637	371.708129883
1.2335600907	371.493469238
1.23646258503	371.493469238
1.23936507937	371.278961182
1.2422675737	370.850280762
1.24517006803	370.636138916
1.24807256236	370.850280762
1.25097505669	371.493469238
1.25387755102	372.567932129
1.25678004535	373.429748535
1.25968253968	374.077423096
1.26258503401	374.077423096
1.26548752834	373.86138916
1.26839002268	312.568023682
1.27129251701	312.026855469
1.27419501134	312.026855469
1.27709750567	312.387542725
1.28	312.387542725
1.28290249433	311.846679688
1.28580498866	311.126983643
1.28870748299	311.126983643
1.29160997732	311.486633301
1.29451247166	312.568023682
1.29741496599	313.110137939
1.30031746032	313.110137939
1.30321995465	313.110137939
1.30612244898	313.110137939
1.30902494331	313.472045898
1.31192743764	313.653167725
1.31482993197	313.834411621
1.3177324263	313.472045898
1.32063492063	313.291046143
1.32353741497	313.472045898
1.3264399093	313.834411621
1.32934240363	313.653167725
1.33224489796	313.291046143
1.33514739229	312.568023682
1.33804988662	311.666595459
1.34095238095	311.306762695
1.34385487528	311.306762695
1.34675736961	311.486633301
1.34965986395	311.666595459
1.35256235828	311.846679688
1.35546485261	312.20715332
1.35836734694	312.929321289
1.36126984127	313.653167725
1.3641723356	314.197174072
1.36707482993	314.01574707
1.36997732426	313.834411621
1.37287981859	313.291046143
1.37578231293	312.929321289
1.37868480726	312.748626709
1.38158730159	312.387542725
1.38448979592	312.387542725
1.38739229025	312.387542725
1.39029478458	312.568023682
1.39319727891	313.110137939
1.39609977324	313.110137939
1.39900226757	312.929321289
1.4019047619	312.748626709
1.40480725624	312.387542725
1.40770975057	311.846679688
1.4106122449	311.666595459
1.41351473923	311.306762695
1.41641723356	311.126983643
1.41931972789	311.126983643
1.42222222222	311.126983643
1.42512471655	311.306762695
1.42802721088	311.486633301
1.43092970522	311.666595459
1.43383219955	311.666595459
1.43673469388	311.666595459
1.43963718821	311.846679688
1.44253968254	311.846679688
1.44544217687	312.026855469
1.4483446712	312.20715332
1.45124716553	312.387542725
1.45414965986	312.387542725
1.4570521542	312.20715332
1.45995464853	312.026855469
1.46285714286	311.846679688
1.46575963719	311.846679688
1.46866213152	312.026855469
1.47156462585	312.026855469
1.47446712018	312.026855469
1.47736961451	312.20715332
1.48027210884	312.387542725
1.48317460317	312.387542725
1.48607709751	312.387542725
1.48897959184	312.20715332
1.49188208617	312.20715332
1.4947845805	312.20715332
1.49768707483	312.387542725
1.50058956916	312.568023682
1.50349206349	312.568023682
1.50639455782	312.568023682
1.50929705215	312.748626709
1.51219954649	312.568023682
1.51510204082	312.568023682
1.51800453515	312.387542725
1.52090702948	312.20715332
1.52380952381	312.20715332
1.52671201814	312.568023682
1.52961451247	312.748626709
1.5325170068	310.94732666
1.53541950113	310.588317871
1.53832199546	374.50982666
1.5412244898	372.783203125
1.54412698413	372.137786865
1.54702947846	372.352783203
1.54993197279	372.783203125
1.55283446712	372.998596191
1.55573696145	373.214111328
1.55863945578	373.214111328
1.56154195011	373.214111328
1.56444444444	373.429748535
1.56734693878	372.998596191
1.57024943311	372.567932129
1.57315192744	372.137786865
1.57605442177	371.708129883
1.5789569161	371.064544678
1.58185941043	371.064544678
1.58476190476	370.850280762
1.58766439909	370.850280762
1.59056689342	370.850280762
1.59346938776	371.064544678
1.59637188209	371.278961182
1.59927437642	371.493469238
1.60217687075	371.708129883
1.60507936508	371.92288208
1.60798185941	372.137786865
1.61088435374	372.137786865
1.61378684807	371.92288208
1.6166893424	371.92288208
1.61959183673	371.708129883
1.62249433107	371.708129883
1.6253968254	371.708129883
1.62829931973	371.92288208
1.63120181406	372.352783203
1.63410430839	372.567932129
1.63700680272	372.567932129
1.63990929705	372.352783203
1.64281179138	372.352783203
1.64571428571	372.137786865
1.64861678005	371.92288208
1.65151927438	371.708129883
1.65442176871	371.493469238
1.65732426304	371.493469238
1.66022675737	371.493469238
1.6631292517	371.493469238
1.66603174603	371.493469238
1.66893424036	371.708129883
1.67183673469	371.92288208
1.67473922902	371.92288208
1.67764172336	372.137786865
1.68054421769	372.137786865
1.68344671202	372.137786865
1.68634920635	371.92288208
1.68925170068	371.708129883
1.69215419501	371.493469238
1.69505668934	371.278961182
1.69795918367	371.278961182
1.700861678	371.278961182
1.70376417234	371.278961182
1.70666666667	371.278961182
1.709569161	371.493469238
1.71247165533	371.493469238
1.71537414966	371.493469238
1.71827664399	371.708129883
1.72117913832	371.708129883
1.72408163265	371.708129883
1.72698412698	371.708129883
1.72988662132	371.708129883
1.73278911565	371.708129883
1.73569160998	371.708129883
1.73859410431	371.708129883
1.74149659864	371.708129883
1.74439909297	371.708129883
1.7473015873	371.708129883
1.75020408163	371.708129883
1.75310657596	371.708129883
1.75600907029	371.708129883
1.75891156463	371.92288208
1.76181405896	371.92288208
1.76471655329	371.92288208
1.76761904762	371.92288208
1.77052154195	371.708129883
1.77342403628	371.708129883
1.77632653061	371.708129883
1.77922902494	371.708129883
1.78213151927	371.708129883
1.78503401361	371.708129883
1.78793650794	371.708129883
1.79083900227	371.92288208
1.7937414966	371.92288208
1.79664399093	371.92288208
1.79954648526	371.92288208
1.80244897959	371.92288208
1.80535147392	371.92288208
1.80825396825	371.92288208
1.81115646259	371.92288208
1.81405895692	371.92288208
1.81696145125	371.92288208
1.81986394558	371.708129883
1.82276643991	371.92288208
1.82566893424	371.92288208
1.82857142857	372.567932129
1.8314739229	372.998596191
1.83437641723	373.214111328
1.83727891156	372.998596191
1.8401814059	372.567932129
1.84308390023	371.708129883
1.84598639456	371.064544678
1.84888888889	370.850280762
1.85179138322	371.064544678
1.85469387755	371.493469238
1.85759637188	313.291046143
1.86049886621	312.929321289
1.86340136054	312.20715332
1.86630385488	311.306762695
1.86920634921	310.76776123
1.87210884354	310.94732666
1.87501133787	311.666595459
1.8779138322	312.026855469
1.88081632653	312.026855469
1.88371882086	312.026855469
1.88662131519	312.568023682
1.88952380952	313.472045898
1.89242630385	313.834411621
1.89532879819	313.653167725
1.89823129252	313.291046143
1.90113378685	313.110137939
1.90403628118	313.291046143
1.90693877551	313.834411621
1.90984126984	314.01574707
1.91274376417	313.834411621
1.9156462585	313.291046143
1.91854875283	312.929321289
1.92145124717	312.568023682
1.9243537415	312.387542725
1.92725623583	312.20715332
1.93015873016	311.666595459
1.93306122449	311.126983643
1.93596371882	311.126983643
1.93886621315	311.486633301
1.94176870748	312.20715332
1.94467120181	312.929321289
1.94757369615	313.472045898
1.95047619048	313.653167725
1.95337868481	313.834411621
1.95628117914	314.01574707
1.95918367347	313.834411621
1.9620861678	313.472045898
1.96498866213	312.929321289
1.96789115646	312.387542725
1.97079365079	312.20715332
1.97369614512	312.20715332
1.97659863946	312.568023682
1.97950113379	312.748626709
1.98240362812	312.929321289
1.98530612245	312.748626709
1.98820861678	312.929321289
1.99111111111	312.748626709
1.99401360544	312.20715332
1.99691609977	311.666595459
1.9998185941	311.306762695
2.00272108844	310.94732666
2.00562358277	310.76776123
2.0085260771	310.94732666
2.01142857143	311.306762695
2.01433106576	311.486633301
2.01723356009	311.666595459
2.02013605442	311.846679688
2.02303854875	311.666595459
2.02594104308	311.666595459
2.02884353741	311.666595459
2.03174603175	311.846679688
2.03464852608	312.026855469
2.03755102041	312.20715332
2.04045351474	312.387542725
2.04335600907	312.387542725
2.0462585034	312.387542725
2.04916099773	312.387542725
2.05206349206	312.026855469
2.05496598639	311.846679688
2.05786848073	311.666595459
2.06077097506	311.846679688
2.06367346939	312.026855469
2.06657596372	312.20715332
2.06947845805	312.387542725
2.07238095238	312.387542725
2.07528344671	312.568023682
2.07818594104	312.568023682
2.08108843537	312.568023682
2.08399092971	312.568023682
2.08689342404	312.387542725
2.08979591837	312.387542725
2.0926984127	312.387542725
2.09560090703	312.568023682
2.09850340136	312.387542725
2.10140589569	312.387542725
2.10430839002	312.387542725
2.10721088435	312.568023682
2.11011337868	312.568023682
2.11301587302	312.568023682
2.11591836735	312.568023682
2.11882086168	312.568023682
2.12172335601	312.568023682
2.12462585034	312.568023682
2.12752834467	312.387542725
2.130430839	312.20715332
2.13333333333	312.026855469
2.13623582766	311.846679688
2.139138322	311.846679688
2.14204081633	311.846679688
2.14494331066	311.846679688
2.14784580499	311.846679688
2.15074829932	312.026855469
2.15365079365	312.20715332
2.15655328798	312.387542725
2.15945578231	312.387542725
2.16235827664	312.387542725
2.16526077098	312.20715332
2.16816326531	312.026855469
2.17106575964	311.846679688
2.17396825397	311.846679688
2.1768707483	311.846679688
2.17977324263	311.846679688
2.18267573696	312.026855469
2.18557823129	312.026855469
2.18848072562	312.026855469
2.19138321995	311.846679688
2.19428571429	311.846679688
2.19718820862	311.666595459
2.20009070295	311.666595459
2.20299319728	311.666595459
2.20589569161	311.846679688
2.20879818594	311.846679688
2.21170068027	312.026855469
2.2146031746	312.026855469
2.21750566893	312.026855469
2.22040816327	312.026855469
2.2233106576	312.026855469
2.22621315193	312.026855469
2.22911564626	311.666595459
2.23201814059	311.666595459
2.23492063492	311.846679688
2.23782312925	311.846679688
2.24072562358	311.846679688
2.24362811791	311.846679688
2.24653061224	311.846679688
2.24943310658	311.846679688
2.25233560091	311.666595459
2.25523809524	311.666595459
2.25814058957	311.666595459
2.2610430839	311.666595459
2.26394557823	311.486633301
2.26684807256	311.486633301
2.26975056689	311.486633301
2.27265306122	311.666595459
2.27555555556	311.666595459
2.27845804989	311.666595459
2.28136054422	311.666595459
2.28426303855	311.666595459
2.28716553288	311.846679688
2.29006802721	311.846679688
2.29297052154	311.846679688
2.29587301587	311.846679688
2.2987755102	311.666595459
2.30167800454	311.666595459
2.30458049887	311.846679688
2.3074829932	311.846679688
2.31038548753	312.026855469
2.31328798186	312.026855469
2.31619047619	312.026855469
2.31909297052	312.026855469
2.32199546485	312.026855469
2.32489795918	312.026855469
2.32780045351	312.026855469
2.33070294785	312.026855469
2.33360544218	312.026855469
2.33650793651	312.026855469
2.33941043084	312.026855469
2.34231292517	312.026855469
2.3452154195	312.026855469
2.34811791383	311.846679688
2.35102040816	311.846679688
2.35392290249	311.666595459
2.35682539683	311.666595459
2.35972789116	312.026855469
2.36263038549	313.472045898
2.36553287982	314.742095947
2.36843537415	316.56539917
2.37133786848	317.847961426
2.37424036281	317.664428711
2.37714285714	315.470153809
2.38004535147	309.513763428
2.3829478458	295.707366943
2.38585034014	304.020843506
2.38875283447	302.269805908
2.3916553288	302.095245361
2.39455782313	302.095245361
2.39746031746	302.269805908
2.40036281179	302.61920166
2.40326530612	302.794036865
2.40616780045	301.920806885
2.40907029478	297.420379639
2.41197278912	295.536621094
2.41487528345	294.514129639
2.41777777778	294.004211426
2.42068027211	294.004211426
2.42358276644	294.344055176
2.42648526077	294.684295654
2.4293877551	295.365936279
2.43229024943	295.365936279
2.43519274376	295.195404053
2.4380952381	294.684295654
2.44099773243	294.514129639
2.44390022676	294.344055176
2.44680272109	294.344055176
2.44970521542	294.174102783
2.45260770975	294.344055176
2.45551020408	295.024932861
2.45841269841	295.365936279
2.46131519274	295.365936279
2.46421768707	295.536621094
2.46712018141	295.365936279
2.47002267574	295.195404053
2.47292517007	295.024932861
2.4758276644	294.854553223
2.47873015873	294.684295654
2.48163265306	294.684295654
2.48453514739	294.684295654
2.48743764172	294.684295654
2.49034013605	294.514129639
2.49324263039	294.514129639
2.49614512472	294.684295654
2.49904761905	294.684295654
2.50195011338	294.854553223
2.50485260771	295.024932861
2.50775510204	295.365936279
2.51065759637	295.536621094
2.5135600907	295.536621094
2.51646258503	295.536621094
2.51936507937	295.195404053
2.5222675737	294.854553223
2.52517006803	294.344055176
2.52807256236	294.174102783
2.53097505669	294.004211426
2.53387755102	294.174102783
2.53678004535	294.514129639
2.53968253968	295.024932861
2.54258503401	295.536621094
2.54548752834	296.049194336
2.54839002268	296.220245361
2.55129251701	296.391387939
2.55419501134	296.391387939
2.55709750567	296.220245361
2.56	295.878234863
2.56290249433	295.536621094
2.56580498866	295.195404053
2.56870748299	294.684295654
2.57160997732	294.174102783
2.57451247166	293.664764404
2.57741496599	293.325714111
2.58031746032	293.156341553
2.58321995465	293.156341553
2.58612244898	293.325714111
2.58902494331	294.004211426
2.59192743764	294.684295654
2.59482993197	295.365936279
2.5977324263	295.878234863
2.60063492063	296.220245361
2.60353741497	296.391387939
2.6064399093	296.391387939
2.60934240363	296.220245361
2.61224489796	295.878234863
2.61514739229	295.536621094
2.61804988662	295.024932861
2.62095238095	294.514129639
2.62385487528	293.834442139
2.62675736961	293.156341553
2.62965986395	292.987030029
2.63256235828	292.987030029
2.63546485261	293.325714111
2.63836734694	293.834442139
2.64126984127	294.514129639
2.6441723356	295.195404053
2.64707482993	295.707366943
2.64997732426	295.878234863
2.65287981859	296.391387939
2.65578231293	296.562652588
2.65868480726	296.733978271
2.66158730159	296.905426025
2.66448979592	296.733978271
2.66739229025	296.905426025
2.67029478458	297.764160156
2.67319727891	299.489105225
2.67609977324	302.61920166
2.67900226757	304.900146484
2.6819047619	311.666595459
2.68480725624	314.197174072
2.68770975057	315.470153809
2.6906122449	316.017303467
2.69351473923	315.83480835
2.69641723356	314.923950195
2.69931972789	314.01574707
2.70222222222	313.291046143
2.70512471655	312.748626709
2.70802721088	312.387542725
2.71092970522	311.846679688
2.71383219955	311.306762695
2.71673469388	310.76776123
2.71963718821	310.588317871
2.72253968254	310.588317871
2.72544217687	310.76776123
2.7283446712	311.126983643
2.73124716553	311.486633301
2.73414965986	311.846679688
2.7370521542	312.387542725
2.73995464853	312.748626709
2.74285714286	313.291046143
2.74575963719	313.653167725
2.74866213152	314.01574707
2.75156462585	314.197174072
2.75446712018	314.378723145
2.75736961451	314.197174072
2.76027210884	313.834411621
2.76317460317	313.291046143
2.76607709751	312.748626709
2.76897959184	312.387542725
2.77188208617	312.026855469
2.7747845805	311.666595459
2.77768707483	311.306762695
2.78058956916	311.486633301
2.78349206349	311.486633301
2.78639455782	311.666595459
2.78929705215	312.026855469
2.79219954649	312.568023682
2.79510204082	312.748626709
2.79800453515	313.110137939
2.80090702948	313.472045898
2.80380952381	313.653167725
2.80671201814	313.472045898
2.80961451247	313.472045898
2.8125170068	313.472045898
2.81541950113	313.472045898
2.81832199546	313.653167725
2.8212244898	313.653167725
2.82412698413	313.834411621
2.82702947846	313.653167725
2.82993197279	313.472045898
2.83283446712	312.929321289
2.83573696145	312.20715332
2.83863945578	311.846679688
2.84154195011	311.126983643
2.84444444444	310.588317871
2.84734693878	310.050567627
2.85024943311	309.692596436
2.85315192744	309.513763428
2.85605442177	309.692596436
2.8589569161	309.871520996
2.86185941043	310.229705811
2.86476190476	310.588317871
2.86766439909	310.76776123
2.87056689342	311.126983643
2.87346938776	311.666595459
2.87637188209	312.026855469
2.87927437642	312.568023682
2.88217687075	312.929321289
2.88507936508	313.110137939
2.88798185941	313.291046143
2.89088435374	313.110137939
2.89378684807	312.748626709
2.8966893424	312.20715332
2.89959183673	311.846679688
2.90249433107	311.666595459
2.9053968254	311.486633301
2.90829931973	311.306762695
2.91120181406	311.126983643
2.91410430839	311.306762695
2.91700680272	311.306762695
2.91990929705	311.486633301
2.92281179138	311.666595459
2.92571428571	311.846679688
2.92861678005	312.026855469
2.93151927438	312.20715332
2.93442176871	312.568023682
2.93732426304	312.748626709
2.94022675737	312.929321289
2.9431292517	313.291046143
2.94603174603	313.472045898
2.94893424036	313.472045898
2.95183673469	313.472045898
2.95473922902	313.291046143
2.95764172336	313.110137939
2.96054421769	312.929321289
2.96344671202	312.568023682
2.96634920635	312.387542725
2.96925170068	312.026855469
2.97215419501	311.846679688
2.97505668934	311.846679688
2.97795918367	311.666595459
2.980861678	311.486633301
2.98376417234	311.486633301
2.98666666667	311.486633301
2.989569161	311.666595459
2.99247165533	311.846679688
2.99537414966	312.20715332
2.99827664399	312.568023682
3.00117913832	312.568023682
3.00408163265	312.929321289
3.00698412698	312.929321289
3.00988662132	312.748626709
3.01278911565	312.568023682
3.01569160998	312.387542725
3.01859410431	312.026855469
3.02149659864	311.846679688
3.02439909297	311.666595459
3.0273015873	311.486633301
3.03020408163	311.486633301
3.03310657596	311.486633301
3.03600907029	311.666595459
3.03891156463	311.666595459
3.04181405896	311.666595459
3.04471655329	311.666595459
3.04761904762	311.666595459
3.05052154195	311.666595459
3.05342403628	311.666595459
3.05632653061	311.846679688
3.05922902494	312.026855469
3.06213151927	311.846679688
3.06503401361	312.026855469
3.06793650794	312.026855469
3.07083900227	312.20715332
3.0737414966	311.846679688
3.07664399093	311.486633301
3.07954648526	312.387542725
3.08244897959	312.748626709
3.08535147392	313.472045898
3.08825396825	313.653167725
3.09115646259	313.653167725
3.09405895692	313.110137939
3.09696145125	312.568023682
3.09986394558	311.666595459
3.10276643991	310.408966064
3.10566893424	308.977874756
3.10857142857	307.731079102
3.1114739229	307.020904541
3.11437641723	305.958679199
3.11727891156	304.372253418
3.1201814059	301.398071289
3.12308390023	297.420379639
3.12598639456	295.195404053
3.12888888889	293.834442139
3.13179138322	293.664764404
3.13469387755	294.004211426
3.13759637188	294.004211426
3.14049886621	294.684295654
3.14340136054	295.365936279
3.14630385488	295.707366943
3.14920634921	295.536621094
3.15210884354	295.365936279
3.15501133787	295.365936279
3.1579138322	295.365936279
3.16081632653	295.536621094
3.16371882086	295.707366943
3.16662131519	296.220245361
3.16952380952	296.049194336
3.17242630385	295.878234863
3.17532879819	295.536621094
3.17823129252	295.024932861
3.18113378685	294.514129639
3.18403628118	294.004211426
3.18693877551	293.664764404
3.18984126984	293.495178223
3.19274376417	293.834442139
3.1956462585	294.344055176
3.19854875283	295.195404053
3.20145124717	295.878234863
3.2043537415	296.220245361
3.20725623583	296.391387939
3.21015873016	296.049194336
3.21306122449	295.707366943
3.21596371882	295.365936279
3.21886621315	295.024932861
3.22176870748	294.854553223
3.22467120181	294.684295654
3.22757369615	294.684295654
3.23047619048	294.344055176
3.23337868481	293.664764404
3.23628117914	292.817840576
3.23918367347	292.310882568
3.2420861678	291.973388672
3.24498866213	294.514129639
3.24789115646	296.391387939
3.25079365079	296.905426025
3.25369614512	296.905426025
3.25659863946	296.733978271
3.25950113379	295.365936279
3.26240362812	261.625579834
3.26530612245	263.749847412
3.26820861678	264.81842041
3.27111111111	264.359924316
3.27401360544	263.293182373
3.27691609977	262.079315186
3.2798185941	261.021789551
3.28272108844	260.569854736
3.28562358277	260.569854736
3.2885260771	260.871063232
3.29142857143	261.474487305
3.29433106576	262.533874512
3.29723356009	263.4453125
3.30013605442	263.141143799
3.30303854875	262.230743408
3.30594104308	261.776733398
3.30884353741	261.625579834
3.31174603175	261.776733398
3.31464852608	262.079315186
3.31755102041	262.533874512
3.32045351474	263.293182373
3.32335600907	263.59753418
3.3262585034	263.4453125
3.32916099773	262.533874512
3.33206349206	261.625579834
3.33496598639	261.172607422
3.33786848073	261.323486328
3.34077097506	261.625579834
3.34367346939	262.079315186
3.34657596372	262.837341309
3.34947845805	263.749847412
3.35238095238	264.207275391
3.35528344671	264.054718018
3.35818594104	263.4453125
3.36108843537	262.685546875
3.36399092971	262.230743408
3.36689342404	261.927978516
3.36979591837	262.079315186
3.3726984127	262.382263184
3.37560090703	262.989196777
3.37850340136	263.90222168
3.38140589569	264.207275391
3.38430839002	263.90222168
3.38721088435	263.293182373
3.39011337868	262.685546875
3.39301587302	262.230743408
3.39591836735	262.079315186
3.39882086168	262.079315186
3.40172335601	262.230743408
3.40462585034	262.837341309
3.40752834467	263.4453125
3.410430839	263.59753418
3.41333333333	263.141143799
3.41623582766	262.230743408
3.419138322	261.474487305
3.42204081633	261.021789551
3.42494331066	261.021789551
3.42784580499	261.172607422
3.43074829932	261.776733398
3.43365079365	262.837341309
3.43655328798	263.749847412
3.43945578231	264.054718018
3.44235827664	263.749847412
3.44526077098	262.685546875
3.44816326531	261.776733398
3.45106575964	261.021789551
3.45396825397	260.569854736
3.4568707483	260.720397949
3.45977324263	261.021789551
3.46267573696	261.625579834
3.46557823129	262.230743408
3.46848072562	262.533874512
3.47138321995	262.685546875
3.47428571429	262.382263184
3.47718820862	262.079315186
3.48009070295	261.625579834
3.48299319728	261.172607422
3.48589569161	261.021789551
3.48879818594	260.871063232
3.49170068027	260.871063232
3.4946031746	260.569854736
3.49750566893	259.968505859
3.50040816327	259.368530273
3.5033106576	259.218780518
3.50621315193	259.668365479
3.50911564626	260.419372559
3.51201814059	261.927978516
3.51492063492	263.4453125
3.51782312925	265.277709961
3.52072562358	266.96862793
3.52362811791	267.431640625
3.52653061224	266.352508545
3.52943310658	264.665496826
3.53233560091	262.685546875
3.53523809524	261.625579834
3.53814058957	261.625579834
3.5410430839	297.592224121
3.54394557823	296.391387939
3.54684807256	295.365936279
3.54975056689	294.684295654
3.55265306122	294.174102783
3.55555555556	294.004211426
3.55845804989	294.344055176
3.56136054422	294.514129639
3.56426303855	294.684295654
3.56716553288	294.684295654
3.57006802721	294.854553223
3.57297052154	295.024932861
3.57587301587	295.024932861
3.5787755102	294.684295654
3.58167800454	294.514129639
3.58458049887	295.195404053
3.5874829932	295.536621094
3.59038548753	295.536621094
3.59328798186	295.536621094
3.59619047619	295.195404053
3.59909297052	294.684295654
3.60199546485	294.004211426
3.60489795918	293.834442139
3.60780045351	293.834442139
3.61070294785	294.174102783
3.61360544218	294.344055176
3.61650793651	294.514129639
3.61941043084	294.854553223
3.62231292517	295.024932861
3.6252154195	295.195404053
3.62811791383	294.854553223
3.63102040816	294.684295654
3.63392290249	294.684295654
3.63682539683	294.854553223
3.63972789116	295.024932861
3.64263038549	295.365936279
3.64553287982	295.365936279
3.64843537415	295.365936279
3.65133786848	295.195404053
3.65424036281	295.024932861
3.65714285714	294.684295654
3.66004535147	294.344055176
3.6629478458	294.344055176
3.66585034014	294.514129639
3.66875283447	295.024932861
3.6716553288	295.707366943
3.67455782313	296.049194336
3.67746031746	296.049194336
3.68036281179	296.049194336
3.68326530612	295.707366943
3.68616780045	295.195404053
3.68907029478	294.344055176
3.69197278912	293.495178223
3.69487528345	293.156341553
3.69777777778	292.817840576
3.70068027211	293.156341553
3.70358276644	293.664764404
3.70648526077	294.174102783
3.7093877551	294.684295654
3.71229024943	295.024932861
3.71519274376	295.195404053
3.7180952381	295.195404053
3.72099773243	295.024932861
3.72390022676	294.514129639
3.72680272109	294.174102783
3.72970521542	294.004211426
3.73260770975	294.004211426
3.73551020408	294.174102783
3.73841269841	294.344055176
3.74131519274	294.514129639
3.74421768707	294.684295654
3.74712018141	294.854553223
3.75002267574	294.854553223
3.75292517007	294.684295654
3.7558276644	294.344055176
3.75873015873	294.004211426
3.76163265306	293.834442139
3.76453514739	293.834442139
3.76743764172	294.174102783
3.77034013605	294.174102783
3.77324263039	293.325714111
3.77614512472	291.46786499
3.77904761905	289.789123535
3.78195011338	289.454559326
3.78485260771	291.299560547
3.78775510204	291.973388672
3.79065759637	316.931304932
3.7935600907	316.931304932
3.79646258503	312.568023682
3.79936507937	311.666595459
3.8022675737	311.306762695
3.80517006803	310.94732666
3.80807256236	310.588317871
3.81097505669	310.050567627
3.81387755102	309.692596436
3.81678004535	309.692596436
3.81968253968	310.408966064
3.82258503401	311.306762695
3.82548752834	312.387542725
3.82839002268	313.472045898
3.83129251701	314.197174072
3.83419501134	314.742095947
3.83709750567	314.742095947
3.84	314.378723145
3.84290249433	313.834411621
3.84580498866	313.472045898
3.84870748299	313.291046143
3.85160997732	313.110137939
3.85451247166	313.110137939
3.85741496599	312.929321289
3.86031746032	312.748626709
3.86321995465	312.20715332
3.86612244898	311.846679688
3.86902494331	311.126983643
3.87192743764	310.76776123
3.87482993197	310.408966064
3.8777324263	310.408966064
3.88063492063	310.76776123
3.88353741497	311.486633301
3.8864399093	312.387542725
3.88934240363	313.291046143
3.89224489796	314.197174072
3.89514739229	314.923950195
3.89804988662	315.105926514
3.90095238095	314.923950195
3.90385487528	314.197174072
3.90675736961	313.653167725
3.90965986395	312.929321289
3.91256235828	312.568023682
3.91546485261	312.026855469
3.91836734694	311.486633301
3.92126984127	311.306762695
3.9241723356	311.306762695
3.92707482993	311.486633301
3.92997732426	311.306762695
3.93287981859	311.306762695
3.93578231293	310.94732666
3.93868480726	310.94732666
3.94158730159	311.126983643
3.94448979592	311.126983643
3.94739229025	311.306762695
3.95029478458	311.846679688
3.95319727891	312.20715332
3.95609977324	312.748626709
3.95900226757	313.110137939
3.9619047619	313.472045898
3.96480725624	313.834411621
3.96770975057	313.834411621
3.9706122449	313.472045898
3.97351473923	312.929321289
3.97641723356	312.568023682
3.97931972789	312.026855469
3.98222222222	311.486633301
3.98512471655	311.126983643
3.98802721088	310.588317871
3.99092970522	310.229705811
3.99383219955	310.050567627
3.99673469388	309.871520996
3.99963718821	310.050567627
4.00253968254	310.229705811
4.00544217687	310.588317871
4.0083446712	310.94732666
4.01124716553	311.486633301
4.01414965986	311.846679688
4.0170521542	312.20715332
4.01995464853	312.568023682
4.02285714286	312.748626709
4.02575963719	313.110137939
4.02866213152	313.291046143
4.03156462585	313.472045898
4.03446712018	313.653167725
4.03736961451	313.653167725
4.04027210884	313.110137939
4.04317460317	312.568023682
4.04607709751	312.387542725
4.04897959184	313.110137939
4.05188208617	314.742095947
4.0547845805	317.664428711
4.05768707483	373.214111328
4.06058956916	372.783203125
4.06349206349	372.567932129
4.06639455782	372.567932129
4.06929705215	372.783203125
4.07219954649	373.214111328
4.07510204082	373.429748535
4.07800453515	373.645507812
4.08090702948	373.645507812
4.08380952381	372.998596191
4.08671201814	372.567932129
4.08961451247	371.92288208
4.0925170068	371.493469238
4.09541950113	371.064544678
4.09832199546	371.064544678
4.1012244898	370.850280762
4.10412698413	370.850280762
4.10702947846	370.850280762
4.10993197279	371.064544678
4.11283446712	371.278961182
4.11573696145	371.493469238
4.11863945578	371.493469238
4.12154195011	371.708129883
4.12444444444	372.137786865
4.12734693878	372.137786865
4.13024943311	372.137786865
4.13315192744	372.137786865
4.13605442177	371.92288208
4.1389569161	371.92288208
4.14185941043	371.92288208
4.14476190476	372.137786865
4.14766439909	372.137786865
4.15056689342	372.137786865
4.15346938776	372.137786865
4.15637188209	372.137786865
4.15927437642	372.137786865
4.16217687075	372.137786865
4.16507936508	371.92288208
4.16798185941	371.708129883
4.17088435374	371.493469238
4.17378684807	371.493469238
4.1766893424	371.493469238
4.17959183673	371.493469238
4.18249433107	371.493469238
4.1853968254	371.708129883
4.18829931973	371.92288208
4.19120181406	371.92288208
4.19410430839	372.137786865
4.19700680272	372.137786865
4.19990929705	371.92288208
4.20281179138	371.708129883
4.20571428571	371.708129883
4.20861678005	371.493469238
4.21151927438	371.278961182
4.21442176871	371.278961182
4.21732426304	371.064544678
4.22022675737	371.278961182
4.2231292517	371.278961182
4.22603174603	371.493469238
4.22893424036	371.493469238
4.23183673469	371.708129883
4.23473922902	371.708129883
4.23764172336	371.708129883
4.24054421769	371.708129883
4.24344671202	371.708129883
4.24634920635	371.708129883
4.24925170068	371.708129883
4.25215419501	371.708129883
4.25505668934	371.708129883
4.25795918367	371.708129883
4.260861678	371.708129883
4.26376417234	371.708129883
4.26666666667	371.708129883
4.269569161	371.708129883
4.27247165533	371.708129883
4.27537414966	371.92288208
4.27827664399	371.92288208
4.28117913832	371.92288208
4.28408163265	371.92288208
4.28698412698	371.92288208
4.28988662132	371.708129883
4.29278911565	371.708129883
4.29569160998	371.708129883
4.29859410431	371.708129883
4.30149659864	371.92288208
4.30439909297	371.92288208
4.3073015873	371.708129883
4.31020408163	371.708129883
4.31310657596	371.708129883
4.31600907029	371.708129883
4.31891156463	371.708129883
4.32181405896	371.708129883
4.32471655329	371.708129883
4.32761904762	371.708129883
4.33052154195	371.92288208
4.33342403628	371.708129883
4.33632653061	371.92288208
4.33922902494	371.92288208
4.34213151927	372.783203125
4.34503401361	373.429748535
4.34793650794	374.942718506
4.35083900227	376.244415283
4.3537414966	378.423980713
4.35664399093	381.056121826
4.35954648526	383.485015869
4.36244897959	384.816375732
4.36535147392	386.375488281
4.36825396825	389.062927246
4.37115646259	392.675292969
4.37405895692	396.321228027
4.37696145125	398.61706543
4.37986394558	399.539154053
4.38276643991	399.539154053
4.38566893424	398.847381592
4.38857142857	397.697143555
4.3914739229	396.092346191
4.39437641723	394.038574219
4.39727891156	391.769073486
4.4001814059	389.512664795
4.40308390023	388.613739014
4.40598639456	387.716888428
4.40888888889	387.940887451
4.41179138322	388.838256836
4.41469387755	390.639221191
4.41759637188	392.221923828
4.42049886621	393.583618164
4.42340136054	395.178253174
4.42630385488	396.321228027
4.42920634921	397.008575439
4.43210884354	397.237976074
4.43501133787	397.008575439
4.4379138322	396.779327393
4.44081632653	396.550201416
4.44371882086	396.092346191
4.44662131519	395.635040283
4.44952380952	395.178253174
4.45242630385	394.721984863
4.45532879819	394.266235352
4.45823129252	394.038574219
4.46113378685	394.038574219
4.46403628118	394.266235352
4.46693877551	394.494049072
4.46984126984	394.494049072
4.47274376417	394.266235352
4.4756462585	394.038574219
4.47854875283	393.583618164
4.48145124717	393.129211426
4.4843537415	392.675292969
4.48725623583	392.221923828
4.49015873016	392.221923828
4.49306122449	392.221923828
4.49596371882	392.448547363
4.49886621315	392.675292969
4.50176870748	392.902191162
4.50467120181	393.35635376
4.50757369615	393.811035156
4.51047619048	394.266235352
4.51337868481	394.721984863
4.51628117914	394.721984863
4.51918367347	394.494049072
4.5220861678	394.266235352
4.52498866213	393.811035156
4.52789115646	393.35635376
4.53079365079	393.129211426
4.53369614512	393.129211426
4.53659863946	393.811035156
4.53950113379	394.494049072
4.54240362812	394.950042725
4.54530612245	395.178253174
4.54820861678	395.178253174
4.55111111111	394.721984863
4.55401360544	394.494049072
4.55691609977	394.038574219
4.5598185941	393.583618164
4.56272108844	393.35635376
4.56562358277	393.35635376
4.5685260771	393.129211426
4.57142857143	393.129211426
4.57433106576	392.902191162
4.57723356009	392.902191162
4.58013605442	392.902191162
4.58303854875	392.902191162
4.58594104308	392.902191162
4.58884353741	393.129211426
4.59174603175	393.35635376
4.59464852608	393.583618164
4.59755102041	394.038574219
4.60045351474	394.038574219
4.60335600907	394.038574219
4.6062585034	394.038574219
4.60916099773	393.811035156
4.61206349206	393.583618164
4.61496598639	393.35635376
4.61786848073	393.35635376
4.62077097506	393.129211426
4.62367346939	392.902191162
4.62657596372	392.902191162
4.62947845805	392.902191162
4.63238095238	392.902191162
4.63528344671	393.129211426
4.63818594104	393.129211426
4.64108843537	393.583618164
4.64399092971	393.811035156
4.64689342404	394.038574219
4.64979591837	394.266235352
4.6526984127	394.494049072
4.65560090703	394.494049072
4.65850340136	394.494049072
4.66140589569	394.266235352
4.66430839002	393.811035156
4.66721088435	393.811035156
4.67011337868	393.583618164
4.67301587302	393.35635376
4.67591836735	393.129211426
4.67882086168	393.129211426
4.68172335601	392.902191162
4.68462585034	392.902191162
4.68752834467	392.902191162
4.690430839	393.129211426
4.69333333333	393.129211426
4.69623582766	393.129211426
4.699138322	393.129211426
4.70204081633	393.35635376
4.70494331066	393.35635376
4.70784580499	393.35635376
4.71074829932	393.35635376
4.71365079365	393.35635376
4.71655328798	393.35635376
4.71945578231	393.35635376
4.72235827664	393.129211426
4.72526077098	392.902191162
4.72816326531	392.902191162
4.73106575964	392.902191162
4.73396825397	392.902191162
4.7368707483	393.129211426
4.73977324263	393.129211426
4.74267573696	393.35635376
4.74557823129	393.35635376
4.74848072562	393.583618164
4.75138321995	393.583618164
4.75428571429	393.583618164
4.75718820862	393.583618164
4.76009070295	393.583618164
4.76299319728	393.583618164
4.76589569161	393.583618164
4.76879818594	393.35635376
4.77170068027	393.35635376
4.7746031746	393.129211426
4.77750566893	393.129211426
4.78040816327	393.129211426
4.7833106576	392.902191162
4.78621315193	392.902191162
4.78911564626	392.675292969
4.79201814059	392.675292969
4.79492063492	392.675292969
4.79782312925	392.902191162
4.80072562358	392.902191162
4.80362811791	392.902191162
4.80653061224	393.129211426
4.80943310658	393.129211426
4.81233560091	393.129211426
4.81523809524	393.129211426
4.81814058957	393.129211426
4.8210430839	392.902191162
4.82394557823	392.902191162
4.82684807256	392.902191162
4.82975056689	392.902191162
4.83265306122	393.129211426
4.83555555556	392.902191162
4.83845804989	392.902191162
4.84136054422	393.129211426
4.84426303855	392.902191162
4.84716553288	392.902191162
4.85006802721	392.902191162
4.85297052154	392.902191162
4.85587301587	392.902191162
4.8587755102	392.902191162
4.86167800454	393.129211426
4.86458049887	393.129211426
4.8674829932	392.902191162
4.87038548753	392.902191162
4.87328798186	392.902191162
4.87619047619	392.902191162
4.87909297052	392.902191162
4.88199546485	392.902191162
4.88489795918	392.902191162
4.88780045351	392.675292969
4.89070294785	392.902191162
4.89360544218	392.675292969
4.89650793651	392.902191162
4.89941043084	392.902191162
4.90231292517	392.675292969
4.9052154195	392.902191162
4.90811791383	392.902191162
4.91102040816	392.902191162
4.91392290249	392.902191162
4.91682539683	392.902191162
4.91972789116	392.675292969
4.92263038549	392.675292969
4.92553287982	392.675292969
4.92843537415	392.675292969
4.93133786848	392.675292969
4.93424036281	392.675292969
4.93714285714	392.675292969
4.94004535147	392.675292969
4.9429478458	392.902191162
4.94585034014	392.902191162
4.94875283447	392.902191162
4.9516553288	392.902191162
4.95455782313	392.902191162
4.95746031746	392.902191162
4.96036281179	392.902191162
4.96326530612	392.902191162
4.96616780045	392.902191162
4.96907029478	392.902191162
4.97197278912	392.902191162
4.97487528345	392.675292969
4.97777777778	392.675292969
4.98068027211	392.675292969
4.98358276644	392.675292969
4.98648526077	392.675292969
4.9893877551	392.675292969
4.99229024943	392.675292969
4.99519274376	392.675292969
4.9980952381	392.675292969
5.00099773243	392.902191162
5.00390022676	392.902191162
5.00680272109	392.902191162
5.00970521542	392.675292969
5.01260770975	392.675292969
5.01551020408	392.675292969
5.01841269841	392.675292969
5.02131519274	392.675292969
5.02421768707	392.675292969
5.02712018141	392.675292969
5.03002267574	392.675292969
5.03292517007	392.675292969
5.0358276644	392.675292969
5.03873015873	392.675292969
5.04163265306	392.675292969
5.04453514739	392.902191162
5.04743764172	392.902191162
5.05034013605	393.129211426
5.05324263039	393.35635376
5.05614512472	393.35635376
5.05904761905	393.811035156
5.06195011338	394.494049072
5.06485260771	394.950042725
5.06775510204	395.635040283
5.07065759637	395.635040283
5.0735600907	396.092346191
5.07646258503	396.321228027
5.07936507937	396.321228027
5.0822675737	396.550201416
5.08517006803	396.550201416
5.08807256236	396.550201416
5.09097505669	396.550201416
5.09387755102	396.550201416
5.09678004535	396.550201416
5.09968253968	396.550201416
5.10258503401	396.550201416
5.10548752834	396.550201416
5.10839002268	396.092346191
5.11129251701	396.092346191
5.11419501134	395.635040283
5.11709750567	395.406585693
5.12	395.178253174
5.12290249433	394.950042725
5.12580498866	394.950042725
5.12870748299	394.950042725
5.13160997732	394.721984863
5.13451247166	394.721984863
5.13741496599	394.721984863
5.14031746032	394.721984863
5.14321995465	395.178253174
5.14612244898	395.635040283
5.14902494331	395.635040283
5.15192743764	396.092346191
5.15482993197	396.321228027
5.1577324263	396.321228027
5.16063492063	396.550201416
5.16353741497	396.550201416
5.1664399093	396.550201416
5.16934240363	396.321228027
5.17224489796	396.321228027
5.17514739229	396.321228027
5.17804988662	396.321228027
5.18095238095	396.550201416
5.18385487528	396.779327393
5.18675736961	397.008575439
5.18965986395	0.0
5.19256235828	0.0
5.19546485261	0.0
5.19836734694	0.0
5.20126984127	0.0
5.2041723356	0.0
5.20707482993	0.0
5.20997732426	0.0
5.21287981859	0.0
5.21578231293	0.0
5.21868480726	0.0
5.22158730159	0.0
5.22448979592	0.0
5.22739229025	0.0
