0.0	0.0
0.00290249433107	0.0
0.00580498866213	0.0
0.0087074829932	0.0
0.0116099773243	0.0
0.0145124716553	0.0
0.0174149659864	0.0
0.0203174603175	0.0
0.0232199546485	0.0
0.0261224489796	0.0
0.0290249433107	0.0
0.0319274376417	0.0
0.0348299319728	0.0
0.0377324263039	0.0
0.0406349206349	0.0
0.043537414966	0.0
0.0464399092971	0.0
0.0493424036281	0.0
0.0522448979592	0.0
0.0551473922902	0.0
0.0580498866213	0.0
0.0609523809524	0.0
0.0638548752834	0.0
0.0667573696145	0.0
0.0696598639456	0.0
0.0725623582766	0.0
0.0754648526077	0.0
0.0783673469388	0.0
0.0812698412698	0.0
0.0841723356009	0.0
0.087074829932	0.0
0.089977324263	0.0
0.0928798185941	0.0
0.0957823129252	0.0
0.0986848072562	0.0
0.101587301587	0.0
0.104489795918	0.0
0.107392290249	0.0
0.11029478458	0.0
0.113197278912	0.0
0.116099773243	0.0
0.119002267574	0.0
0.121904761905	0.0
0.124807256236	0.0
0.127709750567	0.0
0.130612244898	0.0
0.133514739229	0.0
0.13641723356	0.0
0.139319727891	0.0
0.142222222222	393.583618164
0.145124716553	392.448547363
0.148027210884	391.769073486
0.150929705215	391.54284668
0.153832199546	391.54284668
0.156734693878	391.316741943
0.159637188209	391.54284668
0.16253968254	391.769073486
0.165442176871	391.995422363
0.168344671202	391.995422363
0.171247165533	391.995422363
0.174149659864	391.769073486
0.177052154195	391.316741943
0.179954648526	391.090789795
0.182857142857	390.639221191
0.185759637188	390.188201904
0.188662131519	389.962890625
0.19156462585	389.737701416
0.194467120181	389.512664795
0.197369614512	389.512664795
0.200272108844	389.287719727
0.203174603175	389.287719727
0.206077097506	389.512664795
0.208979591837	389.512664795
0.211882086168	389.737701416
0.214784580499	389.962890625
0.21768707483	390.188201904
0.220589569161	390.413665771
0.223492063492	390.413665771
0.226394557823	390.413665771
0.229297052154	390.413665771
0.232199546485	390.413665771
0.235102040816	390.413665771
0.238004535147	390.413665771
0.240907029478	390.639221191
0.24380952381	390.639221191
0.246712018141	390.864929199
0.249614512472	391.090789795
0.252517006803	391.316741943
0.255419501134	391.316741943
0.258321995465	391.54284668
0.261224489796	391.54284668
0.264126984127	391.54284668
0.267029478458	391.769073486
0.269931972789	391.769073486
0.27283446712	391.995422363
0.275736961451	391.995422363
0.278639455782	391.995422363
0.281541950113	391.995422363
0.284444444444	391.769073486
0.287346938776	391.54284668
0.290249433107	391.316741943
0.293151927438	391.090789795
0.296054421769	390.639221191
0.2989569161	390.413665771
0.301859410431	389.962890625
0.304761904762	389.737701416
0.307664399093	389.512664795
0.310566893424	389.512664795
0.313469387755	389.512664795
0.316371882086	389.737701416
0.319274376417	389.962890625
0.322176870748	390.413665771
0.325079365079	390.639221191
0.32798185941	390.864929199
0.330884353741	391.090789795
0.333786848073	391.316741943
0.336689342404	391.54284668
0.339591836735	391.769073486
0.342494331066	391.54284668
0.345396825397	391.54284668
0.348299319728	391.54284668
0.351201814059	390.864929199
0.35410430839	390.413665771
0.357006802721	389.512664795
0.359909297052	388.838256836
0.362811791383	388.165039062
0.365714285714	387.492980957
0.368616780045	387.045593262
0.371519274376	386.82208252
0.374421768707	386.82208252
0.377324263039	387.045593262
0.38022675737	387.492980957
0.383129251701	388.165039062
0.386031746032	388.613739014
0.388934240363	389.062927246
0.391836734694	389.512664795
0.394739229025	389.512664795
0.397641723356	389.737701416
0.400544217687	389.962890625
0.403446712018	389.962890625
0.406349206349	390.188201904
0.40925170068	390.413665771
0.412154195011	390.639221191
0.415056689342	390.639221191
0.417959183673	390.639221191
0.420861678005	390.413665771
0.423764172336	390.413665771
0.426666666667	390.188201904
0.429569160998	390.188201904
0.432471655329	389.962890625
0.43537414966	389.962890625
0.438276643991	389.737701416
0.441179138322	389.512664795
0.444081632653	389.512664795
0.446984126984	389.512664795
0.449886621315	389.512664795
0.452789115646	389.737701416
0.455691609977	389.962890625
0.458594104308	390.188201904
0.461496598639	390.639221191
0.464399092971	390.864929199
0.467301587302	391.316741943
0.470204081633	391.54284668
0.473106575964	391.769073486
0.476009070295	391.769073486
0.478911564626	391.769073486
0.481814058957	391.769073486
0.484716553288	391.54284668
0.487619047619	391.316741943
0.49052154195	391.090789795
0.493424036281	390.864929199
0.496326530612	390.864929199
0.499229024943	390.864929199
0.502131519274	390.639221191
0.505034013605	390.639221191
0.507936507937	390.413665771
0.510839002268	390.413665771
0.513741496599	390.413665771
0.51664399093	390.413665771
0.519546485261	390.413665771
0.522448979592	390.413665771
0.525351473923	390.413665771
0.528253968254	390.413665771
0.531156462585	390.639221191
0.534058956916	390.864929199
0.536961451247	390.864929199
0.539863945578	390.864929199
0.542766439909	390.864929199
0.54566893424	391.090789795
0.548571428571	391.090789795
0.551473922902	391.090789795
0.554376417234	390.864929199
0.557278911565	390.864929199
0.560181405896	390.639221191
0.563083900227	390.639221191
0.565986394558	390.639221191
0.568888888889	390.413665771
0.57179138322	390.413665771
0.574693877551	390.639221191
0.577596371882	390.639221191
0.580498866213	390.639221191
0.583401360544	390.639221191
0.586303854875	390.639221191
0.589206349206	390.864929199
0.592108843537	390.864929199
0.595011337868	390.639221191
0.5979138322	390.639221191
0.600816326531	390.639221191
0.603718820862	390.639221191
0.606621315193	390.639221191
0.609523809524	390.864929199
0.612426303855	391.090789795
0.615328798186	391.090789795
0.618231292517	391.316741943
0.621133786848	391.316741943
0.624036281179	391.090789795
0.62693877551	391.090789795
0.629841269841	390.864929199
0.632743764172	390.639221191
0.635646258503	390.188201904
0.638548752834	389.962890625
0.641451247166	389.737701416
0.644353741497	389.287719727
0.647256235828	389.062927246
0.650158730159	389.062927246
0.65306122449	389.062927246
0.655963718821	389.062927246
0.658866213152	389.512664795
0.661768707483	389.962890625
0.664671201814	390.639221191
0.667573696145	391.316741943
0.670476190476	392.221923828
0.673378684807	392.448547363
0.676281179138	392.902191162
0.679183673469	392.902191162
0.6820861678	392.675292969
0.684988662132	390.188201904
0.687891156463	379.957183838
0.690793650794	374.293548584
0.693696145125	372.783203125
0.696598639456	374.077423096
0.699501133787	378.205474854
0.702403628118	384.594146729
0.705306122449	389.512664795
0.70820861678	390.864929199
0.711111111111	391.316741943
0.714013605442	391.54284668
0.716916099773	391.769073486
0.719818594104	391.995422363
0.722721088435	391.995422363
0.725623582766	391.769073486
0.728526077098	391.769073486
0.731428571429	391.316741943
0.73433106576	391.090789795
0.737233560091	390.639221191
0.740136054422	390.188201904
0.743038548753	389.962890625
0.745941043084	389.737701416
0.748843537415	389.737701416
0.751746031746	389.512664795
0.754648526077	389.512664795
0.757551020408	389.287719727
0.760453514739	389.512664795
0.76335600907	389.512664795
0.766258503401	389.737701416
0.769160997732	389.962890625
0.772063492063	390.188201904
0.774965986395	390.413665771
0.777868480726	390.413665771
0.780770975057	390.413665771
0.783673469388	390.188201904
0.786575963719	390.413665771
0.78947845805	390.413665771
0.792380952381	390.413665771
0.795283446712	390.639221191
0.798185941043	390.864929199
0.801088435374	391.090789795
0.803990929705	391.090789795
0.806893424036	391.316741943
0.809795918367	391.316741943
0.812698412698	391.54284668
0.815600907029	391.54284668
0.818503401361	391.54284668
0.821405895692	391.769073486
0.824308390023	391.769073486
0.827210884354	391.995422363
0.830113378685	391.995422363
0.833015873016	392.221923828
0.835918367347	391.995422363
0.838820861678	391.995422363
0.841723356009	391.769073486
0.84462585034	391.54284668
0.847528344671	391.090789795
0.850430839002	390.864929199
0.853333333333	390.413665771
0.856235827664	390.188201904
0.859138321995	389.962890625
0.862040816327	389.737701416
0.864943310658	389.512664795
0.867845804989	389.512664795
0.87074829932	389.737701416
0.873650793651	389.962890625
0.876553287982	390.413665771
0.879455782313	390.639221191
0.882358276644	391.090789795
0.885260770975	391.316741943
0.888163265306	391.54284668
0.891065759637	391.769073486
0.893968253968	391.769073486
0.896870748299	391.769073486
0.89977324263	391.769073486
0.902675736961	391.54284668
0.905578231293	391.090789795
0.908480725624	390.639221191
0.911383219955	389.962890625
0.914285714286	389.287719727
0.917188208617	388.389312744
0.920090702948	387.716888428
0.922993197279	387.269226074
0.92589569161	386.82208252
0.928798185941	386.82208252
0.931700680272	387.045593262
0.934603174603	387.492980957
0.937505668934	387.940887451
0.940408163265	388.613739014
0.943310657596	389.062927246
0.946213151927	389.512664795
0.949115646259	389.737701416
0.95201814059	389.962890625
0.954920634921	389.962890625
0.957823129252	390.188201904
0.960725623583	390.188201904
0.963628117914	390.188201904
0.966530612245	389.737701416
0.969433106576	388.838256836
0.972335600907	387.940887451
0.975238095238	386.598724365
0.978140589569	385.261199951
0.9810430839	383.485015869
0.983945578231	381.717010498
0.986848072562	380.396392822
0.989750566893	379.737762451
0.992653061224	379.518493652
0.995555555556	379.737762451
0.998458049887	379.737762451
1.00136054422	376.027160645
1.00426303855	368.288635254
1.00716553288	367.438690186
1.01006802721	366.378997803
1.01297052154	367.226501465
1.01587301587	369.994415283
1.0187755102	394.266235352
1.02167800454	387.045593262
1.02458049887	385.483795166
1.0274829932	385.038726807
1.03038548753	383.042236328
1.03328798186	379.957183838
1.03619047619	376.244415283
1.03909297052	373.645507812
1.04199546485	371.278961182
1.04489795918	369.140533447
1.04780045351	368.288635254
1.05070294785	368.288635254
1.05360544218	368.714324951
1.05650793651	369.780761719
1.05941043084	371.708129883
1.06231292517	372.567932129
1.0652154195	373.214111328
1.06811791383	372.783203125
1.07102040816	371.708129883
1.07392290249	370.850280762
1.07682539683	370.636138916
1.07972789116	370.850280762
1.08263038549	371.708129883
1.08553287982	372.998596191
1.08843537415	373.645507812
1.09133786848	373.645507812
1.09424036281	373.429748535
1.09714285714	372.998596191
1.10004535147	371.064544678
1.1029478458	368.714324951
1.10585034014	367.226501465
1.10875283447	367.014434814
1.1116553288	367.014434814
1.11455782313	367.651000977
1.11746031746	369.353820801
1.12036281179	373.429748535
1.12326530612	376.027160645
1.12616780045	377.332641602
1.12907029478	376.896972656
1.13197278912	376.679321289
1.13487528345	375.810028076
1.13777777778	374.726196289
1.14068027211	373.645507812
1.14358276644	372.352783203
1.14648526077	371.493469238
1.1493877551	370.636138916
1.15229024943	369.567230225
1.15519274376	368.501434326
1.1580952381	368.075958252
1.16099773243	367.86340332
1.16390022676	367.86340332
1.16680272109	368.714324951
1.16970521542	370.422119141
1.17260770975	373.214111328
1.17551020408	375.159362793
1.17841269841	376.244415283
1.18131519274	376.679321289
1.18421768707	376.46182251
1.18712018141	375.159362793
1.19002267574	373.214111328
1.19292517007	370.850280762
1.1958276644	369.140533447
1.19873015873	368.075958252
1.20163265306	367.86340332
1.20453514739	368.075958252
1.20743764172	368.714324951
1.21034013605	369.780761719
1.21324263039	370.636138916
1.21614512472	371.064544678
1.21904761905	371.278961182
1.22195011338	371.278961182
1.22485260771	371.278961182
1.22775510204	371.278961182
1.23065759637	371.493469238
1.2335600907	371.493469238
1.23646258503	371.493469238
1.23936507937	371.064544678
1.2422675737	370.422119141
1.24517006803	369.567230225
1.24807256236	369.140533447
1.25097505669	368.501434326
1.25387755102	368.501434326
1.25678004535	369.140533447
1.25968253968	369.994415283
1.26258503401	371.278961182
1.26548752834	372.567932129
1.26839002268	373.645507812
1.27129251701	374.293548584
1.27419501134	374.50982666
1.27709750567	374.293548584
1.28	373.429748535
1.28290249433	371.92288208
1.28580498866	369.567230225
1.28870748299	367.651000977
1.29160997732	366.167449951
1.29451247166	365.533477783
1.29741496599	365.744659424
1.30031746032	367.014434814
1.30321995465	368.501434326
1.30612244898	312.568023682
1.30902494331	313.472045898
1.31192743764	313.653167725
1.31482993197	313.653167725
1.3177324263	313.834411621
1.32063492063	314.01574707
1.32353741497	314.01574707
1.3264399093	313.834411621
1.32934240363	313.291046143
1.33224489796	311.846679688
1.33514739229	310.588317871
1.33804988662	309.692596436
1.34095238095	309.335021973
1.34385487528	309.871520996
1.34675736961	310.408966064
1.34965986395	310.76776123
1.35256235828	311.486633301
1.35546485261	312.568023682
1.35836734694	313.110137939
1.36126984127	312.748626709
1.3641723356	312.20715332
1.36707482993	311.666595459
1.36997732426	311.486633301
1.37287981859	311.486633301
1.37578231293	311.666595459
1.37868480726	311.666595459
1.38158730159	311.486633301
1.38448979592	311.306762695
1.38739229025	311.126983643
1.39029478458	311.306762695
1.39319727891	311.486633301
1.39609977324	311.306762695
1.39900226757	311.126983643
1.4019047619	310.76776123
1.40480725624	310.76776123
1.40770975057	310.94732666
1.4106122449	311.306762695
1.41351473923	311.306762695
1.41641723356	311.126983643
1.41931972789	311.126983643
1.42222222222	311.126983643
1.42512471655	311.126983643
1.42802721088	310.94732666
1.43092970522	310.94732666
1.43383219955	310.76776123
1.43673469388	310.76776123
1.43963718821	310.76776123
1.44253968254	310.94732666
1.44544217687	311.126983643
1.4483446712	310.94732666
1.45124716553	310.94732666
1.45414965986	310.94732666
1.4570521542	310.94732666
1.45995464853	311.306762695
1.46285714286	311.306762695
1.46575963719	311.306762695
1.46866213152	311.306762695
1.47156462585	311.306762695
1.47446712018	311.306762695
1.47736961451	311.306762695
1.48027210884	311.306762695
1.48317460317	311.306762695
1.48607709751	311.126983643
1.48897959184	311.126983643
1.49188208617	311.126983643
1.4947845805	311.126983643
1.49768707483	311.306762695
1.50058956916	311.486633301
1.50349206349	311.486633301
1.50639455782	311.666595459
1.50929705215	312.026855469
1.51219954649	312.026855469
1.51510204082	312.026855469
1.51800453515	311.846679688
1.52090702948	311.666595459
1.52380952381	311.486633301
1.52671201814	311.306762695
1.52961451247	311.306762695
1.5325170068	311.306762695
1.53541950113	311.126983643
1.53832199546	311.126983643
1.5412244898	311.126983643
1.54412698413	311.306762695
1.54702947846	311.486633301
1.54993197279	311.126983643
1.55283446712	310.588317871
1.55573696145	310.408966064
1.55863945578	310.76776123
1.56154195011	311.126983643
1.56444444444	311.306762695
1.56734693878	311.306762695
1.57024943311	311.306762695
1.57315192744	311.666595459
1.57605442177	312.026855469
1.5789569161	311.846679688
1.58185941043	311.306762695
1.58476190476	310.408966064
1.58766439909	309.513763428
1.59056689342	309.513763428
1.59346938776	309.871520996
1.59637188209	310.050567627
1.59927437642	309.871520996
1.60217687075	309.692596436
1.60507936508	310.588317871
1.60798185941	312.026855469
1.61088435374	313.110137939
1.61378684807	313.291046143
1.6166893424	312.568023682
1.61959183673	311.846679688
1.62249433107	311.666595459
1.6253968254	311.486633301
1.62829931973	311.306762695
1.63120181406	311.126983643
1.63410430839	311.126983643
1.63700680272	311.486633301
1.63990929705	312.387542725
1.64281179138	313.110137939
1.64571428571	313.110137939
1.64861678005	311.486633301
1.65151927438	309.335021973
1.65442176871	308.621124268
1.65732426304	308.977874756
1.66022675737	310.050567627
1.6631292517	310.588317871
1.66603174603	310.050567627
1.66893424036	310.408966064
1.67183673469	376.679321289
1.67473922902	376.027160645
1.67764172336	374.942718506
1.68054421769	373.86138916
1.68344671202	372.783203125
1.68634920635	371.708129883
1.68925170068	370.636138916
1.69215419501	369.780761719
1.69505668934	369.353820801
1.69795918367	369.567230225
1.700861678	370.208190918
1.70376417234	370.850280762
1.70666666667	371.064544678
1.709569161	370.636138916
1.71247165533	369.994415283
1.71537414966	369.567230225
1.71827664399	369.567230225
1.72117913832	369.780761719
1.72408163265	369.994415283
1.72698412698	370.208190918
1.72988662132	370.422119141
1.73278911565	370.636138916
1.73569160998	370.636138916
1.73859410431	370.636138916
1.74149659864	370.422119141
1.74439909297	370.208190918
1.7473015873	370.208190918
1.75020408163	370.636138916
1.75310657596	371.278961182
1.75600907029	371.92288208
1.75891156463	371.708129883
1.76181405896	371.064544678
1.76471655329	370.422119141
1.76761904762	369.780761719
1.77052154195	369.353820801
1.77342403628	369.140533447
1.77632653061	369.140533447
1.77922902494	369.567230225
1.78213151927	370.208190918
1.78503401361	371.064544678
1.78793650794	371.708129883
1.79083900227	372.137786865
1.7937414966	371.92288208
1.79664399093	371.278961182
1.79954648526	370.636138916
1.80244897959	369.994415283
1.80535147392	369.567230225
1.80825396825	369.353820801
1.81115646259	369.140533447
1.81405895692	369.140533447
1.81696145125	369.353820801
1.81986394558	369.567230225
1.82276643991	370.208190918
1.82566893424	370.850280762
1.82857142857	371.064544678
1.8314739229	371.708129883
1.83437641723	372.352783203
1.83727891156	372.352783203
1.8401814059	371.92288208
1.84308390023	371.278961182
1.84598639456	370.422119141
1.84888888889	369.567230225
1.85179138322	368.927368164
1.85469387755	368.714324951
1.85759637188	369.140533447
1.86049886621	369.780761719
1.86340136054	370.636138916
1.86630385488	371.708129883
1.86920634921	371.708129883
1.87210884354	314.197174072
1.87501133787	314.378723145
1.8779138322	314.01574707
1.88081632653	314.01574707
1.88371882086	312.387542725
1.88662131519	314.01574707
1.88952380952	313.653167725
1.89242630385	312.929321289
1.89532879819	312.026855469
1.89823129252	310.588317871
1.90113378685	309.692596436
1.90403628118	309.335021973
1.90693877551	309.692596436
1.90984126984	310.76776123
1.91274376417	311.486633301
1.9156462585	312.20715332
1.91854875283	312.568023682
1.92145124717	313.110137939
1.9243537415	312.929321289
1.92725623583	312.568023682
1.93015873016	312.026855469
1.93306122449	311.666595459
1.93596371882	311.486633301
1.93886621315	311.486633301
1.94176870748	311.666595459
1.94467120181	311.846679688
1.94757369615	311.486633301
1.95047619048	311.306762695
1.95337868481	311.126983643
1.95628117914	311.306762695
1.95918367347	311.486633301
1.9620861678	311.306762695
1.96498866213	311.126983643
1.96789115646	310.94732666
1.97079365079	310.94732666
1.97369614512	310.94732666
1.97659863946	311.126983643
1.97950113379	311.306762695
1.98240362812	311.126983643
1.98530612245	311.126983643
1.98820861678	311.126983643
1.99111111111	311.126983643
1.99401360544	311.126983643
1.99691609977	310.94732666
1.9998185941	310.76776123
2.00272108844	310.76776123
2.00562358277	310.76776123
2.0085260771	310.94732666
2.01142857143	311.126983643
2.01433106576	311.126983643
2.01723356009	310.94732666
2.02013605442	310.94732666
2.02303854875	310.94732666
2.02594104308	311.306762695
2.02884353741	311.486633301
2.03174603175	311.666595459
2.03464852608	311.666595459
2.03755102041	311.666595459
2.04045351474	311.666595459
2.04335600907	311.666595459
2.0462585034	311.666595459
2.04916099773	311.306762695
2.05206349206	311.126983643
2.05496598639	310.76776123
2.05786848073	310.76776123
2.06077097506	310.94732666
2.06367346939	311.126983643
2.06657596372	311.486633301
2.06947845805	311.666595459
2.07238095238	311.846679688
2.07528344671	312.20715332
2.07818594104	312.387542725
2.08108843537	312.20715332
2.08399092971	312.026855469
2.08689342404	311.666595459
2.08979591837	311.306762695
2.0926984127	311.126983643
2.09560090703	311.126983643
2.09850340136	311.126983643
2.10140589569	310.94732666
2.10430839002	310.94732666
2.10721088435	310.94732666
2.11011337868	311.126983643
2.11301587302	311.306762695
2.11591836735	311.486633301
2.11882086168	311.486633301
2.12172335601	311.486633301
2.12462585034	311.486633301
2.12752834467	311.666595459
2.130430839	311.666595459
2.13333333333	311.666595459
2.13623582766	311.666595459
2.139138322	311.666595459
2.14204081633	311.666595459
2.14494331066	311.666595459
2.14784580499	311.846679688
2.15074829932	311.846679688
2.15365079365	311.846679688
2.15655328798	311.666595459
2.15945578231	311.666595459
2.16235827664	311.666595459
2.16526077098	311.666595459
2.16816326531	311.666595459
2.17106575964	311.486633301
2.17396825397	311.306762695
2.1768707483	311.306762695
2.17977324263	311.306762695
2.18267573696	311.306762695
2.18557823129	311.306762695
2.18848072562	311.306762695
2.19138321995	311.306762695
2.19428571429	311.306762695
2.19718820862	311.486633301
2.20009070295	311.486633301
2.20299319728	311.666595459
2.20589569161	311.666595459
2.20879818594	311.666595459
2.21170068027	311.666595459
2.2146031746	311.846679688
2.21750566893	311.846679688
2.22040816327	311.846679688
2.2233106576	311.666595459
2.22621315193	311.486633301
2.22911564626	311.306762695
2.23201814059	311.306762695
2.23492063492	311.306762695
2.23782312925	311.306762695
2.24072562358	311.306762695
2.24362811791	311.306762695
2.24653061224	311.486633301
2.24943310658	311.486633301
2.25233560091	311.666595459
2.25523809524	311.486633301
2.25814058957	311.486633301
2.2610430839	311.486633301
2.26394557823	311.486633301
2.26684807256	311.486633301
2.26975056689	311.666595459
2.27265306122	311.666595459
2.27555555556	311.846679688
2.27845804989	311.666595459
2.28136054422	311.666595459
2.28426303855	311.486633301
2.28716553288	311.486633301
2.29006802721	311.486633301
2.29297052154	311.306762695
2.29587301587	311.306762695
2.2987755102	311.126983643
2.30167800454	311.306762695
2.30458049887	311.306762695
2.3074829932	311.306762695
2.31038548753	311.306762695
2.31328798186	311.306762695
2.31619047619	311.486633301
2.31909297052	311.486633301
2.32199546485	311.486633301
2.32489795918	311.486633301
2.32780045351	311.486633301
2.33070294785	311.666595459
2.33360544218	311.666595459
2.33650793651	311.666595459
2.33941043084	311.666595459
2.34231292517	311.666595459
2.3452154195	311.666595459
2.34811791383	311.486633301
2.35102040816	311.486633301
2.35392290249	311.486633301
2.35682539683	311.486633301
2.35972789116	311.486633301
2.36263038549	311.486633301
2.36553287982	311.486633301
2.36843537415	311.486633301
2.37133786848	311.486633301
2.37424036281	311.486633301
2.37714285714	311.486633301
2.38004535147	311.486633301
2.3829478458	311.486633301
2.38585034014	311.486633301
2.38875283447	311.486633301
2.3916553288	311.486633301
2.39455782313	311.306762695
2.39746031746	311.306762695
2.40036281179	311.306762695
2.40326530612	311.306762695
2.40616780045	311.306762695
2.40907029478	311.306762695
2.41197278912	311.306762695
2.41487528345	311.306762695
2.41777777778	311.306762695
2.42068027211	311.306762695
2.42358276644	311.306762695
2.42648526077	311.306762695
2.4293877551	311.306762695
2.43229024943	311.306762695
2.43519274376	311.306762695
2.4380952381	311.306762695
2.44099773243	311.486633301
2.44390022676	311.486633301
2.44680272109	311.486633301
2.44970521542	311.666595459
2.45260770975	311.666595459
2.45551020408	311.666595459
2.45841269841	311.666595459
2.46131519274	311.846679688
2.46421768707	311.666595459
2.46712018141	311.666595459
2.47002267574	311.486633301
2.47292517007	311.486633301
2.4758276644	311.306762695
2.47873015873	311.126983643
2.48163265306	310.94732666
2.48453514739	311.306762695
2.48743764172	312.20715332
2.49034013605	313.472045898
2.49324263039	314.56036377
2.49614512472	314.742095947
2.49904761905	314.197174072
2.50195011338	313.110137939
2.50485260771	311.306762695
2.50775510204	308.977874756
2.51065759637	306.135467529
2.5135600907	303.669830322
2.51646258503	302.61920166
2.51936507937	302.095245361
2.5222675737	300.702484131
2.52517006803	299.489105225
2.52807256236	296.905426025
2.53097505669	292.987030029
2.53387755102	288.786529541
2.53678004535	286.957458496
2.53968253968	285.469543457
2.54258503401	285.799530029
2.54548752834	287.45513916
2.54839002268	288.953399658
2.55129251701	290.795227051
2.55419501134	292.479766846
2.55709750567	293.664764404
2.56	294.344055176
2.56290249433	294.854553223
2.56580498866	295.195404053
2.56870748299	295.365936279
2.57160997732	295.024932861
2.57451247166	294.344055176
2.57741496599	293.495178223
2.58031746032	292.648773193
2.58321995465	291.804779053
2.58612244898	291.46786499
2.58902494331	290.963226318
2.59192743764	290.963226318
2.59482993197	291.131347656
2.5977324263	291.299560547
2.60063492063	291.804779053
2.60353741497	292.142089844
2.6064399093	292.479766846
2.60934240363	292.817840576
2.61224489796	293.156341553
2.61514739229	293.495178223
2.61804988662	293.664764404
2.62095238095	293.834442139
2.62385487528	293.834442139
2.62675736961	293.495178223
2.62965986395	293.325714111
2.63256235828	292.817840576
2.63546485261	292.142089844
2.63836734694	291.46786499
2.64126984127	291.299560547
2.6441723356	291.131347656
2.64707482993	291.299560547
2.64997732426	291.804779053
2.65287981859	292.310882568
2.65578231293	292.987030029
2.65868480726	293.495178223
2.66158730159	293.834442139
2.66448979592	294.004211426
2.66739229025	294.004211426
2.67029478458	294.004211426
2.67319727891	293.834442139
2.67609977324	293.664764404
2.67900226757	293.325714111
2.6819047619	292.987030029
2.68480725624	292.479766846
2.68770975057	291.973388672
2.6906122449	291.46786499
2.69351473923	291.299560547
2.69641723356	291.131347656
2.69931972789	291.131347656
2.70222222222	291.299560547
2.70512471655	291.636291504
2.70802721088	291.973388672
2.71092970522	292.142089844
2.71383219955	292.310882568
2.71673469388	292.648773193
2.71963718821	292.817840576
2.72253968254	292.987030029
2.72544217687	293.156341553
2.7283446712	293.156341553
2.73124716553	292.987030029
2.73414965986	292.987030029
2.7370521542	292.648773193
2.73995464853	292.479766846
2.74285714286	292.142089844
2.74575963719	291.973388672
2.74866213152	291.973388672
2.75156462585	291.973388672
2.75446712018	291.973388672
2.75736961451	292.142089844
2.76027210884	292.310882568
2.76317460317	292.648773193
2.76607709751	292.987030029
2.76897959184	293.325714111
2.77188208617	293.495178223
2.7747845805	293.325714111
2.77768707483	292.987030029
2.78058956916	292.310882568
2.78349206349	291.299560547
2.78639455782	290.459472656
2.78929705215	289.454559326
2.79219954649	288.619781494
2.79510204082	288.453125
2.79800453515	288.953399658
2.80090702948	290.291748047
2.80380952381	291.973388672
2.80671201814	293.834442139
2.80961451247	300.702484131
2.8125170068	307.731079102
2.81541950113	307.553375244
2.81832199546	308.799438477
2.8212244898	309.156402588
2.82412698413	309.871520996
2.82702947846	310.229705811
2.82993197279	310.76776123
2.83283446712	310.76776123
2.83573696145	310.76776123
2.83863945578	310.588317871
2.84154195011	310.94732666
2.84444444444	312.20715332
2.84734693878	313.291046143
2.85024943311	314.197174072
2.85315192744	314.742095947
2.85605442177	314.742095947
2.8589569161	313.834411621
2.86185941043	312.20715332
2.86476190476	310.408966064
2.86766439909	309.335021973
2.87056689342	309.335021973
2.87346938776	309.335021973
2.87637188209	309.871520996
2.87927437642	310.050567627
2.88217687075	310.588317871
2.88507936508	310.94732666
2.88798185941	311.126983643
2.89088435374	311.486633301
2.89378684807	311.666595459
2.8966893424	312.026855469
2.89959183673	312.20715332
2.90249433107	312.387542725
2.9053968254	312.20715332
2.90829931973	311.846679688
2.91120181406	311.126983643
2.91410430839	310.408966064
2.91700680272	310.050567627
2.91990929705	309.871520996
2.92281179138	309.871520996
2.92571428571	310.408966064
2.92861678005	310.408966064
2.93151927438	310.588317871
2.93442176871	310.76776123
2.93732426304	310.588317871
2.94022675737	310.76776123
2.9431292517	310.76776123
2.94603174603	311.126983643
2.94893424036	311.486633301
2.95183673469	311.666595459
2.95473922902	311.666595459
2.95764172336	311.666595459
2.96054421769	311.306762695
2.96344671202	310.94732666
2.96634920635	310.588317871
2.96925170068	310.408966064
2.97215419501	310.408966064
2.97505668934	310.76776123
2.97795918367	311.126983643
2.980861678	311.306762695
2.98376417234	311.486633301
2.98666666667	311.486633301
2.989569161	311.486633301
2.99247165533	311.306762695
2.99537414966	311.126983643
2.99827664399	311.126983643
3.00117913832	311.486633301
3.00408163265	311.846679688
3.00698412698	311.846679688
3.00988662132	312.026855469
3.01278911565	312.20715332
3.01569160998	311.846679688
3.01859410431	311.666595459
3.02149659864	311.306762695
3.02439909297	310.94732666
3.0273015873	310.94732666
3.03020408163	310.94732666
3.03310657596	310.94732666
3.03600907029	311.126983643
3.03891156463	311.126983643
3.04181405896	311.306762695
3.04471655329	311.486633301
3.04761904762	311.306762695
3.05052154195	311.486633301
3.05342403628	311.306762695
3.05632653061	311.486633301
3.05922902494	311.486633301
3.06213151927	311.486633301
3.06503401361	311.486633301
3.06793650794	311.486633301
3.07083900227	311.666595459
3.0737414966	311.666595459
3.07664399093	311.846679688
3.07954648526	311.846679688
3.08244897959	311.846679688
3.08535147392	312.026855469
3.08825396825	311.846679688
3.09115646259	311.846679688
3.09405895692	311.486633301
3.09696145125	311.306762695
3.09986394558	311.126983643
3.10276643991	311.306762695
3.10566893424	311.306762695
3.10857142857	311.486633301
3.1114739229	311.666595459
3.11437641723	311.666595459
3.11727891156	311.846679688
3.1201814059	311.846679688
3.12308390023	311.666595459
3.12598639456	311.666595459
3.12888888889	311.666595459
3.13179138322	311.486633301
3.13469387755	311.486633301
3.13759637188	311.486633301
3.14049886621	311.486633301
3.14340136054	311.486633301
3.14630385488	311.306762695
3.14920634921	311.306762695
3.15210884354	311.306762695
3.15501133787	311.306762695
3.1579138322	311.306762695
3.16081632653	311.486633301
3.16371882086	311.486633301
3.16662131519	311.486633301
3.16952380952	311.486633301
3.17242630385	311.486633301
3.17532879819	311.486633301
3.17823129252	311.486633301
3.18113378685	311.486633301
3.18403628118	311.486633301
3.18693877551	311.846679688
3.18984126984	311.846679688
3.19274376417	312.026855469
3.1956462585	311.846679688
3.19854875283	311.486633301
3.20145124717	311.306762695
3.2043537415	311.306762695
3.20725623583	311.486633301
3.21015873016	311.666595459
3.21306122449	311.846679688
3.21596371882	311.846679688
3.21886621315	311.486633301
3.22176870748	310.94732666
3.22467120181	310.408966064
3.22757369615	309.335021973
3.23047619048	308.799438477
3.23337868481	308.799438477
3.23628117914	309.335021973
3.23918367347	310.588317871
3.2420861678	312.20715332
3.24498866213	313.653167725
3.24789115646	314.742095947
3.25079365079	315.105926514
3.25369614512	314.923950195
3.25659863946	314.378723145
3.25950113379	313.291046143
3.26240362812	311.486633301
3.26530612245	308.977874756
3.26820861678	306.489318848
3.27111111111	304.372253418
3.27401360544	302.794036865
3.27691609977	301.398071289
3.2798185941	299.835296631
3.28272108844	298.280609131
3.28562358277	296.733978271
3.2885260771	295.024932861
3.29142857143	292.648773193
3.29433106576	290.291748047
3.29723356009	289.120361328
3.30013605442	288.786529541
3.30303854875	289.120361328
3.30594104308	289.621795654
3.30884353741	290.795227051
3.31174603175	292.479766846
3.31464852608	294.004211426
3.31755102041	295.024932861
3.32045351474	296.220245361
3.32335600907	297.420379639
3.3262585034	298.625396729
3.32916099773	298.625396729
3.33206349206	298.452941895
3.33496598639	297.592224121
3.33786848073	295.707366943
3.34077097506	292.310882568
3.34367346939	287.123260498
3.34657596372	275.109039307
3.34947845805	269.914703369
3.35238095238	266.660400391
3.35528344671	263.59753418
3.35818594104	260.871063232
3.36108843537	259.069091797
3.36399092971	258.471191406
3.36689342404	258.620544434
3.36979591837	259.5184021
3.3726984127	260.871063232
3.37560090703	262.685546875
3.37850340136	264.971435547
3.38140589569	266.04498291
3.38430839002	265.430999756
3.38721088435	264.054718018
3.39011337868	262.685546875
3.39301587302	261.474487305
3.39591836735	260.720397949
3.39882086168	260.419372559
3.40172335601	260.720397949
3.40462585034	261.323486328
3.40752834467	261.776733398
3.410430839	262.230743408
3.41333333333	262.533874512
3.41623582766	262.685546875
3.419138322	262.685546875
3.42204081633	262.533874512
3.42494331066	262.079315186
3.42784580499	261.776733398
3.43074829932	261.776733398
3.43365079365	262.079315186
3.43655328798	261.927978516
3.43945578231	261.776733398
3.44235827664	261.625579834
3.44526077098	261.172607422
3.44816326531	261.021789551
3.45106575964	261.172607422
3.45396825397	261.474487305
3.4568707483	261.927978516
3.45977324263	262.230743408
3.46267573696	262.230743408
3.46557823129	261.927978516
3.46848072562	261.474487305
3.47138321995	261.021789551
3.47428571429	260.720397949
3.47718820862	260.569854736
3.48009070295	260.569854736
3.48299319728	260.871063232
3.48589569161	261.625579834
3.48879818594	262.230743408
3.49170068027	262.533874512
3.4946031746	262.533874512
3.49750566893	262.079315186
3.50040816327	261.323486328
3.5033106576	260.720397949
3.50621315193	260.720397949
3.50911564626	260.569854736
3.51201814059	260.720397949
3.51492063492	261.021789551
3.51782312925	261.776733398
3.52072562358	262.382263184
3.52362811791	262.382263184
3.52653061224	261.776733398
3.52943310658	261.021789551
3.53233560091	260.569854736
3.53523809524	260.419372559
3.53814058957	260.569854736
3.5410430839	260.871063232
3.54394557823	261.323486328
3.54684807256	262.079315186
3.54975056689	262.230743408
3.55265306122	262.382263184
3.55555555556	262.079315186
3.55845804989	261.625579834
3.56136054422	261.172607422
3.56426303855	260.871063232
3.56716553288	260.720397949
3.57006802721	260.569854736
3.57297052154	260.569854736
3.57587301587	260.419372559
3.5787755102	259.968505859
3.58167800454	259.668365479
3.58458049887	259.5184021
3.5874829932	259.218780518
3.59038548753	259.218780518
3.59328798186	259.368530273
3.59619047619	260.569854736
3.59909297052	263.141143799
3.60199546485	262.685546875
3.60489795918	261.021789551
3.60780045351	261.474487305
3.61070294785	261.927978516
3.61360544218	262.382263184
3.61650793651	262.230743408
3.61941043084	260.419372559
3.62231292517	292.817840576
3.6252154195	293.834442139
3.62811791383	294.004211426
3.63102040816	293.156341553
3.63392290249	291.636291504
3.63682539683	289.789123535
3.63972789116	288.286560059
3.64263038549	287.787414551
3.64553287982	287.953704834
3.64843537415	288.953399658
3.65133786848	290.627288818
3.65424036281	292.310882568
3.65714285714	293.325714111
3.66004535147	293.664764404
3.6629478458	293.495178223
3.66585034014	292.817840576
3.66875283447	291.973388672
3.6716553288	291.131347656
3.67455782313	290.12411499
3.67746031746	289.621795654
3.68036281179	289.956573486
3.68326530612	290.627288818
3.68616780045	291.804779053
3.68907029478	292.817840576
3.69197278912	293.495178223
3.69487528345	293.834442139
3.69777777778	293.834442139
3.70068027211	293.495178223
3.70358276644	292.817840576
3.70648526077	292.142089844
3.7093877551	291.46786499
3.71229024943	290.963226318
3.71519274376	290.963226318
3.7180952381	291.299560547
3.72099773243	291.804779053
3.72390022676	292.142089844
3.72680272109	292.310882568
3.72970521542	292.310882568
3.73260770975	292.479766846
3.73551020408	292.310882568
3.73841269841	292.310882568
3.74131519274	292.142089844
3.74421768707	292.310882568
3.74712018141	292.479766846
3.75002267574	292.817840576
3.75292517007	293.325714111
3.7558276644	293.664764404
3.75873015873	293.664764404
3.76163265306	293.495178223
3.76453514739	293.325714111
3.76743764172	292.987030029
3.77034013605	292.479766846
3.77324263039	292.310882568
3.77614512472	292.142089844
3.77904761905	292.142089844
3.78195011338	292.310882568
3.78485260771	292.479766846
3.78775510204	292.479766846
3.79065759637	292.648773193
3.7935600907	292.479766846
3.79646258503	292.142089844
3.79936507937	291.973388672
3.8022675737	291.804779053
3.80517006803	291.636291504
3.80807256236	291.636291504
3.81097505669	291.636291504
3.81387755102	291.804779053
3.81678004535	291.973388672
3.81968253968	292.310882568
3.82258503401	292.479766846
3.82548752834	292.648773193
3.82839002268	292.648773193
3.83129251701	292.648773193
3.83419501134	292.817840576
3.83709750567	292.648773193
3.84	292.648773193
3.84290249433	292.479766846
3.84580498866	292.310882568
3.84870748299	292.310882568
3.85160997732	292.479766846
3.85451247166	292.648773193
3.85741496599	292.817840576
3.86031746032	293.156341553
3.86321995465	293.495178223
3.86612244898	293.834442139
3.86902494331	294.004211426
3.87192743764	294.344055176
3.87482993197	294.684295654
3.8777324263	295.024932861
3.88063492063	295.024932861
3.88353741497	294.514129639
3.8864399093	292.648773193
3.88934240363	290.459472656
3.89224489796	289.287414551
3.89514739229	288.619781494
3.89804988662	288.953399658
3.90095238095	290.12411499
3.90385487528	292.479766846
3.90675736961	307.198303223
3.90965986395	306.312347412
3.91256235828	304.020843506
3.91546485261	307.198303223
3.91836734694	308.264801025
3.92126984127	308.086791992
3.9241723356	307.375793457
3.92707482993	305.782012939
3.92997732426	307.553375244
3.93287981859	308.977874756
3.93578231293	311.666595459
3.93868480726	313.653167725
3.94158730159	314.742095947
3.94448979592	315.105926514
3.94739229025	314.742095947
3.95029478458	313.653167725
3.95319727891	311.846679688
3.95609977324	310.050567627
3.95900226757	308.977874756
3.9619047619	308.799438477
3.96480725624	309.156402588
3.96770975057	309.692596436
3.9706122449	310.050567627
3.97351473923	310.408966064
3.97641723356	310.76776123
3.97931972789	310.94732666
3.98222222222	310.94732666
3.98512471655	310.94732666
3.98802721088	311.306762695
3.99092970522	312.026855469
3.99383219955	312.568023682
3.99673469388	312.748626709
3.99963718821	312.568023682
4.00253968254	312.026855469
4.00544217687	311.126983643
4.0083446712	310.229705811
4.01124716553	309.335021973
4.01414965986	308.977874756
4.0170521542	308.977874756
4.01995464853	309.692596436
4.02285714286	310.229705811
4.02575963719	310.588317871
4.02866213152	310.94732666
4.03156462585	310.76776123
4.03446712018	310.588317871
4.03736961451	310.588317871
4.04027210884	310.94732666
4.04317460317	311.306762695
4.04607709751	311.846679688
4.04897959184	312.026855469
4.05188208617	312.026855469
4.0547845805	311.846679688
4.05768707483	311.486633301
4.06058956916	310.94732666
4.06349206349	310.408966064
4.06639455782	310.229705811
4.06929705215	310.408966064
4.07219954649	310.588317871
4.07510204082	310.76776123
4.07800453515	310.76776123
4.08090702948	310.94732666
4.08380952381	311.126983643
4.08671201814	311.306762695
4.08961451247	311.666595459
4.0925170068	312.026855469
4.09541950113	312.387542725
4.09832199546	312.748626709
4.1012244898	312.929321289
4.10412698413	312.929321289
4.10702947846	312.387542725
4.10993197279	312.026855469
4.11283446712	311.306762695
4.11573696145	310.94732666
4.11863945578	310.94732666
4.12154195011	310.76776123
4.12444444444	310.408966064
4.12734693878	309.871520996
4.13024943311	309.871520996
4.13315192744	310.050567627
4.13605442177	310.229705811
4.1389569161	310.050567627
4.14185941043	310.229705811
4.14476190476	380.836090088
4.14766439909	381.056121826
4.15056689342	380.61618042
4.15346938776	380.176727295
4.15637188209	379.957183838
4.15927437642	379.299346924
4.16217687075	378.64263916
4.16507936508	377.55065918
4.16798185941	376.46182251
4.17088435374	376.027160645
4.17378684807	375.593017578
4.1766893424	374.942718506
4.17959183673	372.567932129
4.18249433107	369.353820801
4.1853968254	368.288635254
4.18829931973	368.075958252
4.19120181406	367.86340332
4.19410430839	369.780761719
4.19700680272	370.208190918
4.19990929705	377.332641602
4.20281179138	378.64263916
4.20571428571	378.64263916
4.20861678005	378.423980713
4.21151927438	378.205474854
4.21442176871	378.205474854
4.21732426304	377.987060547
4.22022675737	377.768798828
4.2231292517	377.768798828
4.22603174603	377.987060547
4.22893424036	379.957183838
4.23183673469	368.288635254
4.23473922902	366.590698242
4.23764172336	366.378997803
4.24054421769	366.378997803
4.24344671202	367.014434814
4.24634920635	377.768798828
4.24925170068	377.114746094
4.25215419501	376.027160645
4.25505668934	375.159362793
4.25795918367	374.50982666
4.260861678	373.214111328
4.26376417234	371.708129883
4.26666666667	370.422119141
4.269569161	369.780761719
4.27247165533	369.567230225
4.27537414966	369.780761719
4.27827664399	370.422119141
4.28117913832	370.636138916
4.28408163265	370.850280762
4.28698412698	370.422119141
4.28988662132	369.994415283
4.29278911565	369.780761719
4.29569160998	369.567230225
4.29859410431	369.353820801
4.30149659864	369.567230225
4.30439909297	369.780761719
4.3073015873	370.636138916
4.31020408163	370.850280762
4.31310657596	370.850280762
4.31600907029	370.422119141
4.31891156463	369.994415283
4.32181405896	369.994415283
4.32471655329	370.208190918
4.32761904762	370.636138916
4.33052154195	371.278961182
4.33342403628	371.493469238
4.33632653061	371.493469238
4.33922902494	371.064544678
4.34213151927	370.636138916
4.34503401361	369.994415283
4.34793650794	369.567230225
4.35083900227	369.140533447
4.3537414966	369.140533447
4.35664399093	369.567230225
4.35954648526	370.422119141
4.36244897959	371.278961182
4.36535147392	371.708129883
4.36825396825	371.92288208
4.37115646259	371.493469238
4.37405895692	371.064544678
4.37696145125	370.422119141
4.37986394558	369.994415283
4.38276643991	369.567230225
4.38566893424	369.353820801
4.38857142857	368.927368164
4.3914739229	369.140533447
4.39437641723	369.353820801
4.39727891156	369.994415283
4.4001814059	370.422119141
4.40308390023	370.636138916
4.40598639456	371.064544678
4.40888888889	370.850280762
4.41179138322	369.780761719
4.41469387755	367.86340332
4.41759637188	365.955993652
4.42049886621	365.111450195
4.42340136054	365.533477783
4.42630385488	366.802520752
4.42920634921	369.567230225
4.43210884354	375.37612915
4.43501133787	381.937561035
4.4379138322	385.038726807
4.44081632653	386.375488281
4.44371882086	387.045593262
4.44662131519	387.716888428
4.44952380952	388.389312744
4.45242630385	388.838256836
4.45532879819	389.512664795
4.45823129252	389.962890625
4.46113378685	390.413665771
4.46403628118	391.090789795
4.46693877551	391.316741943
4.46984126984	391.54284668
4.47274376417	391.54284668
4.4756462585	391.090789795
4.47854875283	390.639221191
4.48145124717	390.188201904
4.4843537415	389.737701416
4.48725623583	389.512664795
4.49015873016	389.062927246
4.49306122449	388.838256836
4.49596371882	388.613739014
4.49886621315	388.838256836
4.50176870748	388.838256836
4.50467120181	389.062927246
4.50757369615	389.512664795
4.51047619048	389.962890625
4.51337868481	390.188201904
4.51628117914	390.864929199
4.51918367347	391.316741943
4.5220861678	391.769073486
4.52498866213	391.995422363
4.52789115646	392.221923828
4.53079365079	391.995422363
4.53369614512	391.769073486
4.53659863946	391.54284668
4.53950113379	391.316741943
4.54240362812	391.316741943
4.54530612245	391.090789795
4.54820861678	391.316741943
4.55111111111	391.54284668
4.55401360544	391.769073486
4.55691609977	391.769073486
4.5598185941	391.995422363
4.56272108844	391.995422363
4.56562358277	391.995422363
4.5685260771	391.769073486
4.57142857143	391.316741943
4.57433106576	390.864929199
4.57723356009	390.413665771
4.58013605442	389.962890625
4.58303854875	389.287719727
4.58594104308	389.062927246
4.58884353741	388.838256836
4.59174603175	388.838256836
4.59464852608	389.287719727
4.59755102041	389.737701416
4.60045351474	390.413665771
4.60335600907	390.864929199
4.6062585034	391.54284668
4.60916099773	392.221923828
4.61206349206	392.675292969
4.61496598639	392.902191162
4.61786848073	392.902191162
4.62077097506	392.675292969
4.62367346939	392.448547363
4.62657596372	391.54284668
4.62947845805	390.639221191
4.63238095238	389.287719727
4.63528344671	387.716888428
4.63818594104	386.375488281
4.64108843537	385.261199951
4.64399092971	384.372070312
4.64689342404	384.150115967
4.64979591837	384.372070312
4.6526984127	384.816375732
4.65560090703	385.706512451
4.65850340136	387.045593262
4.66140589569	388.389312744
4.66430839002	389.737701416
4.66721088435	390.639221191
4.67011337868	391.090789795
4.67301587302	391.316741943
4.67591836735	391.316741943
4.67882086168	391.316741943
4.68172335601	391.090789795
4.68462585034	390.639221191
4.68752834467	390.188201904
4.690430839	389.737701416
4.69333333333	389.287719727
4.69623582766	388.838256836
4.699138322	388.838256836
4.70204081633	388.613739014
4.70494331066	388.613739014
4.70784580499	388.613739014
4.71074829932	388.838256836
4.71365079365	389.287719727
4.71655328798	389.737701416
4.71945578231	389.962890625
4.72235827664	390.413665771
4.72526077098	390.864929199
4.72816326531	391.090789795
4.73106575964	391.316741943
4.73396825397	391.54284668
4.7368707483	391.54284668
4.73977324263	391.316741943
4.74267573696	391.316741943
4.74557823129	390.864929199
4.74848072562	390.864929199
4.75138321995	390.413665771
4.75428571429	390.413665771
4.75718820862	390.188201904
4.76009070295	390.188201904
4.76299319728	390.413665771
4.76589569161	390.639221191
4.76879818594	390.864929199
4.77170068027	391.316741943
4.7746031746	391.54284668
4.77750566893	391.54284668
4.78040816327	391.54284668
4.7833106576	391.316741943
4.78621315193	390.864929199
4.78911564626	390.639221191
4.79201814059	390.188201904
4.79492063492	389.962890625
4.79782312925	389.737701416
4.80072562358	389.737701416
4.80362811791	390.188201904
4.80653061224	390.413665771
4.80943310658	390.639221191
4.81233560091	391.090789795
4.81523809524	391.54284668
4.81814058957	391.769073486
4.8210430839	391.769073486
4.82394557823	391.54284668
4.82684807256	391.316741943
4.82975056689	390.864929199
4.83265306122	390.413665771
4.83555555556	389.962890625
4.83845804989	389.737701416
4.84136054422	389.287719727
4.84426303855	389.062927246
4.84716553288	389.287719727
4.85006802721	389.512664795
4.85297052154	389.962890625
4.85587301587	390.413665771
4.8587755102	391.090789795
4.86167800454	391.316741943
4.86458049887	391.54284668
4.8674829932	391.54284668
4.87038548753	391.54284668
4.87328798186	391.316741943
4.87619047619	390.864929199
4.87909297052	390.413665771
4.88199546485	389.962890625
4.88489795918	389.512664795
4.88780045351	389.512664795
4.89070294785	389.287719727
4.89360544218	389.512664795
4.89650793651	389.512664795
4.89941043084	389.962890625
4.90231292517	390.413665771
4.9052154195	391.090789795
4.90811791383	391.54284668
4.91102040816	391.769073486
4.91392290249	0.0
4.91682539683	0.0
4.91972789116	0.0
4.92263038549	0.0
4.92553287982	0.0
4.92843537415	0.0
4.93133786848	0.0
4.93424036281	0.0
4.93714285714	0.0
4.94004535147	0.0
4.9429478458	0.0
4.94585034014	0.0
4.94875283447	0.0
4.9516553288	0.0
4.95455782313	0.0
4.95746031746	0.0
4.96036281179	0.0
4.96326530612	0.0
4.96616780045	0.0
4.96907029478	0.0
4.97197278912	0.0
4.97487528345	0.0
4.97777777778	0.0
4.98068027211	0.0
4.98358276644	0.0
4.98648526077	0.0
4.9893877551	0.0
4.99229024943	0.0
4.99519274376	0.0
4.9980952381	0.0
5.00099773243	0.0
5.00390022676	0.0
5.00680272109	0.0
5.00970521542	0.0
5.01260770975	0.0
5.01551020408	0.0
5.01841269841	0.0
5.02131519274	0.0
5.02421768707	0.0
5.02712018141	0.0
5.03002267574	0.0
5.03292517007	0.0
5.0358276644	0.0
5.03873015873	0.0
5.04163265306	0.0
5.04453514739	0.0
5.04743764172	0.0
5.05034013605	0.0
5.05324263039	0.0
5.05614512472	0.0
5.05904761905	0.0
5.06195011338	0.0
5.06485260771	0.0
5.06775510204	0.0
5.07065759637	0.0
5.0735600907	0.0
5.07646258503	0.0
5.07936507937	0.0
5.0822675737	0.0
5.08517006803	0.0
5.08807256236	0.0
5.09097505669	0.0
5.09387755102	0.0
5.09678004535	0.0
5.09968253968	0.0
5.10258503401	0.0
5.10548752834	0.0
5.10839002268	0.0
5.11129251701	0.0
5.11419501134	0.0
5.11709750567	0.0
5.12	0.0
5.12290249433	0.0
5.12580498866	0.0
5.12870748299	0.0
5.13160997732	0.0
5.13451247166	0.0
5.13741496599	0.0
5.14031746032	0.0
5.14321995465	0.0
5.14612244898	0.0
5.14902494331	0.0
5.15192743764	0.0
5.15482993197	0.0
5.1577324263	0.0
5.16063492063	0.0
5.16353741497	0.0
5.1664399093	0.0
5.16934240363	0.0
5.17224489796	0.0
5.17514739229	0.0
5.17804988662	0.0
5.18095238095	0.0
5.18385487528	0.0
