0.0	0.0
0.00290249433107	0.0
0.00580498866213	0.0
0.0087074829932	0.0
0.0116099773243	0.0
0.0145124716553	0.0
0.0174149659864	0.0
0.0203174603175	0.0
0.0232199546485	0.0
0.0261224489796	0.0
0.0290249433107	0.0
0.0319274376417	0.0
0.0348299319728	0.0
0.0377324263039	0.0
0.0406349206349	0.0
0.043537414966	0.0
0.0464399092971	0.0
0.0493424036281	0.0
0.0522448979592	0.0
0.0551473922902	0.0
0.0580498866213	0.0
0.0609523809524	0.0
0.0638548752834	0.0
0.0667573696145	377.768798828
0.0696598639456	384.372070312
0.0725623582766	388.165039062
0.0754648526077	391.54284668
0.0783673469388	393.129211426
0.0812698412698	394.721984863
0.0841723356009	395.635040283
0.087074829932	396.092346191
0.089977324263	396.092346191
0.0928798185941	395.863616943
0.0957823129252	395.635040283
0.0986848072562	395.635040283
0.101587301587	395.863616943
0.104489795918	395.635040283
0.107392290249	394.721984863
0.11029478458	392.675292969
0.113197278912	389.512664795
0.116099773243	386.82208252
0.119002267574	385.038726807
0.121904761905	384.816375732
0.124807256236	386.152374268
0.127709750567	388.838256836
0.130612244898	391.316741943
0.133514739229	392.675292969
0.13641723356	392.675292969
0.139319727891	391.316741943
0.142222222222	389.962890625
0.145124716553	388.613739014
0.148027210884	387.716888428
0.150929705215	387.045593262
0.153832199546	386.598724365
0.156734693878	386.375488281
0.159637188209	386.152374268
0.16253968254	385.929382324
0.165442176871	385.929382324
0.168344671202	385.929382324
0.171247165533	385.706512451
0.174149659864	385.483795166
0.177052154195	385.038726807
0.179954648526	385.038726807
0.182857142857	385.038726807
0.185759637188	384.816375732
0.188662131519	384.816375732
0.19156462585	384.816375732
0.194467120181	385.038726807
0.197369614512	385.261199951
0.200272108844	385.706512451
0.203174603175	386.375488281
0.206077097506	386.82208252
0.208979591837	387.045593262
0.211882086168	387.269226074
0.214784580499	387.269226074
0.21768707483	387.045593262
0.220589569161	387.045593262
0.223492063492	386.82208252
0.226394557823	386.598724365
0.229297052154	386.375488281
0.232199546485	386.152374268
0.235102040816	386.375488281
0.238004535147	386.598724365
0.240907029478	386.82208252
0.24380952381	386.82208252
0.246712018141	387.269226074
0.249614512472	387.716888428
0.252517006803	387.940887451
0.255419501134	388.165039062
0.258321995465	388.613739014
0.261224489796	388.838256836
0.264126984127	389.062927246
0.267029478458	389.512664795
0.269931972789	390.188201904
0.27283446712	390.639221191
0.275736961451	390.864929199
0.278639455782	391.090789795
0.281541950113	391.090789795
0.284444444444	391.316741943
0.287346938776	391.316741943
0.290249433107	391.316741943
0.293151927438	391.316741943
0.296054421769	391.54284668
0.2989569161	391.54284668
0.301859410431	391.54284668
0.304761904762	391.316741943
0.307664399093	390.864929199
0.310566893424	390.639221191
0.313469387755	390.413665771
0.316371882086	389.962890625
0.319274376417	389.737701416
0.322176870748	389.737701416
0.325079365079	389.737701416
0.32798185941	389.737701416
0.330884353741	389.962890625
0.333786848073	389.962890625
0.336689342404	390.188201904
0.339591836735	390.188201904
0.342494331066	390.413665771
0.345396825397	390.413665771
0.348299319728	390.639221191
0.351201814059	390.639221191
0.35410430839	390.864929199
0.357006802721	390.864929199
0.359909297052	391.090789795
0.362811791383	391.316741943
0.365714285714	391.316741943
0.368616780045	391.54284668
0.371519274376	391.54284668
0.374421768707	391.54284668
0.377324263039	391.769073486
0.38022675737	391.769073486
0.383129251701	391.995422363
0.386031746032	392.221923828
0.388934240363	392.448547363
0.391836734694	392.902191162
0.394739229025	392.902191162
0.397641723356	393.35635376
0.400544217687	393.583618164
0.403446712018	393.811035156
0.406349206349	394.038574219
0.40925170068	394.038574219
0.412154195011	394.038574219
0.415056689342	393.583618164
0.417959183673	393.35635376
0.420861678005	393.129211426
0.423764172336	393.811035156
0.426666666667	394.038574219
0.429569160998	394.494049072
0.432471655329	395.178253174
0.43537414966	396.092346191
0.438276643991	397.237976074
0.441179138322	398.61706543
0.444081632653	400.926239014
0.446984126984	403.481781006
0.449886621315	405.350585938
0.452789115646	405.819122314
0.455691609977	405.350585938
0.458594104308	403.248779297
0.461496598639	403.248779297
0.464399092971	400.926239014
0.467301587302	399.077850342
0.470204081633	398.156829834
0.473106575964	397.467498779
0.476009070295	397.926940918
0.478911564626	397.237976074
0.481814058957	396.092346191
0.484716553288	395.406585693
0.487619047619	394.494049072
0.49052154195	393.583618164
0.493424036281	392.221923828
0.496326530612	391.090789795
0.499229024943	390.413665771
0.502131519274	390.188201904
0.505034013605	390.188201904
0.507936507937	391.090789795
0.510839002268	390.864929199
0.513741496599	390.864929199
0.51664399093	390.864929199
0.519546485261	390.864929199
0.522448979592	390.864929199
0.525351473923	390.639221191
0.528253968254	390.413665771
0.531156462585	389.962890625
0.534058956916	389.287719727
0.536961451247	388.838256836
0.539863945578	388.389312744
0.542766439909	387.940887451
0.54566893424	387.940887451
0.548571428571	388.165039062
0.551473922902	388.389312744
0.554376417234	389.062927246
0.557278911565	389.512664795
0.560181405896	389.737701416
0.563083900227	390.188201904
0.565986394558	390.413665771
0.568888888889	390.639221191
0.57179138322	390.639221191
0.574693877551	390.639221191
0.577596371882	390.639221191
0.580498866213	390.639221191
0.583401360544	391.090789795
0.586303854875	390.864929199
0.589206349206	391.090789795
0.592108843537	391.316741943
0.595011337868	390.864929199
0.5979138322	391.090789795
0.600816326531	391.090789795
0.603718820862	391.090789795
0.606621315193	391.316741943
0.609523809524	391.54284668
0.612426303855	391.54284668
0.615328798186	391.769073486
0.618231292517	391.769073486
0.621133786848	391.995422363
0.624036281179	392.221923828
0.62693877551	392.221923828
0.629841269841	392.221923828
0.632743764172	391.769073486
0.635646258503	391.769073486
0.638548752834	391.769073486
0.641451247166	391.769073486
0.644353741497	391.995422363
0.647256235828	391.995422363
0.650158730159	391.995422363
0.65306122449	391.769073486
0.655963718821	391.54284668
0.658866213152	391.54284668
0.661768707483	391.54284668
0.664671201814	391.54284668
0.667573696145	391.54284668
0.670476190476	391.54284668
0.673378684807	391.769073486
0.676281179138	391.54284668
0.679183673469	391.54284668
0.6820861678	391.54284668
0.684988662132	391.316741943
0.687891156463	391.316741943
0.690793650794	391.316741943
0.693696145125	391.54284668
0.696598639456	391.54284668
0.699501133787	391.54284668
0.702403628118	391.54284668
0.705306122449	391.54284668
0.70820861678	391.54284668
0.711111111111	391.54284668
0.714013605442	391.54284668
0.716916099773	391.769073486
0.719818594104	391.769073486
0.722721088435	391.769073486
0.725623582766	391.54284668
0.728526077098	391.769073486
0.731428571429	391.769073486
0.73433106576	391.769073486
0.737233560091	391.769073486
0.740136054422	391.316741943
0.743038548753	391.54284668
0.745941043084	391.769073486
0.748843537415	391.995422363
0.751746031746	392.221923828
0.754648526077	392.448547363
0.757551020408	392.902191162
0.760453514739	393.129211426
0.76335600907	393.35635376
0.766258503401	393.811035156
0.769160997732	394.038574219
0.772063492063	394.494049072
0.774965986395	394.721984863
0.777868480726	394.721984863
0.780770975057	394.950042725
0.783673469388	394.950042725
0.786575963719	395.178253174
0.78947845805	395.635040283
0.792380952381	395.863616943
0.795283446712	396.092346191
0.798185941043	395.635040283
0.801088435374	396.092346191
0.803990929705	396.321228027
0.806893424036	396.092346191
0.809795918367	396.550201416
0.812698412698	396.321228027
0.815600907029	396.092346191
0.818503401361	396.092346191
0.821405895692	396.092346191
0.824308390023	395.863616943
0.827210884354	396.092346191
0.830113378685	396.321228027
0.833015873016	396.321228027
0.835918367347	396.321228027
0.838820861678	396.550201416
0.841723356009	396.321228027
0.84462585034	396.321228027
0.847528344671	396.092346191
0.850430839002	395.863616943
0.853333333333	395.635040283
0.856235827664	395.635040283
0.859138321995	395.406585693
0.862040816327	394.950042725
0.864943310658	394.721984863
0.867845804989	394.721984863
0.87074829932	394.494049072
0.873650793651	394.494049072
0.876553287982	394.038574219
0.879455782313	393.583618164
0.882358276644	393.129211426
0.885260770975	392.448547363
0.888163265306	392.221923828
0.891065759637	391.54284668
0.893968253968	391.090789795
0.896870748299	391.316741943
0.89977324263	391.090789795
0.902675736961	391.090789795
0.905578231293	391.316741943
0.908480725624	391.090789795
0.911383219955	391.316741943
0.914285714286	391.54284668
0.917188208617	391.995422363
0.920090702948	392.221923828
0.922993197279	392.448547363
0.92589569161	392.675292969
0.928798185941	392.902191162
0.931700680272	393.129211426
0.934603174603	393.129211426
0.937505668934	393.35635376
0.940408163265	393.35635376
0.943310657596	393.583618164
0.946213151927	393.583618164
0.949115646259	393.811035156
0.95201814059	393.811035156
0.954920634921	393.811035156
0.957823129252	393.811035156
0.960725623583	394.038574219
0.963628117914	394.038574219
0.966530612245	393.811035156
0.969433106576	394.038574219
0.972335600907	394.266235352
0.975238095238	394.950042725
0.978140589569	395.178253174
0.9810430839	395.406585693
0.983945578231	395.635040283
0.986848072562	395.863616943
0.989750566893	396.092346191
0.992653061224	396.092346191
0.995555555556	396.321228027
0.998458049887	396.092346191
1.00136054422	395.635040283
1.00426303855	395.178253174
1.00716553288	395.863616943
1.01006802721	396.092346191
1.01297052154	396.779327393
1.01587301587	397.926940918
1.0187755102	400.463348389
1.02167800454	401.157897949
1.02458049887	401.389678955
1.0274829932	402.085845947
1.03038548753	402.783203125
1.03328798186	403.015930176
1.03619047619	403.248779297
1.03909297052	403.714904785
1.04199546485	403.481781006
1.04489795918	403.248779297
1.04780045351	403.015930176
1.05070294785	403.248779297
1.05360544218	403.481781006
1.05650793651	403.248779297
1.05941043084	402.783203125
1.06231292517	402.318145752
1.0652154195	402.318145752
1.06811791383	402.318145752
1.07102040816	401.389678955
1.07392290249	400.926239014
1.07682539683	400.000976562
1.07972789116	398.847381592
1.08263038549	397.926940918
1.08553287982	396.550201416
1.08843537415	395.406585693
1.09133786848	394.721984863
1.09424036281	394.266235352
1.09714285714	394.038574219
1.10004535147	394.038574219
1.1029478458	394.038574219
1.10585034014	394.266235352
1.10875283447	394.266235352
1.1116553288	394.266235352
1.11455782313	394.266235352
1.11746031746	393.811035156
1.12036281179	393.583618164
1.12326530612	393.129211426
1.12616780045	392.675292969
1.12907029478	392.448547363
1.13197278912	391.995422363
1.13487528345	391.769073486
1.13777777778	391.769073486
1.14068027211	391.54284668
1.14358276644	391.090789795
1.14648526077	390.639221191
1.1493877551	390.188201904
1.15229024943	390.188201904
1.15519274376	389.962890625
1.1580952381	390.188201904
1.16099773243	390.188201904
1.16390022676	390.639221191
1.16680272109	391.090789795
1.16970521542	391.769073486
1.17260770975	392.448547363
1.17551020408	392.902191162
1.17841269841	393.35635376
1.18131519274	393.583618164
1.18421768707	394.038574219
1.18712018141	394.494049072
1.19002267574	394.494049072
1.19292517007	394.721984863
1.1958276644	394.494049072
1.19873015873	394.494049072
1.20163265306	394.266235352
1.20453514739	394.266235352
1.20743764172	394.721984863
1.21034013605	394.721984863
1.21324263039	395.178253174
1.21614512472	395.406585693
1.21904761905	395.863616943
1.22195011338	396.550201416
1.22485260771	396.779327393
1.22775510204	397.237976074
1.23065759637	397.697143555
1.2335600907	397.926940918
1.23646258503	397.926940918
1.23936507937	398.156829834
1.2422675737	398.156829834
1.24517006803	398.61706543
1.24807256236	398.386901855
1.25097505669	398.156829834
1.25387755102	397.926940918
1.25678004535	397.697143555
1.25968253968	397.467498779
1.26258503401	397.467498779
1.26548752834	397.467498779
1.26839002268	397.008575439
1.27129251701	396.321228027
1.27419501134	394.950042725
1.27709750567	393.129211426
1.28	390.188201904
1.28290249433	389.962890625
1.28580498866	388.389312744
1.28870748299	386.598724365
1.29160997732	382.600006104
1.29451247166	376.896972656
1.29741496599	373.214111328
1.30031746032	371.92288208
1.30321995465	371.064544678
1.30612244898	369.780761719
1.30902494331	367.86340332
1.31192743764	366.378997803
1.31482993197	365.955993652
1.3177324263	364.05847168
1.32063492063	369.353820801
1.32353741497	372.998596191
1.3264399093	376.244415283
1.32934240363	378.64263916
1.33224489796	380.396392822
1.33514739229	381.717010498
1.33804988662	382.379058838
1.34095238095	382.821044922
1.34385487528	382.821044922
1.34675736961	382.15826416
1.34965986395	381.937561035
1.35256235828	381.496612549
1.35546485261	380.836090088
1.35836734694	379.957183838
1.36126984127	379.518493652
1.3641723356	378.64263916
1.36707482993	378.205474854
1.36997732426	377.768798828
1.37287981859	377.55065918
1.37578231293	376.679321289
1.37868480726	376.46182251
1.38158730159	376.46182251
1.38448979592	376.679321289
1.38739229025	376.679321289
1.39029478458	377.114746094
1.39319727891	377.114746094
1.39609977324	377.55065918
1.39900226757	377.987060547
1.4019047619	378.423980713
1.40480725624	378.64263916
1.40770975057	378.861419678
1.4106122449	379.518493652
1.41351473923	380.396392822
1.41641723356	381.496612549
1.41931972789	382.15826416
1.42222222222	382.600006104
1.42512471655	382.821044922
1.42802721088	383.042236328
1.43092970522	382.821044922
1.43383219955	382.821044922
1.43673469388	382.600006104
1.43963718821	382.15826416
1.44253968254	382.15826416
1.44544217687	381.937561035
1.4483446712	382.15826416
1.45124716553	382.379058838
1.45414965986	382.821044922
1.4570521542	382.821044922
1.45995464853	382.821044922
1.46285714286	382.821044922
1.46575963719	383.042236328
1.46866213152	383.042236328
1.47156462585	382.821044922
1.47446712018	382.600006104
1.47736961451	382.379058838
1.48027210884	381.937561035
1.48317460317	381.717010498
1.48607709751	381.496612549
1.48897959184	381.276306152
1.49188208617	381.056121826
1.4947845805	380.836090088
1.49768707483	380.61618042
1.50058956916	380.396392822
1.50349206349	380.176727295
1.50639455782	380.176727295
1.50929705215	379.957183838
1.51219954649	379.957183838
1.51510204082	379.957183838
1.51800453515	380.176727295
1.52090702948	380.176727295
1.52380952381	380.176727295
1.52671201814	380.176727295
1.52961451247	380.396392822
1.5325170068	380.396392822
1.53541950113	380.396392822
1.53832199546	380.396392822
1.5412244898	380.396392822
1.54412698413	380.61618042
1.54702947846	380.61618042
1.54993197279	380.61618042
1.55283446712	380.61618042
1.55573696145	380.836090088
1.55863945578	380.836090088
1.56154195011	381.056121826
1.56444444444	381.056121826
1.56734693878	381.276306152
1.57024943311	381.496612549
1.57315192744	381.717010498
1.57605442177	381.717010498
1.5789569161	381.937561035
1.58185941043	381.937561035
1.58476190476	381.937561035
1.58766439909	381.937561035
1.59056689342	381.717010498
1.59346938776	381.496612549
1.59637188209	381.496612549
1.59927437642	381.276306152
1.60217687075	380.836090088
1.60507936508	380.61618042
1.60798185941	380.176727295
1.61088435374	379.518493652
1.61378684807	379.299346924
1.6166893424	379.080322266
1.61959183673	382.15826416
1.62249433107	383.042236328
1.6253968254	383.263580322
1.62829931973	383.263580322
1.63120181406	382.821044922
1.63410430839	382.379058838
1.63700680272	380.836090088
1.63990929705	379.299346924
1.64281179138	379.299346924
1.64571428571	379.737762451
1.64861678005	380.61618042
1.65151927438	381.276306152
1.65442176871	381.717010498
1.65732426304	381.937561035
1.66022675737	381.717010498
1.6631292517	381.937561035
1.66603174603	382.15826416
1.66893424036	382.821044922
1.67183673469	382.821044922
1.67473922902	381.937561035
1.67764172336	381.276306152
1.68054421769	380.836090088
1.68344671202	380.396392822
1.68634920635	378.861419678
1.68925170068	377.55065918
1.69215419501	377.55065918
1.69505668934	377.55065918
1.69795918367	377.332641602
1.700861678	377.114746094
1.70376417234	376.679321289
1.70666666667	376.46182251
1.709569161	376.46182251
1.71247165533	375.810028076
1.71537414966	376.46182251
1.71827664399	377.55065918
1.72117913832	378.423980713
1.72408163265	379.518493652
1.72698412698	381.056121826
1.72988662132	381.496612549
1.73278911565	381.056121826
1.73569160998	381.056121826
1.73859410431	379.080322266
1.74149659864	376.679321289
1.74439909297	374.077423096
1.7473015873	371.92288208
1.75020408163	373.429748535
1.75310657596	376.244415283
1.75600907029	377.55065918
1.75891156463	377.987060547
1.76181405896	379.957183838
1.76471655329	381.276306152
1.76761904762	381.496612549
1.77052154195	381.276306152
1.77342403628	381.717010498
1.77632653061	381.056121826
1.77922902494	380.61618042
1.78213151927	379.737762451
1.78503401361	382.15826416
1.78793650794	382.600006104
1.79083900227	381.937561035
1.7937414966	383.263580322
1.79664399093	383.263580322
1.79954648526	380.836090088
1.80244897959	381.717010498
1.80535147392	382.600006104
1.80825396825	383.706573486
1.81115646259	383.928283691
1.81405895692	313.110137939
1.81696145125	312.748626709
1.81986394558	311.126983643
1.82276643991	308.264801025
1.82566893424	307.375793457
1.82857142857	306.666412354
1.8314739229	306.135467529
1.83437641723	305.428955078
1.83727891156	305.252593994
1.8401814059	305.252593994
1.84308390023	305.428955078
1.84598639456	305.782012939
1.84888888889	305.605438232
1.85179138322	305.428955078
1.85469387755	305.252593994
1.85759637188	305.428955078
1.86049886621	305.428955078
1.86340136054	305.605438232
1.86630385488	305.958679199
1.86920634921	305.782012939
1.87210884354	305.782012939
1.87501133787	305.252593994
1.8779138322	305.252593994
1.88081632653	304.724090576
1.88371882086	304.020843506
1.88662131519	304.372253418
1.88952380952	304.548126221
1.89242630385	304.724090576
1.89532879819	304.372253418
1.89823129252	304.724090576
1.90113378685	305.252593994
1.90403628118	305.605438232
1.90693877551	305.958679199
1.90984126984	305.782012939
1.91274376417	306.843597412
1.9156462585	306.843597412
1.91854875283	307.198303223
1.92145124717	307.553375244
1.9243537415	308.086791992
1.92725623583	308.977874756
1.93015873016	311.666595459
1.93306122449	314.01574707
1.93596371882	315.105926514
1.93886621315	316.931304932
1.94176870748	315.83480835
1.94467120181	316.382598877
1.94757369615	316.382598877
1.95047619048	316.382598877
1.95337868481	316.199890137
1.95628117914	315.287994385
1.95918367347	314.01574707
1.9620861678	313.291046143
1.96498866213	312.20715332
1.96789115646	311.846679688
1.97079365079	311.846679688
1.97369614512	312.026855469
1.97659863946	312.568023682
1.97950113379	313.291046143
1.98240362812	314.01574707
1.98530612245	314.923950195
1.98820861678	315.287994385
1.99111111111	315.652435303
1.99401360544	316.017303467
1.99691609977	315.83480835
1.9998185941	315.287994385
2.00272108844	314.01574707
2.00562358277	312.748626709
2.0085260771	311.666595459
2.01142857143	311.126983643
2.01433106576	312.026855469
2.01723356009	317.664428711
2.02013605442	328.487121582
2.02303854875	338.698944092
2.02594104308	342.832427979
2.02884353741	345.416473389
2.03174603175	360.501068115
2.03464852608	368.288635254
2.03755102041	369.780761719
2.04045351474	370.850280762
2.04335600907	371.064544678
2.0462585034	371.278961182
2.04916099773	371.278961182
2.05206349206	371.064544678
2.05496598639	370.850280762
2.05786848073	371.064544678
2.06077097506	371.708129883
2.06367346939	372.567932129
2.06657596372	372.998596191
2.06947845805	372.998596191
2.07238095238	372.783203125
2.07528344671	372.352783203
2.07818594104	372.137786865
2.08108843537	371.92288208
2.08399092971	372.137786865
2.08689342404	372.137786865
2.08979591837	372.352783203
2.0926984127	372.567932129
2.09560090703	372.567932129
2.09850340136	372.783203125
2.10140589569	372.998596191
2.10430839002	372.783203125
2.10721088435	372.567932129
2.11011337868	372.352783203
2.11301587302	372.137786865
2.11591836735	371.708129883
2.11882086168	371.278961182
2.12172335601	371.064544678
2.12462585034	370.850280762
2.12752834467	370.850280762
2.130430839	371.278961182
2.13333333333	371.493469238
2.13623582766	371.92288208
2.139138322	372.137786865
2.14204081633	372.137786865
2.14494331066	372.137786865
2.14784580499	372.352783203
2.15074829932	372.352783203
2.15365079365	372.567932129
2.15655328798	372.567932129
2.15945578231	372.567932129
2.16235827664	372.567932129
2.16526077098	372.352783203
2.16816326531	372.137786865
2.17106575964	371.92288208
2.17396825397	371.708129883
2.1768707483	371.493469238
2.17977324263	371.493469238
2.18267573696	371.278961182
2.18557823129	371.493469238
2.18848072562	371.493469238
2.19138321995	371.708129883
2.19428571429	371.708129883
2.19718820862	371.493469238
2.20009070295	371.493469238
2.20299319728	371.708129883
2.20589569161	371.708129883
2.20879818594	371.92288208
2.21170068027	371.92288208
2.2146031746	371.92288208
2.21750566893	371.92288208
2.22040816327	371.92288208
2.2233106576	372.137786865
2.22621315193	372.137786865
2.22911564626	372.352783203
2.23201814059	372.567932129
2.23492063492	372.783203125
2.23782312925	372.998596191
2.24072562358	373.214111328
2.24362811791	373.214111328
2.24653061224	373.429748535
2.24943310658	373.429748535
2.25233560091	373.645507812
2.25523809524	373.645507812
2.25814058957	373.645507812
2.2610430839	373.429748535
2.26394557823	373.429748535
2.26684807256	372.998596191
2.26975056689	372.783203125
2.27265306122	372.352783203
2.27555555556	371.92288208
2.27845804989	371.493469238
2.28136054422	371.064544678
2.28426303855	370.636138916
2.28716553288	370.208190918
2.29006802721	369.780761719
2.29297052154	369.567230225
2.29587301587	369.567230225
2.2987755102	369.994415283
2.30167800454	370.850280762
2.30458049887	372.567932129
2.3074829932	374.077423096
2.31038548753	375.159362793
2.31328798186	375.810028076
2.31619047619	375.810028076
2.31909297052	375.159362793
2.32199546485	373.86138916
2.32489795918	372.567932129
2.32780045351	371.708129883
2.33070294785	371.493469238
2.33360544218	371.278961182
2.33650793651	371.708129883
2.33941043084	372.567932129
2.34231292517	372.783203125
2.3452154195	373.429748535
2.34811791383	373.645507812
2.35102040816	373.645507812
2.35392290249	373.214111328
2.35682539683	373.429748535
2.35972789116	372.783203125
2.36263038549	372.137786865
2.36553287982	371.708129883
2.36843537415	372.137786865
2.37133786848	372.998596191
2.37424036281	373.86138916
2.37714285714	374.293548584
2.38004535147	374.293548584
2.3829478458	374.293548584
2.38585034014	374.726196289
2.38875283447	309.871520996
2.3916553288	310.229705811
2.39455782313	310.050567627
2.39746031746	309.156402588
2.40036281179	308.442932129
2.40326530612	308.086791992
2.40616780045	307.731079102
2.40907029478	307.553375244
2.41197278912	307.198303223
2.41487528345	306.489318848
2.41777777778	306.135467529
2.42068027211	305.958679199
2.42358276644	306.135467529
2.42648526077	306.489318848
2.4293877551	307.375793457
2.43229024943	308.086791992
2.43519274376	310.94732666
2.4380952381	313.834411621
2.44099773243	316.017303467
2.44390022676	317.847961426
2.44680272109	317.847961426
2.44970521542	316.382598877
2.45260770975	315.470153809
2.45551020408	315.652435303
2.45841269841	315.652435303
2.46131519274	313.834411621
2.46421768707	310.050567627
2.46712018141	309.156402588
2.47002267574	308.799438477
2.47292517007	308.977874756
2.4758276644	309.156402588
2.47873015873	309.871520996
2.48163265306	310.94732666
2.48453514739	312.026855469
2.48743764172	312.568023682
2.49034013605	312.568023682
2.49324263039	312.20715332
2.49614512472	311.666595459
2.49904761905	311.126983643
2.50195011338	310.408966064
2.50485260771	310.229705811
2.50775510204	309.871520996
2.51065759637	309.513763428
2.5135600907	309.335021973
2.51646258503	308.799438477
2.51936507937	308.621124268
2.5222675737	308.442932129
2.52517006803	308.086791992
2.52807256236	308.086791992
2.53097505669	308.086791992
2.53387755102	308.442932129
2.53678004535	308.799438477
2.53968253968	308.977874756
2.54258503401	309.335021973
2.54548752834	309.513763428
2.54839002268	309.156402588
2.55129251701	308.977874756
2.55419501134	308.799438477
2.55709750567	308.086791992
2.56	308.264801025
2.56290249433	308.264801025
2.56580498866	308.442932129
2.56870748299	308.442932129
2.57160997732	308.442932129
2.57451247166	308.442932129
2.57741496599	308.442932129
2.58031746032	308.264801025
2.58321995465	308.442932129
2.58612244898	308.442932129
2.58902494331	308.621124268
2.59192743764	308.977874756
2.59482993197	309.156402588
2.5977324263	309.513763428
2.60063492063	309.871520996
2.60353741497	310.050567627
2.6064399093	310.588317871
2.60934240363	310.94732666
2.61224489796	311.126983643
2.61514739229	311.486633301
2.61804988662	311.846679688
2.62095238095	312.20715332
2.62385487528	311.666595459
2.62675736961	311.846679688
2.62965986395	311.666595459
2.63256235828	311.486633301
2.63546485261	312.026855469
2.63836734694	311.666595459
2.64126984127	311.486633301
2.6441723356	311.486633301
2.64707482993	311.666595459
2.64997732426	311.126983643
2.65287981859	311.306762695
2.65578231293	311.666595459
2.65868480726	311.306762695
2.66158730159	311.846679688
2.66448979592	311.846679688
2.66739229025	311.306762695
2.67029478458	311.126983643
2.67319727891	310.94732666
2.67609977324	310.229705811
2.67900226757	310.229705811
2.6819047619	310.76776123
2.68480725624	311.306762695
2.68770975057	312.20715332
2.6906122449	313.291046143
2.69351473923	314.378723145
2.69641723356	315.105926514
2.69931972789	315.83480835
2.70222222222	316.017303467
2.70512471655	315.105926514
2.70802721088	312.568023682
2.71092970522	309.871520996
2.71383219955	307.375793457
2.71673469388	305.782012939
2.71963718821	304.900146484
2.72253968254	305.076324463
2.72544217687	305.428955078
2.7283446712	305.782012939
2.73124716553	305.252593994
2.73414965986	304.900146484
2.7370521542	304.196502686
2.73995464853	303.669830322
2.74285714286	300.702484131
2.74575963719	311.846679688
2.74866213152	312.568023682
2.75156462585	312.929321289
2.75446712018	315.652435303
2.75736961451	315.652435303
2.76027210884	315.652435303
2.76317460317	315.287994385
2.76607709751	313.653167725
2.76897959184	313.653167725
2.77188208617	310.050567627
2.7747845805	310.408966064
2.77768707483	310.229705811
2.78058956916	310.229705811
2.78349206349	309.871520996
2.78639455782	309.335021973
2.78929705215	309.513763428
2.79219954649	309.513763428
2.79510204082	309.871520996
2.79800453515	310.050567627
2.80090702948	310.588317871
2.80380952381	311.126983643
2.80671201814	311.666595459
2.80961451247	312.026855469
2.8125170068	313.472045898
2.81541950113	314.197174072
2.81832199546	314.197174072
2.8212244898	313.653167725
2.82412698413	312.929321289
2.82702947846	312.20715332
2.82993197279	311.486633301
2.83283446712	311.486633301
2.83573696145	312.568023682
2.83863945578	314.197174072
2.84154195011	316.199890137
2.84444444444	317.847961426
2.84734693878	319.320129395
2.85024943311	320.243713379
2.85315192744	317.664428711
2.85605442177	316.199890137
2.8589569161	315.470153809
2.86185941043	315.105926514
2.86476190476	314.923950195
2.86766439909	314.923950195
2.87056689342	315.287994385
2.87346938776	314.01574707
2.87637188209	312.748626709
2.87927437642	310.050567627
2.88217687075	306.489318848
2.88507936508	313.291046143
2.88798185941	313.653167725
2.89088435374	313.291046143
2.89378684807	312.568023682
2.8966893424	312.026855469
2.89959183673	311.846679688
2.90249433107	310.94732666
2.9053968254	307.731079102
2.90829931973	307.908905029
2.91120181406	308.799438477
2.91410430839	309.156402588
2.91700680272	310.76776123
2.91990929705	311.126983643
2.92281179138	311.846679688
2.92571428571	309.513763428
2.92861678005	308.264801025
2.93151927438	299.835296631
2.93442176871	300.876251221
2.93732426304	298.797943115
2.94022675737	296.049194336
2.9431292517	293.664764404
2.94603174603	293.156341553
2.94893424036	292.817840576
2.95183673469	292.987030029
2.95473922902	293.325714111
2.95764172336	294.004211426
2.96054421769	294.854553223
2.96344671202	296.220245361
2.96634920635	297.07699585
2.96925170068	298.280609131
2.97215419501	299.835296631
2.97505668934	302.794036865
2.97795918367	307.375793457
2.980861678	312.20715332
2.98376417234	314.742095947
2.98666666667	315.652435303
2.989569161	315.83480835
2.99247165533	315.105926514
2.99537414966	314.01574707
2.99827664399	312.026855469
3.00117913832	310.94732666
3.00408163265	309.156402588
3.00698412698	307.908905029
3.00988662132	307.198303223
3.01278911565	306.489318848
3.01569160998	305.605438232
3.01859410431	304.900146484
3.02149659864	304.196502686
3.02439909297	303.319213867
3.0273015873	302.444458008
3.03020408163	301.920806885
3.03310657596	301.398071289
3.03600907029	301.224029541
3.03891156463	301.398071289
3.04181405896	301.746459961
3.04471655329	302.269805908
3.04761904762	303.144042969
3.05052154195	304.372253418
3.05342403628	305.428955078
3.05632653061	306.489318848
3.05922902494	307.020904541
3.06213151927	307.375793457
3.06503401361	307.553375244
3.06793650794	307.908905029
3.07083900227	308.086791992
3.0737414966	308.086791992
3.07664399093	307.731079102
3.07954648526	307.020904541
3.08244897959	306.489318848
3.08535147392	305.958679199
3.08825396825	305.782012939
3.09115646259	305.605438232
3.09405895692	305.428955078
3.09696145125	305.428955078
3.09986394558	305.428955078
3.10276643991	305.428955078
3.10566893424	305.428955078
3.10857142857	305.605438232
3.1114739229	305.782012939
3.11437641723	306.135467529
3.11727891156	306.489318848
3.1201814059	307.198303223
3.12308390023	307.731079102
3.12598639456	308.264801025
3.12888888889	308.977874756
3.13179138322	308.977874756
3.13469387755	308.977874756
3.13759637188	308.799438477
3.14049886621	308.621124268
3.14340136054	308.264801025
3.14630385488	307.908905029
3.14920634921	307.375793457
3.15210884354	307.375793457
3.15501133787	307.198303223
3.1579138322	307.198303223
3.16081632653	307.198303223
3.16371882086	307.198303223
3.16662131519	307.198303223
3.16952380952	307.020904541
3.17242630385	307.020904541
3.17532879819	307.198303223
3.17823129252	307.553375244
3.18113378685	308.086791992
3.18403628118	308.442932129
3.18693877551	308.977874756
3.18984126984	309.156402588
3.19274376417	309.156402588
3.1956462585	309.335021973
3.19854875283	309.335021973
3.20145124717	309.156402588
3.2043537415	309.156402588
3.20725623583	308.799438477
3.21015873016	308.264801025
3.21306122449	307.375793457
3.21596371882	306.843597412
3.21886621315	306.135467529
3.22176870748	305.782012939
3.22467120181	305.605438232
3.22757369615	305.428955078
3.23047619048	305.428955078
3.23337868481	305.252593994
3.23628117914	305.076324463
3.23918367347	304.724090576
3.2420861678	304.548126221
3.24498866213	304.196502686
3.24789115646	304.020843506
3.25079365079	303.845275879
3.25369614512	303.845275879
3.25659863946	303.669830322
3.25950113379	303.845275879
3.26240362812	304.020843506
3.26530612245	304.724090576
3.26820861678	305.605438232
3.27111111111	306.666412354
3.27401360544	307.375793457
3.27691609977	308.086791992
3.2798185941	308.977874756
3.28272108844	309.692596436
3.28562358277	310.94732666
3.2885260771	312.568023682
3.29142857143	314.742095947
3.29433106576	315.83480835
3.29723356009	318.215362549
3.30013605442	319.689239502
3.30303854875	320.428741455
3.30594104308	320.613861084
3.30884353741	320.613861084
3.31174603175	320.613861084
3.31464852608	320.243713379
3.31755102041	320.243713379
3.32045351474	319.873962402
3.32335600907	319.689239502
3.3262585034	318.583190918
3.32916099773	317.114440918
3.33206349206	315.652435303
3.33496598639	314.01574707
3.33786848073	312.748626709
3.34077097506	312.20715332
3.34367346939	311.666595459
3.34657596372	311.486633301
3.34947845805	311.486633301
3.35238095238	311.486633301
3.35528344671	311.846679688
3.35818594104	312.20715332
3.36108843537	312.748626709
3.36399092971	313.472045898
3.36689342404	314.378723145
3.36979591837	315.470153809
3.3726984127	316.199890137
3.37560090703	316.748291016
3.37850340136	317.114440918
3.38140589569	317.297668457
3.38430839002	317.480987549
3.38721088435	317.480987549
3.39011337868	317.480987549
3.39301587302	317.480987549
3.39591836735	317.480987549
3.39882086168	317.297668457
3.40172335601	317.114440918
3.40462585034	316.748291016
3.40752834467	316.56539917
3.410430839	316.199890137
3.41333333333	315.83480835
3.41623582766	315.287994385
3.419138322	314.742095947
3.42204081633	314.378723145
3.42494331066	314.01574707
3.42784580499	314.01574707
3.43074829932	314.01574707
3.43365079365	314.01574707
3.43655328798	314.378723145
3.43945578231	314.56036377
3.44235827664	315.105926514
3.44526077098	315.470153809
3.44816326531	316.017303467
3.45106575964	316.382598877
3.45396825397	316.748291016
3.4568707483	317.114440918
3.45977324263	317.114440918
3.46267573696	317.114440918
3.46557823129	316.748291016
3.46848072562	316.199890137
3.47138321995	315.652435303
3.47428571429	315.105926514
3.47718820862	314.56036377
3.48009070295	314.197174072
3.48299319728	314.01574707
3.48589569161	314.197174072
3.48879818594	314.197174072
3.49170068027	314.197174072
3.4946031746	314.197174072
3.49750566893	314.197174072
3.50040816327	314.01574707
3.5033106576	313.653167725
3.50621315193	312.929321289
3.50911564626	312.20715332
3.51201814059	311.306762695
3.51492063492	309.871520996
3.51782312925	307.908905029
3.52072562358	305.076324463
3.52362811791	301.224029541
3.52653061224	296.049194336
3.52943310658	292.987030029
3.53233560091	291.636291504
3.53523809524	290.795227051
3.53814058957	291.131347656
3.5410430839	291.46786499
3.54394557823	291.804779053
3.54684807256	291.46786499
3.54975056689	290.459472656
3.55265306122	288.786529541
3.55555555556	286.791748047
3.55845804989	284.81072998
3.56136054422	283.497680664
3.56426303855	283.006835938
3.56716553288	283.006835938
3.57006802721	284.153442383
3.57297052154	285.964660645
3.57587301587	288.286560059
3.5787755102	290.963226318
3.58167800454	292.817840576
3.58458049887	294.174102783
3.5874829932	295.195404053
3.59038548753	295.878234863
3.59328798186	296.049194336
3.59619047619	296.220245361
3.59909297052	296.220245361
3.60199546485	295.878234863
3.60489795918	295.365936279
3.60780045351	294.684295654
3.61070294785	294.174102783
3.61360544218	293.834442139
3.61650793651	293.495178223
3.61941043084	293.495178223
3.62231292517	293.664764404
3.6252154195	293.834442139
3.62811791383	294.514129639
3.63102040816	295.024932861
3.63392290249	295.536621094
3.63682539683	296.220245361
3.63972789116	296.562652588
3.64263038549	297.07699585
3.64553287982	297.07699585
3.64843537415	296.905426025
3.65133786848	296.391387939
3.65424036281	295.707366943
3.65714285714	295.024932861
3.66004535147	294.514129639
3.6629478458	294.004211426
3.66585034014	293.834442139
3.66875283447	293.664764404
3.6716553288	294.004211426
3.67455782313	294.344055176
3.67746031746	294.514129639
3.68036281179	294.514129639
3.68326530612	294.514129639
3.68616780045	294.514129639
3.68907029478	294.344055176
3.69197278912	294.174102783
3.69487528345	294.174102783
3.69777777778	294.174102783
3.70068027211	294.344055176
3.70358276644	294.514129639
3.70648526077	295.024932861
3.7093877551	295.365936279
3.71229024943	295.707366943
3.71519274376	296.049194336
3.7180952381	296.391387939
3.72099773243	296.905426025
3.72390022676	297.248626709
3.72680272109	297.764160156
3.72970521542	297.936218262
3.73260770975	298.10836792
3.73551020408	298.10836792
3.73841269841	298.280609131
3.74131519274	298.10836792
3.74421768707	298.10836792
3.74712018141	297.936218262
3.75002267574	297.764160156
3.75292517007	297.592224121
3.7558276644	297.592224121
3.75873015873	297.420379639
3.76163265306	297.248626709
3.76453514739	296.905426025
3.76743764172	296.391387939
3.77034013605	295.878234863
3.77324263039	295.195404053
3.77614512472	294.684295654
3.77904761905	294.344055176
3.78195011338	294.004211426
3.78485260771	294.004211426
3.78775510204	294.174102783
3.79065759637	294.514129639
3.7935600907	294.684295654
3.79646258503	294.854553223
3.79936507937	294.854553223
3.8022675737	294.854553223
3.80517006803	294.684295654
3.80807256236	294.514129639
3.81097505669	294.344055176
3.81387755102	294.344055176
3.81678004535	294.344055176
3.81968253968	294.514129639
3.82258503401	294.854553223
3.82548752834	295.024932861
3.82839002268	295.536621094
3.83129251701	295.878234863
3.83419501134	295.878234863
3.83709750567	296.220245361
3.84	296.391387939
3.84290249433	296.562652588
3.84580498866	296.562652588
3.84870748299	296.562652588
3.85160997732	296.562652588
3.85451247166	296.391387939
3.85741496599	296.049194336
3.86031746032	296.049194336
3.86321995465	295.707366943
3.86612244898	295.707366943
3.86902494331	295.878234863
3.87192743764	296.049194336
3.87482993197	296.220245361
3.8777324263	296.562652588
3.88063492063	296.905426025
3.88353741497	296.905426025
3.8864399093	297.248626709
3.88934240363	297.420379639
3.89224489796	297.420379639
3.89514739229	297.420379639
3.89804988662	297.07699585
3.90095238095	296.905426025
3.90385487528	297.07699585
3.90675736961	297.764160156
3.90965986395	299.143310547
3.91256235828	299.316162109
3.91546485261	298.280609131
3.91836734694	296.905426025
3.92126984127	295.195404053
3.9241723356	294.684295654
3.92707482993	294.004211426
3.92997732426	292.987030029
3.93287981859	291.804779053
3.93578231293	294.684295654
3.93868480726	295.707366943
3.94158730159	0.0
3.94448979592	0.0
3.94739229025	0.0
3.95029478458	0.0
3.95319727891	0.0
3.95609977324	0.0
3.95900226757	0.0
3.9619047619	0.0
3.96480725624	0.0
3.96770975057	0.0
3.9706122449	0.0
3.97351473923	0.0
3.97641723356	0.0
3.97931972789	0.0
3.98222222222	0.0
3.98512471655	0.0
3.98802721088	259.5184021
3.99092970522	259.368530273
3.99383219955	259.668365479
3.99673469388	260.720397949
3.99963718821	262.079315186
4.00253968254	263.749847412
4.00544217687	264.81842041
4.0083446712	265.277709961
4.01124716553	264.81842041
4.01414965986	263.90222168
4.0170521542	263.4453125
4.01995464853	266.352508545
4.02285714286	273.366577148
4.02575963719	277.342773438
4.02866213152	280.241424561
4.03156462585	282.35369873
4.03446712018	281.864837646
4.03736961451	277.342773438
4.04027210884	266.96862793
4.04317460317	261.927978516
4.04607709751	260.118713379
4.04897959184	258.919494629
4.05188208617	258.17276001
4.0547845805	257.725769043
4.05768707483	257.576965332
4.06058956916	257.874694824
4.06349206349	257.725769043
4.06639455782	256.982513428
4.06929705215	255.207397461
4.07219954649	254.030822754
4.07510204082	254.177597046
4.07800453515	254.765548706
4.08090702948	255.060028076
4.08380952381	256.389434814
4.08671201814	255.060028076
4.08961451247	256.982513428
4.0925170068	256.982513428
4.09541950113	256.982513428
4.09832199546	256.834106445
4.1012244898	257.428222656
4.10412698413	257.874694824
4.10702947846	254.471405029
4.10993197279	254.324447632
4.11283446712	252.713638306
4.11573696145	247.512863159
4.11863945578	250.968017578
4.12154195011	253.444564819
4.12444444444	255.650024414
4.12734693878	256.834106445
4.13024943311	257.130981445
4.13315192744	257.279571533
4.13605442177	257.279571533
4.1389569161	257.428222656
4.14185941043	257.576965332
4.14476190476	257.576965332
4.14766439909	257.725769043
4.15056689342	257.874694824
4.15346938776	258.023681641
4.15637188209	257.874694824
4.15927437642	257.576965332
4.16217687075	257.279571533
4.16507936508	256.834106445
4.16798185941	256.685821533
4.17088435374	256.685821533
4.17378684807	256.834106445
4.1766893424	257.428222656
4.17959183673	258.023681641
4.18249433107	258.321929932
4.1853968254	258.471191406
4.18829931973	258.919494629
4.19120181406	260.419372559
4.19410430839	262.989196777
4.19700680272	269.75881958
4.19990929705	273.682556152
4.20281179138	276.064147949
4.20571428571	276.862609863
4.20861678005	276.542938232
4.21151927438	275.268005371
4.21442176871	274.315643311
4.21732426304	274.474121094
4.22022675737	275.745422363
4.2231292517	277.823791504
4.22603174603	280.40335083
4.22893424036	282.35369873
4.23183673469	283.497680664
4.23473922902	283.661468506
4.23764172336	283.006835938
4.24054421769	281.702087402
4.24344671202	280.241424561
4.24634920635	278.627349854
4.24925170068	277.50302124
4.25215419501	276.862609863
4.25505668934	275.904724121
4.25795918367	272.735687256
4.260861678	288.619781494
4.26376417234	300.876251221
4.26666666667	303.494476318
4.269569161	304.372253418
4.27247165533	303.494476318
4.27537414966	300.355316162
4.27827664399	290.12411499
4.28117913832	286.129882812
4.28408163265	285.139953613
4.28698412698	284.153442383
4.28988662132	282.516845703
4.29278911565	280.565338135
4.29569160998	277.984313965
4.29859410431	276.064147949
4.30149659864	275.109039307
4.30439909297	275.745422363
4.3073015873	279.91784668
4.31020408163	287.123260498
4.31310657596	296.905426025
4.31600907029	301.57220459
4.31891156463	303.319213867
4.32181405896	303.494476318
4.32471655329	302.794036865
4.32761904762	301.746459961
4.33052154195	301.050079346
4.33342403628	300.702484131
4.33632653061	301.57220459
4.33922902494	303.144042969
4.34213151927	305.076324463
4.34503401361	307.375793457
4.34793650794	309.156402588
4.35083900227	310.76776123
4.3537414966	312.748626709
4.35664399093	314.923950195
4.35954648526	317.664428711
4.36244897959	319.873962402
4.36535147392	321.169952393
4.36825396825	321.726959229
4.37115646259	321.541168213
4.37405895692	320.799133301
4.37696145125	319.135742188
4.37986394558	317.480987549
4.38276643991	316.56539917
4.38566893424	316.382598877
4.38857142857	316.748291016
4.3914739229	317.114440918
4.39437641723	317.480987549
4.39727891156	317.664428711
4.4001814059	317.480987549
4.40308390023	317.297668457
4.40598639456	316.931304932
4.40888888889	316.382598877
4.41179138322	316.017303467
4.41469387755	315.83480835
4.41759637188	315.83480835
4.42049886621	315.83480835
4.42340136054	316.199890137
4.42630385488	316.931304932
4.42920634921	317.847961426
4.43210884354	319.135742188
4.43501133787	320.428741455
4.4379138322	321.726959229
4.44081632653	322.471160889
4.44371882086	322.657501221
4.44662131519	321.169952393
4.44952380952	319.135742188
4.45242630385	316.931304932
4.45532879819	314.923950195
4.45823129252	313.110137939
4.46113378685	311.846679688
4.46403628118	310.588317871
4.46693877551	309.871520996
4.46984126984	309.335021973
4.47274376417	309.156402588
4.4756462585	308.442932129
4.47854875283	308.086791992
4.48145124717	308.621124268
4.4843537415	308.621124268
4.48725623583	308.977874756
4.49015873016	309.156402588
4.49306122449	309.156402588
4.49596371882	308.264801025
4.49886621315	307.908905029
4.50176870748	307.198303223
4.50467120181	306.489318848
4.50757369615	305.782012939
4.51047619048	305.076324463
4.51337868481	304.372253418
4.51628117914	304.020843506
4.51918367347	303.669830322
4.5220861678	304.020843506
4.52498866213	304.372253418
4.52789115646	304.900146484
4.53079365079	304.900146484
4.53369614512	305.428955078
4.53659863946	305.428955078
4.53950113379	305.076324463
4.54240362812	304.548126221
4.54530612245	304.372253418
4.54820861678	303.845275879
4.55111111111	303.669830322
4.55401360544	303.845275879
4.55691609977	303.669830322
4.5598185941	302.968994141
4.56272108844	301.920806885
4.56562358277	301.224029541
4.5685260771	300.008544922
4.57142857143	298.797943115
4.57433106576	298.625396729
4.57723356009	298.797943115
4.58013605442	299.143310547
4.58303854875	299.835296631
4.58594104308	300.355316162
4.58884353741	301.57220459
4.59174603175	302.444458008
4.59464852608	302.968994141
4.59755102041	303.669830322
4.60045351474	303.845275879
4.60335600907	304.196502686
4.6062585034	304.548126221
4.60916099773	304.548126221
4.61206349206	304.372253418
4.61496598639	304.020843506
4.61786848073	304.020843506
4.62077097506	303.669830322
4.62367346939	303.319213867
4.62657596372	303.144042969
4.62947845805	302.968994141
4.63238095238	302.61920166
4.63528344671	302.269805908
4.63818594104	302.095245361
4.64108843537	301.920806885
4.64399092971	301.746459961
4.64689342404	301.746459961
4.64979591837	301.746459961
4.6526984127	301.920806885
4.65560090703	301.920806885
4.65850340136	302.269805908
4.66140589569	302.444458008
4.66430839002	302.61920166
4.66721088435	302.794036865
4.67011337868	303.144042969
4.67301587302	303.144042969
4.67591836735	303.319213867
4.67882086168	303.494476318
4.68172335601	303.494476318
4.68462585034	303.319213867
4.68752834467	302.968994141
4.690430839	302.61920166
4.69333333333	302.269805908
4.69623582766	301.920806885
4.699138322	301.398071289
4.70204081633	301.224029541
4.70494331066	300.876251221
4.70784580499	300.702484131
4.71074829932	300.702484131
4.71365079365	300.702484131
4.71655328798	301.050079346
4.71945578231	301.398071289
4.72235827664	302.269805908
4.72526077098	303.144042969
4.72816326531	304.020843506
4.73106575964	305.076324463
4.73396825397	305.605438232
4.7368707483	306.135467529
4.73977324263	306.135467529
4.74267573696	305.958679199
4.74557823129	305.782012939
4.74848072562	305.605438232
4.75138321995	305.428955078
4.75428571429	305.605438232
4.75718820862	305.252593994
4.76009070295	305.076324463
4.76299319728	304.020843506
4.76589569161	302.269805908
4.76879818594	299.489105225
4.77170068027	297.764160156
4.7746031746	296.562652588
4.77750566893	296.562652588
4.78040816327	297.592224121
4.7833106576	299.489105225
4.78621315193	301.920806885
4.78911564626	304.020843506
4.79201814059	305.782012939
4.79492063492	306.135467529
4.79782312925	305.605438232
4.80072562358	304.372253418
4.80362811791	303.319213867
4.80653061224	302.968994141
4.80943310658	302.794036865
4.81233560091	303.319213867
4.81523809524	304.020843506
4.81814058957	304.372253418
4.8210430839	304.196502686
4.82394557823	302.968994141
4.82684807256	301.57220459
4.82975056689	300.702484131
4.83265306122	300.876251221
4.83555555556	301.920806885
4.83845804989	304.020843506
4.84136054422	308.264801025
4.84426303855	316.382598877
4.84716553288	321.169952393
4.85006802721	327.161621094
4.85297052154	339.286376953
4.85587301587	343.030487061
4.8587755102	344.420288086
4.86167800454	345.017669678
4.86458049887	344.420288086
4.8674829932	342.436584473
4.87038548753	339.67855835
4.87328798186	339.482421875
4.87619047619	344.022644043
4.87909297052	347.618164062
4.88199546485	349.631896973
4.88489795918	350.845733643
4.88780045351	351.657318115
4.89070294785	351.86050415
4.89360544218	351.251281738
4.89650793651	349.83392334
4.89941043084	348.623596191
4.90231292517	347.819030762
4.9052154195	347.016326904
4.90811791383	346.615661621
4.91102040816	346.415496826
4.91392290249	347.016326904
4.91682539683	347.819030762
4.91972789116	348.422271729
4.92263038549	348.422271729
4.92553287982	348.221069336
4.92843537415	347.819030762
4.93133786848	346.815948486
4.93424036281	345.416473389
4.93714285714	345.017669678
4.94004535147	346.015533447
4.9429478458	346.615661621
4.94585034014	347.016326904
4.94875283447	346.815948486
4.9516553288	346.815948486
4.95455782313	346.615661621
4.95746031746	346.015533447
4.96036281179	345.815734863
4.96326530612	346.015533447
4.96616780045	346.415496826
4.96907029478	346.415496826
4.97197278912	346.415496826
4.97487528345	346.415496826
4.97777777778	346.015533447
4.98068027211	345.815734863
4.98358276644	345.61605835
4.98648526077	345.61605835
4.9893877551	345.61605835
4.99229024943	345.416473389
4.99519274376	345.416473389
4.9980952381	345.217010498
5.00099773243	345.217010498
5.00390022676	345.416473389
5.00680272109	345.815734863
5.00970521542	346.415496826
5.01260770975	347.216827393
5.01551020408	348.019989014
5.01841269841	348.019989014
5.02131519274	348.422271729
5.02421768707	348.825012207
5.02712018141	349.430023193
5.03002267574	350.643157959
5.03292517007	351.048461914
5.0358276644	351.45425415
5.03873015873	351.86050415
5.04163265306	352.267211914
5.04453514739	352.878173828
5.04743764172	353.286071777
5.05034013605	353.898803711
5.05324263039	355.53793335
5.05614512472	355.127441406
5.05904761905	355.948913574
5.06195011338	356.360351562
5.06485260771	356.154571533
5.06775510204	357.184661865
5.07065759637	356.978424072
5.0735600907	356.772277832
5.07646258503	356.360351562
5.07936507937	356.154571533
5.0822675737	356.566253662
5.08517006803	356.978424072
5.08807256236	357.391052246
5.09097505669	357.804168701
5.09387755102	358.21774292
5.09678004535	359.046386719
5.09968253968	359.87689209
5.10258503401	359.87689209
5.10548752834	360.084838867
5.10839002268	359.87689209
5.11129251701	359.6690979
5.11419501134	359.253814697
5.11709750567	359.046386719
5.12	359.461395264
5.12290249433	359.87689209
5.12580498866	360.292877197
5.12870748299	361.126312256
5.13160997732	361.543731689
5.13451247166	361.961639404
5.13741496599	361.961639404
5.14031746032	362.170776367
5.14321995465	361.543731689
5.14612244898	361.126312256
5.14902494331	360.501068115
5.15192743764	359.6690979
5.15482993197	359.253814697
5.1577324263	359.046386719
5.16063492063	359.253814697
5.16353741497	359.6690979
5.1664399093	358.424743652
5.16934240363	358.839050293
5.17224489796	358.839050293
5.17514739229	358.631835938
5.17804988662	360.084838867
5.18095238095	359.87689209
5.18385487528	359.87689209
5.18675736961	360.292877197
5.18965986395	360.709350586
5.19256235828	361.334960938
5.19546485261	361.752624512
5.19836734694	362.3800354
5.20126984127	362.589416504
5.2041723356	362.589416504
5.20707482993	362.3800354
5.20997732426	361.961639404
5.21287981859	361.543731689
5.21578231293	361.126312256
5.21868480726	360.709350586
5.22158730159	360.917785645
5.22448979592	360.917785645
5.22739229025	360.917785645
5.23029478458	361.126312256
5.23319727891	361.334960938
5.23609977324	361.334960938
5.23900226757	361.126312256
5.2419047619	361.126312256
5.24480725624	360.709350586
5.24770975057	360.084838867
5.2506122449	359.6690979
5.25351473923	359.253814697
5.25641723356	358.839050293
5.25931972789	358.424743652
5.26222222222	357.804168701
5.26512471655	357.391052246
5.26802721088	357.804168701
5.27092970522	357.804168701
5.27383219955	357.597564697
5.27673469388	357.391052246
5.27963718821	356.566253662
5.28253968254	356.978424072
5.28544217687	357.184661865
5.2883446712	357.597564697
5.29124716553	358.010894775
5.29414965986	358.424743652
5.2970521542	358.631835938
5.29995464853	358.839050293
5.30285714286	359.046386719
5.30575963719	359.253814697
5.30866213152	359.253814697
5.31156462585	359.461395264
5.31446712018	359.461395264
5.31736961451	359.6690979
5.32027210884	359.6690979
5.32317460317	359.461395264
5.32607709751	359.461395264
5.32897959184	359.253814697
5.33188208617	359.253814697
5.3347845805	359.046386719
5.33768707483	358.839050293
5.34058956916	358.631835938
5.34349206349	358.424743652
5.34639455782	358.21774292
5.34929705215	358.010894775
5.35219954649	358.21774292
5.35510204082	358.424743652
5.35800453515	358.424743652
5.36090702948	358.631835938
5.36380952381	359.046386719
5.36671201814	359.253814697
5.36961451247	359.6690979
5.3725170068	359.6690979
5.37541950113	359.6690979
5.37832199546	359.6690979
5.3812244898	359.87689209
5.38412698413	359.87689209
5.38702947846	360.292877197
5.38993197279	360.501068115
5.39283446712	360.709350586
5.39573696145	360.709350586
5.39863945578	360.709350586
5.40154195011	360.709350586
5.40444444444	360.501068115
5.40734693878	360.084838867
5.41024943311	359.87689209
5.41315192744	359.461395264
5.41605442177	359.046386719
5.4189569161	358.631835938
5.42185941043	358.21774292
5.42476190476	357.804168701
5.42766439909	357.391052246
5.43056689342	357.184661865
5.43346938776	357.184661865
5.43637188209	357.184661865
5.43927437642	357.184661865
5.44217687075	357.597564697
5.44507936508	357.804168701
5.44798185941	358.010894775
5.45088435374	358.010894775
5.45378684807	358.21774292
5.4566893424	358.424743652
5.45959183673	358.21774292
5.46249433107	358.21774292
5.4653968254	357.804168701
5.46829931973	357.804168701
5.47120181406	357.804168701
5.47410430839	358.21774292
5.47700680272	358.424743652
5.47990929705	358.839050293
5.48281179138	358.839050293
5.48571428571	359.046386719
5.48861678005	359.046386719
5.49151927438	358.839050293
5.49442176871	358.839050293
5.49732426304	358.21774292
5.50022675737	357.597564697
5.5031292517	357.391052246
5.50603174603	357.184661865
5.50893424036	356.772277832
5.51183673469	356.978424072
5.51473922902	356.978424072
5.51764172336	357.391052246
5.52054421769	357.184661865
5.52344671202	356.360351562
5.52634920635	355.743377686
5.52925170068	355.743377686
5.53215419501	356.154571533
5.53505668934	357.391052246
5.53795918367	358.21774292
5.540861678	358.631835938
5.54376417234	358.839050293
5.54666666667	358.631835938
5.549569161	358.839050293
5.55247165533	358.010894775
5.55537414966	356.772277832
5.55827664399	355.332641602
5.56117913832	351.251281738
5.56408163265	352.674407959
5.56698412698	353.69442749
5.56988662132	353.490203857
5.57278911565	352.878173828
5.57569160998	351.45425415
5.57859410431	351.048461914
5.58149659864	352.878173828
5.58439909297	355.127441406
5.5873015873	357.804168701
5.59020408163	359.046386719
5.59310657596	359.6690979
5.59600907029	359.461395264
5.59891156463	358.631835938
5.60181405896	357.597564697
5.60471655329	356.154571533
5.60761904762	356.154571533
5.61052154195	356.154571533
5.61342403628	357.184661865
5.61632653061	357.597564697
5.61922902494	358.21774292
5.62213151927	358.839050293
5.62503401361	360.292877197
5.62793650794	363.638153076
5.63083900227	365.111450195
5.6337414966	365.533477783
5.63664399093	364.05847168
5.63954648526	361.961639404
5.64244897959	359.253814697
5.64535147392	356.566253662
5.64825396825	349.228240967
5.65115646259	351.657318115
5.65405895692	353.898803711
5.65696145125	356.154571533
5.65986394558	357.804168701
5.66276643991	300.181884766
5.66566893424	294.684295654
5.66857142857	284.646270752
5.6714739229	281.539398193
5.67437641723	282.516845703
5.67727891156	285.964660645
5.6801814059	288.786529541
5.68308390023	290.459472656
5.68598639456	292.310882568
5.68888888889	296.220245361
5.69179138322	300.355316162
5.69469387755	305.252593994
5.69759637188	312.387542725
5.70049886621	322.098846436
5.70340136054	330.390045166
5.70630385488	337.332244873
5.70920634921	341.64630127
5.71210884354	345.416473389
5.71501133787	348.623596191
5.7179138322	354.922363281
5.72081632653	360.501068115
5.72371882086	366.378997803
5.72662131519	371.064544678
5.72952380952	371.92288208
5.73242630385	375.159362793
5.73532879819	379.299346924
5.73823129252	384.372070312
5.74113378685	388.613739014
5.74403628118	395.635040283
5.74693877551	401.389678955
5.74984126984	402.085845947
5.75274376417	400.232086182
5.7556462585	397.467498779
5.75854875283	395.178253174
5.76145124717	393.583618164
5.7643537415	392.221923828
5.76725623583	391.316741943
5.77015873016	391.769073486
5.77306122449	392.221923828
5.77596371882	393.129211426
5.77886621315	393.811035156
5.78176870748	394.494049072
5.78467120181	394.494049072
5.78757369615	394.494049072
5.79047619048	394.494049072
5.79337868481	394.266235352
5.79628117914	394.038574219
5.79918367347	393.811035156
5.8020861678	393.811035156
5.80498866213	393.35635376
5.80789115646	393.129211426
5.81079365079	392.902191162
5.81369614512	392.675292969
5.81659863946	392.221923828
5.81950113379	391.995422363
5.82240362812	391.769073486
5.82530612245	391.54284668
5.82820861678	391.54284668
5.83111111111	391.54284668
5.83401360544	391.54284668
5.83691609977	391.54284668
5.8398185941	391.316741943
5.84272108844	391.316741943
5.84562358277	391.316741943
5.8485260771	391.316741943
5.85142857143	391.090789795
5.85433106576	391.316741943
5.85723356009	391.316741943
5.86013605442	391.316741943
5.86303854875	391.316741943
5.86594104308	391.316741943
5.86884353741	391.090789795
5.87174603175	390.864929199
5.87464852608	390.639221191
5.87755102041	390.639221191
5.88045351474	390.413665771
5.88335600907	390.639221191
5.8862585034	390.639221191
5.88916099773	390.639221191
5.89206349206	390.639221191
5.89496598639	390.864929199
5.89786848073	391.090789795
5.90077097506	391.316741943
5.90367346939	391.54284668
5.90657596372	391.769073486
5.90947845805	391.995422363
5.91238095238	392.221923828
5.91528344671	392.675292969
5.91818594104	393.129211426
5.92108843537	393.811035156
5.92399092971	394.266235352
5.92689342404	394.266235352
5.92979591837	394.266235352
5.9326984127	394.266235352
5.93560090703	394.038574219
5.93850340136	394.266235352
5.94140589569	395.178253174
5.94430839002	396.092346191
5.94721088435	397.237976074
5.95011337868	398.386901855
5.95301587302	399.077850342
5.95591836735	400.000976562
5.95882086168	400.926239014
5.96172335601	402.085845947
5.96462585034	403.248779297
5.96752834467	404.648773193
5.970430839	405.584777832
5.97333333333	405.350585938
5.97623582766	405.350585938
5.979138322	404.648773193
5.98204081633	404.648773193
5.98494331066	403.714904785
5.98784580499	402.783203125
5.99074829932	402.318145752
5.99365079365	401.389678955
5.99655328798	400.926239014
5.99945578231	400.463348389
6.00235827664	400.000976562
6.00526077098	399.539154053
6.00816326531	399.308441162
6.01106575964	399.077850342
6.01396825397	399.077850342
6.0168707483	399.308441162
6.01977324263	399.539154053
6.02267573696	399.539154053
6.02557823129	399.769989014
6.02848072562	399.769989014
6.03138321995	399.769989014
6.03428571429	399.539154053
6.03718820862	399.308441162
6.04009070295	398.386901855
6.04299319728	398.156829834
6.04589569161	397.926940918
6.04879818594	397.926940918
6.05170068027	398.847381592
6.0546031746	399.077850342
6.05750566893	399.077850342
6.06040816327	399.077850342
6.0633106576	399.308441162
6.06621315193	399.308441162
6.06911564626	399.308441162
6.07201814059	399.077850342
6.07492063492	398.61706543
6.07782312925	398.386901855
6.08072562358	397.697143555
6.08362811791	397.697143555
6.08653061224	397.467498779
6.08943310658	397.237976074
6.09233560091	397.237976074
6.09523809524	397.237976074
6.09814058957	397.467498779
6.1010430839	397.467498779
6.10394557823	397.697143555
6.10684807256	397.697143555
6.10975056689	397.697143555
6.11265306122	397.697143555
6.11555555556	397.697143555
6.11845804989	397.697143555
6.12136054422	397.926940918
6.12426303855	398.156829834
6.12716553288	398.386901855
6.13006802721	398.61706543
6.13297052154	398.847381592
6.13587301587	399.077850342
6.1387755102	399.308441162
6.14167800454	399.308441162
6.14458049887	399.308441162
6.1474829932	399.308441162
6.15038548753	399.308441162
6.15328798186	399.077850342
6.15619047619	399.077850342
6.15909297052	398.847381592
6.16199546485	398.61706543
6.16489795918	398.61706543
6.16780045351	398.386901855
6.17070294785	398.156829834
6.17360544218	397.697143555
6.17650793651	397.467498779
6.17941043084	397.467498779
6.18231292517	397.467498779
6.1852154195	397.237976074
6.18811791383	397.237976074
6.19102040816	397.008575439
6.19392290249	396.779327393
6.19682539683	396.550201416
6.19972789116	396.321228027
6.20263038549	396.092346191
6.20553287982	395.863616943
6.20843537415	395.635040283
6.21133786848	395.406585693
6.21424036281	395.178253174
6.21714285714	394.950042725
6.22004535147	394.721984863
6.2229478458	394.721984863
6.22585034014	394.721984863
6.22875283447	394.721984863
6.2316553288	394.494049072
6.23455782313	394.494049072
6.23746031746	394.494049072
6.24036281179	394.266235352
6.24326530612	394.266235352
6.24616780045	394.266235352
6.24907029478	394.266235352
6.25197278912	394.038574219
6.25487528345	394.266235352
6.25777777778	394.038574219
6.26068027211	394.038574219
6.26358276644	394.038574219
6.26648526077	394.038574219
6.2693877551	394.038574219
6.27229024943	393.811035156
6.27519274376	393.35635376
6.2780952381	393.129211426
6.28099773243	393.583618164
6.28390022676	393.583618164
6.28680272109	393.811035156
6.28970521542	394.038574219
6.29260770975	394.266235352
6.29551020408	394.721984863
6.29841269841	395.178253174
6.30131519274	395.406585693
6.30421768707	395.635040283
6.30712018141	395.863616943
6.31002267574	396.092346191
6.31292517007	396.321228027
6.3158276644	396.550201416
6.31873015873	396.779327393
6.32163265306	397.008575439
6.32453514739	397.008575439
6.32743764172	397.237976074
6.33034013605	397.467498779
6.33324263039	397.697143555
6.33614512472	397.697143555
6.33904761905	397.926940918
6.34195011338	398.156829834
6.34485260771	398.386901855
6.34775510204	398.61706543
6.35065759637	398.61706543
6.3535600907	398.847381592
6.35646258503	398.61706543
6.35936507937	398.61706543
6.3622675737	398.61706543
6.36517006803	398.847381592
6.36807256236	399.077850342
6.37097505669	399.077850342
6.37387755102	399.539154053
6.37678004535	399.769989014
6.37968253968	399.769989014
6.38258503401	399.769989014
6.38548752834	399.308441162
6.38839002268	399.308441162
6.39129251701	399.539154053
6.39419501134	399.769989014
6.39709750567	399.769989014
6.4	400.000976562
6.40290249433	400.000976562
6.40580498866	400.232086182
6.40870748299	400.000976562
6.41160997732	400.000976562
6.41451247166	400.000976562
6.41741496599	400.232086182
6.42031746032	400.232086182
6.42321995465	400.232086182
6.42612244898	400.232086182
6.42902494331	400.463348389
6.43192743764	400.232086182
6.43482993197	400.463348389
6.4377324263	400.463348389
6.44063492063	400.463348389
6.44353741497	400.232086182
6.4464399093	400.232086182
6.44934240363	400.000976562
6.45224489796	400.000976562
6.45514739229	399.769989014
6.45804988662	399.308441162
6.46095238095	398.847381592
6.46385487528	398.386901855
6.46675736961	398.156829834
6.46965986395	397.467498779
6.47256235828	397.467498779
6.47546485261	397.237976074
6.47836734694	397.237976074
6.48126984127	397.237976074
6.4841723356	397.008575439
6.48707482993	397.008575439
6.48997732426	397.008575439
6.49287981859	397.237976074
6.49578231293	397.697143555
6.49868480726	397.926940918
6.50158730159	398.156829834
6.50448979592	398.386901855
6.50739229025	398.386901855
6.51029478458	398.386901855
6.51319727891	398.156829834
6.51609977324	398.156829834
6.51900226757	398.156829834
6.5219047619	398.156829834
6.52480725624	398.386901855
6.52770975057	398.386901855
6.5306122449	398.156829834
6.53351473923	398.156829834
6.53641723356	398.386901855
6.53931972789	398.386901855
6.54222222222	398.386901855
6.54512471655	398.61706543
6.54802721088	398.847381592
6.55092970522	398.61706543
6.55383219955	398.61706543
6.55673469388	398.847381592
6.55963718821	398.847381592
6.56253968254	398.847381592
6.56544217687	398.847381592
6.5683446712	399.077850342
6.57124716553	399.077850342
6.57414965986	399.077850342
6.5770521542	399.077850342
6.57995464853	398.847381592
6.58285714286	398.847381592
6.58575963719	398.61706543
6.58866213152	398.386901855
6.59156462585	398.386901855
6.59446712018	398.61706543
6.59736961451	398.386901855
6.60027210884	398.61706543
6.60317460317	398.386901855
6.60607709751	398.156829834
6.60897959184	397.926940918
6.61188208617	397.237976074
6.6147845805	396.550201416
6.61768707483	396.321228027
6.62058956916	395.863616943
6.62349206349	395.863616943
6.62639455782	396.092346191
6.62929705215	396.321228027
6.63219954649	396.321228027
6.63510204082	396.779327393
6.63800453515	397.237976074
6.64090702948	397.467498779
6.64380952381	397.926940918
6.64671201814	397.926940918
6.64961451247	397.697143555
6.6525170068	397.697143555
6.65541950113	397.697143555
6.65832199546	397.697143555
6.6612244898	397.926940918
6.66412698413	397.926940918
6.66702947846	397.926940918
6.66993197279	398.156829834
6.67283446712	398.847381592
6.67573696145	399.308441162
6.67863945578	399.539154053
6.68154195011	399.539154053
6.68444444444	399.308441162
6.68734693878	398.847381592
6.69024943311	398.386901855
6.69315192744	398.156829834
6.69605442177	397.697143555
6.6989569161	396.779327393
6.70185941043	395.863616943
6.70476190476	395.178253174
6.70766439909	394.494049072
6.71056689342	393.583618164
6.71346938776	392.902191162
6.71637188209	392.675292969
6.71927437642	392.902191162
6.72217687075	393.35635376
6.72507936508	393.583618164
6.72798185941	393.35635376
6.73088435374	393.35635376
6.73378684807	392.902191162
6.7366893424	392.902191162
6.73959183673	394.038574219
6.74249433107	396.321228027
6.7453968254	397.926940918
6.74829931973	399.077850342
6.75120181406	399.539154053
6.75410430839	400.232086182
6.75700680272	399.769989014
6.75990929705	398.61706543
6.76281179138	396.779327393
6.76571428571	394.038574219
6.76861678005	392.221923828
6.77151927438	0.0
6.77442176871	0.0
6.77732426304	0.0
6.78022675737	0.0
6.7831292517	0.0
6.78603174603	0.0
6.78893424036	0.0
6.79183673469	0.0
6.79473922902	0.0
6.79764172336	0.0
6.80054421769	0.0
6.80344671202	0.0
6.80634920635	0.0
6.80925170068	0.0
6.81215419501	0.0
6.81505668934	0.0
6.81795918367	0.0
6.820861678	0.0
6.82376417234	0.0
6.82666666667	0.0
6.829569161	0.0
6.83247165533	0.0
6.83537414966	0.0
6.83827664399	0.0
6.84117913832	0.0
6.84408163265	0.0
6.84698412698	0.0
6.84988662132	0.0
6.85278911565	0.0
6.85569160998	0.0
6.85859410431	0.0
6.86149659864	0.0
6.86439909297	0.0
6.8673015873	0.0
6.87020408163	0.0
6.87310657596	0.0
6.87600907029	0.0
6.87891156463	0.0
6.88181405896	0.0
6.88471655329	0.0
6.88761904762	0.0
6.89052154195	0.0
6.89342403628	0.0
6.89632653061	0.0
6.89922902494	0.0
6.90213151927	0.0
6.90503401361	0.0
6.90793650794	0.0
6.91083900227	0.0
6.9137414966	0.0
6.91664399093	0.0
6.91954648526	0.0
6.92244897959	0.0
6.92535147392	0.0
6.92825396825	0.0
6.93115646259	0.0
6.93405895692	0.0
6.93696145125	0.0
6.93986394558	0.0
6.94276643991	0.0
6.94566893424	0.0
6.94857142857	0.0
6.9514739229	0.0
6.95437641723	0.0
6.95727891156	0.0
6.9601814059	0.0
6.96308390023	0.0
6.96598639456	0.0
6.96888888889	0.0
6.97179138322	0.0
6.97469387755	0.0
6.97759637188	0.0
6.98049886621	0.0
6.98340136054	0.0
6.98630385488	0.0
6.98920634921	0.0
6.99210884354	0.0
6.99501133787	0.0
6.9979138322	0.0
7.00081632653	0.0
7.00371882086	0.0
7.00662131519	0.0
7.00952380952	0.0
7.01242630385	0.0
7.01532879819	0.0
7.01823129252	0.0
7.02113378685	0.0
7.02403628118	0.0
7.02693877551	0.0
7.02984126984	0.0
7.03274376417	0.0
7.0356462585	0.0
7.03854875283	0.0
7.04145124717	0.0
7.0443537415	0.0
7.04725623583	0.0
7.05015873016	0.0
7.05306122449	0.0
7.05596371882	0.0
7.05886621315	0.0
7.06176870748	0.0
7.06467120181	0.0
7.06757369615	0.0
7.07047619048	0.0
7.07337868481	0.0
