0.0	0.0
0.00290249433107	0.0
0.00580498866213	0.0
0.0087074829932	0.0
0.0116099773243	0.0
0.0145124716553	0.0
0.0174149659864	0.0
0.0203174603175	0.0
0.0232199546485	0.0
0.0261224489796	0.0
0.0290249433107	0.0
0.0319274376417	0.0
0.0348299319728	0.0
0.0377324263039	0.0
0.0406349206349	0.0
0.043537414966	0.0
0.0464399092971	0.0
0.0493424036281	0.0
0.0522448979592	0.0
0.0551473922902	0.0
0.0580498866213	0.0
0.0609523809524	0.0
0.0638548752834	0.0
0.0667573696145	0.0
0.0696598639456	0.0
0.0725623582766	0.0
0.0754648526077	0.0
0.0783673469388	0.0
0.0812698412698	0.0
0.0841723356009	0.0
0.087074829932	0.0
0.089977324263	0.0
0.0928798185941	0.0
0.0957823129252	0.0
0.0986848072562	0.0
0.101587301587	0.0
0.104489795918	0.0
0.107392290249	0.0
0.11029478458	0.0
0.113197278912	0.0
0.116099773243	0.0
0.119002267574	0.0
0.121904761905	0.0
0.124807256236	292.310882568
0.127709750567	295.365936279
0.130612244898	296.905426025
0.133514739229	297.248626709
0.13641723356	296.220245361
0.139319727891	295.195404053
0.142222222222	292.817840576
0.145124716553	290.459472656
0.148027210884	288.286560059
0.150929705215	286.62612915
0.153832199546	285.3046875
0.156734693878	285.139953613
0.159637188209	285.469543457
0.16253968254	285.964660645
0.165442176871	286.62612915
0.168344671202	287.289154053
0.171247165533	287.953704834
0.174149659864	288.453125
0.177052154195	288.453125
0.179954648526	288.286560059
0.182857142857	288.12008667
0.185759637188	287.953704834
0.188662131519	287.787414551
0.19156462585	287.621246338
0.194467120181	287.45513916
0.197369614512	287.45513916
0.200272108844	287.621246338
0.203174603175	287.787414551
0.206077097506	288.286560059
0.208979591837	288.786529541
0.211882086168	289.287414551
0.214784580499	289.956573486
0.21768707483	290.459472656
0.220589569161	290.963226318
0.223492063492	291.299560547
0.226394557823	291.804779053
0.229297052154	292.479766846
0.232199546485	293.325714111
0.235102040816	294.174102783
0.238004535147	295.536621094
0.240907029478	296.733978271
0.24380952381	298.280609131
0.246712018141	299.489105225
0.249614512472	300.528869629
0.252517006803	301.746459961
0.255419501134	302.968994141
0.258321995465	304.548126221
0.261224489796	306.489318848
0.264126984127	308.621124268
0.267029478458	310.76776123
0.269931972789	313.110137939
0.27283446712	315.105926514
0.275736961451	316.56539917
0.278639455782	316.931304932
0.281541950113	315.287994385
0.284444444444	312.568023682
0.287346938776	309.335021973
0.290249433107	306.135467529
0.293151927438	304.196502686
0.296054421769	303.319213867
0.2989569161	302.61920166
0.301859410431	302.444458008
0.304761904762	301.224029541
0.307664399093	298.452941895
0.310566893424	345.815734863
0.313469387755	347.819030762
0.316371882086	349.228240967
0.319274376417	350.03604126
0.322176870748	350.643157959
0.325079365079	351.45425415
0.32798185941	353.286071777
0.330884353741	354.307861328
0.333786848073	354.512573242
0.336689342404	354.717407227
0.339591836735	354.717407227
0.342494331066	354.103271484
0.345396825397	352.878173828
0.348299319728	352.267211914
0.351201814059	352.878173828
0.35410430839	353.69442749
0.357006802721	354.103271484
0.359909297052	354.512573242
0.362811791383	354.717407227
0.365714285714	354.922363281
0.368616780045	354.512573242
0.371519274376	353.286071777
0.374421768707	351.86050415
0.377324263039	351.048461914
0.38022675737	349.83392334
0.383129251701	348.825012207
0.386031746032	348.221069336
0.388934240363	348.623596191
0.391836734694	352.674407959
0.394739229025	357.391052246
0.397641723356	356.154571533
0.400544217687	355.53793335
0.403446712018	358.21774292
0.406349206349	358.839050293
0.40925170068	362.170776367
0.412154195011	365.322387695
0.415056689342	367.226501465
0.417959183673	367.86340332
0.420861678005	370.636138916
0.423764172336	371.278961182
0.426666666667	372.567932129
0.429569160998	373.645507812
0.432471655329	374.50982666
0.43537414966	375.37612915
0.438276643991	375.810028076
0.441179138322	376.027160645
0.444081632653	375.593017578
0.446984126984	375.159362793
0.449886621315	374.50982666
0.452789115646	374.293548584
0.455691609977	374.077423096
0.458594104308	374.293548584
0.461496598639	374.942718506
0.464399092971	375.37612915
0.467301587302	375.593017578
0.470204081633	375.37612915
0.473106575964	375.159362793
0.476009070295	374.726196289
0.478911564626	373.645507812
0.481814058957	372.352783203
0.484716553288	370.636138916
0.487619047619	370.208190918
0.49052154195	370.636138916
0.493424036281	367.86340332
0.496326530612	368.501434326
0.499229024943	368.927368164
0.502131519274	368.501434326
0.505034013605	367.651000977
0.507936507937	369.567230225
0.510839002268	368.714324951
0.513741496599	368.714324951
0.51664399093	369.353820801
0.519546485261	369.994415283
0.522448979592	371.064544678
0.525351473923	372.137786865
0.528253968254	372.567932129
0.531156462585	372.783203125
0.534058956916	372.567932129
0.536961451247	372.137786865
0.539863945578	371.92288208
0.542766439909	371.708129883
0.54566893424	371.708129883
0.548571428571	371.92288208
0.551473922902	372.352783203
0.554376417234	372.567932129
0.557278911565	372.783203125
0.560181405896	372.998596191
0.563083900227	372.998596191
0.565986394558	373.214111328
0.568888888889	373.214111328
0.57179138322	373.214111328
0.574693877551	373.429748535
0.577596371882	373.429748535
0.580498866213	373.645507812
0.583401360544	373.645507812
0.586303854875	374.077423096
0.589206349206	374.077423096
0.592108843537	374.293548584
0.595011337868	374.293548584
0.5979138322	374.293548584
0.600816326531	374.293548584
0.603718820862	374.293548584
0.606621315193	374.50982666
0.609523809524	374.50982666
0.612426303855	374.726196289
0.615328798186	374.942718506
0.618231292517	375.37612915
0.621133786848	375.593017578
0.624036281179	375.810028076
0.62693877551	376.027160645
0.629841269841	376.244415283
0.632743764172	376.027160645
0.635646258503	375.810028076
0.638548752834	375.593017578
0.641451247166	375.159362793
0.644353741497	374.50982666
0.647256235828	373.645507812
0.650158730159	372.998596191
0.65306122449	372.137786865
0.655963718821	371.493469238
0.658866213152	371.064544678
0.661768707483	370.850280762
0.664671201814	370.850280762
0.667573696145	370.850280762
0.670476190476	370.636138916
0.673378684807	370.636138916
0.676281179138	370.636138916
0.679183673469	370.636138916
0.6820861678	370.636138916
0.684988662132	370.636138916
0.687891156463	370.636138916
0.690793650794	370.850280762
0.693696145125	371.064544678
0.696598639456	370.850280762
0.699501133787	370.850280762
0.702403628118	370.850280762
0.705306122449	371.064544678
0.70820861678	371.064544678
0.711111111111	371.064544678
0.714013605442	371.278961182
0.716916099773	371.278961182
0.719818594104	371.493469238
0.722721088435	371.493469238
0.725623582766	371.493469238
0.728526077098	371.493469238
0.731428571429	371.708129883
0.73433106576	371.92288208
0.737233560091	371.92288208
0.740136054422	372.137786865
0.743038548753	372.137786865
0.745941043084	372.137786865
0.748843537415	371.92288208
0.751746031746	371.708129883
0.754648526077	371.278961182
0.757551020408	370.850280762
0.760453514739	370.850280762
0.76335600907	370.636138916
0.766258503401	370.636138916
0.769160997732	370.850280762
0.772063492063	370.850280762
0.774965986395	370.850280762
0.777868480726	370.850280762
0.780770975057	371.064544678
0.783673469388	370.850280762
0.786575963719	370.850280762
0.78947845805	370.850280762
0.792380952381	370.850280762
0.795283446712	371.064544678
0.798185941043	371.278961182
0.801088435374	371.278961182
0.803990929705	371.708129883
0.806893424036	371.92288208
0.809795918367	372.352783203
0.812698412698	372.783203125
0.815600907029	373.429748535
0.818503401361	374.077423096
0.821405895692	374.942718506
0.824308390023	375.37612915
0.827210884354	375.593017578
0.830113378685	375.37612915
0.833015873016	376.244415283
0.835918367347	377.114746094
0.838820861678	378.64263916
0.841723356009	379.080322266
0.84462585034	378.205474854
0.847528344671	377.55065918
0.850430839002	376.46182251
0.853333333333	375.593017578
0.856235827664	375.37612915
0.859138321995	375.159362793
0.862040816327	374.942718506
0.864943310658	374.293548584
0.867845804989	373.645507812
0.87074829932	373.429748535
0.873650793651	373.429748535
0.876553287982	374.077423096
0.879455782313	374.726196289
0.882358276644	375.810028076
0.885260770975	377.768798828
0.888163265306	439.238189697
0.891065759637	439.238189697
0.893968253968	438.731048584
0.896870748299	437.971466064
0.89977324263	439.238189697
0.902675736961	439.238189697
0.905578231293	438.731048584
0.908480725624	438.477722168
0.911383219955	434.946166992
0.914285714286	435.952270508
0.917188208617	436.456207275
0.920090702948	436.204162598
0.922993197279	436.204162598
0.92589569161	435.448913574
0.928798185941	434.695007324
0.931700680272	434.193115234
0.934603174603	433.691802979
0.937505668934	433.441375732
0.940408163265	433.191070557
0.943310657596	432.940917969
0.946213151927	432.940917969
0.949115646259	432.690917969
0.95201814059	432.441070557
0.954920634921	432.191345215
0.957823129252	432.191345215
0.960725623583	431.941772461
0.963628117914	431.941772461
0.966530612245	432.940917969
0.969433106576	432.191345215
0.972335600907	432.191345215
0.975238095238	432.191345215
0.978140589569	431.941772461
0.9810430839	431.692352295
0.983945578231	431.692352295
0.986848072562	430.696075439
0.989750566893	430.447357178
0.992653061224	429.950378418
0.995555555556	429.70211792
0.998458049887	429.205993652
1.00136054422	428.215454102
1.00426303855	426.980499268
1.00716553288	425.995117188
1.01006802721	425.74911499
1.01297052154	425.257537842
1.01587301587	425.257537842
1.0187755102	425.74911499
1.02167800454	425.257537842
1.02458049887	425.995117188
1.0274829932	426.980499268
1.03038548753	427.474060059
1.03328798186	427.474060059
1.03619047619	427.227203369
1.03909297052	426.980499268
1.04199546485	426.980499268
1.04489795918	426.980499268
1.04780045351	427.227203369
1.05070294785	427.474060059
1.05360544218	427.721038818
1.05650793651	427.721038818
1.05941043084	427.474060059
1.06231292517	426.487518311
1.0652154195	427.474060059
1.06811791383	426.733947754
1.07102040816	425.995117188
1.07392290249	425.995117188
1.07682539683	424.521270752
1.07972789116	424.766571045
1.08263038549	424.766571045
1.08553287982	425.011993408
1.08843537415	425.011993408
1.09133786848	424.766571045
1.09424036281	424.766571045
1.09714285714	424.766571045
1.10004535147	424.766571045
1.1029478458	424.766571045
1.10585034014	425.011993408
1.10875283447	424.766571045
1.1116553288	425.011993408
1.11455782313	424.766571045
1.11746031746	424.521270752
1.12036281179	423.7862854
1.12326530612	423.7862854
1.12616780045	423.541564941
1.12907029478	423.541564941
1.13197278912	423.296966553
1.13487528345	423.05255127
1.13777777778	422.808258057
1.14068027211	422.320098877
1.14358276644	422.076202393
1.14648526077	422.076202393
1.1493877551	421.832489014
1.15229024943	421.832489014
1.15519274376	421.832489014
1.1580952381	421.832489014
1.16099773243	422.076202393
1.16390022676	422.076202393
1.16680272109	421.832489014
1.16970521542	421.345428467
1.17260770975	421.102142334
1.17551020408	420.615936279
1.17841269841	420.373046875
1.18131519274	419.887695312
1.18421768707	419.402893066
1.18712018141	419.402893066
1.19002267574	419.645233154
1.19292517007	419.645233154
1.1958276644	419.160705566
1.19873015873	419.887695312
1.20163265306	420.373046875
1.20453514739	421.102142334
1.20743764172	422.564086914
1.21034013605	423.7862854
1.21324263039	424.521270752
1.21614512472	425.011993408
1.21904761905	424.521270752
1.22195011338	423.7862854
1.22485260771	421.102142334
1.22775510204	414.825195312
1.23065759637	401.621612549
1.2335600907	400.000976562
1.23646258503	399.539154053
1.23936507937	398.847381592
1.2422675737	398.61706543
1.24517006803	398.847381592
1.24807256236	400.232086182
1.25097505669	401.621612549
1.25387755102	402.783203125
1.25678004535	404.18157959
1.25968253968	404.882568359
1.26258503401	407.463317871
1.26548752834	406.992858887
1.26839002268	406.522979736
1.27129251701	403.714904785
1.27419501134	402.318145752
1.27709750567	401.157897949
1.28	400.926239014
1.28290249433	400.463348389
1.28580498866	400.232086182
1.28870748299	399.539154053
1.29160997732	399.769989014
1.29451247166	399.769989014
1.29741496599	398.156829834
1.30031746032	397.008575439
1.30321995465	396.550201416
1.30612244898	396.321228027
1.30902494331	396.092346191
1.31192743764	395.635040283
1.31482993197	395.406585693
1.3177324263	395.178253174
1.32063492063	394.950042725
1.32353741497	394.494049072
1.3264399093	394.038574219
1.32934240363	392.675292969
1.33224489796	390.188201904
1.33514739229	378.64263916
1.33804988662	371.708129883
1.34095238095	368.075958252
1.34385487528	365.533477783
1.34675736961	364.268829346
1.34965986395	364.05847168
1.35256235828	367.014434814
1.35546485261	386.152374268
1.35836734694	391.090789795
1.36126984127	392.675292969
1.3641723356	393.35635376
1.36707482993	392.675292969
1.36997732426	391.54284668
1.37287981859	386.82208252
1.37578231293	377.55065918
1.37868480726	372.567932129
1.38158730159	370.636138916
1.38448979592	354.512573242
1.38739229025	349.430023193
1.39029478458	348.422271729
1.39319727891	348.825012207
1.39609977324	350.03604126
1.39900226757	352.267211914
1.4019047619	357.597564697
1.40480725624	360.501068115
1.40770975057	360.501068115
1.4106122449	359.253814697
1.41351473923	357.184661865
1.41641723356	354.717407227
1.41931972789	353.286071777
1.42222222222	352.470733643
1.42512471655	352.470733643
1.42802721088	352.878173828
1.43092970522	353.490203857
1.43383219955	354.512573242
1.43673469388	355.53793335
1.43963718821	355.743377686
1.44253968254	355.743377686
1.44544217687	354.922363281
1.4483446712	353.898803711
1.45124716553	353.286071777
1.45414965986	352.674407959
1.4570521542	352.470733643
1.45995464853	352.470733643
1.46285714286	352.878173828
1.46575963719	353.286071777
1.46866213152	353.898803711
1.47156462585	354.307861328
1.47446712018	354.307861328
1.47736961451	353.69442749
1.48027210884	352.878173828
1.48317460317	352.267211914
1.48607709751	352.063781738
1.48897959184	352.063781738
1.49188208617	352.267211914
1.4947845805	352.470733643
1.49768707483	352.878173828
1.50058956916	353.082061768
1.50349206349	353.082061768
1.50639455782	353.286071777
1.50929705215	353.490203857
1.51219954649	353.69442749
1.51510204082	353.898803711
1.51800453515	354.307861328
1.52090702948	354.512573242
1.52380952381	354.512573242
1.52671201814	354.307861328
1.52961451247	354.103271484
1.5325170068	354.103271484
1.53541950113	354.307861328
1.53832199546	354.717407227
1.5412244898	355.332641602
1.54412698413	356.154571533
1.54702947846	356.772277832
1.54993197279	357.391052246
1.55283446712	357.391052246
1.55573696145	357.597564697
1.55863945578	357.804168701
1.56154195011	356.154571533
1.56444444444	355.127441406
1.56734693878	353.490203857
1.57024943311	351.251281738
1.57315192744	349.026580811
1.57605442177	352.674407959
1.5789569161	355.743377686
1.58185941043	356.566253662
1.58476190476	356.566253662
1.58766439909	357.597564697
1.59056689342	358.424743652
1.59346938776	359.461395264
1.59637188209	361.334960938
1.59927437642	362.3800354
1.60217687075	364.268829346
1.60507936508	366.167449951
1.60798185941	368.075958252
1.61088435374	369.353820801
1.61378684807	370.850280762
1.6166893424	372.352783203
1.61959183673	372.998596191
1.62249433107	373.214111328
1.6253968254	373.429748535
1.62829931973	373.429748535
1.63120181406	373.86138916
1.63410430839	376.244415283
1.63700680272	381.276306152
1.63990929705	384.594146729
1.64281179138	386.598724365
1.64571428571	388.838256836
1.64861678005	389.287719727
1.65151927438	389.737701416
1.65442176871	389.962890625
1.65732426304	389.512664795
1.66022675737	388.389312744
1.6631292517	387.716888428
1.66603174603	387.716888428
1.66893424036	388.389312744
1.67183673469	389.737701416
1.67473922902	390.413665771
1.67764172336	390.864929199
1.68054421769	391.316741943
1.68344671202	391.54284668
1.68634920635	391.995422363
1.68925170068	392.448547363
1.69215419501	392.675292969
1.69505668934	392.675292969
1.69795918367	392.448547363
1.700861678	392.448547363
1.70376417234	392.221923828
1.70666666667	392.221923828
1.709569161	391.995422363
1.71247165533	391.995422363
1.71537414966	391.769073486
1.71827664399	391.995422363
1.72117913832	391.995422363
1.72408163265	392.221923828
1.72698412698	392.448547363
1.72988662132	392.448547363
1.73278911565	392.448547363
1.73569160998	392.448547363
1.73859410431	392.221923828
1.74149659864	392.221923828
1.74439909297	391.769073486
1.7473015873	391.54284668
1.75020408163	391.316741943
1.75310657596	391.090789795
1.75600907029	391.090789795
1.75891156463	391.090789795
1.76181405896	391.316741943
1.76471655329	391.54284668
1.76761904762	391.995422363
1.77052154195	392.675292969
1.77342403628	393.35635376
1.77632653061	393.811035156
1.77922902494	394.038574219
1.78213151927	394.266235352
1.78503401361	394.721984863
1.78793650794	394.721984863
1.79083900227	394.721984863
1.7937414966	394.950042725
1.79664399093	395.178253174
1.79954648526	395.406585693
1.80244897959	395.635040283
1.80535147392	396.092346191
1.80825396825	396.321228027
1.81115646259	396.321228027
1.81405895692	396.092346191
1.81696145125	395.863616943
1.81986394558	395.635040283
1.82276643991	395.178253174
1.82566893424	394.721984863
1.82857142857	394.266235352
1.8314739229	394.038574219
1.83437641723	393.583618164
1.83727891156	393.129211426
1.8401814059	392.448547363
1.84308390023	392.221923828
1.84598639456	394.494049072
1.84888888889	396.550201416
1.85179138322	396.550201416
1.85469387755	397.008575439
1.85759637188	397.467498779
1.86049886621	395.406585693
1.86340136054	395.178253174
1.86630385488	380.836090088
1.86920634921	383.485015869
1.87210884354	388.389312744
1.87501133787	391.090789795
1.8779138322	392.221923828
1.88081632653	392.221923828
1.88371882086	391.316741943
1.88662131519	388.389312744
1.88952380952	384.372070312
1.89242630385	391.316741943
1.89532879819	390.864929199
1.89823129252	391.090789795
1.90113378685	389.287719727
1.90403628118	391.316741943
1.90693877551	391.769073486
1.90984126984	391.090789795
1.91274376417	388.838256836
1.9156462585	355.948913574
1.91854875283	359.253814697
1.92145124717	360.292877197
1.9243537415	360.292877197
1.92725623583	359.6690979
1.93015873016	358.839050293
1.93306122449	357.804168701
1.93596371882	356.566253662
1.93886621315	355.53793335
1.94176870748	354.717407227
1.94467120181	354.307861328
1.94757369615	353.898803711
1.95047619048	354.307861328
1.95337868481	354.717407227
1.95628117914	355.332641602
1.95918367347	355.743377686
1.9620861678	355.743377686
1.96498866213	355.53793335
1.96789115646	354.922363281
1.97079365079	354.512573242
1.97369614512	354.717407227
1.97659863946	355.53793335
1.97950113379	356.360351562
1.98240362812	356.978424072
1.98530612245	357.597564697
1.98820861678	358.631835938
1.99111111111	360.501068115
1.99401360544	359.6690979
1.99691609977	359.461395264
1.9998185941	359.87689209
2.00272108844	360.709350586
2.00562358277	357.184661865
2.0085260771	357.597564697
2.01142857143	357.597564697
2.01433106576	357.597564697
2.01723356009	357.391052246
2.02013605442	357.184661865
2.02303854875	356.566253662
2.02594104308	355.948913574
2.02884353741	355.127441406
2.03174603175	354.307861328
2.03464852608	353.69442749
2.03755102041	354.307861328
2.04045351474	354.717407227
2.04335600907	355.332641602
2.0462585034	355.127441406
2.04916099773	355.332641602
2.05206349206	355.743377686
2.05496598639	355.53793335
2.05786848073	355.743377686
2.06077097506	355.743377686
2.06367346939	355.743377686
2.06657596372	355.53793335
2.06947845805	355.332641602
2.07238095238	354.922363281
2.07528344671	354.717407227
2.07818594104	354.307861328
2.08108843537	354.103271484
2.08399092971	353.898803711
2.08689342404	353.69442749
2.08979591837	353.286071777
2.0926984127	352.674407959
2.09560090703	352.267211914
2.09850340136	351.86050415
2.10140589569	351.86050415
2.10430839002	351.657318115
2.10721088435	351.86050415
2.11011337868	352.063781738
2.11301587302	352.267211914
2.11591836735	352.470733643
2.11882086168	352.674407959
2.12172335601	355.127441406
2.12462585034	355.948913574
2.12752834467	355.948913574
2.130430839	355.948913574
2.13333333333	355.743377686
2.13623582766	355.53793335
2.139138322	355.743377686
2.14204081633	355.743377686
2.14494331066	355.743377686
2.14784580499	355.53793335
2.15074829932	355.743377686
2.15365079365	355.743377686
2.15655328798	354.103271484
2.15945578231	354.922363281
2.16235827664	355.127441406
2.16526077098	354.103271484
2.16816326531	357.184661865
2.17106575964	323.964752197
2.17396825397	327.539794922
2.1768707483	328.866821289
2.17977324263	329.24697876
2.18267573696	329.24697876
2.18557823129	329.056854248
2.18848072562	331.537078857
2.19138321995	335.971038818
2.19428571429	336.942749023
2.19718820862	335.583129883
2.20009070295	335.195678711
2.20299319728	335.002105713
2.20589569161	335.002105713
2.20879818594	334.808654785
2.21170068027	334.035980225
2.2146031746	333.265075684
2.21750566893	332.49597168
2.22040816327	331.920288086
2.2233106576	331.345611572
2.22621315193	331.154296875
2.22911564626	331.154296875
2.23201814059	331.154296875
2.23492063492	332.303955078
2.23782312925	332.112091064
2.24072562358	330.963043213
2.24362811791	330.390045166
2.24653061224	330.008575439
2.24943310658	329.627563477
2.25233560091	330.771942139
2.25523809524	331.154296875
2.25814058957	331.345611572
2.2610430839	331.537078857
2.26394557823	331.920288086
2.26684807256	331.920288086
2.26975056689	332.112091064
2.27265306122	332.112091064
2.27555555556	331.920288086
2.27845804989	331.154296875
2.28136054422	332.49597168
2.28426303855	332.880310059
2.28716553288	333.457641602
2.29006802721	334.228973389
2.29297052154	335.583129883
2.29587301587	335.389343262
2.2987755102	336.748199463
2.30167800454	337.527130127
2.30458049887	338.307891846
2.3074829932	338.89465332
2.31038548753	339.286376953
2.31328798186	339.482421875
2.31619047619	339.286376953
2.31909297052	339.090454102
2.32199546485	338.503356934
2.32489795918	337.917297363
2.32780045351	336.942749023
2.33070294785	335.971038818
2.33360544218	335.195678711
2.33650793651	334.422088623
2.33941043084	333.843078613
2.34231292517	333.265075684
2.3452154195	332.688079834
2.34811791383	332.112091064
2.35102040816	331.537078857
2.35392290249	331.154296875
2.35682539683	330.580932617
2.35972789116	330.199249268
2.36263038549	330.008575439
2.36553287982	330.580932617
2.36843537415	331.728637695
2.37133786848	333.457641602
2.37424036281	334.808654785
2.37714285714	335.971038818
2.38004535147	337.137451172
2.3829478458	337.722167969
2.38585034014	336.553741455
2.38875283447	333.650299072
2.3916553288	331.154296875
2.39455782313	329.627563477
2.39746031746	328.487121582
2.40036281179	327.350646973
2.40326530612	326.595184326
2.40616780045	326.218109131
2.40907029478	324.901763916
2.41197278912	321.726959229
2.41487528345	317.480987549
2.41777777778	315.83480835
2.42068027211	0.0
2.42358276644	0.0
2.42648526077	0.0
2.4293877551	0.0
2.43229024943	0.0
2.43519274376	0.0
2.4380952381	0.0
2.44099773243	0.0
2.44390022676	0.0
2.44680272109	0.0
2.44970521542	0.0
2.45260770975	0.0
2.45551020408	0.0
2.45841269841	0.0
2.46131519274	0.0
2.46421768707	0.0
2.46712018141	0.0
2.47002267574	0.0
2.47292517007	0.0
2.4758276644	0.0
2.47873015873	0.0
2.48163265306	0.0
2.48453514739	0.0
2.48743764172	0.0
2.49034013605	0.0
2.49324263039	267.431640625
2.49614512472	263.749847412
2.49904761905	261.625579834
2.50195011338	260.419372559
2.50485260771	259.968505859
2.50775510204	260.118713379
2.51065759637	261.021789551
2.5135600907	262.079315186
2.51646258503	262.837341309
2.51936507937	263.749847412
2.5222675737	264.81842041
2.52517006803	266.04498291
2.52807256236	267.27722168
2.53097505669	267.740783691
2.53387755102	267.895477295
2.53678004535	267.586151123
2.53968253968	267.12286377
2.54258503401	266.506408691
2.54548752834	264.81842041
2.54839002268	262.533874512
2.55129251701	261.323486328
2.55419501134	261.323486328
2.55709750567	263.293182373
2.56	266.04498291
2.56290249433	269.291778564
2.56580498866	277.342773438
2.56870748299	286.460632324
2.57160997732	292.817840576
2.57451247166	297.07699585
2.57741496599	301.224029541
2.58031746032	304.196502686
2.58321995465	306.135467529
2.58612244898	307.198303223
2.58902494331	307.731079102
2.59192743764	307.908905029
2.59482993197	307.908905029
2.5977324263	308.086791992
2.60063492063	308.086791992
2.60353741497	308.442932129
2.6064399093	308.799438477
2.60934240363	309.156402588
2.61224489796	309.513763428
2.61514739229	309.692596436
2.61804988662	309.156402588
2.62095238095	308.621124268
2.62385487528	308.442932129
2.62675736961	308.264801025
2.62965986395	308.086791992
2.63256235828	308.442932129
2.63546485261	309.156402588
2.63836734694	309.871520996
2.64126984127	310.94732666
2.6441723356	311.846679688
2.64707482993	312.929321289
2.64997732426	313.653167725
2.65287981859	314.56036377
2.65578231293	315.470153809
2.65868480726	316.199890137
2.66158730159	316.748291016
2.66448979592	317.664428711
2.66739229025	318.215362549
2.67029478458	319.135742188
2.67319727891	319.873962402
2.67609977324	320.613861084
2.67900226757	321.355499268
2.6819047619	321.726959229
2.68480725624	322.284973145
2.68770975057	322.471160889
2.6906122449	322.471160889
2.69351473923	321.912841797
2.69641723356	320.799133301
2.69931972789	319.873962402
2.70222222222	318.951446533
2.70512471655	318.399230957
2.70802721088	317.847961426
2.71092970522	317.297668457
2.71383219955	316.931304932
2.71673469388	316.382598877
2.71963718821	316.382598877
2.72253968254	316.199890137
2.72544217687	316.017303467
2.7283446712	315.83480835
2.73124716553	315.83480835
2.73414965986	315.83480835
2.7370521542	315.83480835
2.73995464853	316.017303467
2.74285714286	316.199890137
2.74575963719	316.382598877
2.74866213152	316.56539917
2.75156462585	316.748291016
2.75446712018	316.931304932
2.75736961451	317.114440918
2.76027210884	317.114440918
2.76317460317	317.114440918
2.76607709751	316.748291016
2.76897959184	316.382598877
2.77188208617	315.83480835
2.7747845805	315.470153809
2.77768707483	314.923950195
2.78058956916	314.56036377
2.78349206349	314.197174072
2.78639455782	313.834411621
2.78929705215	313.653167725
2.79219954649	313.653167725
2.79510204082	313.653167725
2.79800453515	313.834411621
2.80090702948	313.834411621
2.80380952381	313.834411621
2.80671201814	313.653167725
2.80961451247	313.291046143
2.8125170068	312.929321289
2.81541950113	312.387542725
2.81832199546	311.846679688
2.8212244898	311.306762695
2.82412698413	310.94732666
2.82702947846	310.408966064
2.82993197279	309.871520996
2.83283446712	309.335021973
2.83573696145	308.264801025
2.83863945578	304.020843506
2.84154195011	300.355316162
2.84444444444	298.452941895
2.84734693878	297.764160156
2.85024943311	298.280609131
2.85315192744	298.970581055
2.85605442177	299.143310547
2.8589569161	300.008544922
2.86185941043	301.050079346
2.86476190476	301.398071289
2.86766439909	300.181884766
2.87056689342	299.489105225
2.87346938776	294.514129639
2.87637188209	290.627288818
2.87927437642	288.786529541
2.88217687075	287.787414551
2.88507936508	287.45513916
2.88798185941	288.453125
2.89088435374	290.795227051
2.89378684807	293.325714111
2.8966893424	294.854553223
2.89959183673	295.707366943
2.90249433107	296.733978271
2.9053968254	297.07699585
2.90829931973	296.562652588
2.91120181406	295.536621094
2.91410430839	294.344055176
2.91700680272	293.664764404
2.91990929705	292.987030029
2.92281179138	293.664764404
2.92571428571	294.174102783
2.92861678005	294.514129639
2.93151927438	294.854553223
2.93442176871	294.854553223
2.93732426304	294.684295654
2.94022675737	293.325714111
2.9431292517	291.636291504
2.94603174603	290.12411499
2.94893424036	288.286560059
2.95183673469	286.957458496
2.95473922902	285.964660645
2.95764172336	284.975280762
2.96054421769	283.825378418
2.96344671202	283.006835938
2.96634920635	282.027709961
2.96925170068	281.539398193
2.97215419501	282.680084229
2.97505668934	289.789123535
2.97795918367	296.391387939
2.980861678	298.452941895
2.98376417234	298.625396729
2.98666666667	257.725769043
2.989569161	258.471191406
2.99247165533	260.419372559
2.99537414966	263.4453125
2.99827664399	264.207275391
3.00117913832	263.141143799
3.00408163265	261.625579834
3.00698412698	260.269012451
3.00988662132	259.368530273
3.01278911565	259.069091797
3.01569160998	259.218780518
3.01859410431	259.818389893
3.02149659864	260.871063232
3.02439909297	261.776733398
3.0273015873	262.382263184
3.03020408163	262.533874512
3.03310657596	262.382263184
3.03600907029	262.230743408
3.03891156463	262.230743408
3.04181405896	262.685546875
3.04471655329	263.141143799
3.04761904762	264.054718018
3.05052154195	265.277709961
3.05342403628	266.04498291
3.05632653061	266.814453125
3.05922902494	267.12286377
3.06213151927	267.586151123
3.06503401361	268.20513916
3.06793650794	268.360107422
3.07083900227	268.360107422
3.0737414966	268.20513916
3.07664399093	267.431640625
3.07954648526	266.96862793
3.08244897959	266.352508545
3.08535147392	266.04498291
3.08825396825	265.737823486
3.09115646259	265.430999756
3.09405895692	265.277709961
3.09696145125	265.277709961
3.09986394558	264.971435547
3.10276643991	264.971435547
3.10566893424	264.81842041
3.10857142857	264.665496826
3.1114739229	264.81842041
3.11437641723	264.81842041
3.11727891156	265.124542236
3.1201814059	265.277709961
3.12308390023	265.430999756
3.12598639456	265.737823486
3.12888888889	265.891357422
3.13179138322	266.04498291
3.13469387755	266.198699951
3.13759637188	266.352508545
3.14049886621	266.506408691
3.14340136054	266.660400391
3.14630385488	266.814453125
3.14920634921	266.814453125
3.15210884354	266.660400391
3.15501133787	266.660400391
3.1579138322	266.660400391
3.16081632653	266.660400391
3.16371882086	266.96862793
3.16662131519	267.27722168
3.16952380952	267.586151123
3.17242630385	267.895477295
3.17532879819	268.360107422
3.17823129252	268.670288086
3.18113378685	268.825531006
3.18403628118	268.825531006
3.18693877551	268.670288086
3.18984126984	268.515167236
3.19274376417	268.20513916
3.1956462585	268.20513916
3.19854875283	268.20513916
3.20145124717	268.20513916
3.2043537415	268.515167236
3.20725623583	268.825531006
3.21015873016	269.603057861
3.21306122449	270.5390625
3.21596371882	271.949127197
3.21886621315	274.315643311
3.22176870748	279.271850586
3.22467120181	283.170349121
3.22757369615	287.621246338
3.23047619048	290.627288818
3.23337868481	292.479766846
3.23628117914	293.834442139
3.23918367347	294.174102783
3.2420861678	294.174102783
3.24498866213	294.514129639
3.24789115646	294.514129639
3.25079365079	294.514129639
3.25369614512	295.195404053
3.25659863946	296.733978271
3.25950113379	299.316162109
3.26240362812	302.095245361
3.26530612245	304.724090576
3.26820861678	306.666412354
3.27111111111	308.086791992
3.27401360544	308.799438477
3.27691609977	309.156402588
3.2798185941	309.335021973
3.28272108844	309.513763428
3.28562358277	309.335021973
3.2885260771	309.692596436
3.29142857143	310.050567627
3.29433106576	310.408966064
3.29723356009	310.588317871
3.30013605442	310.408966064
3.30303854875	310.050567627
3.30594104308	309.692596436
3.30884353741	308.977874756
3.31174603175	308.621124268
3.31464852608	308.264801025
3.31755102041	308.442932129
3.32045351474	308.442932129
3.32335600907	308.442932129
3.3262585034	308.442932129
3.32916099773	308.086791992
3.33206349206	307.553375244
3.33496598639	307.198303223
3.33786848073	306.666412354
3.34077097506	305.428955078
3.34367346939	304.900146484
3.34657596372	305.076324463
3.34947845805	305.605438232
3.35238095238	305.782012939
3.35528344671	305.958679199
3.35818594104	306.135467529
3.36108843537	305.782012939
3.36399092971	305.252593994
3.36689342404	304.724090576
3.36979591837	303.845275879
3.3726984127	303.144042969
3.37560090703	302.61920166
3.37850340136	302.269805908
3.38140589569	301.746459961
3.38430839002	301.746459961
3.38721088435	301.398071289
3.39011337868	301.224029541
3.39301587302	301.57220459
3.39591836735	301.398071289
3.39882086168	301.746459961
3.40172335601	301.920806885
3.40462585034	302.095245361
3.40752834467	302.269805908
3.410430839	302.269805908
3.41333333333	302.095245361
3.41623582766	302.269805908
3.419138322	302.095245361
3.42204081633	302.269805908
3.42494331066	302.61920166
3.42784580499	302.968994141
3.43074829932	303.144042969
3.43365079365	303.319213867
3.43655328798	303.669830322
3.43945578231	303.669830322
3.44235827664	303.669830322
3.44526077098	303.494476318
3.44816326531	303.319213867
3.45106575964	302.968994141
3.45396825397	302.61920166
3.4568707483	302.269805908
3.45977324263	302.095245361
3.46267573696	301.920806885
3.46557823129	301.920806885
3.46848072562	301.920806885
3.47138321995	302.095245361
3.47428571429	302.269805908
3.47718820862	302.269805908
3.48009070295	302.444458008
3.48299319728	302.444458008
3.48589569161	302.61920166
3.48879818594	302.61920166
3.49170068027	302.61920166
3.4946031746	302.61920166
3.49750566893	302.444458008
3.50040816327	302.269805908
3.5033106576	302.095245361
3.50621315193	301.746459961
3.50911564626	301.398071289
3.51201814059	301.050079346
3.51492063492	301.224029541
3.51782312925	301.398071289
3.52072562358	302.095245361
3.52362811791	302.968994141
3.52653061224	303.669830322
3.52943310658	304.724090576
3.53233560091	305.605438232
3.53523809524	306.312347412
3.53814058957	307.020904541
3.5410430839	307.553375244
3.54394557823	308.086791992
3.54684807256	308.799438477
3.54975056689	308.799438477
3.55265306122	308.799438477
3.55555555556	308.442932129
3.55845804989	307.731079102
3.56136054422	306.666412354
3.56426303855	305.605438232
3.56716553288	304.724090576
3.57006802721	304.020843506
3.57297052154	303.669830322
3.57587301587	303.494476318
3.5787755102	303.669830322
3.58167800454	304.020843506
3.58458049887	304.548126221
3.5874829932	332.880310059
3.59038548753	332.880310059
3.59328798186	332.880310059
3.59619047619	331.537078857
3.59909297052	330.580932617
3.60199546485	329.818023682
3.60489795918	329.24697876
3.60780045351	328.487121582
3.61070294785	326.783874512
3.61360544218	325.465240479
3.61650793651	324.714141846
3.61941043084	324.901763916
3.62231292517	325.465240479
3.6252154195	323.777679443
3.62811791383	320.984466553
3.63102040816	319.135742188
3.63392290249	319.320129395
3.63682539683	311.666595459
3.63972789116	311.846679688
3.64263038549	312.387542725
3.64553287982	312.387542725
3.64843537415	312.026855469
3.65133786848	311.846679688
3.65424036281	311.846679688
3.65714285714	311.666595459
3.66004535147	311.486633301
3.6629478458	311.486633301
3.66585034014	311.486633301
3.66875283447	311.486633301
3.6716553288	311.666595459
3.67455782313	311.486633301
3.67746031746	311.486633301
3.68036281179	311.486633301
3.68326530612	311.486633301
3.68616780045	311.306762695
3.68907029478	310.94732666
3.69197278912	310.588317871
3.69487528345	310.050567627
3.69777777778	309.513763428
3.70068027211	309.335021973
3.70358276644	309.156402588
3.70648526077	309.156402588
3.7093877551	309.513763428
3.71229024943	309.871520996
3.71519274376	310.408966064
3.7180952381	310.76776123
3.72099773243	311.486633301
3.72390022676	311.126983643
3.72680272109	310.76776123
3.72970521542	310.588317871
3.73260770975	310.408966064
3.73551020408	310.229705811
3.73841269841	309.156402588
3.74131519274	308.799438477
3.74421768707	308.621124268
3.74712018141	308.442932129
3.75002267574	308.442932129
3.75292517007	308.799438477
3.7558276644	309.156402588
3.75873015873	309.871520996
3.76163265306	310.588317871
3.76453514739	311.126983643
3.76743764172	311.666595459
3.77034013605	312.026855469
3.77324263039	312.568023682
3.77614512472	312.929321289
3.77904761905	313.110137939
3.78195011338	313.653167725
3.78485260771	313.834411621
3.78775510204	314.378723145
3.79065759637	314.742095947
3.7935600907	315.287994385
3.79646258503	315.652435303
3.79936507937	316.199890137
3.8022675737	316.56539917
3.80517006803	316.931304932
3.80807256236	317.297668457
3.81097505669	317.664428711
3.81387755102	317.847961426
3.81678004535	318.399230957
3.81968253968	318.583190918
3.82258503401	318.767272949
3.82548752834	318.951446533
3.82839002268	318.767272949
3.83129251701	318.767272949
3.83419501134	318.399230957
3.83709750567	317.847961426
3.84	317.297668457
3.84290249433	316.382598877
3.84580498866	316.017303467
3.84870748299	315.470153809
3.85160997732	315.470153809
3.85451247166	315.287994385
3.85741496599	315.287994385
3.86031746032	315.287994385
3.86321995465	315.287994385
3.86612244898	315.105926514
3.86902494331	314.742095947
3.87192743764	314.378723145
3.87482993197	313.834411621
3.8777324263	313.472045898
3.88063492063	312.929321289
3.88353741497	312.568023682
3.8864399093	312.20715332
3.88934240363	311.666595459
3.89224489796	311.306762695
3.89514739229	311.126983643
3.89804988662	310.76776123
3.90095238095	310.408966064
3.90385487528	310.588317871
3.90675736961	310.050567627
3.90965986395	309.692596436
3.91256235828	309.692596436
3.91546485261	309.692596436
3.91836734694	309.513763428
3.92126984127	310.229705811
3.9241723356	310.94732666
3.92707482993	311.666595459
3.92997732426	312.20715332
3.93287981859	312.568023682
3.93578231293	312.929321289
3.93868480726	313.291046143
3.94158730159	313.653167725
3.94448979592	313.291046143
3.94739229025	313.291046143
3.95029478458	313.110137939
3.95319727891	313.110137939
3.95609977324	313.653167725
3.95900226757	313.653167725
3.9619047619	313.834411621
3.96480725624	314.56036377
3.96770975057	316.017303467
3.9706122449	317.480987549
3.97351473923	319.135742188
3.97641723356	320.799133301
3.97931972789	321.726959229
3.98222222222	322.471160889
3.98512471655	323.030456543
3.98802721088	322.284973145
3.99092970522	321.912841797
3.99383219955	320.984466553
3.99673469388	320.243713379
3.99963718821	319.873962402
4.00253968254	319.320129395
4.00544217687	319.135742188
4.0083446712	318.031616211
4.01124716553	317.297668457
4.01414965986	316.56539917
4.0170521542	316.382598877
4.01995464853	316.199890137
4.02285714286	316.56539917
4.02575963719	316.748291016
4.02866213152	316.748291016
4.03156462585	316.748291016
4.03446712018	316.382598877
4.03736961451	316.199890137
4.04027210884	315.652435303
4.04317460317	315.652435303
4.04607709751	316.199890137
4.04897959184	0.0
4.05188208617	0.0
4.0547845805	0.0
4.05768707483	0.0
4.06058956916	0.0
4.06349206349	0.0
4.06639455782	0.0
4.06929705215	0.0
4.07219954649	0.0
4.07510204082	0.0
4.07800453515	0.0
4.08090702948	0.0
4.08380952381	0.0
4.08671201814	0.0
4.08961451247	0.0
4.0925170068	0.0
4.09541950113	0.0
4.09832199546	0.0
4.1012244898	0.0
4.10412698413	0.0
4.10702947846	0.0
4.10993197279	0.0
4.11283446712	0.0
4.11573696145	0.0
4.11863945578	0.0
4.12154195011	0.0
4.12444444444	0.0
4.12734693878	0.0
4.13024943311	0.0
4.13315192744	0.0
4.13605442177	0.0
4.1389569161	0.0
4.14185941043	0.0
4.14476190476	0.0
4.14766439909	0.0
4.15056689342	0.0
4.15346938776	0.0
4.15637188209	0.0
4.15927437642	0.0
4.16217687075	0.0
4.16507936508	0.0
4.16798185941	0.0
4.17088435374	0.0
4.17378684807	0.0
4.1766893424	0.0
4.17959183673	0.0
4.18249433107	0.0
4.1853968254	0.0
4.18829931973	0.0
4.19120181406	0.0
4.19410430839	0.0
4.19700680272	0.0
4.19990929705	0.0
4.20281179138	0.0
4.20571428571	0.0
4.20861678005	0.0
4.21151927438	0.0
4.21442176871	0.0
4.21732426304	0.0
4.22022675737	0.0
4.2231292517	0.0
4.22603174603	0.0
4.22893424036	0.0
4.23183673469	0.0
4.23473922902	0.0
4.23764172336	0.0
4.24054421769	0.0
4.24344671202	0.0
4.24634920635	0.0
4.24925170068	0.0
4.25215419501	0.0
4.25505668934	0.0
4.25795918367	0.0
4.260861678	0.0
4.26376417234	0.0
4.26666666667	0.0
4.269569161	0.0
4.27247165533	0.0
4.27537414966	0.0
4.27827664399	0.0
4.28117913832	0.0
4.28408163265	0.0
4.28698412698	0.0
4.28988662132	0.0
4.29278911565	0.0
4.29569160998	0.0
4.29859410431	0.0
4.30149659864	0.0
4.30439909297	0.0
4.3073015873	0.0
4.31020408163	0.0
4.31310657596	0.0
4.31600907029	0.0
4.31891156463	0.0
4.32181405896	0.0
4.32471655329	0.0
4.32761904762	0.0
4.33052154195	0.0
4.33342403628	0.0
4.33632653061	0.0
4.33922902494	0.0
4.34213151927	0.0
4.34503401361	0.0
4.34793650794	0.0
4.35083900227	0.0
4.3537414966	0.0
4.35664399093	0.0
4.35954648526	0.0
4.36244897959	0.0
4.36535147392	0.0
4.36825396825	0.0
4.37115646259	0.0
4.37405895692	0.0
4.37696145125	0.0
4.37986394558	0.0
4.38276643991	0.0
4.38566893424	0.0
4.38857142857	0.0
4.3914739229	0.0
4.39437641723	0.0
4.39727891156	0.0
4.4001814059	0.0
4.40308390023	0.0
4.40598639456	0.0
4.40888888889	0.0
4.41179138322	0.0
4.41469387755	0.0
4.41759637188	0.0
4.42049886621	0.0
4.42340136054	0.0
4.42630385488	0.0
4.42920634921	0.0
4.43210884354	0.0
4.43501133787	0.0
4.4379138322	0.0
4.44081632653	0.0
4.44371882086	0.0
4.44662131519	0.0
4.44952380952	0.0
4.45242630385	0.0
4.45532879819	0.0
4.45823129252	0.0
4.46113378685	0.0
4.46403628118	0.0
4.46693877551	0.0
4.46984126984	0.0
4.47274376417	0.0
4.4756462585	0.0
4.47854875283	0.0
4.48145124717	0.0
4.4843537415	0.0
4.48725623583	0.0
