0.0	0.0
0.00290249433107	0.0
0.00580498866213	0.0
0.0087074829932	0.0
0.0116099773243	0.0
0.0145124716553	0.0
0.0174149659864	0.0
0.0203174603175	0.0
0.0232199546485	0.0
0.0261224489796	0.0
0.0290249433107	0.0
0.0319274376417	0.0
0.0348299319728	0.0
0.0377324263039	0.0
0.0406349206349	0.0
0.043537414966	0.0
0.0464399092971	0.0
0.0493424036281	0.0
0.0522448979592	0.0
0.0551473922902	0.0
0.0580498866213	0.0
0.0609523809524	0.0
0.0638548752834	0.0
0.0667573696145	0.0
0.0696598639456	0.0
0.0725623582766	0.0
0.0754648526077	0.0
0.0783673469388	0.0
0.0812698412698	0.0
0.0841723356009	0.0
0.087074829932	0.0
0.089977324263	0.0
0.0928798185941	0.0
0.0957823129252	0.0
0.0986848072562	0.0
0.101587301587	390.639221191
0.104489795918	390.639221191
0.107392290249	389.962890625
0.11029478458	389.287719727
0.113197278912	390.188201904
0.116099773243	391.995422363
0.119002267574	394.266235352
0.121904761905	396.321228027
0.124807256236	398.386901855
0.127709750567	399.308441162
0.130612244898	399.769989014
0.133514739229	399.769989014
0.13641723356	399.077850342
0.139319727891	397.926940918
0.142222222222	396.550201416
0.145124716553	395.178253174
0.148027210884	394.266235352
0.150929705215	393.583618164
0.153832199546	393.129211426
0.156734693878	392.902191162
0.159637188209	392.675292969
0.16253968254	392.675292969
0.165442176871	392.675292969
0.168344671202	392.675292969
0.171247165533	392.448547363
0.174149659864	392.221923828
0.177052154195	391.769073486
0.179954648526	391.316741943
0.182857142857	391.090789795
0.185759637188	390.864929199
0.188662131519	390.864929199
0.19156462585	391.090789795
0.194467120181	391.090789795
0.197369614512	391.316741943
0.200272108844	391.54284668
0.203174603175	391.769073486
0.206077097506	391.769073486
0.208979591837	391.769073486
0.211882086168	391.769073486
0.214784580499	391.769073486
0.21768707483	391.54284668
0.220589569161	391.316741943
0.223492063492	390.864929199
0.226394557823	390.188201904
0.229297052154	389.287719727
0.232199546485	387.940887451
0.235102040816	386.598724365
0.238004535147	385.038726807
0.240907029478	383.042236328
0.24380952381	381.717010498
0.246712018141	381.496612549
0.249614512472	382.600006104
0.252517006803	384.150115967
0.255419501134	385.706512451
0.258321995465	387.269226074
0.261224489796	388.838256836
0.264126984127	389.962890625
0.267029478458	390.639221191
0.269931972789	391.090789795
0.27283446712	391.090789795
0.275736961451	391.316741943
0.278639455782	391.316741943
0.281541950113	391.316741943
0.284444444444	391.090789795
0.287346938776	391.090789795
0.290249433107	391.090789795
0.293151927438	391.316741943
0.296054421769	391.54284668
0.2989569161	391.769073486
0.301859410431	391.769073486
0.304761904762	391.769073486
0.307664399093	391.769073486
0.310566893424	391.54284668
0.313469387755	391.316741943
0.316371882086	391.090789795
0.319274376417	390.864929199
0.322176870748	390.864929199
0.325079365079	390.864929199
0.32798185941	391.090789795
0.330884353741	391.090789795
0.333786848073	391.090789795
0.336689342404	391.316741943
0.339591836735	391.316741943
0.342494331066	391.316741943
0.345396825397	391.54284668
0.348299319728	391.54284668
0.351201814059	391.54284668
0.35410430839	391.769073486
0.357006802721	391.769073486
0.359909297052	391.769073486
0.362811791383	391.769073486
0.365714285714	391.316741943
0.368616780045	391.090789795
0.371519274376	390.639221191
0.374421768707	390.413665771
0.377324263039	389.962890625
0.38022675737	389.512664795
0.383129251701	389.512664795
0.386031746032	389.737701416
0.388934240363	390.188201904
0.391836734694	390.864929199
0.394739229025	391.316741943
0.397641723356	391.995422363
0.400544217687	392.448547363
0.403446712018	392.902191162
0.406349206349	393.129211426
0.40925170068	393.35635376
0.412154195011	393.583618164
0.415056689342	393.811035156
0.417959183673	393.811035156
0.420861678005	394.038574219
0.423764172336	394.038574219
0.426666666667	393.811035156
0.429569160998	393.35635376
0.432471655329	392.902191162
0.43537414966	392.448547363
0.438276643991	391.769073486
0.441179138322	391.316741943
0.444081632653	391.090789795
0.446984126984	391.090789795
0.449886621315	391.090789795
0.452789115646	391.54284668
0.455691609977	391.769073486
0.458594104308	392.221923828
0.461496598639	392.675292969
0.464399092971	393.35635376
0.467301587302	393.583618164
0.470204081633	394.038574219
0.473106575964	394.266235352
0.476009070295	394.494049072
0.478911564626	394.494049072
0.481814058957	394.494049072
0.484716553288	394.266235352
0.487619047619	394.038574219
0.49052154195	393.811035156
0.493424036281	393.583618164
0.496326530612	393.35635376
0.499229024943	393.35635376
0.502131519274	393.35635376
0.505034013605	393.583618164
0.507936507937	393.811035156
0.510839002268	394.038574219
0.513741496599	394.266235352
0.51664399093	394.721984863
0.519546485261	394.950042725
0.522448979592	395.406585693
0.525351473923	395.635040283
0.528253968254	395.863616943
0.531156462585	396.779327393
0.534058956916	396.779327393
0.536961451247	396.321228027
0.539863945578	396.092346191
0.542766439909	394.950042725
0.54566893424	394.721984863
0.548571428571	394.266235352
0.551473922902	394.038574219
0.554376417234	394.038574219
0.557278911565	394.038574219
0.560181405896	394.038574219
0.563083900227	394.038574219
0.565986394558	394.038574219
0.568888888889	393.811035156
0.57179138322	393.811035156
0.574693877551	393.35635376
0.577596371882	392.902191162
0.580498866213	392.448547363
0.583401360544	392.221923828
0.586303854875	392.448547363
0.589206349206	392.902191162
0.592108843537	392.902191162
0.595011337868	393.129211426
0.5979138322	393.35635376
0.600816326531	393.35635376
0.603718820862	393.129211426
0.606621315193	392.902191162
0.609523809524	392.448547363
0.612426303855	392.448547363
0.615328798186	391.995422363
0.618231292517	391.769073486
0.621133786848	391.54284668
0.624036281179	391.316741943
0.62693877551	391.316741943
0.629841269841	391.316741943
0.632743764172	391.316741943
0.635646258503	391.316741943
0.638548752834	391.090789795
0.641451247166	391.316741943
0.644353741497	392.221923828
0.647256235828	394.494049072
0.650158730159	397.237976074
0.65306122449	398.847381592
0.655963718821	399.769989014
0.658866213152	400.232086182
0.661768707483	400.694732666
0.664671201814	401.157897949
0.667573696145	401.389678955
0.670476190476	401.853637695
0.673378684807	401.853637695
0.676281179138	401.621612549
0.679183673469	401.157897949
0.6820861678	400.463348389
0.684988662132	399.308441162
0.687891156463	398.156829834
0.690793650794	396.779327393
0.693696145125	395.635040283
0.696598639456	394.494049072
0.699501133787	393.811035156
0.702403628118	393.129211426
0.705306122449	392.902191162
0.70820861678	392.675292969
0.711111111111	392.675292969
0.714013605442	392.675292969
0.716916099773	392.675292969
0.719818594104	392.221923828
0.722721088435	391.995422363
0.725623582766	391.54284668
0.728526077098	391.316741943
0.731428571429	391.090789795
0.73433106576	390.864929199
0.737233560091	390.864929199
0.740136054422	391.090789795
0.743038548753	391.090789795
0.745941043084	391.316741943
0.748843537415	391.54284668
0.751746031746	391.769073486
0.754648526077	391.769073486
0.757551020408	391.995422363
0.760453514739	391.995422363
0.76335600907	391.995422363
0.766258503401	391.769073486
0.769160997732	391.54284668
0.772063492063	390.864929199
0.774965986395	389.962890625
0.777868480726	388.838256836
0.780770975057	387.269226074
0.783673469388	385.483795166
0.786575963719	383.263580322
0.78947845805	381.496612549
0.792380952381	380.396392822
0.795283446712	381.276306152
0.798185941043	383.042236328
0.801088435374	385.038726807
0.803990929705	387.045593262
0.806893424036	388.838256836
0.809795918367	390.188201904
0.812698412698	391.090789795
0.815600907029	391.54284668
0.818503401361	391.54284668
0.821405895692	391.54284668
0.824308390023	391.54284668
0.827210884354	391.54284668
0.830113378685	391.316741943
0.833015873016	391.090789795
0.835918367347	391.090789795
0.838820861678	391.316741943
0.841723356009	391.316741943
0.84462585034	391.54284668
0.847528344671	391.995422363
0.850430839002	391.995422363
0.853333333333	391.995422363
0.856235827664	391.995422363
0.859138321995	391.769073486
0.862040816327	391.54284668
0.864943310658	391.54284668
0.867845804989	391.316741943
0.87074829932	391.090789795
0.873650793651	391.090789795
0.876553287982	391.090789795
0.879455782313	391.090789795
0.882358276644	391.090789795
0.885260770975	391.090789795
0.888163265306	391.090789795
0.891065759637	391.090789795
0.893968253968	391.316741943
0.896870748299	391.316741943
0.89977324263	391.54284668
0.902675736961	391.54284668
0.905578231293	391.316741943
0.908480725624	391.316741943
0.911383219955	392.448547363
0.914285714286	394.721984863
0.917188208617	397.237976074
0.920090702948	398.386901855
0.922993197279	398.847381592
0.92589569161	397.926940918
0.928798185941	394.266235352
0.931700680272	355.53793335
0.934603174603	361.752624512
0.937505668934	364.05847168
0.940408163265	365.955993652
0.943310657596	367.226501465
0.946213151927	367.86340332
0.949115646259	368.714324951
0.95201814059	369.780761719
0.954920634921	370.208190918
0.957823129252	370.208190918
0.960725623583	369.780761719
0.963628117914	369.353820801
0.966530612245	369.140533447
0.969433106576	368.927368164
0.972335600907	369.140533447
0.975238095238	368.927368164
0.978140589569	368.714324951
0.9810430839	368.501434326
0.983945578231	368.075958252
0.986848072562	367.651000977
0.989750566893	367.438690186
0.992653061224	367.226501465
0.995555555556	367.226501465
0.998458049887	367.651000977
1.00136054422	368.075958252
1.00426303855	368.927368164
1.00716553288	369.994415283
1.01006802721	370.850280762
1.01297052154	371.708129883
1.01587301587	372.352783203
1.0187755102	373.214111328
1.02167800454	373.645507812
1.02458049887	374.077423096
1.0274829932	373.86138916
1.03038548753	372.783203125
1.03328798186	370.850280762
1.03619047619	368.714324951
1.03909297052	366.590698242
1.04199546485	364.900604248
1.04489795918	364.05847168
1.04780045351	364.05847168
1.05070294785	364.900604248
1.05360544218	366.378997803
1.05650793651	368.075958252
1.05941043084	369.567230225
1.06231292517	370.422119141
1.0652154195	370.636138916
1.06811791383	370.636138916
1.07102040816	370.208190918
1.07392290249	369.994415283
1.07682539683	369.353820801
1.07972789116	369.140533447
1.08263038549	368.714324951
1.08553287982	368.501434326
1.08843537415	368.501434326
1.09133786848	368.714324951
1.09424036281	368.927368164
1.09714285714	369.140533447
1.10004535147	369.140533447
1.1029478458	369.140533447
1.10585034014	369.140533447
1.10875283447	368.714324951
1.1116553288	368.501434326
1.11455782313	368.501434326
1.11746031746	368.714324951
1.12036281179	369.140533447
1.12326530612	369.353820801
1.12616780045	369.994415283
1.12907029478	370.422119141
1.13197278912	370.636138916
1.13487528345	370.636138916
1.13777777778	370.422119141
1.14068027211	369.994415283
1.14358276644	369.567230225
1.14648526077	368.927368164
1.1493877551	368.501434326
1.15229024943	368.075958252
1.15519274376	367.86340332
1.1580952381	367.86340332
1.16099773243	368.075958252
1.16390022676	368.927368164
1.16680272109	369.994415283
1.16970521542	370.850280762
1.17260770975	371.278961182
1.17551020408	371.493469238
1.17841269841	371.278961182
1.18131519274	370.636138916
1.18421768707	369.994415283
1.18712018141	369.353820801
1.19002267574	368.501434326
1.19292517007	367.86340332
1.1958276644	367.651000977
1.19873015873	368.075958252
1.20163265306	368.714324951
1.20453514739	369.140533447
1.20743764172	368.714324951
1.21034013605	308.621124268
1.21324263039	308.264801025
1.21614512472	307.375793457
1.21904761905	306.489318848
1.22195011338	305.782012939
1.22485260771	305.605438232
1.22775510204	305.782012939
1.23065759637	305.252593994
1.2335600907	305.076324463
1.23646258503	305.252593994
1.23936507937	305.958679199
1.2422675737	306.843597412
1.24517006803	307.731079102
1.24807256236	308.264801025
1.25097505669	308.799438477
1.25387755102	309.335021973
1.25678004535	310.050567627
1.25968253968	310.588317871
1.26258503401	310.94732666
1.26548752834	311.126983643
1.26839002268	310.94732666
1.27129251701	310.94732666
1.27419501134	311.126983643
1.27709750567	311.486633301
1.28	311.846679688
1.28290249433	312.20715332
1.28580498866	312.568023682
1.28870748299	312.568023682
1.29160997732	312.568023682
1.29451247166	312.748626709
1.29741496599	312.929321289
1.30031746032	312.748626709
1.30321995465	312.748626709
1.30612244898	312.20715332
1.30902494331	311.486633301
1.31192743764	310.76776123
1.31482993197	310.408966064
1.3177324263	310.408966064
1.32063492063	310.408966064
1.32353741497	310.588317871
1.3264399093	310.94732666
1.32934240363	311.666595459
1.33224489796	311.846679688
1.33514739229	311.666595459
1.33804988662	311.306762695
1.34095238095	311.126983643
1.34385487528	310.94732666
1.34675736961	310.94732666
1.34965986395	311.486633301
1.35256235828	311.846679688
1.35546485261	311.846679688
1.35836734694	311.126983643
1.36126984127	310.408966064
1.3641723356	310.050567627
1.36707482993	310.408966064
1.36997732426	310.94732666
1.37287981859	311.666595459
1.37578231293	312.20715332
1.37868480726	312.748626709
1.38158730159	313.472045898
1.38448979592	313.834411621
1.38739229025	314.197174072
1.39029478458	314.01574707
1.39319727891	313.834411621
1.39609977324	313.291046143
1.39900226757	312.568023682
1.4019047619	312.20715332
1.40480725624	311.846679688
1.40770975057	311.486633301
1.4106122449	310.94732666
1.41351473923	310.050567627
1.41641723356	308.799438477
1.41931972789	307.731079102
1.42222222222	307.198303223
1.42512471655	307.020904541
1.42802721088	307.908905029
1.43092970522	308.799438477
1.43383219955	308.799438477
1.43673469388	307.908905029
1.43963718821	359.046386719
1.44253968254	360.709350586
1.44544217687	361.126312256
1.4483446712	360.709350586
1.45124716553	360.292877197
1.45414965986	360.292877197
1.4570521542	361.961639404
1.45995464853	363.428161621
1.46285714286	365.744659424
1.46575963719	368.288635254
1.46866213152	371.064544678
1.47156462585	372.567932129
1.47446712018	372.998596191
1.47736961451	372.783203125
1.48027210884	371.92288208
1.48317460317	370.850280762
1.48607709751	369.780761719
1.48897959184	368.501434326
1.49188208617	367.226501465
1.4947845805	366.167449951
1.49768707483	365.533477783
1.50058956916	365.533477783
1.50349206349	366.167449951
1.50639455782	366.802520752
1.50929705215	367.86340332
1.51219954649	369.140533447
1.51510204082	370.422119141
1.51800453515	371.493469238
1.52090702948	372.137786865
1.52380952381	372.352783203
1.52671201814	371.92288208
1.52961451247	371.708129883
1.5325170068	371.064544678
1.53541950113	370.850280762
1.53832199546	370.422119141
1.5412244898	370.208190918
1.54412698413	369.780761719
1.54702947846	369.353820801
1.54993197279	368.714324951
1.55283446712	367.86340332
1.55573696145	367.014434814
1.55863945578	366.167449951
1.56154195011	365.744659424
1.56444444444	365.955993652
1.56734693878	366.167449951
1.57024943311	367.014434814
1.57315192744	367.86340332
1.57605442177	368.714324951
1.5789569161	369.353820801
1.58185941043	369.994415283
1.58476190476	370.422119141
1.58766439909	370.636138916
1.59056689342	370.636138916
1.59346938776	370.208190918
1.59637188209	369.567230225
1.59927437642	369.140533447
1.60217687075	368.927368164
1.60507936508	368.501434326
1.60798185941	368.288635254
1.61088435374	368.075958252
1.61378684807	368.075958252
1.6166893424	367.86340332
1.61959183673	368.288635254
1.62249433107	368.714324951
1.6253968254	369.353820801
1.62829931973	369.567230225
1.63120181406	369.780761719
1.63410430839	369.994415283
1.63700680272	369.994415283
1.63990929705	370.422119141
1.64281179138	370.422119141
1.64571428571	370.208190918
1.64861678005	369.567230225
1.65151927438	369.353820801
1.65442176871	369.140533447
1.65732426304	368.927368164
1.66022675737	368.927368164
1.6631292517	368.927368164
1.66603174603	368.927368164
1.66893424036	368.927368164
1.67183673469	369.567230225
1.67473922902	369.994415283
1.67764172336	370.208190918
1.68054421769	370.208190918
1.68344671202	369.780761719
1.68634920635	369.353820801
1.68925170068	368.927368164
1.69215419501	368.927368164
1.69505668934	369.567230225
1.69795918367	370.208190918
1.700861678	370.422119141
1.70376417234	370.422119141
1.70666666667	314.378723145
1.709569161	312.387542725
1.71247165533	310.588317871
1.71537414966	309.871520996
1.71827664399	310.050567627
1.72117913832	310.408966064
1.72408163265	310.588317871
1.72698412698	310.229705811
1.72988662132	309.692596436
1.73278911565	309.335021973
1.73569160998	309.156402588
1.73859410431	308.799438477
1.74149659864	308.442932129
1.74439909297	307.553375244
1.7473015873	307.020904541
1.75020408163	306.843597412
1.75310657596	307.020904541
1.75600907029	307.198303223
1.75891156463	307.375793457
1.76181405896	307.375793457
1.76471655329	307.553375244
1.76761904762	307.908905029
1.77052154195	308.442932129
1.77342403628	309.156402588
1.77632653061	309.692596436
1.77922902494	310.229705811
1.78213151927	310.588317871
1.78503401361	310.588317871
1.78793650794	310.408966064
1.79083900227	310.408966064
1.7937414966	310.408966064
1.79664399093	310.588317871
1.79954648526	310.94732666
1.80244897959	311.306762695
1.80535147392	312.026855469
1.80825396825	312.387542725
1.81115646259	312.748626709
1.81405895692	313.110137939
1.81696145125	313.110137939
1.81986394558	312.929321289
1.82276643991	312.568023682
1.82566893424	312.20715332
1.82857142857	311.666595459
1.8314739229	311.306762695
1.83437641723	310.76776123
1.83727891156	310.229705811
1.8401814059	309.871520996
1.84308390023	310.050567627
1.84598639456	310.588317871
1.84888888889	310.94732666
1.85179138322	310.94732666
1.85469387755	310.94732666
1.85759637188	310.76776123
1.86049886621	310.76776123
1.86340136054	310.94732666
1.86630385488	311.126983643
1.86920634921	311.126983643
1.87210884354	311.306762695
1.87501133787	311.306762695
1.8779138322	311.306762695
1.88081632653	311.486633301
1.88371882086	311.306762695
1.88662131519	311.126983643
1.88952380952	311.306762695
1.89242630385	311.486633301
1.89532879819	312.20715332
1.89823129252	312.929321289
1.90113378685	313.110137939
1.90403628118	313.291046143
1.90693877551	313.110137939
1.90984126984	313.110137939
1.91274376417	313.110137939
1.9156462585	313.110137939
1.91854875283	313.110137939
1.92145124717	312.748626709
1.9243537415	312.387542725
1.92725623583	311.846679688
1.93015873016	311.486633301
1.93306122449	311.306762695
1.93596371882	311.126983643
1.93886621315	310.94732666
1.94176870748	310.588317871
1.94467120181	310.588317871
1.94757369615	310.588317871
1.95047619048	311.126983643
1.95337868481	311.666595459
1.95628117914	312.20715332
1.95918367347	312.748626709
1.9620861678	312.748626709
1.96498866213	312.929321289
1.96789115646	312.929321289
1.97079365079	312.748626709
1.97369614512	312.387542725
1.97659863946	312.20715332
1.97950113379	311.846679688
1.98240362812	311.846679688
1.98530612245	311.846679688
1.98820861678	312.026855469
1.99111111111	312.026855469
1.99401360544	312.026855469
1.99691609977	312.20715332
1.9998185941	312.387542725
2.00272108844	312.568023682
2.00562358277	312.929321289
2.0085260771	313.291046143
2.01142857143	313.653167725
2.01433106576	313.653167725
2.01723356009	313.653167725
2.02013605442	313.472045898
2.02303854875	313.472045898
2.02594104308	312.929321289
2.02884353741	312.568023682
2.03174603175	311.846679688
2.03464852608	311.306762695
2.03755102041	310.94732666
2.04045351474	310.76776123
2.04335600907	310.588317871
2.0462585034	310.76776123
2.04916099773	310.76776123
2.05206349206	310.94732666
2.05496598639	311.306762695
2.05786848073	311.666595459
2.06077097506	312.20715332
2.06367346939	312.387542725
2.06657596372	312.568023682
2.06947845805	312.748626709
2.07238095238	312.929321289
2.07528344671	313.110137939
2.07818594104	312.929321289
2.08108843537	312.929321289
2.08399092971	313.110137939
2.08689342404	313.110137939
2.08979591837	313.472045898
2.0926984127	313.472045898
2.09560090703	313.472045898
2.09850340136	313.472045898
2.10140589569	313.291046143
2.10430839002	313.110137939
2.10721088435	312.929321289
2.11011337868	312.748626709
2.11301587302	312.387542725
2.11591836735	312.20715332
2.11882086168	312.026855469
2.12172335601	312.026855469
2.12462585034	312.026855469
2.12752834467	311.846679688
2.130430839	312.026855469
2.13333333333	312.026855469
2.13623582766	312.026855469
2.139138322	312.026855469
2.14204081633	312.026855469
2.14494331066	311.846679688
2.14784580499	311.846679688
2.15074829932	311.846679688
2.15365079365	311.846679688
2.15655328798	312.026855469
2.15945578231	312.20715332
2.16235827664	312.387542725
2.16526077098	312.568023682
2.16816326531	312.748626709
2.17106575964	312.748626709
2.17396825397	312.568023682
2.1768707483	312.387542725
2.17977324263	312.20715332
2.18267573696	312.026855469
2.18557823129	311.846679688
2.18848072562	311.846679688
2.19138321995	311.846679688
2.19428571429	312.026855469
2.19718820862	312.20715332
2.20009070295	312.387542725
2.20299319728	312.568023682
2.20589569161	312.568023682
2.20879818594	312.748626709
2.21170068027	312.568023682
2.2146031746	312.748626709
2.21750566893	312.748626709
2.22040816327	312.929321289
2.2233106576	312.929321289
2.22621315193	313.834411621
2.22911564626	316.017303467
2.23201814059	319.873962402
2.23492063492	322.098846436
2.23782312925	322.657501221
2.24072562358	321.912841797
2.24362811791	319.135742188
2.24653061224	313.653167725
2.24943310658	298.452941895
2.25233560091	294.344055176
2.25523809524	293.664764404
2.25814058957	293.495178223
2.2610430839	293.495178223
2.26394557823	293.834442139
2.26684807256	294.174102783
2.26975056689	294.344055176
2.27265306122	294.174102783
2.27555555556	293.664764404
2.27845804989	293.325714111
2.28136054422	292.987030029
2.28426303855	292.648773193
2.28716553288	295.024932861
2.29006802721	293.834442139
2.29297052154	293.664764404
2.29587301587	293.834442139
2.2987755102	293.834442139
2.30167800454	295.024932861
2.30458049887	295.024932861
2.3074829932	294.344055176
2.31038548753	293.834442139
2.31328798186	293.495178223
2.31619047619	292.987030029
2.31909297052	292.648773193
2.32199546485	292.479766846
2.32489795918	292.648773193
2.32780045351	293.156341553
2.33070294785	294.004211426
2.33360544218	294.514129639
2.33650793651	295.024932861
2.33941043084	295.365936279
2.34231292517	295.536621094
2.3452154195	295.365936279
2.34811791383	295.195404053
2.35102040816	294.344055176
2.35392290249	292.142089844
2.35682539683	291.46786499
2.35972789116	291.636291504
2.36263038549	291.636291504
2.36553287982	291.636291504
2.36843537415	291.973388672
2.37133786848	293.156341553
2.37424036281	293.834442139
2.37714285714	294.174102783
2.38004535147	294.344055176
2.3829478458	294.684295654
2.38585034014	295.024932861
2.38875283447	295.365936279
2.3916553288	295.536621094
2.39455782313	295.365936279
2.39746031746	295.024932861
2.40036281179	293.834442139
2.40326530612	292.648773193
2.40616780045	291.636291504
2.40907029478	291.46786499
2.41197278912	291.131347656
2.41487528345	290.795227051
2.41777777778	291.299560547
2.42068027211	292.817840576
2.42358276644	294.344055176
2.42648526077	295.365936279
2.4293877551	296.049194336
2.43229024943	296.391387939
2.43519274376	296.562652588
2.4380952381	296.391387939
2.44099773243	296.220245361
2.44390022676	295.878234863
2.44680272109	295.536621094
2.44970521542	295.365936279
2.45260770975	294.854553223
2.45551020408	294.684295654
2.45841269841	294.514129639
2.46131519274	294.004211426
2.46421768707	293.325714111
2.46712018141	292.817840576
2.47002267574	292.648773193
2.47292517007	292.310882568
2.4758276644	292.142089844
2.47873015873	292.310882568
2.48163265306	292.987030029
2.48453514739	293.834442139
2.48743764172	294.684295654
2.49034013605	295.195404053
2.49324263039	295.707366943
2.49614512472	296.049194336
2.49904761905	296.391387939
2.50195011338	297.07699585
2.50485260771	297.936218262
2.50775510204	298.797943115
2.51065759637	300.355316162
2.5135600907	311.666595459
2.51646258503	312.929321289
2.51936507937	314.01574707
2.5222675737	314.01574707
2.52517006803	314.923950195
2.52807256236	315.105926514
2.53097505669	314.923950195
2.53387755102	314.01574707
2.53678004535	312.568023682
2.53968253968	311.126983643
2.54258503401	308.264801025
2.54548752834	306.666412354
2.54839002268	305.428955078
2.55129251701	304.900146484
2.55419501134	303.845275879
2.55709750567	303.144042969
2.56	303.144042969
2.56290249433	302.61920166
2.56580498866	302.61920166
2.56870748299	302.61920166
2.57160997732	302.61920166
2.57451247166	302.794036865
2.57741496599	303.319213867
2.58031746032	303.669830322
2.58321995465	304.372253418
2.58612244898	305.252593994
2.58902494331	305.076324463
2.59192743764	305.782012939
2.59482993197	306.489318848
2.5977324263	307.375793457
2.60063492063	308.621124268
2.60353741497	309.692596436
2.6064399093	310.94732666
2.60934240363	312.20715332
2.61224489796	313.472045898
2.61514739229	314.197174072
2.61804988662	314.742095947
2.62095238095	314.56036377
2.62385487528	314.01574707
2.62675736961	313.653167725
2.62965986395	313.291046143
2.63256235828	312.387542725
2.63546485261	311.306762695
2.63836734694	310.229705811
2.64126984127	309.335021973
2.6441723356	308.264801025
2.64707482993	307.908905029
2.64997732426	307.908905029
2.65287981859	308.799438477
2.65578231293	310.94732666
2.65868480726	313.110137939
2.66158730159	314.742095947
2.66448979592	315.470153809
2.66739229025	315.470153809
2.67029478458	314.56036377
2.67319727891	313.472045898
2.67609977324	311.666595459
2.67900226757	310.229705811
2.6819047619	309.513763428
2.68480725624	308.442932129
2.68770975057	307.908905029
2.6906122449	307.020904541
2.69351473923	305.958679199
2.69641723356	305.252593994
2.69931972789	304.900146484
2.70222222222	305.252593994
2.70512471655	305.782012939
2.70802721088	306.489318848
2.71092970522	307.375793457
2.71383219955	308.799438477
2.71673469388	311.846679688
2.71963718821	316.017303467
2.72253968254	318.399230957
2.72544217687	319.135742188
2.7283446712	318.767272949
2.73124716553	316.931304932
2.73414965986	313.653167725
2.7370521542	309.335021973
2.73995464853	307.375793457
2.74285714286	306.843597412
2.74575963719	306.489318848
2.74866213152	306.312347412
2.75156462585	306.312347412
2.75446712018	306.489318848
2.75736961451	306.843597412
2.76027210884	307.375793457
2.76317460317	308.264801025
2.76607709751	309.513763428
2.76897959184	310.94732666
2.77188208617	312.387542725
2.7747845805	313.653167725
2.77768707483	314.742095947
2.78058956916	315.105926514
2.78349206349	315.287994385
2.78639455782	314.923950195
2.78929705215	314.01574707
2.79219954649	312.748626709
2.79510204082	311.486633301
2.79800453515	310.408966064
2.80090702948	309.335021973
2.80380952381	308.799438477
2.80671201814	308.442932129
2.80961451247	308.799438477
2.8125170068	309.513763428
2.81541950113	310.588317871
2.81832199546	312.026855469
2.8212244898	313.653167725
2.82412698413	315.287994385
2.82702947846	316.748291016
2.82993197279	317.480987549
2.83283446712	317.480987549
2.83573696145	316.56539917
2.83863945578	315.287994385
2.84154195011	313.291046143
2.84444444444	311.306762695
2.84734693878	309.513763428
2.85024943311	308.264801025
2.85315192744	307.731079102
2.85605442177	307.375793457
2.8589569161	307.908905029
2.86185941043	308.442932129
2.86476190476	309.156402588
2.86766439909	310.229705811
2.87056689342	311.306762695
2.87346938776	312.20715332
2.87637188209	313.291046143
2.87927437642	313.834411621
2.88217687075	314.197174072
2.88507936508	314.378723145
2.88798185941	314.197174072
2.89088435374	313.291046143
2.89378684807	312.026855469
2.8966893424	310.76776123
2.89959183673	309.871520996
2.90249433107	310.229705811
2.9053968254	311.846679688
2.90829931973	313.653167725
2.91120181406	315.105926514
2.91410430839	315.105926514
2.91700680272	316.017303467
2.91990929705	314.01574707
2.92281179138	301.050079346
2.92571428571	296.049194336
2.92861678005	293.495178223
2.93151927438	292.817840576
2.93442176871	292.479766846
2.93732426304	292.479766846
2.94022675737	292.817840576
2.9431292517	293.156341553
2.94603174603	293.156341553
2.94893424036	293.156341553
2.95183673469	292.817840576
2.95473922902	292.648773193
2.95764172336	292.479766846
2.96054421769	292.479766846
2.96344671202	294.854553223
2.96634920635	294.854553223
2.96925170068	293.834442139
2.97215419501	293.495178223
2.97505668934	293.664764404
2.97795918367	294.514129639
2.980861678	296.391387939
2.98376417234	296.733978271
2.98666666667	296.733978271
2.989569161	296.905426025
2.99247165533	296.905426025
2.99537414966	296.905426025
2.99827664399	296.733978271
3.00117913832	296.733978271
3.00408163265	296.562652588
3.00698412698	296.391387939
3.00988662132	295.536621094
3.01278911565	293.834442139
3.01569160998	290.963226318
3.01859410431	289.120361328
3.02149659864	288.453125
3.02439909297	288.286560059
3.0273015873	288.619781494
3.03020408163	288.286560059
3.03310657596	292.817840576
3.03600907029	298.625396729
3.03891156463	300.876251221
3.04181405896	302.095245361
3.04471655329	302.444458008
3.04761904762	301.398071289
3.05052154195	299.662139893
3.05342403628	296.733978271
3.05632653061	268.20513916
3.05922902494	263.749847412
3.06213151927	261.323486328
3.06503401361	259.668365479
3.06793650794	258.620544434
3.07083900227	258.321929932
3.0737414966	258.620544434
3.07664399093	259.668365479
3.07954648526	260.720397949
3.08244897959	261.625579834
3.08535147392	262.079315186
3.08825396825	262.230743408
3.09115646259	261.776733398
3.09405895692	261.021789551
3.09696145125	260.269012451
3.09986394558	259.818389893
3.10276643991	259.368530273
3.10566893424	259.218780518
3.10857142857	259.368530273
3.1114739229	259.818389893
3.11437641723	260.419372559
3.11727891156	261.172607422
3.1201814059	262.079315186
3.12308390023	262.685546875
3.12598639456	263.141143799
3.12888888889	263.141143799
3.13179138322	262.533874512
3.13469387755	261.927978516
3.13759637188	261.474487305
3.14049886621	261.323486328
3.14340136054	261.323486328
3.14630385488	261.625579834
3.14920634921	261.927978516
3.15210884354	262.533874512
3.15501133787	262.533874512
3.1579138322	262.230743408
3.16081632653	261.776733398
3.16371882086	261.474487305
3.16662131519	261.172607422
3.16952380952	260.871063232
3.17242630385	260.569854736
3.17532879819	260.118713379
3.17823129252	259.5184021
3.18113378685	259.218780518
3.18403628118	259.218780518
3.18693877551	259.218780518
3.18984126984	259.218780518
3.19274376417	259.668365479
3.1956462585	260.269012451
3.19854875283	260.569854736
3.20145124717	260.269012451
3.2043537415	259.968505859
3.20725623583	259.668365479
3.21015873016	259.668365479
3.21306122449	259.968505859
3.21596371882	260.720397949
3.21886621315	262.079315186
3.22176870748	263.90222168
3.22467120181	264.512664795
3.22757369615	264.054718018
3.23047619048	262.989196777
3.23337868481	262.230743408
3.23628117914	261.927978516
3.23918367347	261.776733398
3.2420861678	262.079315186
3.24498866213	262.685546875
3.24789115646	263.59753418
3.25079365079	264.359924316
3.25369614512	264.512664795
3.25659863946	264.207275391
3.25950113379	263.141143799
3.26240362812	261.927978516
3.26530612245	261.021789551
3.26820861678	260.118713379
3.27111111111	259.668365479
3.27401360544	259.368530273
3.27691609977	259.368530273
3.2798185941	259.818389893
3.28272108844	260.720397949
3.28562358277	261.927978516
3.2885260771	263.141143799
3.29142857143	264.665496826
3.29433106576	266.198699951
3.29723356009	268.360107422
3.30013605442	270.5390625
3.30303854875	292.479766846
3.30594104308	292.648773193
3.30884353741	294.344055176
3.31174603175	296.220245361
3.31464852608	296.391387939
3.31755102041	295.536621094
3.32045351474	294.854553223
3.32335600907	294.854553223
3.3262585034	295.365936279
3.32916099773	295.707366943
3.33206349206	296.220245361
3.33496598639	296.562652588
3.33786848073	296.905426025
3.34077097506	297.248626709
3.34367346939	296.562652588
3.34657596372	295.195404053
3.34947845805	294.004211426
3.35238095238	293.325714111
3.35528344671	292.987030029
3.35818594104	292.987030029
3.36108843537	292.987030029
3.36399092971	292.987030029
3.36689342404	292.817840576
3.36979591837	292.479766846
3.3726984127	292.142089844
3.37560090703	291.804779053
3.37850340136	291.636291504
3.38140589569	291.973388672
3.38430839002	292.479766846
3.38721088435	293.156341553
3.39011337868	293.495178223
3.39301587302	293.664764404
3.39591836735	293.325714111
3.39882086168	292.817840576
3.40172335601	291.804779053
3.40462585034	290.963226318
3.40752834467	290.627288818
3.410430839	290.795227051
3.41333333333	291.804779053
3.41623582766	293.156341553
3.419138322	293.325714111
3.42204081633	292.817840576
3.42494331066	294.174102783
3.42784580499	294.344055176
3.43074829932	294.514129639
3.43365079365	294.004211426
3.43655328798	293.495178223
3.43945578231	293.495178223
3.44235827664	293.495178223
3.44526077098	293.325714111
3.44816326531	293.325714111
3.45106575964	293.156341553
3.45396825397	293.325714111
3.4568707483	295.024932861
3.45977324263	295.536621094
3.46267573696	295.536621094
3.46557823129	295.195404053
3.46848072562	293.664764404
3.47138321995	293.156341553
3.47428571429	289.956573486
3.47718820862	289.120361328
3.48009070295	290.627288818
3.48299319728	293.325714111
3.48589569161	294.854553223
3.48879818594	295.365936279
3.49170068027	295.365936279
3.4946031746	295.195404053
3.49750566893	294.174102783
3.50040816327	292.648773193
3.5033106576	291.131347656
3.50621315193	290.963226318
3.50911564626	291.636291504
3.51201814059	292.987030029
3.51492063492	294.344055176
3.51782312925	294.854553223
3.52072562358	295.195404053
3.52362811791	294.684295654
3.52653061224	292.817840576
3.52943310658	291.131347656
3.53233560091	291.131347656
3.53523809524	290.12411499
3.53814058957	290.291748047
3.5410430839	292.817840576
3.54394557823	297.592224121
3.54684807256	301.050079346
3.54975056689	302.095245361
3.55265306122	302.095245361
3.55555555556	302.444458008
3.55845804989	301.57220459
3.56136054422	301.050079346
3.56426303855	301.57220459
3.56716553288	302.444458008
3.57006802721	302.444458008
3.57297052154	302.61920166
3.57587301587	302.444458008
3.5787755102	301.920806885
3.58167800454	301.224029541
3.58458049887	300.876251221
3.5874829932	301.050079346
3.59038548753	301.57220459
3.59328798186	302.61920166
3.59619047619	303.669830322
3.59909297052	303.494476318
3.60199546485	303.669830322
3.60489795918	304.196502686
3.60780045351	305.782012939
3.61070294785	309.692596436
3.61360544218	312.20715332
3.61650793651	313.653167725
3.61941043084	314.378723145
3.62231292517	314.378723145
3.6252154195	313.653167725
3.62811791383	312.20715332
3.63102040816	311.486633301
3.63392290249	311.306762695
3.63682539683	311.486633301
3.63972789116	311.486633301
3.64263038549	311.486633301
3.64553287982	311.126983643
3.64843537415	310.76776123
3.65133786848	310.050567627
3.65424036281	309.871520996
3.65714285714	310.050567627
3.66004535147	310.76776123
3.6629478458	311.666595459
3.66585034014	312.387542725
3.66875283447	313.110137939
3.6716553288	313.472045898
3.67455782313	313.653167725
3.67746031746	313.472045898
3.68036281179	313.110137939
3.68326530612	312.20715332
3.68616780045	310.76776123
3.68907029478	309.513763428
3.69197278912	307.731079102
3.69487528345	306.489318848
3.69777777778	305.958679199
3.70068027211	305.428955078
3.70358276644	305.252593994
3.70648526077	305.428955078
3.7093877551	305.076324463
3.71229024943	304.372253418
3.71519274376	303.669830322
3.7180952381	302.968994141
3.72099773243	301.398071289
3.72390022676	296.391387939
3.72680272109	290.963226318
3.72970521542	287.953704834
3.73260770975	286.791748047
3.73551020408	285.469543457
3.73841269841	287.289154053
3.74131519274	291.973388672
3.74421768707	302.095245361
3.74712018141	304.900146484
3.75002267574	305.428955078
3.75292517007	305.428955078
3.7558276644	305.605438232
3.75873015873	305.782012939
3.76163265306	305.958679199
3.76453514739	306.312347412
3.76743764172	306.843597412
3.77034013605	307.731079102
3.77324263039	309.513763428
3.77614512472	311.666595459
3.77904761905	313.653167725
3.78195011338	315.105926514
3.78485260771	313.110137939
3.78775510204	311.486633301
3.79065759637	358.631835938
3.7935600907	362.3800354
3.79646258503	363.428161621
3.79936507937	363.218292236
3.8022675737	362.170776367
3.80517006803	361.126312256
3.80807256236	360.917785645
3.81097505669	362.170776367
3.81387755102	363.428161621
3.81678004535	365.322387695
3.81968253968	368.288635254
3.82258503401	371.278961182
3.82548752834	372.783203125
3.82839002268	373.214111328
3.83129251701	372.567932129
3.83419501134	371.708129883
3.83709750567	370.850280762
3.84	369.780761719
3.84290249433	368.288635254
3.84580498866	367.014434814
3.84870748299	365.955993652
3.85160997732	365.533477783
3.85451247166	365.533477783
3.85741496599	365.744659424
3.86031746032	366.802520752
3.86321995465	368.075958252
3.86612244898	369.780761719
3.86902494331	371.064544678
3.87192743764	372.137786865
3.87482993197	372.567932129
3.8777324263	372.783203125
3.88063492063	372.352783203
3.88353741497	371.92288208
3.8864399093	371.278961182
3.88934240363	370.636138916
3.89224489796	370.422119141
3.89514739229	370.208190918
3.89804988662	369.994415283
3.90095238095	369.567230225
3.90385487528	369.140533447
3.90675736961	368.288635254
3.90965986395	367.438690186
3.91256235828	366.378997803
3.91546485261	365.955993652
3.91836734694	365.533477783
3.92126984127	365.955993652
3.9241723356	366.378997803
3.92707482993	367.226501465
3.92997732426	368.288635254
3.93287981859	369.353820801
3.93578231293	370.208190918
3.93868480726	370.422119141
3.94158730159	370.636138916
3.94448979592	370.422119141
3.94739229025	370.208190918
3.95029478458	369.780761719
3.95319727891	369.567230225
3.95609977324	368.927368164
3.95900226757	368.501434326
3.9619047619	368.075958252
3.96480725624	367.86340332
3.96770975057	368.075958252
3.9706122449	368.288635254
3.97351473923	368.501434326
3.97641723356	368.714324951
3.97931972789	369.140533447
3.98222222222	369.353820801
3.98512471655	369.994415283
3.98802721088	370.422119141
3.99092970522	370.422119141
3.99383219955	370.208190918
3.99673469388	369.994415283
3.99963718821	369.567230225
4.00253968254	369.567230225
4.00544217687	369.567230225
4.0083446712	369.140533447
4.01124716553	368.714324951
4.01414965986	368.714324951
4.0170521542	368.714324951
4.01995464853	368.927368164
4.02285714286	369.353820801
4.02575963719	369.567230225
4.02866213152	369.567230225
4.03156462585	369.567230225
4.03446712018	369.780761719
4.03736961451	369.994415283
4.04027210884	369.994415283
4.04317460317	369.780761719
4.04607709751	369.353820801
4.04897959184	369.140533447
4.05188208617	369.140533447
4.0547845805	369.567230225
4.05768707483	370.422119141
4.06058956916	371.064544678
4.06349206349	372.352783203
4.06639455782	372.567932129
4.06929705215	374.077423096
4.07219954649	377.55065918
4.07510204082	385.929382324
4.07800453515	395.863616943
4.08090702948	400.463348389
4.08380952381	402.085845947
4.08671201814	402.085845947
4.08961451247	402.085845947
4.0925170068	400.694732666
4.09541950113	398.386901855
4.09832199546	395.863616943
4.1012244898	394.266235352
4.10412698413	393.583618164
4.10702947846	393.129211426
4.10993197279	392.902191162
4.11283446712	393.129211426
4.11573696145	393.35635376
4.11863945578	393.35635376
4.12154195011	393.35635376
4.12444444444	392.902191162
4.12734693878	392.675292969
4.13024943311	391.995422363
4.13315192744	391.316741943
4.13605442177	391.090789795
4.1389569161	390.864929199
4.14185941043	390.864929199
4.14476190476	390.864929199
4.14766439909	391.090789795
4.15056689342	391.316741943
4.15346938776	391.54284668
4.15637188209	391.769073486
4.15927437642	391.769073486
4.16217687075	391.54284668
4.16507936508	391.316741943
4.16798185941	391.090789795
4.17088435374	390.639221191
4.17378684807	389.962890625
4.1766893424	389.737701416
4.17959183673	389.287719727
4.18249433107	388.613739014
4.1853968254	388.165039062
4.18829931973	387.716888428
4.19120181406	387.269226074
4.19410430839	387.045593262
4.19700680272	386.152374268
4.19990929705	385.706512451
4.20281179138	385.483795166
4.20571428571	385.483795166
4.20861678005	385.929382324
4.21151927438	386.152374268
4.21442176871	386.152374268
4.21732426304	386.598724365
4.22022675737	387.045593262
4.2231292517	387.492980957
4.22603174603	387.940887451
4.22893424036	388.389312744
4.23183673469	388.389312744
4.23473922902	389.062927246
4.23764172336	389.512664795
4.24054421769	389.962890625
4.24344671202	390.413665771
4.24634920635	391.090789795
4.24925170068	391.54284668
4.25215419501	391.995422363
4.25505668934	392.448547363
4.25795918367	392.448547363
4.260861678	392.448547363
4.26376417234	392.221923828
4.26666666667	391.54284668
4.269569161	391.090789795
4.27247165533	390.864929199
4.27537414966	390.413665771
4.27827664399	390.413665771
4.28117913832	390.413665771
4.28408163265	390.639221191
4.28698412698	391.090789795
4.28988662132	391.54284668
4.29278911565	391.769073486
4.29569160998	391.995422363
4.29859410431	391.769073486
4.30149659864	391.769073486
4.30439909297	391.54284668
4.3073015873	391.316741943
4.31020408163	391.54284668
4.31310657596	391.316741943
4.31600907029	391.090789795
4.31891156463	391.316741943
4.32181405896	391.316741943
4.32471655329	391.316741943
4.32761904762	391.316741943
4.33052154195	390.864929199
4.33342403628	390.639221191
4.33632653061	390.188201904
4.33922902494	389.737701416
4.34213151927	389.737701416
4.34503401361	389.962890625
4.34793650794	390.413665771
4.35083900227	390.864929199
4.3537414966	391.54284668
4.35664399093	391.769073486
4.35954648526	392.675292969
4.36244897959	393.811035156
4.36535147392	395.178253174
4.36825396825	396.321228027
4.37115646259	397.467498779
4.37405895692	397.697143555
4.37696145125	397.467498779
4.37986394558	396.550201416
4.38276643991	394.721984863
4.38566893424	392.221923828
4.38857142857	389.737701416
4.3914739229	388.389312744
4.39437641723	387.716888428
4.39727891156	387.492980957
4.4001814059	387.492980957
4.40308390023	387.716888428
4.40598639456	388.165039062
4.40888888889	388.613739014
4.41179138322	389.287719727
4.41469387755	390.413665771
4.41759637188	391.090789795
4.42049886621	391.995422363
4.42340136054	392.675292969
4.42630385488	393.129211426
4.42920634921	393.583618164
4.43210884354	393.583618164
4.43501133787	393.811035156
4.4379138322	393.583618164
4.44081632653	393.583618164
4.44371882086	393.35635376
4.44662131519	393.35635376
4.44952380952	393.35635376
4.45242630385	393.129211426
4.45532879819	392.902191162
4.45823129252	393.129211426
4.46113378685	392.902191162
4.46403628118	392.675292969
4.46693877551	392.448547363
4.46984126984	392.221923828
4.47274376417	391.995422363
4.4756462585	391.769073486
4.47854875283	391.54284668
4.48145124717	391.769073486
4.4843537415	391.995422363
4.48725623583	392.221923828
4.49015873016	392.902191162
4.49306122449	393.35635376
4.49596371882	393.35635376
4.49886621315	393.35635376
4.50176870748	393.35635376
4.50467120181	393.583618164
4.50757369615	393.583618164
4.51047619048	393.811035156
4.51337868481	394.038574219
4.51628117914	394.266235352
4.51918367347	394.266235352
4.5220861678	394.494049072
4.52498866213	394.266235352
4.52789115646	393.811035156
4.53079365079	393.583618164
4.53369614512	393.129211426
4.53659863946	393.129211426
4.53950113379	392.902191162
4.54240362812	392.902191162
4.54530612245	392.675292969
4.54820861678	392.902191162
4.55111111111	392.675292969
4.55401360544	392.221923828
4.55691609977	391.769073486
4.5598185941	391.54284668
4.56272108844	391.090789795
4.56562358277	391.090789795
4.5685260771	391.090789795
4.57142857143	391.316741943
4.57433106576	391.769073486
4.57723356009	392.221923828
4.58013605442	392.675292969
4.58303854875	392.902191162
4.58594104308	393.129211426
4.58884353741	393.129211426
4.59174603175	392.902191162
4.59464852608	392.675292969
4.59755102041	392.221923828
4.60045351474	391.995422363
4.60335600907	391.54284668
4.6062585034	391.316741943
4.60916099773	390.864929199
4.61206349206	390.864929199
4.61496598639	390.639221191
4.61786848073	390.639221191
4.62077097506	390.639221191
4.62367346939	390.864929199
4.62657596372	391.090789795
4.62947845805	391.316741943
4.63238095238	391.769073486
4.63528344671	391.995422363
4.63818594104	392.221923828
4.64108843537	391.995422363
4.64399092971	391.54284668
4.64689342404	391.316741943
4.64979591837	390.639221191
4.6526984127	390.413665771
4.65560090703	390.639221191
4.65850340136	391.090789795
4.66140589569	391.54284668
4.66430839002	392.448547363
4.66721088435	393.35635376
4.67011337868	394.038574219
4.67301587302	394.950042725
4.67591836735	394.494049072
4.67882086168	393.811035156
4.68172335601	392.902191162
4.68462585034	391.769073486
4.68752834467	391.54284668
4.690430839	391.54284668
4.69333333333	392.221923828
4.69623582766	392.902191162
4.699138322	393.811035156
4.70204081633	394.494049072
4.70494331066	394.950042725
4.70784580499	394.950042725
4.71074829932	0.0
4.71365079365	0.0
4.71655328798	0.0
4.71945578231	0.0
4.72235827664	0.0
4.72526077098	0.0
4.72816326531	0.0
4.73106575964	0.0
4.73396825397	0.0
4.7368707483	0.0
4.73977324263	0.0
4.74267573696	0.0
4.74557823129	0.0
4.74848072562	0.0
4.75138321995	0.0
4.75428571429	0.0
4.75718820862	0.0
4.76009070295	0.0
4.76299319728	0.0
4.76589569161	0.0
4.76879818594	0.0
4.77170068027	0.0
4.7746031746	0.0
4.77750566893	0.0
4.78040816327	0.0
4.7833106576	0.0
4.78621315193	0.0
4.78911564626	0.0
4.79201814059	0.0
4.79492063492	0.0
4.79782312925	0.0
4.80072562358	0.0
4.80362811791	0.0
4.80653061224	0.0
4.80943310658	0.0
4.81233560091	0.0
4.81523809524	0.0
4.81814058957	0.0
4.8210430839	0.0
4.82394557823	0.0
4.82684807256	0.0
4.82975056689	0.0
4.83265306122	0.0
4.83555555556	0.0
4.83845804989	0.0
4.84136054422	0.0
4.84426303855	0.0
4.84716553288	0.0
4.85006802721	0.0
4.85297052154	0.0
4.85587301587	0.0
4.8587755102	0.0
4.86167800454	0.0
4.86458049887	0.0
4.8674829932	0.0
4.87038548753	0.0
4.87328798186	0.0
4.87619047619	0.0
4.87909297052	0.0
4.88199546485	0.0
4.88489795918	0.0
4.88780045351	0.0
4.89070294785	0.0
4.89360544218	0.0
4.89650793651	0.0
4.89941043084	0.0
4.90231292517	0.0
4.9052154195	0.0
4.90811791383	0.0
4.91102040816	0.0
4.91392290249	0.0
4.91682539683	0.0
4.91972789116	0.0
4.92263038549	0.0
4.92553287982	0.0
4.92843537415	0.0
4.93133786848	0.0
4.93424036281	0.0
4.93714285714	0.0
4.94004535147	0.0
4.9429478458	0.0
4.94585034014	0.0
4.94875283447	0.0
4.9516553288	0.0
4.95455782313	0.0
4.95746031746	0.0
4.96036281179	0.0
4.96326530612	0.0
4.96616780045	0.0
4.96907029478	0.0
4.97197278912	0.0
4.97487528345	0.0
4.97777777778	0.0
4.98068027211	0.0
4.98358276644	0.0
4.98648526077	0.0
4.9893877551	0.0
4.99229024943	0.0
4.99519274376	0.0
4.9980952381	0.0
5.00099773243	0.0
5.00390022676	0.0
5.00680272109	0.0
5.00970521542	0.0
5.01260770975	0.0
5.01551020408	0.0
5.01841269841	0.0
5.02131519274	0.0
5.02421768707	0.0
5.02712018141	0.0
5.03002267574	0.0
5.03292517007	0.0
5.0358276644	0.0
5.03873015873	0.0
5.04163265306	0.0
5.04453514739	0.0
5.04743764172	0.0
5.05034013605	0.0
5.05324263039	0.0
5.05614512472	0.0
5.05904761905	0.0
5.06195011338	0.0
5.06485260771	0.0
5.06775510204	0.0
5.07065759637	0.0
5.0735600907	0.0
5.07646258503	0.0
5.07936507937	0.0
5.0822675737	0.0
5.08517006803	0.0
5.08807256236	0.0
5.09097505669	0.0
5.09387755102	0.0
5.09678004535	0.0
5.09968253968	0.0
5.10258503401	0.0
5.10548752834	0.0
5.10839002268	0.0
5.11129251701	0.0
5.11419501134	0.0
5.11709750567	0.0
5.12	0.0
5.12290249433	0.0
5.12580498866	0.0
5.12870748299	0.0
5.13160997732	0.0
5.13451247166	0.0
5.13741496599	0.0
5.14031746032	0.0
5.14321995465	0.0
5.14612244898	0.0
5.14902494331	0.0
5.15192743764	0.0
5.15482993197	0.0
5.1577324263	0.0
5.16063492063	0.0
5.16353741497	0.0
5.1664399093	0.0
5.16934240363	0.0
5.17224489796	0.0
5.17514739229	0.0
5.17804988662	0.0
5.18095238095	0.0
5.18385487528	0.0
5.18675736961	0.0
5.18965986395	0.0
5.19256235828	0.0
5.19546485261	0.0
5.19836734694	0.0
5.20126984127	0.0
5.2041723356	0.0
5.20707482993	0.0
5.20997732426	0.0
5.21287981859	0.0
5.21578231293	0.0
5.21868480726	0.0
5.22158730159	0.0
5.22448979592	0.0
5.22739229025	0.0
5.23029478458	0.0
5.23319727891	0.0
5.23609977324	0.0
5.23900226757	0.0
5.2419047619	0.0
5.24480725624	0.0
5.24770975057	0.0
5.2506122449	0.0
5.25351473923	0.0
5.25641723356	0.0
