0.0	0.0
0.00290249433107	0.0
0.00580498866213	0.0
0.0087074829932	0.0
0.0116099773243	0.0
0.0145124716553	0.0
0.0174149659864	0.0
0.0203174603175	0.0
0.0232199546485	0.0
0.0261224489796	0.0
0.0290249433107	0.0
0.0319274376417	0.0
0.0348299319728	0.0
0.0377324263039	0.0
0.0406349206349	0.0
0.043537414966	0.0
0.0464399092971	0.0
0.0493424036281	0.0
0.0522448979592	0.0
0.0551473922902	0.0
0.0580498866213	0.0
0.0609523809524	0.0
0.0638548752834	0.0
0.0667573696145	0.0
0.0696598639456	0.0
0.0725623582766	0.0
0.0754648526077	0.0
0.0783673469388	0.0
0.0812698412698	0.0
0.0841723356009	0.0
0.087074829932	0.0
0.089977324263	0.0
0.0928798185941	0.0
0.0957823129252	0.0
0.0986848072562	0.0
0.101587301587	0.0
0.104489795918	0.0
0.107392290249	0.0
0.11029478458	0.0
0.113197278912	0.0
0.116099773243	0.0
0.119002267574	0.0
0.121904761905	0.0
0.124807256236	0.0
0.127709750567	0.0
0.130612244898	0.0
0.133514739229	0.0
0.13641723356	0.0
0.139319727891	0.0
0.142222222222	0.0
0.145124716553	391.316741943
0.148027210884	389.962890625
0.150929705215	389.737701416
0.153832199546	390.188201904
0.156734693878	390.639221191
0.159637188209	391.316741943
0.16253968254	391.995422363
0.165442176871	392.675292969
0.168344671202	393.129211426
0.171247165533	393.35635376
0.174149659864	393.583618164
0.177052154195	393.35635376
0.179954648526	393.129211426
0.182857142857	392.448547363
0.185759637188	391.995422363
0.188662131519	391.090789795
0.19156462585	390.639221191
0.194467120181	390.188201904
0.197369614512	389.737701416
0.200272108844	389.512664795
0.203174603175	389.512664795
0.206077097506	389.287719727
0.208979591837	389.287719727
0.211882086168	389.287719727
0.214784580499	389.512664795
0.21768707483	389.512664795
0.220589569161	389.962890625
0.223492063492	390.188201904
0.226394557823	390.413665771
0.229297052154	390.413665771
0.232199546485	390.413665771
0.235102040816	390.413665771
0.238004535147	390.188201904
0.240907029478	390.188201904
0.24380952381	389.962890625
0.246712018141	390.188201904
0.249614512472	390.188201904
0.252517006803	390.413665771
0.255419501134	390.413665771
0.258321995465	390.413665771
0.261224489796	390.413665771
0.264126984127	390.639221191
0.267029478458	390.413665771
0.269931972789	390.413665771
0.27283446712	390.639221191
0.275736961451	390.639221191
0.278639455782	390.864929199
0.281541950113	391.090789795
0.284444444444	391.316741943
0.287346938776	391.316741943
0.290249433107	391.54284668
0.293151927438	391.316741943
0.296054421769	391.316741943
0.2989569161	391.090789795
0.301859410431	390.639221191
0.304761904762	390.413665771
0.307664399093	389.962890625
0.310566893424	389.737701416
0.313469387755	389.287719727
0.316371882086	389.062927246
0.319274376417	388.838256836
0.322176870748	388.838256836
0.325079365079	388.838256836
0.32798185941	389.062927246
0.330884353741	389.287719727
0.333786848073	389.287719727
0.336689342404	389.512664795
0.339591836735	389.737701416
0.342494331066	389.737701416
0.345396825397	389.737701416
0.348299319728	389.737701416
0.351201814059	389.512664795
0.35410430839	389.062927246
0.357006802721	388.613739014
0.359909297052	388.165039062
0.362811791383	387.716888428
0.365714285714	387.492980957
0.368616780045	387.269226074
0.371519274376	387.269226074
0.374421768707	387.492980957
0.377324263039	387.940887451
0.38022675737	388.389312744
0.383129251701	388.838256836
0.386031746032	389.287719727
0.388934240363	389.737701416
0.391836734694	389.962890625
0.394739229025	390.188201904
0.397641723356	390.188201904
0.400544217687	390.413665771
0.403446712018	390.413665771
0.406349206349	390.413665771
0.40925170068	390.413665771
0.412154195011	390.413665771
0.415056689342	390.413665771
0.417959183673	390.413665771
0.420861678005	390.413665771
0.423764172336	390.188201904
0.426666666667	390.188201904
0.429569160998	390.188201904
0.432471655329	390.188201904
0.43537414966	390.188201904
0.438276643991	390.413665771
0.441179138322	390.413665771
0.444081632653	390.413665771
0.446984126984	390.413665771
0.449886621315	390.413665771
0.452789115646	390.413665771
0.455691609977	390.413665771
0.458594104308	390.413665771
0.461496598639	390.413665771
0.464399092971	390.413665771
0.467301587302	390.413665771
0.470204081633	390.413665771
0.473106575964	390.413665771
0.476009070295	390.413665771
0.478911564626	390.639221191
0.481814058957	390.413665771
0.484716553288	390.639221191
0.487619047619	390.639221191
0.49052154195	390.864929199
0.493424036281	390.864929199
0.496326530612	390.864929199
0.499229024943	390.864929199
0.502131519274	390.864929199
0.505034013605	390.864929199
0.507936507937	390.864929199
0.510839002268	390.864929199
0.513741496599	390.864929199
0.51664399093	390.639221191
0.519546485261	390.639221191
0.522448979592	390.639221191
0.525351473923	390.639221191
0.528253968254	390.639221191
0.531156462585	390.639221191
0.534058956916	390.864929199
0.536961451247	390.639221191
0.539863945578	390.864929199
0.542766439909	391.090789795
0.54566893424	391.090789795
0.548571428571	391.316741943
0.551473922902	391.316741943
0.554376417234	391.090789795
0.557278911565	391.090789795
0.560181405896	390.864929199
0.563083900227	390.639221191
0.565986394558	390.639221191
0.568888888889	390.413665771
0.57179138322	390.188201904
0.574693877551	390.188201904
0.577596371882	390.188201904
0.580498866213	390.188201904
0.583401360544	390.413665771
0.586303854875	390.413665771
0.589206349206	390.413665771
0.592108843537	390.413665771
0.595011337868	390.639221191
0.5979138322	390.639221191
0.600816326531	390.639221191
0.603718820862	390.639221191
0.606621315193	390.413665771
0.609523809524	390.413665771
0.612426303855	390.639221191
0.615328798186	391.769073486
0.618231292517	394.950042725
0.621133786848	397.926940918
0.624036281179	400.000976562
0.62693877551	401.157897949
0.629841269841	400.926239014
0.632743764172	399.539154053
0.635646258503	396.321228027
0.638548752834	390.188201904
0.641451247166	384.816375732
0.644353741497	382.821044922
0.647256235828	381.717010498
0.650158730159	380.396392822
0.65306122449	379.518493652
0.655963718821	379.518493652
0.658866213152	379.299346924
0.661768707483	378.64263916
0.664671201814	377.987060547
0.667573696145	378.205474854
0.670476190476	377.55065918
0.673378684807	377.332641602
0.676281179138	377.114746094
0.679183673469	375.37612915
0.6820861678	370.850280762
0.684988662132	370.208190918
0.687891156463	370.636138916
0.690793650794	369.353820801
0.693696145125	369.780761719
0.696598639456	369.780761719
0.699501133787	371.708129883
0.702403628118	379.518493652
0.705306122449	379.299346924
0.70820861678	379.299346924
0.711111111111	379.299346924
0.714013605442	379.299346924
0.716916099773	379.737762451
0.719818594104	380.836090088
0.722721088435	381.056121826
0.725623582766	381.056121826
0.728526077098	379.518493652
0.731428571429	375.37612915
0.73433106576	371.708129883
0.737233560091	369.994415283
0.740136054422	369.780761719
0.743038548753	369.780761719
0.745941043084	369.567230225
0.748843537415	369.567230225
0.751746031746	369.567230225
0.754648526077	368.927368164
0.757551020408	369.780761719
0.760453514739	369.994415283
0.76335600907	369.994415283
0.766258503401	369.994415283
0.769160997732	370.208190918
0.772063492063	369.780761719
0.774965986395	370.850280762
0.777868480726	372.352783203
0.780770975057	375.593017578
0.783673469388	376.896972656
0.786575963719	377.768798828
0.78947845805	378.205474854
0.792380952381	379.080322266
0.795283446712	380.176727295
0.798185941043	379.737762451
0.801088435374	379.737762451
0.803990929705	379.737762451
0.806893424036	379.080322266
0.809795918367	379.299346924
0.812698412698	378.423980713
0.815600907029	377.332641602
0.818503401361	376.244415283
0.821405895692	375.159362793
0.824308390023	374.726196289
0.827210884354	374.942718506
0.830113378685	310.050567627
0.833015873016	311.846679688
0.835918367347	313.653167725
0.838820861678	314.56036377
0.841723356009	314.197174072
0.84462585034	313.110137939
0.847528344671	312.387542725
0.850430839002	312.20715332
0.853333333333	312.20715332
0.856235827664	311.846679688
0.859138321995	311.486633301
0.862040816327	311.306762695
0.864943310658	311.306762695
0.867845804989	311.666595459
0.87074829932	311.666595459
0.873650793651	311.486633301
0.876553287982	310.94732666
0.879455782313	310.588317871
0.882358276644	310.76776123
0.885260770975	310.94732666
0.888163265306	310.76776123
0.891065759637	310.76776123
0.893968253968	310.76776123
0.896870748299	310.76776123
0.89977324263	310.94732666
0.902675736961	310.94732666
0.905578231293	310.94732666
0.908480725624	310.94732666
0.911383219955	311.126983643
0.914285714286	311.306762695
0.917188208617	311.306762695
0.920090702948	311.126983643
0.922993197279	311.126983643
0.92589569161	311.126983643
0.928798185941	310.94732666
0.931700680272	310.94732666
0.934603174603	310.94732666
0.937505668934	310.94732666
0.940408163265	311.126983643
0.943310657596	311.306762695
0.946213151927	311.126983643
0.949115646259	311.126983643
0.95201814059	310.94732666
0.954920634921	311.126983643
0.957823129252	311.306762695
0.960725623583	311.486633301
0.963628117914	311.666595459
0.966530612245	311.486633301
0.969433106576	311.486633301
0.972335600907	311.306762695
0.975238095238	311.306762695
0.978140589569	311.486633301
0.9810430839	311.306762695
0.983945578231	311.126983643
0.986848072562	311.306762695
0.989750566893	311.666595459
0.992653061224	312.026855469
0.995555555556	312.20715332
0.998458049887	312.20715332
1.00136054422	312.20715332
1.00426303855	311.846679688
1.00716553288	311.666595459
1.01006802721	311.486633301
1.01297052154	311.306762695
1.01587301587	311.126983643
1.0187755102	310.94732666
1.02167800454	310.588317871
1.02458049887	310.588317871
1.0274829932	310.94732666
1.03038548753	311.486633301
1.03328798186	312.20715332
1.03619047619	312.748626709
1.03909297052	312.20715332
1.04199546485	311.486633301
1.04489795918	311.306762695
1.04780045351	311.306762695
1.05070294785	310.588317871
1.05360544218	309.692596436
1.05650793651	309.335021973
1.05941043084	309.871520996
1.06231292517	311.126983643
1.0652154195	312.026855469
1.06811791383	311.846679688
1.07102040816	312.026855469
1.07392290249	311.846679688
1.07682539683	311.846679688
1.07972789116	312.387542725
1.08263038549	312.20715332
1.08553287982	311.126983643
1.08843537415	310.229705811
1.09133786848	309.335021973
1.09424036281	309.871520996
1.09714285714	310.408966064
1.10004535147	310.588317871
1.1029478458	310.588317871
1.10585034014	310.76776123
1.10875283447	311.666595459
1.1116553288	312.026855469
1.11455782313	311.666595459
1.11746031746	310.94732666
1.12036281179	310.588317871
1.12326530612	310.588317871
1.12616780045	310.408966064
1.12907029478	310.76776123
1.13197278912	311.306762695
1.13487528345	311.666595459
1.13777777778	311.666595459
1.14068027211	310.76776123
1.14358276644	310.229705811
1.14648526077	369.567230225
1.1493877551	369.780761719
1.15229024943	369.780761719
1.15519274376	369.780761719
1.1580952381	369.780761719
1.16099773243	372.137786865
1.16390022676	371.064544678
1.16680272109	369.994415283
1.16970521542	369.780761719
1.17260770975	369.994415283
1.17551020408	368.288635254
1.17841269841	370.208190918
1.18131519274	369.353820801
1.18421768707	368.501434326
1.18712018141	368.075958252
1.19002267574	368.288635254
1.19292517007	368.714324951
1.1958276644	369.567230225
1.19873015873	370.208190918
1.20163265306	371.064544678
1.20453514739	371.92288208
1.20743764172	373.214111328
1.21034013605	374.50982666
1.21324263039	375.593017578
1.21614512472	375.37612915
1.21904761905	374.942718506
1.22195011338	370.422119141
1.22485260771	369.353820801
1.22775510204	369.567230225
1.23065759637	370.208190918
1.2335600907	371.92288208
1.23646258503	371.278961182
1.23936507937	370.208190918
1.2422675737	371.064544678
1.24517006803	372.137786865
1.24807256236	373.645507812
1.25097505669	374.942718506
1.25387755102	376.244415283
1.25678004535	376.46182251
1.25968253968	375.810028076
1.26258503401	374.942718506
1.26548752834	373.645507812
1.26839002268	372.352783203
1.27129251701	371.064544678
1.27419501134	369.994415283
1.27709750567	369.140533447
1.28	369.140533447
1.28290249433	369.353820801
1.28580498866	370.422119141
1.28870748299	371.708129883
1.29160997732	373.645507812
1.29451247166	376.679321289
1.29741496599	380.176727295
1.30031746032	383.928283691
1.30321995465	386.82208252
1.30612244898	389.062927246
1.30902494331	390.864929199
1.31192743764	391.769073486
1.31482993197	392.448547363
1.3177324263	392.902191162
1.32063492063	393.129211426
1.32353741497	392.675292969
1.3264399093	392.221923828
1.32934240363	391.316741943
1.33224489796	390.864929199
1.33514739229	390.188201904
1.33804988662	389.512664795
1.34095238095	389.287719727
1.34385487528	389.512664795
1.34675736961	389.287719727
1.34965986395	389.287719727
1.35256235828	389.512664795
1.35546485261	389.737701416
1.35836734694	389.962890625
1.36126984127	390.188201904
1.3641723356	390.188201904
1.36707482993	390.413665771
1.36997732426	390.413665771
1.37287981859	390.188201904
1.37578231293	389.962890625
1.37868480726	389.737701416
1.38158730159	389.287719727
1.38448979592	389.062927246
1.38739229025	389.062927246
1.39029478458	389.287719727
1.39319727891	389.512664795
1.39609977324	389.962890625
1.39900226757	390.413665771
1.4019047619	390.639221191
1.40480725624	391.090789795
1.40770975057	391.316741943
1.4106122449	391.316741943
1.41351473923	391.316741943
1.41641723356	391.316741943
1.41931972789	391.316741943
1.42222222222	391.316741943
1.42512471655	391.316741943
1.42802721088	391.090789795
1.43092970522	391.090789795
1.43383219955	391.090789795
1.43673469388	390.864929199
1.43963718821	390.864929199
1.44253968254	390.639221191
1.44544217687	390.639221191
1.4483446712	390.413665771
1.45124716553	390.188201904
1.45414965986	389.962890625
1.4570521542	389.962890625
1.45995464853	389.737701416
1.46285714286	389.512664795
1.46575963719	389.287719727
1.46866213152	389.062927246
1.47156462585	388.838256836
1.47446712018	388.838256836
1.47736961451	388.838256836
1.48027210884	388.838256836
1.48317460317	388.838256836
1.48607709751	389.062927246
1.48897959184	389.287719727
1.49188208617	389.737701416
1.4947845805	389.962890625
1.49768707483	389.962890625
1.50058956916	389.737701416
1.50349206349	389.512664795
1.50639455782	388.838256836
1.50929705215	388.613739014
1.51219954649	387.940887451
1.51510204082	387.269226074
1.51800453515	387.045593262
1.52090702948	386.598724365
1.52380952381	386.598724365
1.52671201814	386.598724365
1.52961451247	386.82208252
1.5325170068	387.269226074
1.53541950113	387.716888428
1.53832199546	388.389312744
1.5412244898	389.062927246
1.54412698413	389.737701416
1.54702947846	390.639221191
1.54993197279	391.54284668
1.55283446712	392.221923828
1.55573696145	392.675292969
1.55863945578	392.221923828
1.56154195011	391.316741943
1.56444444444	389.962890625
1.56734693878	389.062927246
1.57024943311	388.613739014
1.57315192744	388.165039062
1.57605442177	387.716888428
1.5789569161	387.492980957
1.58185941043	387.716888428
1.58476190476	388.389312744
1.58766439909	389.737701416
1.59056689342	391.316741943
1.59346938776	393.35635376
1.59637188209	395.635040283
1.59927437642	397.926940918
1.60217687075	397.926940918
1.60507936508	393.811035156
1.60798185941	391.316741943
1.61088435374	389.737701416
1.61378684807	388.613739014
1.6166893424	387.940887451
1.61959183673	388.165039062
1.62249433107	388.613739014
1.6253968254	388.838256836
1.62829931973	388.389312744
1.63120181406	387.716888428
1.63410430839	387.492980957
1.63700680272	387.940887451
1.63990929705	389.737701416
1.64281179138	392.902191162
1.64571428571	396.092346191
1.64861678005	398.386901855
1.65151927438	397.237976074
1.65442176871	392.221923828
1.65732426304	389.287719727
1.66022675737	387.716888428
1.6631292517	387.045593262
1.66603174603	387.492980957
1.66893424036	388.389312744
1.67183673469	390.639221191
1.67473922902	393.583618164
1.67764172336	393.35635376
1.68054421769	391.769073486
1.68344671202	390.413665771
1.68634920635	389.737701416
1.68925170068	389.962890625
1.69215419501	391.090789795
1.69505668934	394.038574219
1.69795918367	395.635040283
1.700861678	395.863616943
1.70376417234	394.494049072
1.70666666667	392.448547363
1.709569161	391.090789795
1.71247165533	389.737701416
1.71537414966	389.287719727
1.71827664399	389.287719727
1.72117913832	389.512664795
1.72408163265	389.962890625
1.72698412698	390.413665771
1.72988662132	389.962890625
1.73278911565	389.512664795
1.73569160998	389.062927246
1.73859410431	388.838256836
1.74149659864	389.737701416
1.74439909297	391.316741943
1.7473015873	393.129211426
1.75020408163	394.038574219
1.75310657596	393.35635376
1.75600907029	0.0
1.75891156463	0.0
1.76181405896	0.0
1.76471655329	0.0
1.76761904762	0.0
1.77052154195	0.0
1.77342403628	0.0
1.77632653061	0.0
1.77922902494	0.0
1.78213151927	0.0
1.78503401361	0.0
1.78793650794	0.0
1.79083900227	0.0
1.7937414966	0.0
1.79664399093	0.0
1.79954648526	0.0
1.80244897959	0.0
1.80535147392	0.0
1.80825396825	0.0
1.81115646259	0.0
1.81405895692	0.0
1.81696145125	0.0
1.81986394558	0.0
1.82276643991	0.0
1.82566893424	0.0
1.82857142857	0.0
1.8314739229	0.0
1.83437641723	0.0
1.83727891156	0.0
1.8401814059	0.0
1.84308390023	0.0
1.84598639456	0.0
1.84888888889	0.0
1.85179138322	0.0
1.85469387755	0.0
1.85759637188	0.0
1.86049886621	0.0
1.86340136054	0.0
1.86630385488	0.0
1.86920634921	0.0
1.87210884354	388.165039062
1.87501133787	388.838256836
1.8779138322	390.188201904
1.88081632653	390.864929199
1.88371882086	390.864929199
1.88662131519	391.316741943
1.88952380952	391.769073486
1.89242630385	392.448547363
1.89532879819	392.902191162
1.89823129252	392.902191162
1.90113378685	392.675292969
1.90403628118	391.995422363
1.90693877551	391.090789795
1.90984126984	390.864929199
1.91274376417	390.188201904
1.9156462585	389.962890625
1.91854875283	389.512664795
1.92145124717	389.512664795
1.9243537415	389.287719727
1.92725623583	389.512664795
1.93015873016	389.512664795
1.93306122449	389.737701416
1.93596371882	389.737701416
1.93886621315	389.962890625
1.94176870748	389.962890625
1.94467120181	390.188201904
1.94757369615	390.188201904
1.95047619048	390.413665771
1.95337868481	390.413665771
1.95628117914	390.413665771
1.95918367347	390.188201904
1.9620861678	390.188201904
1.96498866213	389.962890625
1.96789115646	390.188201904
1.97079365079	390.188201904
1.97369614512	390.188201904
1.97659863946	390.413665771
1.97950113379	390.639221191
1.98240362812	390.639221191
1.98530612245	390.639221191
1.98820861678	390.639221191
1.99111111111	390.639221191
1.99401360544	390.864929199
1.99691609977	391.090789795
1.9998185941	391.316741943
2.00272108844	391.54284668
2.00562358277	391.54284668
2.0085260771	391.769073486
2.01142857143	391.54284668
2.01433106576	391.54284668
2.01723356009	391.316741943
2.02013605442	391.090789795
2.02303854875	390.639221191
2.02594104308	390.188201904
2.02884353741	389.737701416
2.03174603175	389.737701416
2.03464852608	389.287719727
2.03755102041	389.062927246
2.04045351474	389.062927246
2.04335600907	388.838256836
2.0462585034	389.062927246
2.04916099773	389.062927246
2.05206349206	389.512664795
2.05496598639	389.737701416
2.05786848073	389.737701416
2.06077097506	389.962890625
2.06367346939	389.962890625
2.06657596372	389.962890625
2.06947845805	389.737701416
2.07238095238	389.512664795
2.07528344671	389.062927246
2.07818594104	388.838256836
2.08108843537	388.389312744
2.08399092971	387.940887451
2.08689342404	387.492980957
2.08979591837	387.492980957
2.0926984127	387.492980957
2.09560090703	387.716888428
2.09850340136	388.165039062
2.10140589569	388.613739014
2.10430839002	389.062927246
2.10721088435	389.287719727
2.11011337868	389.737701416
2.11301587302	389.962890625
2.11591836735	390.188201904
2.11882086168	390.413665771
2.12172335601	390.413665771
2.12462585034	390.413665771
2.12752834467	390.188201904
2.130430839	390.188201904
2.13333333333	390.188201904
2.13623582766	390.188201904
2.139138322	390.188201904
2.14204081633	390.188201904
2.14494331066	390.188201904
2.14784580499	390.413665771
2.15074829932	390.413665771
2.15365079365	390.413665771
2.15655328798	390.413665771
2.15945578231	390.413665771
2.16235827664	390.639221191
2.16526077098	390.639221191
2.16816326531	390.639221191
2.17106575964	390.639221191
2.17396825397	390.639221191
2.1768707483	390.639221191
2.17977324263	390.639221191
2.18267573696	390.413665771
2.18557823129	390.413665771
2.18848072562	390.188201904
2.19138321995	390.188201904
2.19428571429	390.188201904
2.19718820862	390.413665771
2.20009070295	390.413665771
2.20299319728	390.413665771
2.20589569161	390.413665771
2.20879818594	390.413665771
2.21170068027	390.413665771
2.2146031746	390.639221191
2.21750566893	390.864929199
2.22040816327	390.864929199
2.2233106576	390.864929199
2.22621315193	390.864929199
2.22911564626	390.864929199
2.23201814059	390.864929199
2.23492063492	390.639221191
2.23782312925	390.639221191
2.24072562358	390.639221191
2.24362811791	390.413665771
2.24653061224	390.413665771
2.24943310658	390.413665771
2.25233560091	390.413665771
2.25523809524	390.639221191
2.25814058957	390.864929199
2.2610430839	390.864929199
2.26394557823	391.090789795
2.26684807256	391.316741943
2.26975056689	391.316741943
2.27265306122	391.316741943
2.27555555556	391.316741943
2.27845804989	391.090789795
2.28136054422	390.864929199
2.28426303855	390.639221191
2.28716553288	390.413665771
2.29006802721	390.188201904
2.29297052154	390.188201904
2.29587301587	389.962890625
2.2987755102	389.962890625
2.30167800454	390.188201904
2.30458049887	390.188201904
2.3074829932	390.413665771
2.31038548753	390.413665771
2.31328798186	390.639221191
2.31619047619	390.639221191
2.31909297052	390.639221191
2.32199546485	390.639221191
2.32489795918	390.639221191
2.32780045351	390.639221191
2.33070294785	390.413665771
2.33360544218	390.413665771
2.33650793651	390.188201904
2.33941043084	389.962890625
2.34231292517	389.962890625
2.3452154195	389.962890625
2.34811791383	389.737701416
2.35102040816	389.737701416
2.35392290249	389.737701416
2.35682539683	389.962890625
2.35972789116	389.962890625
2.36263038549	389.962890625
2.36553287982	389.737701416
2.36843537415	389.512664795
2.37133786848	389.287719727
2.37424036281	389.062927246
2.37714285714	388.838256836
2.38004535147	388.613739014
2.3829478458	388.838256836
2.38585034014	388.838256836
2.38875283447	389.287719727
2.3916553288	389.737701416
2.39455782313	390.413665771
2.39746031746	391.090789795
2.40036281179	391.54284668
2.40326530612	391.995422363
2.40616780045	392.221923828
2.40907029478	392.675292969
2.41197278912	392.675292969
2.41487528345	392.448547363
2.41777777778	392.221923828
2.42068027211	391.995422363
2.42358276644	391.769073486
2.42648526077	391.316741943
2.4293877551	391.090789795
2.43229024943	390.639221191
2.43519274376	390.413665771
2.4380952381	390.188201904
2.44099773243	389.962890625
2.44390022676	389.737701416
2.44680272109	389.512664795
2.44970521542	389.062927246
2.45260770975	389.062927246
2.45551020408	388.838256836
2.45841269841	388.389312744
2.46131519274	388.165039062
2.46421768707	387.045593262
2.46712018141	384.372070312
2.47002267574	380.836090088
2.47292517007	379.080322266
2.4758276644	378.205474854
2.47873015873	378.64263916
2.48163265306	379.299346924
2.48453514739	380.396392822
2.48743764172	381.717010498
2.49034013605	382.821044922
2.49324263039	383.485015869
2.49614512472	384.372070312
2.49904761905	384.594146729
2.50195011338	384.816375732
2.50485260771	385.038726807
2.50775510204	384.594146729
2.51065759637	383.928283691
2.5135600907	382.821044922
2.51646258503	381.056121826
2.51936507937	379.737762451
2.5222675737	379.080322266
2.52517006803	379.080322266
2.52807256236	379.518493652
2.53097505669	381.717010498
2.53387755102	391.316741943
2.53678004535	394.266235352
2.53968253968	395.863616943
2.54258503401	396.779327393
2.54548752834	396.550201416
2.54839002268	394.950042725
2.55129251701	388.613739014
2.55419501134	384.816375732
2.55709750567	382.821044922
2.56	381.937561035
2.56290249433	381.276306152
2.56580498866	381.276306152
2.56870748299	382.15826416
2.57160997732	383.042236328
2.57451247166	385.261199951
2.57741496599	388.389312744
2.58031746032	391.090789795
2.58321995465	392.221923828
2.58612244898	392.902191162
2.58902494331	369.780761719
2.59192743764	369.780761719
2.59482993197	369.780761719
2.5977324263	369.780761719
2.60063492063	369.567230225
2.60353741497	369.567230225
2.6064399093	369.567230225
2.60934240363	369.780761719
2.61224489796	370.208190918
2.61514739229	370.422119141
2.61804988662	371.493469238
2.62095238095	373.429748535
2.62385487528	372.783203125
2.62675736961	371.708129883
2.62965986395	371.278961182
2.63256235828	371.493469238
2.63546485261	371.92288208
2.63836734694	372.567932129
2.64126984127	373.214111328
2.6441723356	373.429748535
2.64707482993	372.352783203
2.64997732426	370.422119141
2.65287981859	369.140533447
2.65578231293	368.714324951
2.65868480726	368.714324951
2.66158730159	368.927368164
2.66448979592	369.140533447
2.66739229025	369.567230225
2.67029478458	369.567230225
2.67319727891	369.780761719
2.67609977324	369.994415283
2.67900226757	370.636138916
2.6819047619	371.493469238
2.68480725624	372.783203125
2.68770975057	374.077423096
2.6906122449	374.726196289
2.69351473923	374.726196289
2.69641723356	374.077423096
2.69931972789	372.783203125
2.70222222222	371.708129883
2.70512471655	370.636138916
2.70802721088	370.208190918
2.71092970522	370.208190918
2.71383219955	370.422119141
2.71673469388	370.636138916
2.71963718821	371.064544678
2.72253968254	371.493469238
2.72544217687	372.137786865
2.7283446712	373.645507812
2.73124716553	376.679321289
2.73414965986	382.821044922
2.7370521542	389.062927246
2.73995464853	391.995422363
2.74285714286	392.902191162
2.74575963719	392.902191162
2.74866213152	392.675292969
2.75156462585	392.448547363
2.75446712018	392.675292969
2.75736961451	392.902191162
2.76027210884	393.129211426
2.76317460317	393.129211426
2.76607709751	393.35635376
2.76897959184	393.129211426
2.77188208617	392.675292969
2.7747845805	392.221923828
2.77768707483	391.54284668
2.78058956916	391.090789795
2.78349206349	390.864929199
2.78639455782	390.413665771
2.78929705215	390.188201904
2.79219954649	390.188201904
2.79510204082	389.962890625
2.79800453515	389.512664795
2.80090702948	389.287719727
2.80380952381	389.062927246
2.80671201814	389.062927246
2.80961451247	389.062927246
2.8125170068	389.062927246
2.81541950113	389.287719727
2.81832199546	389.512664795
2.8212244898	389.512664795
2.82412698413	389.737701416
2.82702947846	389.737701416
2.82993197279	389.737701416
2.83283446712	389.962890625
2.83573696145	390.188201904
2.83863945578	390.639221191
2.84154195011	390.864929199
2.84444444444	390.864929199
2.84734693878	391.090789795
2.85024943311	390.864929199
2.85315192744	390.639221191
2.85605442177	390.639221191
2.8589569161	390.413665771
2.86185941043	390.413665771
2.86476190476	390.413665771
2.86766439909	390.639221191
2.87056689342	390.864929199
2.87346938776	391.316741943
2.87637188209	391.54284668
2.87927437642	391.769073486
2.88217687075	391.769073486
2.88507936508	391.769073486
2.88798185941	391.316741943
2.89088435374	391.090789795
2.89378684807	390.413665771
2.8966893424	389.737701416
2.89959183673	389.287719727
2.90249433107	388.838256836
2.9053968254	388.389312744
2.90829931973	388.165039062
2.91120181406	388.165039062
2.91410430839	388.613739014
2.91700680272	389.062927246
2.91990929705	389.737701416
2.92281179138	390.188201904
2.92571428571	390.639221191
2.92861678005	390.864929199
2.93151927438	391.090789795
2.93442176871	390.864929199
2.93732426304	390.413665771
2.94022675737	389.962890625
2.9431292517	389.062927246
2.94603174603	388.165039062
2.94893424036	387.269226074
2.95183673469	386.598724365
2.95473922902	386.152374268
2.95764172336	385.706512451
2.96054421769	385.929382324
2.96344671202	386.375488281
2.96634920635	387.045593262
2.96925170068	387.940887451
2.97215419501	389.287719727
2.97505668934	390.188201904
2.97795918367	390.864929199
2.980861678	391.090789795
2.98376417234	391.316741943
2.98666666667	391.316741943
2.989569161	390.864929199
2.99247165533	390.413665771
2.99537414966	389.737701416
2.99827664399	389.287719727
3.00117913832	388.838256836
3.00408163265	388.838256836
3.00698412698	389.737701416
3.00988662132	391.54284668
3.01278911565	393.583618164
3.01569160998	395.406585693
3.01859410431	396.321228027
3.02149659864	396.321228027
3.02439909297	395.178253174
3.0273015873	393.129211426
3.03020408163	389.962890625
3.03310657596	386.82208252
3.03600907029	384.816375732
3.03891156463	384.816375732
3.04181405896	385.038726807
3.04471655329	385.483795166
3.04761904762	386.152374268
3.05052154195	386.82208252
3.05342403628	386.598724365
3.05632653061	387.269226074
3.05922902494	387.269226074
3.06213151927	387.492980957
3.06503401361	388.838256836
3.06793650794	389.512664795
3.07083900227	389.962890625
3.0737414966	390.188201904
3.07664399093	390.413665771
3.07954648526	390.413665771
3.08244897959	390.639221191
3.08535147392	391.090789795
3.08825396825	391.316741943
3.09115646259	391.995422363
3.09405895692	392.221923828
3.09696145125	391.769073486
3.09986394558	391.316741943
3.10276643991	389.287719727
3.10566893424	387.492980957
3.10857142857	386.375488281
3.1114739229	386.152374268
3.11437641723	386.152374268
3.11727891156	386.375488281
3.1201814059	387.269226074
3.12308390023	387.940887451
3.12598639456	388.613739014
3.12888888889	388.838256836
3.13179138322	388.389312744
3.13469387755	387.269226074
3.13759637188	385.038726807
3.14049886621	383.485015869
3.14340136054	382.15826416
3.14630385488	381.717010498
3.14920634921	382.379058838
3.15210884354	383.928283691
3.15501133787	386.82208252
3.1579138322	391.54284668
3.16081632653	393.129211426
3.16371882086	393.811035156
3.16662131519	393.811035156
3.16952380952	393.35635376
3.17242630385	392.221923828
3.17532879819	389.962890625
3.17823129252	388.165039062
3.18113378685	387.045593262
3.18403628118	386.152374268
3.18693877551	385.706512451
3.18984126984	385.261199951
3.19274376417	385.483795166
3.1956462585	385.929382324
3.19854875283	387.045593262
3.20145124717	387.940887451
3.2043537415	388.613739014
3.20725623583	388.389312744
3.21015873016	387.716888428
3.21306122449	386.598724365
3.21596371882	385.929382324
3.21886621315	385.261199951
3.22176870748	384.816375732
3.22467120181	384.372070312
3.22757369615	383.928283691
3.23047619048	383.485015869
3.23337868481	382.600006104
3.23628117914	381.496612549
3.23918367347	380.61618042
3.2420861678	380.176727295
3.24498866213	379.737762451
3.24789115646	380.176727295
3.25079365079	376.679321289
3.25369614512	368.075958252
3.25659863946	367.86340332
3.25950113379	367.86340332
3.26240362812	367.86340332
3.26530612245	370.636138916
3.26820861678	370.208190918
3.27111111111	384.594146729
3.27401360544	385.706512451
3.27691609977	385.706512451
3.2798185941	386.598724365
3.28272108844	387.940887451
3.28562358277	389.737701416
3.2885260771	391.769073486
3.29142857143	394.494049072
3.29433106576	395.863616943
3.29723356009	396.092346191
3.30013605442	394.950042725
3.30303854875	392.448547363
3.30594104308	387.045593262
3.30884353741	381.056121826
3.31174603175	376.679321289
3.31464852608	373.86138916
3.31755102041	313.653167725
3.32045351474	314.01574707
3.32335600907	313.834411621
3.3262585034	313.291046143
3.32916099773	312.748626709
3.33206349206	312.568023682
3.33496598639	312.387542725
3.33786848073	311.666595459
3.34077097506	310.408966064
3.34367346939	308.799438477
3.34657596372	308.086791992
3.34947845805	308.621124268
3.35238095238	309.692596436
3.35528344671	310.76776123
3.35818594104	311.666595459
3.36108843537	312.20715332
3.36399092971	312.929321289
3.36689342404	313.110137939
3.36979591837	313.291046143
3.3726984127	313.110137939
3.37560090703	312.568023682
3.37850340136	311.666595459
3.38140589569	311.666595459
3.38430839002	311.666595459
3.38721088435	311.846679688
3.39011337868	311.666595459
3.39301587302	311.126983643
3.39591836735	310.588317871
3.39882086168	310.588317871
3.40172335601	310.588317871
3.40462585034	310.408966064
3.40752834467	310.408966064
3.410430839	310.229705811
3.41333333333	310.229705811
3.41623582766	310.408966064
3.419138322	310.94732666
3.42204081633	311.126983643
3.42494331066	311.306762695
3.42784580499	311.306762695
3.43074829932	311.306762695
3.43365079365	311.306762695
3.43655328798	311.306762695
3.43945578231	311.486633301
3.44235827664	311.486633301
3.44526077098	311.486633301
3.44816326531	311.306762695
3.45106575964	311.126983643
3.45396825397	311.126983643
3.4568707483	311.306762695
3.45977324263	311.306762695
3.46267573696	311.306762695
3.46557823129	311.306762695
3.46848072562	311.306762695
3.47138321995	311.306762695
3.47428571429	311.486633301
3.47718820862	311.486633301
3.48009070295	311.306762695
3.48299319728	311.126983643
3.48589569161	311.306762695
3.48879818594	311.306762695
3.49170068027	311.486633301
3.4946031746	311.486633301
3.49750566893	311.486633301
3.50040816327	311.306762695
3.5033106576	311.126983643
3.50621315193	311.306762695
3.50911564626	311.666595459
3.51201814059	312.026855469
3.51492063492	312.026855469
3.51782312925	312.026855469
3.52072562358	312.026855469
3.52362811791	312.026855469
3.52653061224	312.026855469
3.52943310658	311.846679688
3.53233560091	311.486633301
3.53523809524	311.126983643
3.53814058957	310.76776123
3.5410430839	311.126983643
3.54394557823	311.486633301
3.54684807256	311.846679688
3.54975056689	312.026855469
3.55265306122	312.026855469
3.55555555556	311.846679688
3.55845804989	311.846679688
3.56136054422	311.486633301
3.56426303855	310.408966064
3.56716553288	309.156402588
3.57006802721	307.553375244
3.57297052154	306.843597412
3.57587301587	306.843597412
3.5787755102	308.086791992
3.58167800454	309.692596436
3.58458049887	311.486633301
3.5874829932	313.472045898
3.59038548753	315.470153809
3.59328798186	316.382598877
3.59619047619	316.017303467
3.59909297052	314.56036377
3.60199546485	313.110137939
3.60489795918	310.94732666
3.60780045351	306.666412354
3.61070294785	302.269805908
3.61360544218	300.702484131
3.61650793651	299.835296631
3.61941043084	298.970581055
3.62231292517	297.936218262
3.6252154195	297.248626709
3.62811791383	296.391387939
3.63102040816	295.365936279
3.63392290249	293.834442139
3.63682539683	291.46786499
3.63972789116	290.12411499
3.64263038549	289.956573486
3.64553287982	289.956573486
3.64843537415	289.789123535
3.65133786848	290.459472656
3.65424036281	292.648773193
3.65714285714	294.684295654
3.66004535147	295.878234863
3.6629478458	296.733978271
3.66585034014	296.905426025
3.66875283447	297.248626709
3.6716553288	297.07699585
3.67455782313	296.733978271
3.67746031746	295.878234863
3.68036281179	295.195404053
3.68326530612	294.174102783
3.68616780045	292.648773193
3.68907029478	290.963226318
3.69197278912	289.956573486
3.69487528345	289.621795654
3.69777777778	289.956573486
3.70068027211	290.291748047
3.70358276644	291.131347656
3.70648526077	292.817840576
3.7093877551	294.514129639
3.71229024943	295.878234863
3.71519274376	296.562652588
3.7180952381	297.07699585
3.72099773243	297.248626709
3.72390022676	297.07699585
3.72680272109	296.562652588
3.72970521542	296.049194336
3.73260770975	295.024932861
3.73551020408	293.834442139
3.73841269841	292.310882568
3.74131519274	291.131347656
3.74421768707	290.291748047
3.74712018141	289.956573486
3.75002267574	290.291748047
3.75292517007	290.627288818
3.7558276644	291.299560547
3.75873015873	292.142089844
3.76163265306	292.987030029
3.76453514739	293.495178223
3.76743764172	293.834442139
3.77034013605	294.174102783
3.77324263039	294.344055176
3.77614512472	294.514129639
3.77904761905	294.514129639
3.78195011338	294.514129639
3.78485260771	294.344055176
3.78775510204	294.004211426
3.79065759637	293.495178223
3.7935600907	292.817840576
3.79646258503	292.142089844
3.79936507937	291.636291504
3.8022675737	291.299560547
3.80517006803	291.131347656
3.80807256236	291.131347656
3.81097505669	291.46786499
3.81387755102	292.142089844
3.81678004535	292.817840576
3.81968253968	293.664764404
3.82258503401	294.174102783
3.82548752834	294.684295654
3.82839002268	294.854553223
3.83129251701	294.684295654
3.83419501134	294.344055176
3.83709750567	293.664764404
3.84	292.479766846
3.84290249433	291.46786499
3.84580498866	290.627288818
3.84870748299	290.12411499
3.85160997732	290.12411499
3.85451247166	291.299560547
3.85741496599	292.987030029
3.86031746032	294.344055176
3.86321995465	295.024932861
3.86612244898	295.195404053
3.86902494331	294.004211426
3.87192743764	291.131347656
3.87482993197	262.837341309
3.8777324263	264.207275391
3.88063492063	265.584350586
3.88353741497	264.81842041
3.8864399093	263.293182373
3.88934240363	261.625579834
3.89224489796	260.419372559
3.89514739229	259.818389893
3.89804988662	259.668365479
3.90095238095	260.118713379
3.90385487528	261.021789551
3.90675736961	262.079315186
3.90965986395	262.685546875
3.91256235828	262.685546875
3.91546485261	262.533874512
3.91836734694	262.685546875
3.92126984127	262.685546875
3.9241723356	261.927978516
3.92707482993	260.871063232
3.92997732426	260.269012451
3.93287981859	260.269012451
3.93578231293	260.419372559
3.93868480726	260.720397949
3.94158730159	261.474487305
3.94448979592	262.533874512
3.94739229025	263.141143799
3.95029478458	263.293182373
3.95319727891	263.4453125
3.95609977324	263.59753418
3.95900226757	263.4453125
3.9619047619	262.837341309
3.96480725624	262.382263184
3.96770975057	262.079315186
3.9706122449	262.079315186
3.97351473923	262.230743408
3.97641723356	262.685546875
3.97931972789	263.293182373
3.98222222222	263.749847412
3.98512471655	263.90222168
3.98802721088	263.90222168
3.99092970522	263.59753418
3.99383219955	263.141143799
3.99673469388	262.382263184
3.99963718821	261.776733398
4.00253968254	261.323486328
4.00544217687	261.172607422
4.0083446712	261.172607422
4.01124716553	261.323486328
4.01414965986	261.474487305
4.0170521542	261.927978516
4.01995464853	262.230743408
4.02285714286	262.533874512
4.02575963719	262.533874512
4.02866213152	262.533874512
4.03156462585	262.230743408
4.03446712018	261.776733398
4.03736961451	261.323486328
4.04027210884	260.871063232
4.04317460317	260.720397949
4.04607709751	260.720397949
4.04897959184	260.720397949
4.05188208617	260.871063232
4.0547845805	260.871063232
4.05768707483	260.720397949
4.06058956916	260.569854736
4.06349206349	260.419372559
4.06639455782	260.419372559
4.06929705215	260.419372559
4.07219954649	260.569854736
4.07510204082	260.871063232
4.07800453515	261.323486328
4.08090702948	261.776733398
4.08380952381	262.382263184
4.08671201814	262.685546875
4.08961451247	262.685546875
4.0925170068	262.382263184
4.09541950113	262.079315186
4.09832199546	261.474487305
4.1012244898	261.172607422
4.10412698413	260.871063232
4.10702947846	260.720397949
4.10993197279	260.720397949
4.11283446712	260.871063232
4.11573696145	261.172607422
4.11863945578	261.323486328
4.12154195011	261.172607422
4.12444444444	260.871063232
4.12734693878	260.720397949
4.13024943311	260.871063232
4.13315192744	260.871063232
4.13605442177	260.871063232
4.1389569161	261.021789551
4.14185941043	261.474487305
4.14476190476	261.927978516
4.14766439909	261.776733398
4.15056689342	261.474487305
4.15346938776	261.172607422
4.15637188209	261.172607422
4.15927437642	261.021789551
4.16217687075	261.172607422
4.16507936508	261.323486328
4.16798185941	261.625579834
4.17088435374	261.927978516
4.17378684807	261.776733398
4.1766893424	261.474487305
4.17959183673	261.021789551
4.18249433107	260.871063232
4.1853968254	260.720397949
4.18829931973	260.871063232
4.19120181406	261.021789551
4.19410430839	261.323486328
4.19700680272	261.625579834
4.19990929705	261.927978516
4.20281179138	261.927978516
4.20571428571	261.927978516
4.20861678005	261.927978516
4.21151927438	261.776733398
4.21442176871	261.927978516
4.21732426304	262.079315186
4.22022675737	262.230743408
4.2231292517	262.230743408
4.22603174603	262.230743408
4.22893424036	262.079315186
4.23183673469	261.776733398
4.23473922902	261.474487305
4.23764172336	261.172607422
4.24054421769	261.021789551
4.24344671202	260.871063232
4.24634920635	261.021789551
4.24925170068	261.021789551
4.25215419501	261.323486328
4.25505668934	261.323486328
4.25795918367	261.323486328
4.260861678	261.323486328
4.26376417234	261.323486328
4.26666666667	261.474487305
4.269569161	261.625579834
4.27247165533	261.927978516
4.27537414966	262.230743408
4.27827664399	262.685546875
4.28117913832	262.989196777
4.28408163265	262.989196777
4.28698412698	262.837341309
4.28988662132	262.533874512
4.29278911565	262.079315186
4.29569160998	261.776733398
4.29859410431	261.474487305
4.30149659864	261.474487305
4.30439909297	261.474487305
4.3073015873	261.625579834
4.31020408163	262.079315186
4.31310657596	262.533874512
4.31600907029	262.837341309
4.31891156463	262.837341309
4.32181405896	262.685546875
4.32471655329	262.382263184
4.32761904762	261.927978516
4.33052154195	261.625579834
4.33342403628	261.625579834
4.33632653061	261.625579834
4.33922902494	261.776733398
4.34213151927	262.230743408
4.34503401361	262.533874512
4.34793650794	262.685546875
4.35083900227	262.685546875
4.3537414966	262.533874512
4.35664399093	262.230743408
4.35954648526	262.079315186
4.36244897959	261.776733398
4.36535147392	261.625579834
4.36825396825	261.625579834
4.37115646259	261.625579834
4.37405895692	261.625579834
4.37696145125	261.474487305
4.37986394558	261.474487305
4.38276643991	261.323486328
4.38566893424	261.474487305
4.38857142857	261.625579834
4.3914739229	261.625579834
4.39437641723	261.927978516
4.39727891156	388.838256836
4.4001814059	389.512664795
4.40308390023	389.962890625
4.40598639456	390.413665771
4.40888888889	391.090789795
4.41179138322	391.769073486
4.41469387755	392.221923828
4.41759637188	392.675292969
4.42049886621	393.129211426
4.42340136054	393.129211426
4.42630385488	393.35635376
4.42920634921	393.129211426
4.43210884354	392.675292969
4.43501133787	391.995422363
4.4379138322	391.316741943
4.44081632653	390.639221191
4.44371882086	390.188201904
4.44662131519	389.962890625
4.44952380952	389.737701416
4.45242630385	389.512664795
4.45532879819	389.512664795
4.45823129252	389.512664795
4.46113378685	389.287719727
4.46403628118	389.287719727
4.46693877551	389.287719727
4.46984126984	389.287719727
4.47274376417	389.512664795
4.4756462585	389.512664795
4.47854875283	389.737701416
4.48145124717	389.737701416
4.4843537415	389.737701416
4.48725623583	389.512664795
4.49015873016	389.737701416
4.49306122449	389.737701416
4.49596371882	389.737701416
4.49886621315	389.962890625
4.50176870748	390.188201904
4.50467120181	390.413665771
4.50757369615	390.413665771
4.51047619048	390.639221191
4.51337868481	390.413665771
4.51628117914	390.413665771
4.51918367347	390.413665771
4.5220861678	390.413665771
4.52498866213	390.188201904
4.52789115646	390.413665771
4.53079365079	390.639221191
4.53369614512	390.864929199
4.53659863946	391.316741943
4.53950113379	391.316741943
4.54240362812	391.54284668
4.54530612245	391.316741943
4.54820861678	391.316741943
4.55111111111	391.090789795
4.55401360544	390.639221191
4.55691609977	390.413665771
4.5598185941	389.962890625
4.56272108844	389.512664795
4.56562358277	389.512664795
4.5685260771	389.287719727
4.57142857143	389.062927246
4.57433106576	389.062927246
4.57723356009	389.287719727
4.58013605442	389.287719727
4.58303854875	389.512664795
4.58594104308	389.737701416
4.58884353741	389.962890625
4.59174603175	389.962890625
4.59464852608	389.962890625
4.59755102041	389.962890625
4.60045351474	389.737701416
4.60335600907	389.737701416
4.6062585034	389.287719727
4.60916099773	388.838256836
4.61206349206	388.389312744
4.61496598639	387.940887451
4.61786848073	387.716888428
4.62077097506	387.492980957
4.62367346939	387.716888428
4.62657596372	387.716888428
4.62947845805	388.165039062
4.63238095238	388.613739014
4.63528344671	388.838256836
4.63818594104	389.287719727
4.64108843537	389.737701416
4.64399092971	389.737701416
4.64689342404	389.962890625
4.64979591837	389.962890625
4.6526984127	390.188201904
4.65560090703	390.188201904
4.65850340136	390.188201904
4.66140589569	390.188201904
4.66430839002	390.188201904
4.66721088435	390.188201904
4.67011337868	390.188201904
4.67301587302	390.188201904
4.67591836735	390.413665771
4.67882086168	390.413665771
4.68172335601	390.413665771
4.68462585034	390.413665771
4.68752834467	390.413665771
4.690430839	390.413665771
4.69333333333	390.413665771
4.69623582766	390.413665771
4.699138322	390.413665771
4.70204081633	390.413665771
4.70494331066	390.188201904
4.70784580499	390.188201904
4.71074829932	390.188201904
4.71365079365	390.188201904
4.71655328798	390.188201904
4.71945578231	390.188201904
4.72235827664	390.188201904
4.72526077098	390.188201904
4.72816326531	390.188201904
4.73106575964	390.413665771
4.73396825397	390.413665771
4.7368707483	390.639221191
4.73977324263	390.413665771
4.74267573696	390.639221191
4.74557823129	390.639221191
4.74848072562	390.864929199
4.75138321995	390.864929199
4.75428571429	390.864929199
4.75718820862	390.864929199
4.76009070295	390.864929199
4.76299319728	390.864929199
4.76589569161	390.639221191
4.76879818594	390.639221191
4.77170068027	390.413665771
4.7746031746	390.413665771
4.77750566893	390.639221191
4.78040816327	390.413665771
4.7833106576	390.639221191
4.78621315193	390.639221191
4.78911564626	390.864929199
4.79201814059	391.090789795
4.79492063492	391.090789795
4.79782312925	391.316741943
4.80072562358	391.316741943
4.80362811791	391.316741943
4.80653061224	391.316741943
4.80943310658	391.090789795
4.81233560091	390.864929199
4.81523809524	390.639221191
4.81814058957	390.413665771
4.8210430839	390.188201904
4.82394557823	390.188201904
4.82684807256	390.188201904
4.82975056689	389.962890625
4.83265306122	390.188201904
4.83555555556	390.188201904
4.83845804989	390.413665771
4.84136054422	390.413665771
4.84426303855	390.639221191
4.84716553288	390.639221191
4.85006802721	390.864929199
4.85297052154	390.864929199
4.85587301587	390.864929199
4.8587755102	390.639221191
4.86167800454	390.639221191
4.86458049887	390.639221191
4.8674829932	390.413665771
4.87038548753	390.188201904
4.87328798186	389.962890625
4.87619047619	389.737701416
4.87909297052	389.737701416
4.88199546485	389.737701416
4.88489795918	389.962890625
4.88780045351	389.962890625
4.89070294785	390.188201904
4.89360544218	390.188201904
4.89650793651	390.188201904
4.89941043084	389.962890625
4.90231292517	389.512664795
4.9052154195	389.287719727
4.90811791383	388.838256836
4.91102040816	388.613739014
4.91392290249	388.389312744
4.91682539683	388.389312744
4.91972789116	388.838256836
4.92263038549	389.287719727
4.92553287982	389.962890625
4.92843537415	390.639221191
4.93133786848	391.316741943
4.93424036281	391.769073486
4.93714285714	392.221923828
4.94004535147	392.675292969
4.9429478458	392.675292969
4.94585034014	392.675292969
4.94875283447	392.448547363
4.9516553288	392.221923828
4.95455782313	391.769073486
4.95746031746	391.316741943
4.96036281179	390.864929199
4.96326530612	390.413665771
4.96616780045	389.962890625
4.96907029478	389.512664795
4.97197278912	389.287719727
4.97487528345	389.062927246
4.97777777778	389.062927246
4.98068027211	388.838256836
4.98358276644	389.062927246
4.98648526077	389.062927246
4.9893877551	389.062927246
4.99229024943	0.0
4.99519274376	0.0
4.9980952381	0.0
5.00099773243	0.0
5.00390022676	0.0
5.00680272109	0.0
5.00970521542	0.0
5.01260770975	0.0
