0.0	0.0
0.00290249433107	0.0
0.00580498866213	0.0
0.0087074829932	0.0
0.0116099773243	0.0
0.0145124716553	0.0
0.0174149659864	0.0
0.0203174603175	0.0
0.0232199546485	0.0
0.0261224489796	0.0
0.0290249433107	0.0
0.0319274376417	0.0
0.0348299319728	0.0
0.0377324263039	0.0
0.0406349206349	0.0
0.043537414966	0.0
0.0464399092971	0.0
0.0493424036281	395.863616943
0.0522448979592	391.769073486
0.0551473922902	389.512664795
0.0580498866213	387.940887451
0.0609523809524	387.045593262
0.0638548752834	386.375488281
0.0667573696145	386.82208252
0.0696598639456	387.045593262
0.0725623582766	387.716888428
0.0754648526077	389.062927246
0.0783673469388	390.864929199
0.0812698412698	392.221923828
0.0841723356009	393.35635376
0.087074829932	394.266235352
0.089977324263	394.721984863
0.0928798185941	395.178253174
0.0957823129252	394.950042725
0.0986848072562	394.494049072
0.101587301587	393.35635376
0.104489795918	391.54284668
0.107392290249	391.090789795
0.11029478458	390.413665771
0.113197278912	390.413665771
0.116099773243	390.864929199
0.119002267574	391.316741943
0.121904761905	391.995422363
0.124807256236	392.448547363
0.127709750567	393.129211426
0.130612244898	393.35635376
0.133514739229	393.811035156
0.13641723356	394.266235352
0.139319727891	394.721984863
0.142222222222	395.178253174
0.145124716553	395.406585693
0.148027210884	395.406585693
0.150929705215	395.406585693
0.153832199546	394.950042725
0.156734693878	394.494049072
0.159637188209	394.038574219
0.16253968254	393.583618164
0.165442176871	393.129211426
0.168344671202	392.675292969
0.171247165533	392.221923828
0.174149659864	391.769073486
0.177052154195	391.54284668
0.179954648526	391.54284668
0.182857142857	391.54284668
0.185759637188	391.54284668
0.188662131519	391.769073486
0.19156462585	391.995422363
0.194467120181	392.221923828
0.197369614512	392.221923828
0.200272108844	392.221923828
0.203174603175	391.769073486
0.206077097506	391.316741943
0.208979591837	390.864929199
0.211882086168	390.188201904
0.214784580499	389.962890625
0.21768707483	390.188201904
0.220589569161	390.864929199
0.223492063492	391.316741943
0.226394557823	392.221923828
0.229297052154	392.902191162
0.232199546485	393.583618164
0.235102040816	393.811035156
0.238004535147	393.811035156
0.240907029478	393.811035156
0.24380952381	393.583618164
0.246712018141	393.35635376
0.249614512472	392.902191162
0.252517006803	392.902191162
0.255419501134	392.675292969
0.258321995465	392.448547363
0.261224489796	392.221923828
0.264126984127	391.995422363
0.267029478458	391.769073486
0.269931972789	391.54284668
0.27283446712	391.316741943
0.275736961451	391.316741943
0.278639455782	391.769073486
0.281541950113	392.221923828
0.284444444444	392.675292969
0.287346938776	393.129211426
0.290249433107	393.35635376
0.293151927438	393.583618164
0.296054421769	393.811035156
0.2989569161	393.583618164
0.301859410431	393.129211426
0.304761904762	392.902191162
0.307664399093	392.448547363
0.310566893424	391.995422363
0.313469387755	391.769073486
0.316371882086	391.769073486
0.319274376417	391.54284668
0.322176870748	391.54284668
0.325079365079	391.54284668
0.32798185941	391.316741943
0.330884353741	391.316741943
0.333786848073	391.316741943
0.336689342404	391.316741943
0.339591836735	391.54284668
0.342494331066	391.769073486
0.345396825397	391.995422363
0.348299319728	392.221923828
0.351201814059	392.221923828
0.35410430839	392.221923828
0.357006802721	392.448547363
0.359909297052	392.675292969
0.362811791383	392.675292969
0.365714285714	392.675292969
0.368616780045	392.675292969
0.371519274376	392.675292969
0.374421768707	392.675292969
0.377324263039	392.675292969
0.38022675737	392.902191162
0.383129251701	392.902191162
0.386031746032	392.902191162
0.388934240363	392.902191162
0.391836734694	392.675292969
0.394739229025	392.448547363
0.397641723356	392.448547363
0.400544217687	392.448547363
0.403446712018	392.448547363
0.406349206349	392.675292969
0.40925170068	392.902191162
0.412154195011	392.902191162
0.415056689342	393.129211426
0.417959183673	392.902191162
0.420861678005	392.902191162
0.423764172336	392.902191162
0.426666666667	392.902191162
0.429569160998	392.675292969
0.432471655329	392.675292969
0.43537414966	392.675292969
0.438276643991	392.675292969
0.441179138322	392.675292969
0.444081632653	392.675292969
0.446984126984	392.902191162
0.449886621315	392.675292969
0.452789115646	392.902191162
0.455691609977	392.902191162
0.458594104308	392.675292969
0.461496598639	392.221923828
0.464399092971	391.54284668
0.467301587302	390.413665771
0.470204081633	389.512664795
0.473106575964	387.492980957
0.476009070295	392.448547363
0.478911564626	398.847381592
0.481814058957	403.248779297
0.484716553288	403.948181152
0.487619047619	360.084838867
0.49052154195	363.638153076
0.493424036281	368.501434326
0.496326530612	372.352783203
0.499229024943	374.50982666
0.502131519274	375.37612915
0.505034013605	375.593017578
0.507936507937	375.37612915
0.510839002268	374.942718506
0.513741496599	374.077423096
0.51664399093	373.214111328
0.519546485261	372.137786865
0.522448979592	370.850280762
0.525351473923	369.994415283
0.528253968254	369.353820801
0.531156462585	368.927368164
0.534058956916	369.140533447
0.536961451247	369.780761719
0.539863945578	370.636138916
0.542766439909	371.92288208
0.54566893424	372.783203125
0.548571428571	373.645507812
0.551473922902	374.077423096
0.554376417234	373.86138916
0.557278911565	373.429748535
0.560181405896	372.567932129
0.563083900227	371.92288208
0.565986394558	371.493469238
0.568888888889	371.064544678
0.57179138322	370.850280762
0.574693877551	371.064544678
0.577596371882	371.493469238
0.580498866213	372.137786865
0.583401360544	372.783203125
0.586303854875	373.214111328
0.589206349206	373.429748535
0.592108843537	372.998596191
0.595011337868	372.567932129
0.5979138322	372.137786865
0.600816326531	371.493469238
0.603718820862	371.278961182
0.606621315193	371.278961182
0.609523809524	371.493469238
0.612426303855	371.92288208
0.615328798186	372.137786865
0.618231292517	372.567932129
0.621133786848	372.783203125
0.624036281179	372.998596191
0.62693877551	372.998596191
0.629841269841	372.783203125
0.632743764172	372.137786865
0.635646258503	371.493469238
0.638548752834	371.278961182
0.641451247166	370.850280762
0.644353741497	370.850280762
0.647256235828	370.636138916
0.650158730159	370.636138916
0.65306122449	370.850280762
0.655963718821	371.708129883
0.658866213152	372.352783203
0.661768707483	372.998596191
0.664671201814	373.214111328
0.667573696145	373.429748535
0.670476190476	373.645507812
0.673378684807	373.86138916
0.676281179138	373.86138916
0.679183673469	373.429748535
0.6820861678	372.352783203
0.684988662132	371.493469238
0.687891156463	371.064544678
0.690793650794	370.636138916
0.693696145125	370.850280762
0.696598639456	370.850280762
0.699501133787	371.278961182
0.702403628118	371.708129883
0.705306122449	372.352783203
0.70820861678	373.429748535
0.711111111111	373.645507812
0.714013605442	373.429748535
0.716916099773	372.352783203
0.719818594104	371.708129883
0.722721088435	371.278961182
0.725623582766	371.278961182
0.728526077098	371.493469238
0.731428571429	372.137786865
0.73433106576	372.998596191
0.737233560091	374.726196289
0.740136054422	376.679321289
0.743038548753	378.205474854
0.745941043084	379.080322266
0.748843537415	379.518493652
0.751746031746	379.957183838
0.754648526077	380.836090088
0.757551020408	380.176727295
0.760453514739	379.299346924
0.76335600907	377.987060547
0.766258503401	376.46182251
0.769160997732	375.810028076
0.772063492063	374.942718506
0.774965986395	374.077423096
0.777868480726	371.493469238
0.780770975057	371.493469238
0.783673469388	373.645507812
0.786575963719	375.810028076
0.78947845805	376.46182251
0.792380952381	376.679321289
0.795283446712	376.46182251
0.798185941043	376.679321289
0.801088435374	376.896972656
0.803990929705	376.679321289
0.806893424036	375.810028076
0.809795918367	374.726196289
0.812698412698	373.86138916
0.815600907029	373.214111328
0.818503401361	372.137786865
0.821405895692	370.422119141
0.824308390023	368.927368164
0.827210884354	368.714324951
0.830113378685	368.927368164
0.833015873016	369.780761719
0.835918367347	371.278961182
0.838820861678	372.352783203
0.841723356009	373.214111328
0.84462585034	373.645507812
0.847528344671	373.86138916
0.850430839002	373.645507812
0.853333333333	372.998596191
0.856235827664	371.92288208
0.859138321995	371.278961182
0.862040816327	372.352783203
0.864943310658	374.50982666
0.867845804989	381.937561035
0.87074829932	393.811035156
0.873650793651	396.092346191
0.876553287982	394.950042725
0.879455782313	391.090789795
0.882358276644	386.152374268
0.885260770975	368.288635254
0.888163265306	372.998596191
0.891065759637	373.429748535
0.893968253968	373.86138916
0.896870748299	373.86138916
0.89977324263	374.077423096
0.902675736961	374.077423096
0.905578231293	374.077423096
0.908480725624	373.429748535
0.911383219955	372.998596191
0.914285714286	372.352783203
0.917188208617	371.92288208
0.920090702948	371.278961182
0.922993197279	370.850280762
0.92589569161	370.636138916
0.928798185941	370.422119141
0.931700680272	370.422119141
0.934603174603	370.422119141
0.937505668934	370.636138916
0.940408163265	371.064544678
0.943310657596	371.064544678
0.946213151927	371.493469238
0.949115646259	371.92288208
0.95201814059	372.137786865
0.954920634921	372.352783203
0.957823129252	372.352783203
0.960725623583	372.352783203
0.963628117914	372.137786865
0.966530612245	372.137786865
0.969433106576	372.137786865
0.972335600907	372.137786865
0.975238095238	371.92288208
0.978140589569	372.137786865
0.9810430839	372.137786865
0.983945578231	372.137786865
0.986848072562	372.137786865
0.989750566893	372.137786865
0.992653061224	372.137786865
0.995555555556	371.92288208
0.998458049887	371.92288208
1.00136054422	371.92288208
1.00426303855	371.92288208
1.00716553288	371.92288208
1.01006802721	372.137786865
1.01297052154	372.137786865
1.01587301587	372.352783203
1.0187755102	372.352783203
1.02167800454	372.352783203
1.02458049887	372.137786865
1.0274829932	372.137786865
1.03038548753	371.708129883
1.03328798186	371.493469238
1.03619047619	371.493469238
1.03909297052	371.278961182
1.04199546485	371.278961182
1.04489795918	371.493469238
1.04780045351	371.708129883
1.05070294785	371.708129883
1.05360544218	371.92288208
1.05650793651	371.92288208
1.05941043084	371.92288208
1.06231292517	371.708129883
1.0652154195	371.708129883
1.06811791383	371.708129883
1.07102040816	371.708129883
1.07392290249	371.708129883
1.07682539683	371.708129883
1.07972789116	371.708129883
1.08263038549	371.708129883
1.08553287982	371.708129883
1.08843537415	371.708129883
1.09133786848	371.708129883
1.09424036281	371.708129883
1.09714285714	371.708129883
1.10004535147	371.708129883
1.1029478458	371.708129883
1.10585034014	371.92288208
1.10875283447	371.92288208
1.1116553288	371.708129883
1.11455782313	371.708129883
1.11746031746	371.708129883
1.12036281179	371.708129883
1.12326530612	371.708129883
1.12616780045	371.708129883
1.12907029478	371.708129883
1.13197278912	371.708129883
1.13487528345	371.708129883
1.13777777778	371.92288208
1.14068027211	372.137786865
1.14358276644	372.567932129
1.14648526077	373.214111328
1.1493877551	373.86138916
1.15229024943	374.942718506
1.15519274376	376.027160645
1.1580952381	377.332641602
1.16099773243	378.64263916
1.16390022676	380.61618042
1.16680272109	383.485015869
1.16970521542	388.165039062
1.17260770975	394.266235352
1.17551020408	398.61706543
1.17841269841	400.232086182
1.18131519274	401.389678955
1.18421768707	400.694732666
1.18712018141	398.386901855
1.19002267574	395.863616943
1.19292517007	391.995422363
1.1958276644	388.165039062
1.19873015873	385.929382324
1.20163265306	385.261199951
1.20453514739	385.261199951
1.20743764172	385.706512451
1.21034013605	387.045593262
1.21324263039	388.613739014
1.21614512472	390.413665771
1.21904761905	392.221923828
1.22195011338	393.583618164
1.22485260771	395.178253174
1.22775510204	396.321228027
1.23065759637	397.008575439
1.2335600907	397.237976074
1.23646258503	397.008575439
1.23936507937	396.550201416
1.2422675737	395.635040283
1.24517006803	394.494049072
1.24807256236	393.35635376
1.25097505669	392.675292969
1.25387755102	391.769073486
1.25678004535	391.54284668
1.25968253968	391.316741943
1.26258503401	391.090789795
1.26548752834	391.316741943
1.26839002268	391.316741943
1.27129251701	391.54284668
1.27419501134	391.769073486
1.27709750567	392.448547363
1.28	392.902191162
1.28290249433	393.583618164
1.28580498866	393.811035156
1.28870748299	394.038574219
1.29160997732	394.038574219
1.29451247166	393.583618164
1.29741496599	392.902191162
1.30031746032	392.221923828
1.30321995465	391.090789795
1.30612244898	389.962890625
1.30902494331	389.287719727
1.31192743764	389.287719727
1.31482993197	389.287719727
1.3177324263	389.737701416
1.32063492063	390.188201904
1.32353741497	390.639221191
1.3264399093	391.090789795
1.32934240363	391.090789795
1.33224489796	391.316741943
1.33514739229	391.316741943
1.33804988662	391.316741943
1.34095238095	391.316741943
1.34385487528	391.54284668
1.34675736961	391.995422363
1.34965986395	392.675292969
1.35256235828	393.35635376
1.35546485261	394.038574219
1.35836734694	394.721984863
1.36126984127	394.950042725
1.3641723356	394.494049072
1.36707482993	394.266235352
1.36997732426	393.35635376
1.37287981859	392.448547363
1.37578231293	391.769073486
1.37868480726	391.090789795
1.38158730159	390.864929199
1.38448979592	390.864929199
1.38739229025	391.090789795
1.39029478458	391.090789795
1.39319727891	391.090789795
1.39609977324	391.316741943
1.39900226757	391.316741943
1.4019047619	391.316741943
1.40480725624	391.54284668
1.40770975057	391.769073486
1.4106122449	392.221923828
1.41351473923	392.675292969
1.41641723356	392.902191162
1.41931972789	393.129211426
1.42222222222	393.35635376
1.42512471655	393.583618164
1.42802721088	393.35635376
1.43092970522	392.448547363
1.43383219955	391.090789795
1.43673469388	389.512664795
1.43963718821	388.165039062
1.44253968254	388.389312744
1.44544217687	389.737701416
1.4483446712	392.448547363
1.45124716553	392.221923828
1.45414965986	393.129211426
1.4570521542	393.811035156
1.45995464853	394.494049072
1.46285714286	394.721984863
1.46575963719	391.090789795
1.46866213152	391.316741943
1.47156462585	391.769073486
1.47446712018	392.902191162
1.47736961451	396.092346191
1.48027210884	396.550201416
1.48317460317	396.550201416
1.48607709751	396.092346191
1.48897959184	395.406585693
1.49188208617	395.178253174
1.4947845805	394.950042725
1.49768707483	394.950042725
1.50058956916	394.950042725
1.50349206349	395.178253174
1.50639455782	395.635040283
1.50929705215	396.779327393
1.51219954649	398.386901855
1.51510204082	398.61706543
1.51800453515	398.61706543
1.52090702948	397.467498779
1.52380952381	395.863616943
1.52671201814	395.406585693
1.52961451247	394.494049072
1.5325170068	393.35635376
1.53541950113	392.902191162
1.53832199546	394.950042725
1.5412244898	398.386901855
1.54412698413	0.0
1.54702947846	0.0
1.54993197279	0.0
1.55283446712	0.0
1.55573696145	0.0
1.55863945578	0.0
1.56154195011	0.0
1.56444444444	0.0
1.56734693878	0.0
1.57024943311	0.0
1.57315192744	0.0
1.57605442177	0.0
1.5789569161	0.0
1.58185941043	0.0
1.58476190476	0.0
1.58766439909	0.0
1.59056689342	0.0
1.59346938776	0.0
1.59637188209	0.0
1.59927437642	0.0
1.60217687075	0.0
1.60507936508	0.0
1.60798185941	0.0
1.61088435374	0.0
1.61378684807	0.0
1.6166893424	0.0
1.61959183673	0.0
1.62249433107	0.0
1.6253968254	0.0
1.62829931973	0.0
1.63120181406	0.0
1.63410430839	0.0
1.63700680272	0.0
1.63990929705	0.0
1.64281179138	0.0
1.64571428571	0.0
1.64861678005	0.0
1.65151927438	0.0
1.65442176871	0.0
1.65732426304	0.0
1.66022675737	0.0
1.6631292517	0.0
1.66603174603	0.0
1.66893424036	0.0
1.67183673469	0.0
1.67473922902	0.0
1.67764172336	0.0
1.68054421769	0.0
1.68344671202	0.0
1.68634920635	0.0
1.68925170068	0.0
1.69215419501	0.0
1.69505668934	0.0
1.69795918367	0.0
1.700861678	0.0
1.70376417234	0.0
1.70666666667	0.0
1.709569161	0.0
1.71247165533	0.0
1.71537414966	0.0
1.71827664399	0.0
1.72117913832	385.929382324
1.72408163265	385.706512451
1.72698412698	385.483795166
1.72988662132	386.152374268
1.73278911565	386.598724365
1.73569160998	388.165039062
1.73859410431	389.962890625
1.74149659864	391.316741943
1.74439909297	392.448547363
1.7473015873	393.35635376
1.75020408163	394.494049072
1.75310657596	394.950042725
1.75600907029	395.406585693
1.75891156463	394.950042725
1.76181405896	394.266235352
1.76471655329	392.902191162
1.76761904762	391.090789795
1.77052154195	390.864929199
1.77342403628	390.413665771
1.77632653061	390.413665771
1.77922902494	391.090789795
1.78213151927	391.54284668
1.78503401361	392.221923828
1.78793650794	392.675292969
1.79083900227	393.129211426
1.7937414966	393.583618164
1.79664399093	394.038574219
1.79954648526	394.494049072
1.80244897959	394.950042725
1.80535147392	395.406585693
1.80825396825	395.635040283
1.81115646259	395.635040283
1.81405895692	395.406585693
1.81696145125	394.950042725
1.81986394558	394.494049072
1.82276643991	394.038574219
1.82566893424	393.811035156
1.82857142857	393.35635376
1.8314739229	392.675292969
1.83437641723	391.995422363
1.83727891156	391.769073486
1.8401814059	391.54284668
1.84308390023	391.316741943
1.84598639456	391.316741943
1.84888888889	391.316741943
1.85179138322	391.316741943
1.85469387755	391.54284668
1.85759637188	391.995422363
1.86049886621	391.995422363
1.86340136054	391.995422363
1.86630385488	391.769073486
1.86920634921	391.316741943
1.87210884354	390.639221191
1.87501133787	390.188201904
1.8779138322	390.188201904
1.88081632653	390.639221191
1.88371882086	391.090789795
1.88662131519	391.769073486
1.88952380952	392.675292969
1.89242630385	393.583618164
1.89532879819	393.811035156
1.89823129252	393.583618164
1.90113378685	393.583618164
1.90403628118	393.583618164
1.90693877551	393.35635376
1.90984126984	393.35635376
1.91274376417	393.129211426
1.9156462585	392.902191162
1.91854875283	392.675292969
1.92145124717	392.448547363
1.9243537415	392.221923828
1.92725623583	392.221923828
1.93015873016	391.995422363
1.93306122449	391.769073486
1.93596371882	391.54284668
1.93886621315	391.54284668
1.94176870748	391.769073486
1.94467120181	391.995422363
1.94757369615	392.675292969
1.95047619048	393.129211426
1.95337868481	393.583618164
1.95628117914	393.811035156
1.95918367347	393.811035156
1.9620861678	393.35635376
1.96498866213	393.129211426
1.96789115646	392.675292969
1.97079365079	392.448547363
1.97369614512	392.221923828
1.97659863946	391.995422363
1.97950113379	391.769073486
1.98240362812	391.54284668
1.98530612245	391.54284668
1.98820861678	391.316741943
1.99111111111	391.316741943
1.99401360544	391.54284668
1.99691609977	391.54284668
1.9998185941	391.769073486
2.00272108844	391.769073486
2.00562358277	391.995422363
2.0085260771	391.995422363
2.01142857143	392.221923828
2.01433106576	392.448547363
2.01723356009	392.675292969
2.02013605442	392.675292969
2.02303854875	392.675292969
2.02594104308	392.675292969
2.02884353741	392.675292969
2.03174603175	392.675292969
2.03464852608	392.675292969
2.03755102041	392.675292969
2.04045351474	392.902191162
2.04335600907	392.902191162
2.0462585034	392.902191162
2.04916099773	392.902191162
2.05206349206	392.902191162
2.05496598639	392.675292969
2.05786848073	392.448547363
2.06077097506	392.448547363
2.06367346939	392.448547363
2.06657596372	392.675292969
2.06947845805	392.675292969
2.07238095238	392.902191162
2.07528344671	392.902191162
2.07818594104	392.902191162
2.08108843537	393.129211426
2.08399092971	392.902191162
2.08689342404	392.902191162
2.08979591837	392.675292969
2.0926984127	392.675292969
2.09560090703	392.675292969
2.09850340136	392.675292969
2.10140589569	392.675292969
2.10430839002	392.675292969
2.10721088435	392.902191162
2.11011337868	392.902191162
2.11301587302	392.675292969
2.11591836735	392.902191162
2.11882086168	392.902191162
2.12172335601	392.902191162
2.12462585034	392.902191162
2.12752834467	392.902191162
2.130430839	392.902191162
2.13333333333	392.675292969
2.13623582766	392.675292969
2.139138322	392.675292969
2.14204081633	392.675292969
2.14494331066	392.675292969
2.14784580499	392.448547363
2.15074829932	392.448547363
2.15365079365	392.448547363
2.15655328798	392.448547363
2.15945578231	392.448547363
2.16235827664	392.675292969
2.16526077098	392.675292969
2.16816326531	392.675292969
2.17106575964	392.675292969
2.17396825397	392.675292969
2.1768707483	392.675292969
2.17977324263	392.675292969
2.18267573696	392.675292969
2.18557823129	392.675292969
2.18848072562	392.448547363
2.19138321995	392.448547363
2.19428571429	392.675292969
2.19718820862	392.448547363
2.20009070295	392.675292969
2.20299319728	392.675292969
2.20589569161	392.675292969
2.20879818594	392.902191162
2.21170068027	392.902191162
2.2146031746	392.902191162
2.21750566893	392.902191162
2.22040816327	392.902191162
2.2233106576	392.902191162
2.22621315193	392.902191162
2.22911564626	392.675292969
2.23201814059	392.675292969
2.23492063492	392.675292969
2.23782312925	392.675292969
2.24072562358	393.129211426
2.24362811791	393.583618164
2.24653061224	394.494049072
2.24943310658	395.406585693
2.25233560091	395.406585693
2.25523809524	394.950042725
2.25814058957	393.583618164
2.2610430839	391.769073486
2.26394557823	389.512664795
2.26684807256	386.375488281
2.26975056689	383.485015869
2.27265306122	381.496612549
2.27555555556	379.737762451
2.27845804989	378.205474854
2.28136054422	376.679321289
2.28426303855	374.942718506
2.28716553288	372.998596191
2.29006802721	371.493469238
2.29297052154	370.208190918
2.29587301587	369.140533447
2.2987755102	368.714324951
2.30167800454	368.927368164
2.30458049887	369.353820801
2.3074829932	369.994415283
2.31038548753	370.850280762
2.31328798186	371.708129883
2.31619047619	372.352783203
2.31909297052	372.783203125
2.32199546485	372.783203125
2.32489795918	372.783203125
2.32780045351	372.352783203
2.33070294785	371.92288208
2.33360544218	371.708129883
2.33650793651	371.493469238
2.33941043084	371.493469238
2.34231292517	371.708129883
2.3452154195	372.137786865
2.34811791383	372.567932129
2.35102040816	372.998596191
2.35392290249	373.214111328
2.35682539683	372.783203125
2.35972789116	372.567932129
2.36263038549	371.92288208
2.36553287982	371.493469238
2.36843537415	371.064544678
2.37133786848	370.850280762
2.37424036281	370.850280762
2.37714285714	371.064544678
2.38004535147	371.708129883
2.3829478458	372.352783203
2.38585034014	372.998596191
2.38875283447	373.429748535
2.3916553288	373.645507812
2.39455782313	373.645507812
2.39746031746	373.214111328
2.40036281179	372.567932129
2.40326530612	371.708129883
2.40616780045	370.850280762
2.40907029478	370.422119141
2.41197278912	370.208190918
2.41487528345	370.208190918
2.41777777778	370.636138916
2.42068027211	371.278961182
2.42358276644	372.137786865
2.42648526077	372.783203125
2.4293877551	373.214111328
2.43229024943	373.429748535
2.43519274376	373.214111328
2.4380952381	372.783203125
2.44099773243	372.137786865
2.44390022676	371.493469238
2.44680272109	371.064544678
2.44970521542	370.850280762
2.45260770975	370.850280762
2.45551020408	370.850280762
2.45841269841	371.278961182
2.46131519274	371.708129883
2.46421768707	372.137786865
2.46712018141	372.352783203
2.47002267574	372.352783203
2.47292517007	372.352783203
2.4758276644	372.137786865
2.47873015873	371.92288208
2.48163265306	371.708129883
2.48453514739	371.278961182
2.48743764172	371.278961182
2.49034013605	371.278961182
2.49324263039	371.278961182
2.49614512472	371.708129883
2.49904761905	371.92288208
2.50195011338	372.352783203
2.50485260771	372.567932129
2.50775510204	372.352783203
2.51065759637	372.137786865
2.5135600907	371.708129883
2.51646258503	371.493469238
2.51936507937	371.278961182
2.5222675737	371.064544678
2.52517006803	371.064544678
2.52807256236	371.278961182
2.53097505669	371.708129883
2.53387755102	371.92288208
2.53678004535	372.352783203
2.53968253968	372.567932129
2.54258503401	372.352783203
2.54548752834	372.352783203
2.54839002268	371.92288208
2.55129251701	371.493469238
2.55419501134	371.064544678
2.55709750567	370.636138916
2.56	370.422119141
2.56290249433	370.208190918
2.56580498866	370.422119141
2.56870748299	371.064544678
2.57160997732	371.92288208
2.57451247166	373.429748535
2.57741496599	375.810028076
2.58031746032	379.299346924
2.58321995465	381.937561035
2.58612244898	384.594146729
2.58902494331	386.598724365
2.59192743764	388.838256836
2.59482993197	391.54284668
2.5977324263	393.811035156
2.60063492063	395.635040283
2.60353741497	396.779327393
2.6064399093	397.008575439
2.60934240363	396.779327393
2.61224489796	395.406585693
2.61514739229	393.583618164
2.61804988662	391.769073486
2.62095238095	390.413665771
2.62385487528	389.962890625
2.62675736961	389.962890625
2.62965986395	390.188201904
2.63256235828	390.413665771
2.63546485261	390.864929199
2.63836734694	391.316741943
2.64126984127	391.769073486
2.6441723356	392.675292969
2.64707482993	393.583618164
2.64997732426	394.721984863
2.65287981859	395.863616943
2.65578231293	396.550201416
2.65868480726	397.008575439
2.66158730159	396.779327393
2.66448979592	396.321228027
2.66739229025	395.406585693
2.67029478458	394.266235352
2.67319727891	392.902191162
2.67609977324	391.769073486
2.67900226757	390.639221191
2.6819047619	390.188201904
2.68480725624	389.962890625
2.68770975057	389.737701416
2.6906122449	389.737701416
2.69351473923	389.962890625
2.69641723356	389.962890625
2.69931972789	390.413665771
2.70222222222	390.639221191
2.70512471655	390.864929199
2.70802721088	390.864929199
2.71092970522	390.864929199
2.71383219955	390.639221191
2.71673469388	390.188201904
2.71963718821	389.962890625
2.72253968254	389.962890625
2.72544217687	390.639221191
2.7283446712	391.995422363
2.73124716553	393.129211426
2.73414965986	394.494049072
2.7370521542	395.178253174
2.73995464853	395.635040283
2.74285714286	395.635040283
2.74575963719	394.950042725
2.74866213152	394.038574219
2.75156462585	392.902191162
2.75446712018	391.995422363
2.75736961451	391.316741943
2.76027210884	390.864929199
2.76317460317	390.413665771
2.76607709751	390.188201904
2.76897959184	389.962890625
2.77188208617	389.962890625
2.7747845805	389.962890625
2.77768707483	390.188201904
2.78058956916	390.413665771
2.78349206349	391.090789795
2.78639455782	392.221923828
2.78929705215	393.129211426
2.79219954649	393.811035156
2.79510204082	394.494049072
2.79800453515	394.721984863
2.80090702948	394.721984863
2.80380952381	394.266235352
2.80671201814	393.583618164
2.80961451247	392.675292969
2.8125170068	391.995422363
2.81541950113	391.54284668
2.81832199546	391.316741943
2.8212244898	390.864929199
2.82412698413	390.639221191
2.82702947846	390.639221191
2.82993197279	390.864929199
2.83283446712	390.864929199
2.83573696145	391.090789795
2.83863945578	391.090789795
2.84154195011	391.316741943
2.84444444444	391.769073486
2.84734693878	391.995422363
2.85024943311	391.995422363
2.85315192744	392.221923828
2.85605442177	392.221923828
2.8589569161	392.221923828
2.86185941043	392.221923828
2.86476190476	391.995422363
2.86766439909	391.995422363
2.87056689342	392.221923828
2.87346938776	392.221923828
2.87637188209	392.221923828
2.87927437642	392.448547363
2.88217687075	392.448547363
2.88507936508	392.675292969
2.88798185941	392.902191162
2.89088435374	393.129211426
2.89378684807	393.129211426
2.8966893424	393.129211426
2.89959183673	392.902191162
2.90249433107	392.675292969
2.9053968254	392.675292969
2.90829931973	392.448547363
2.91120181406	392.448547363
2.91410430839	392.448547363
2.91700680272	392.448547363
2.91990929705	392.675292969
2.92281179138	392.675292969
2.92571428571	392.902191162
2.92861678005	392.902191162
2.93151927438	393.129211426
2.93442176871	393.583618164
2.93732426304	394.266235352
2.94022675737	395.178253174
2.9431292517	395.635040283
2.94603174603	395.406585693
2.94893424036	394.721984863
2.95183673469	393.129211426
2.95473922902	390.639221191
2.95764172336	387.716888428
2.96054421769	384.594146729
2.96344671202	381.937561035
2.96634920635	380.176727295
2.96925170068	378.64263916
2.97215419501	377.332641602
2.97505668934	375.810028076
2.97795918367	374.293548584
2.980861678	372.783203125
2.98376417234	371.278961182
2.98666666667	369.994415283
2.989569161	369.140533447
2.99247165533	368.927368164
2.99537414966	368.927368164
2.99827664399	369.140533447
3.00117913832	369.780761719
3.00408163265	370.850280762
3.00698412698	371.708129883
3.00988662132	372.352783203
3.01278911565	373.214111328
3.01569160998	373.429748535
3.01859410431	373.429748535
3.02149659864	372.998596191
3.02439909297	372.352783203
3.0273015873	371.708129883
3.03020408163	371.064544678
3.03310657596	370.636138916
3.03600907029	370.850280762
3.03891156463	371.064544678
3.04181405896	371.708129883
3.04471655329	372.137786865
3.04761904762	372.783203125
3.05052154195	373.214111328
3.05342403628	373.429748535
3.05632653061	373.214111328
3.05922902494	372.783203125
3.06213151927	372.137786865
3.06503401361	371.493469238
3.06793650794	371.064544678
3.07083900227	371.064544678
3.0737414966	371.278961182
3.07664399093	371.493469238
3.07954648526	371.92288208
3.08244897959	372.567932129
3.08535147392	372.998596191
3.08825396825	373.429748535
3.09115646259	373.429748535
3.09405895692	373.214111328
3.09696145125	372.567932129
3.09986394558	371.493469238
3.10276643991	370.636138916
3.10566893424	369.994415283
3.10857142857	369.994415283
3.1114739229	370.208190918
3.11437641723	370.850280762
3.11727891156	371.708129883
3.1201814059	372.352783203
3.12308390023	372.998596191
3.12598639456	373.429748535
3.12888888889	373.645507812
3.13179138322	373.214111328
3.13469387755	372.783203125
3.13759637188	372.137786865
3.14049886621	371.708129883
3.14340136054	371.493469238
3.14630385488	371.278961182
3.14920634921	370.850280762
3.15210884354	370.850280762
3.15501133787	370.850280762
3.1579138322	371.278961182
3.16081632653	371.92288208
3.16371882086	372.352783203
3.16662131519	372.567932129
3.16952380952	372.137786865
3.17242630385	371.92288208
3.17532879819	371.92288208
3.17823129252	371.92288208
3.18113378685	371.92288208
3.18403628118	371.92288208
3.18693877551	371.92288208
3.18984126984	372.137786865
3.19274376417	372.567932129
3.1956462585	372.998596191
3.19854875283	373.214111328
3.20145124717	372.998596191
3.2043537415	372.567932129
3.20725623583	372.137786865
3.21015873016	371.708129883
3.21306122449	371.278961182
3.21596371882	370.636138916
3.21886621315	370.422119141
3.22176870748	370.422119141
3.22467120181	370.850280762
3.22757369615	371.493469238
3.23047619048	372.783203125
3.23337868481	373.86138916
3.23628117914	374.293548584
3.23918367347	374.077423096
3.2420861678	374.293548584
3.24498866213	374.942718506
3.24789115646	375.37612915
3.25079365079	311.486633301
3.25369614512	312.026855469
3.25659863946	312.568023682
3.25950113379	312.387542725
3.26240362812	312.026855469
3.26530612245	311.486633301
3.26820861678	311.126983643
3.27111111111	310.76776123
3.27401360544	310.588317871
3.27691609977	310.588317871
3.2798185941	310.76776123
3.28272108844	310.94732666
3.28562358277	311.126983643
3.2885260771	311.126983643
3.29142857143	311.486633301
3.29433106576	311.846679688
3.29723356009	312.026855469
3.30013605442	312.20715332
3.30303854875	312.20715332
3.30594104308	312.568023682
3.30884353741	312.929321289
3.31174603175	313.291046143
3.31464852608	313.472045898
3.31755102041	312.748626709
3.32045351474	311.666595459
3.32335600907	311.306762695
3.3262585034	311.666595459
3.32916099773	312.20715332
3.33206349206	312.20715332
3.33496598639	311.846679688
3.33786848073	312.026855469
3.34077097506	312.387542725
3.34367346939	313.110137939
3.34657596372	313.110137939
3.34947845805	312.748626709
3.35238095238	312.387542725
3.35528344671	312.387542725
3.35818594104	312.026855469
3.36108843537	311.486633301
3.36399092971	310.050567627
3.36689342404	307.908905029
3.36979591837	302.794036865
3.3726984127	301.050079346
3.37560090703	300.181884766
3.37850340136	299.835296631
3.38140589569	300.181884766
3.38430839002	300.528869629
3.38721088435	301.224029541
3.39011337868	302.095245361
3.39301587302	302.444458008
3.39591836735	302.61920166
3.39882086168	302.269805908
3.40172335601	300.876251221
3.40462585034	298.970581055
3.40752834467	296.562652588
3.410430839	294.854553223
3.41333333333	294.174102783
3.41623582766	293.325714111
3.419138322	292.987030029
3.42204081633	292.987030029
3.42494331066	293.156341553
3.42784580499	293.495178223
3.43074829932	293.834442139
3.43365079365	294.344055176
3.43655328798	295.024932861
3.43945578231	295.195404053
3.44235827664	295.365936279
3.44526077098	295.536621094
3.44816326531	295.536621094
3.45106575964	295.707366943
3.45396825397	295.536621094
3.4568707483	295.365936279
3.45977324263	295.365936279
3.46267573696	295.365936279
3.46557823129	295.536621094
3.46848072562	295.707366943
3.47138321995	295.707366943
3.47428571429	295.536621094
3.47718820862	295.365936279
3.48009070295	295.195404053
3.48299319728	295.024932861
3.48589569161	294.514129639
3.48879818594	294.174102783
3.49170068027	293.834442139
3.4946031746	293.664764404
3.49750566893	293.495178223
3.50040816327	293.664764404
3.5033106576	293.834442139
3.50621315193	294.514129639
3.50911564626	295.195404053
3.51201814059	295.878234863
3.51492063492	296.562652588
3.51782312925	296.905426025
3.52072562358	296.905426025
3.52362811791	296.905426025
3.52653061224	296.562652588
3.52943310658	296.049194336
3.53233560091	295.707366943
3.53523809524	295.195404053
3.53814058957	294.854553223
3.5410430839	294.344055176
3.54394557823	294.004211426
3.54684807256	293.834442139
3.54975056689	293.664764404
3.55265306122	293.664764404
3.55555555556	293.664764404
3.55845804989	294.004211426
3.56136054422	294.514129639
3.56426303855	295.365936279
3.56716553288	295.878234863
3.57006802721	296.391387939
3.57297052154	296.733978271
3.57587301587	296.562652588
3.5787755102	296.220245361
3.58167800454	295.878234863
3.58458049887	295.365936279
3.5874829932	295.024932861
3.59038548753	294.684295654
3.59328798186	294.514129639
3.59619047619	294.344055176
3.59909297052	294.344055176
3.60199546485	294.514129639
3.60489795918	294.514129639
3.60780045351	294.514129639
3.61070294785	294.344055176
3.61360544218	294.344055176
3.61650793651	294.344055176
3.61941043084	294.514129639
3.62231292517	294.514129639
3.6252154195	294.684295654
3.62811791383	295.024932861
3.63102040816	295.024932861
3.63392290249	295.195404053
3.63682539683	294.344055176
3.63972789116	292.648773193
3.64263038549	289.287414551
3.64553287982	275.745422363
3.64843537415	266.04498291
3.65133786848	263.4453125
3.65424036281	262.079315186
3.65714285714	261.021789551
3.66004535147	260.569854736
3.6629478458	260.419372559
3.66585034014	260.871063232
3.66875283447	261.625579834
3.6716553288	262.230743408
3.67455782313	262.685546875
3.67746031746	262.533874512
3.68036281179	262.079315186
3.68326530612	261.474487305
3.68616780045	261.021789551
3.68907029478	260.871063232
3.69197278912	260.871063232
3.69487528345	260.871063232
3.69777777778	261.172607422
3.70068027211	261.474487305
3.70358276644	261.625579834
3.70648526077	261.625579834
3.7093877551	261.625579834
3.71229024943	261.625579834
3.71519274376	261.776733398
3.7180952381	262.079315186
3.72099773243	262.382263184
3.72390022676	262.685546875
3.72680272109	262.989196777
3.72970521542	262.837341309
3.73260770975	262.533874512
3.73551020408	261.776733398
3.73841269841	261.172607422
3.74131519274	261.021789551
3.74421768707	261.021789551
3.74712018141	261.474487305
3.75002267574	262.079315186
3.75292517007	262.837341309
3.7558276644	263.749847412
3.75873015873	264.207275391
3.76163265306	264.207275391
3.76453514739	263.90222168
3.76743764172	263.141143799
3.77034013605	262.685546875
3.77324263039	262.382263184
3.77614512472	262.230743408
3.77904761905	262.230743408
3.78195011338	262.685546875
3.78485260771	263.141143799
3.78775510204	263.749847412
3.79065759637	264.054718018
3.7935600907	263.90222168
3.79646258503	263.59753418
3.79936507937	262.989196777
3.8022675737	262.382263184
3.80517006803	261.776733398
3.80807256236	261.625579834
3.81097505669	261.625579834
3.81387755102	261.927978516
3.81678004535	262.533874512
3.81968253968	262.837341309
3.82258503401	262.989196777
3.82548752834	262.837341309
3.82839002268	262.230743408
3.83129251701	261.776733398
3.83419501134	261.474487305
3.83709750567	261.474487305
3.84	261.776733398
3.84290249433	262.230743408
3.84580498866	262.989196777
3.84870748299	263.4453125
3.85160997732	263.4453125
3.85451247166	262.989196777
3.85741496599	262.382263184
3.86031746032	261.776733398
3.86321995465	261.323486328
3.86612244898	261.172607422
3.86902494331	261.323486328
3.87192743764	261.776733398
3.87482993197	262.230743408
3.8777324263	262.685546875
3.88063492063	262.989196777
3.88353741497	262.989196777
3.8864399093	262.533874512
3.88934240363	262.079315186
3.89224489796	261.625579834
3.89514739229	261.474487305
3.89804988662	261.323486328
3.90095238095	261.474487305
3.90385487528	261.776733398
3.90675736961	262.079315186
3.90965986395	262.230743408
3.91256235828	262.382263184
3.91546485261	262.533874512
3.91836734694	262.382263184
3.92126984127	262.230743408
3.9241723356	262.230743408
3.92707482993	262.079315186
3.92997732426	262.079315186
3.93287981859	262.079315186
3.93578231293	262.230743408
3.93868480726	262.382263184
3.94158730159	262.382263184
3.94448979592	262.382263184
3.94739229025	262.382263184
3.95029478458	262.382263184
3.95319727891	262.230743408
3.95609977324	262.230743408
3.95900226757	262.230743408
3.9619047619	262.230743408
3.96480725624	262.382263184
3.96770975057	262.533874512
3.9706122449	262.533874512
3.97351473923	262.382263184
3.97641723356	262.382263184
3.97931972789	262.230743408
3.98222222222	262.079315186
3.98512471655	262.079315186
3.98802721088	262.079315186
3.99092970522	262.230743408
3.99383219955	262.230743408
3.99673469388	262.382263184
3.99963718821	262.382263184
4.00253968254	262.382263184
4.00544217687	262.382263184
4.0083446712	262.230743408
4.01124716553	262.230743408
4.01414965986	262.079315186
4.0170521542	262.230743408
4.01995464853	262.230743408
4.02285714286	262.230743408
4.02575963719	262.230743408
4.02866213152	262.230743408
4.03156462585	262.230743408
4.03446712018	262.079315186
4.03736961451	261.927978516
4.04027210884	261.927978516
4.04317460317	262.079315186
4.04607709751	262.079315186
4.04897959184	262.079315186
4.05188208617	262.230743408
4.0547845805	262.230743408
4.05768707483	262.230743408
4.06058956916	262.230743408
4.06349206349	262.079315186
4.06639455782	262.079315186
4.06929705215	262.079315186
4.07219954649	262.079315186
4.07510204082	262.079315186
4.07800453515	262.079315186
4.08090702948	262.079315186
4.08380952381	262.230743408
4.08671201814	262.230743408
4.08961451247	262.230743408
4.0925170068	262.230743408
4.09541950113	262.079315186
4.09832199546	262.079315186
4.1012244898	262.079315186
4.10412698413	262.230743408
4.10702947846	262.230743408
4.10993197279	262.382263184
4.11283446712	262.382263184
4.11573696145	262.382263184
4.11863945578	262.382263184
4.12154195011	262.230743408
4.12444444444	262.230743408
4.12734693878	262.079315186
4.13024943311	262.079315186
4.13315192744	261.927978516
4.13605442177	261.927978516
4.1389569161	262.079315186
4.14185941043	261.927978516
4.14476190476	261.927978516
4.14766439909	261.927978516
4.15056689342	262.230743408
4.15346938776	387.045593262
4.15637188209	387.492980957
4.15927437642	388.613739014
4.16217687075	388.165039062
4.16507936508	389.737701416
4.16798185941	391.316741943
4.17088435374	392.675292969
4.17378684807	393.583618164
4.1766893424	393.811035156
4.17959183673	394.721984863
4.18249433107	394.950042725
4.1853968254	394.950042725
4.18829931973	394.494049072
4.19120181406	393.583618164
4.19410430839	392.221923828
4.19700680272	391.54284668
4.19990929705	390.864929199
4.20281179138	390.639221191
4.20571428571	390.639221191
4.20861678005	391.316741943
4.21151927438	391.995422363
4.21442176871	392.448547363
4.21732426304	392.902191162
4.22022675737	393.35635376
4.2231292517	393.811035156
4.22603174603	394.266235352
4.22893424036	394.494049072
4.23183673469	395.178253174
4.23473922902	395.406585693
4.23764172336	395.635040283
4.24054421769	395.635040283
4.24344671202	395.178253174
4.24634920635	394.721984863
4.24925170068	394.494049072
4.25215419501	393.811035156
4.25505668934	393.35635376
4.25795918367	392.902191162
4.260861678	392.448547363
4.26376417234	391.995422363
4.26666666667	391.769073486
4.269569161	391.54284668
4.27247165533	391.54284668
4.27537414966	391.54284668
4.27827664399	391.769073486
4.28117913832	391.995422363
4.28408163265	392.221923828
4.28698412698	392.675292969
4.28988662132	392.675292969
4.29278911565	392.448547363
4.29569160998	391.995422363
4.29859410431	391.090789795
4.30149659864	390.413665771
4.30439909297	389.737701416
4.3073015873	389.962890625
4.31020408163	390.413665771
4.31310657596	391.090789795
4.31600907029	391.769073486
4.31891156463	392.675292969
4.32181405896	393.35635376
4.32471655329	393.811035156
4.32761904762	393.811035156
4.33052154195	393.583618164
4.33342403628	393.35635376
4.33632653061	393.129211426
4.33922902494	393.129211426
4.34213151927	392.902191162
4.34503401361	392.675292969
4.34793650794	392.448547363
4.35083900227	392.221923828
4.3537414966	391.769073486
4.35664399093	391.54284668
4.35954648526	391.090789795
4.36244897959	391.090789795
4.36535147392	391.090789795
4.36825396825	391.316741943
4.37115646259	391.769073486
4.37405895692	392.448547363
4.37696145125	392.902191162
4.37986394558	393.35635376
4.38276643991	393.35635376
4.38566893424	393.583618164
4.38857142857	393.35635376
4.3914739229	393.129211426
4.39437641723	392.675292969
4.39727891156	392.448547363
4.4001814059	391.995422363
4.40308390023	391.769073486
4.40598639456	391.54284668
4.40888888889	391.316741943
4.41179138322	391.316741943
4.41469387755	391.090789795
4.41759637188	391.090789795
4.42049886621	391.316741943
4.42340136054	391.316741943
4.42630385488	391.54284668
4.42920634921	391.769073486
4.43210884354	391.995422363
4.43501133787	391.995422363
4.4379138322	392.448547363
4.44081632653	392.448547363
4.44371882086	392.675292969
4.44662131519	392.675292969
4.44952380952	392.902191162
4.45242630385	392.675292969
4.45532879819	392.675292969
4.45823129252	392.675292969
4.46113378685	392.675292969
4.46403628118	392.675292969
4.46693877551	392.675292969
4.46984126984	392.675292969
4.47274376417	392.902191162
4.4756462585	392.902191162
4.47854875283	392.902191162
4.48145124717	392.675292969
4.4843537415	392.448547363
4.48725623583	392.448547363
4.49015873016	392.221923828
4.49306122449	392.448547363
4.49596371882	392.675292969
4.49886621315	392.675292969
4.50176870748	392.902191162
4.50467120181	392.902191162
4.50757369615	393.129211426
4.51047619048	392.902191162
4.51337868481	392.902191162
4.51628117914	392.675292969
4.51918367347	392.675292969
4.5220861678	392.675292969
4.52498866213	392.448547363
4.52789115646	392.448547363
4.53079365079	392.448547363
4.53369614512	392.448547363
4.53659863946	392.675292969
4.53950113379	392.675292969
4.54240362812	392.902191162
4.54530612245	392.675292969
4.54820861678	392.902191162
4.55111111111	392.902191162
4.55401360544	392.902191162
4.55691609977	392.675292969
4.5598185941	392.675292969
4.56272108844	392.675292969
4.56562358277	392.448547363
4.5685260771	392.448547363
4.57142857143	392.448547363
4.57433106576	392.448547363
4.57723356009	392.448547363
4.58013605442	392.448547363
4.58303854875	392.448547363
4.58594104308	392.448547363
4.58884353741	392.448547363
4.59174603175	392.675292969
4.59464852608	392.675292969
4.59755102041	392.675292969
4.60045351474	392.675292969
4.60335600907	392.675292969
4.6062585034	392.675292969
4.60916099773	392.902191162
4.61206349206	392.902191162
4.61496598639	392.675292969
4.61786848073	392.675292969
4.62077097506	392.675292969
4.62367346939	392.448547363
4.62657596372	392.675292969
4.62947845805	392.675292969
4.63238095238	392.675292969
4.63528344671	392.675292969
4.63818594104	392.675292969
4.64108843537	392.675292969
4.64399092971	392.902191162
4.64689342404	392.902191162
4.64979591837	392.902191162
4.6526984127	392.675292969
4.65560090703	392.675292969
4.65850340136	392.675292969
4.66140589569	392.675292969
4.66430839002	392.675292969
4.66721088435	392.675292969
4.67011337868	392.675292969
4.67301587302	392.675292969
4.67591836735	392.675292969
4.67882086168	392.675292969
4.68172335601	392.675292969
4.68462585034	392.675292969
4.68752834467	392.675292969
4.690430839	392.675292969
4.69333333333	392.675292969
4.69623582766	392.675292969
4.699138322	392.902191162
4.70204081633	393.129211426
4.70494331066	393.583618164
4.70784580499	394.038574219
4.71074829932	394.721984863
4.71365079365	395.635040283
4.71655328798	396.779327393
4.71945578231	397.467498779
4.72235827664	398.386901855
4.72526077098	399.077850342
4.72816326531	399.769989014
4.73106575964	400.232086182
4.73396825397	400.926239014
4.7368707483	401.157897949
4.73977324263	401.157897949
4.74267573696	401.157897949
4.74557823129	400.926239014
4.74848072562	400.694732666
4.75138321995	400.232086182
4.75428571429	399.769989014
4.75718820862	399.308441162
4.76009070295	398.386901855
4.76299319728	397.697143555
4.76589569161	397.237976074
4.76879818594	397.008575439
4.77170068027	396.779327393
4.7746031746	396.550201416
4.77750566893	396.321228027
4.78040816327	396.321228027
4.7833106576	396.321228027
4.78621315193	396.550201416
4.78911564626	396.779327393
4.79201814059	396.779327393
4.79492063492	397.008575439
4.79782312925	397.008575439
4.80072562358	397.008575439
4.80362811791	396.779327393
4.80653061224	396.550201416
4.80943310658	396.550201416
4.81233560091	396.321228027
4.81523809524	396.321228027
4.81814058957	396.092346191
4.8210430839	396.092346191
4.82394557823	396.092346191
4.82684807256	396.092346191
4.82975056689	396.092346191
4.83265306122	396.092346191
4.83555555556	396.321228027
4.83845804989	396.321228027
4.84136054422	396.321228027
4.84426303855	396.321228027
4.84716553288	396.321228027
4.85006802721	396.321228027
4.85297052154	396.321228027
4.85587301587	396.321228027
4.8587755102	396.321228027
4.86167800454	396.550201416
4.86458049887	0.0
4.8674829932	0.0
4.87038548753	0.0
4.87328798186	0.0
4.87619047619	0.0
4.87909297052	0.0
4.88199546485	0.0
4.88489795918	0.0
4.88780045351	0.0
4.89070294785	0.0
4.89360544218	0.0
4.89650793651	0.0
4.89941043084	0.0
4.90231292517	0.0
4.9052154195	0.0
4.90811791383	0.0
4.91102040816	0.0
4.91392290249	0.0
4.91682539683	0.0
4.91972789116	0.0
4.92263038549	0.0
4.92553287982	0.0
4.92843537415	0.0
4.93133786848	0.0
4.93424036281	0.0
4.93714285714	0.0
4.94004535147	0.0
4.9429478458	0.0
4.94585034014	0.0
4.94875283447	0.0
4.9516553288	0.0
4.95455782313	0.0
4.95746031746	0.0
4.96036281179	0.0
4.96326530612	0.0
4.96616780045	0.0
4.96907029478	0.0
4.97197278912	0.0
4.97487528345	0.0
4.97777777778	0.0
4.98068027211	0.0
4.98358276644	0.0
4.98648526077	0.0
4.9893877551	0.0
4.99229024943	0.0
4.99519274376	0.0
4.9980952381	0.0
5.00099773243	0.0
5.00390022676	0.0
5.00680272109	0.0
5.00970521542	0.0
5.01260770975	0.0
5.01551020408	0.0
5.01841269841	0.0
5.02131519274	0.0
5.02421768707	0.0
5.02712018141	0.0
5.03002267574	0.0
5.03292517007	0.0
5.0358276644	0.0
5.03873015873	0.0
5.04163265306	0.0
5.04453514739	0.0
5.04743764172	0.0
5.05034013605	0.0
5.05324263039	0.0
5.05614512472	0.0
5.05904761905	0.0
5.06195011338	0.0
5.06485260771	0.0
5.06775510204	0.0
5.07065759637	0.0
5.0735600907	0.0
5.07646258503	0.0
5.07936507937	0.0
5.0822675737	0.0
5.08517006803	0.0
5.08807256236	0.0
5.09097505669	0.0
5.09387755102	0.0
5.09678004535	0.0
5.09968253968	0.0
5.10258503401	0.0
5.10548752834	0.0
5.10839002268	0.0
5.11129251701	0.0
5.11419501134	0.0
5.11709750567	0.0
5.12	0.0
5.12290249433	0.0
