0.0	0.0
0.00290249433107	0.0
0.00580498866213	0.0
0.0087074829932	0.0
0.0116099773243	0.0
0.0145124716553	0.0
0.0174149659864	0.0
0.0203174603175	0.0
0.0232199546485	0.0
0.0261224489796	0.0
0.0290249433107	0.0
0.0319274376417	0.0
0.0348299319728	0.0
0.0377324263039	390.639221191
0.0406349206349	386.375488281
0.043537414966	382.821044922
0.0464399092971	381.276306152
0.0493424036281	380.61618042
0.0522448979592	381.056121826
0.0551473922902	381.937561035
0.0580498866213	381.276306152
0.0609523809524	381.276306152
0.0638548752834	381.276306152
0.0667573696145	381.496612549
0.0696598639456	382.15826416
0.0725623582766	382.821044922
0.0754648526077	383.928283691
0.0783673469388	384.816375732
0.0812698412698	385.929382324
0.0841723356009	387.045593262
0.087074829932	388.165039062
0.089977324263	389.512664795
0.0928798185941	390.413665771
0.0957823129252	391.316741943
0.0986848072562	391.769073486
0.101587301587	391.769073486
0.104489795918	391.090789795
0.107392290249	392.675292969
0.11029478458	392.448547363
0.113197278912	392.448547363
0.116099773243	392.448547363
0.119002267574	390.413665771
0.121904761905	389.962890625
0.124807256236	389.737701416
0.127709750567	389.287719727
0.130612244898	389.062927246
0.133514739229	388.838256836
0.13641723356	388.613739014
0.139319727891	388.613739014
0.142222222222	388.838256836
0.145124716553	389.062927246
0.148027210884	389.287719727
0.150929705215	389.962890625
0.153832199546	390.864929199
0.156734693878	391.995422363
0.159637188209	392.902191162
0.16253968254	394.038574219
0.165442176871	394.721984863
0.168344671202	394.950042725
0.171247165533	395.178253174
0.174149659864	395.178253174
0.177052154195	394.950042725
0.179954648526	394.494049072
0.182857142857	394.038574219
0.185759637188	393.583618164
0.188662131519	393.129211426
0.19156462585	392.902191162
0.194467120181	392.448547363
0.197369614512	392.448547363
0.200272108844	392.675292969
0.203174603175	392.675292969
0.206077097506	392.902191162
0.208979591837	393.129211426
0.211882086168	393.35635376
0.214784580499	393.583618164
0.21768707483	393.583618164
0.220589569161	393.583618164
0.223492063492	393.35635376
0.226394557823	392.902191162
0.229297052154	392.448547363
0.232199546485	391.769073486
0.235102040816	391.316741943
0.238004535147	390.639221191
0.240907029478	389.962890625
0.24380952381	389.737701416
0.246712018141	389.737701416
0.249614512472	389.737701416
0.252517006803	389.962890625
0.255419501134	390.188201904
0.258321995465	390.413665771
0.261224489796	390.639221191
0.264126984127	390.864929199
0.267029478458	391.090789795
0.269931972789	391.316741943
0.27283446712	391.54284668
0.275736961451	391.995422363
0.278639455782	392.221923828
0.281541950113	392.448547363
0.284444444444	392.675292969
0.287346938776	392.902191162
0.290249433107	392.902191162
0.293151927438	392.902191162
0.296054421769	392.675292969
0.2989569161	392.448547363
0.301859410431	391.995422363
0.304761904762	391.54284668
0.307664399093	391.090789795
0.310566893424	390.864929199
0.313469387755	390.639221191
0.316371882086	390.864929199
0.319274376417	391.090789795
0.322176870748	391.316741943
0.325079365079	391.54284668
0.32798185941	391.769073486
0.330884353741	391.995422363
0.333786848073	391.995422363
0.336689342404	391.995422363
0.339591836735	391.769073486
0.342494331066	391.769073486
0.345396825397	391.54284668
0.348299319728	391.316741943
0.351201814059	391.316741943
0.35410430839	391.316741943
0.357006802721	391.54284668
0.359909297052	391.54284668
0.362811791383	391.769073486
0.365714285714	391.769073486
0.368616780045	391.995422363
0.371519274376	392.221923828
0.374421768707	392.448547363
0.377324263039	392.448547363
0.38022675737	392.448547363
0.383129251701	392.221923828
0.386031746032	391.995422363
0.388934240363	391.769073486
0.391836734694	391.54284668
0.394739229025	391.769073486
0.397641723356	391.54284668
0.400544217687	391.54284668
0.403446712018	391.54284668
0.406349206349	391.54284668
0.40925170068	391.769073486
0.412154195011	391.769073486
0.415056689342	391.995422363
0.417959183673	391.995422363
0.420861678005	391.995422363
0.423764172336	391.995422363
0.426666666667	391.769073486
0.429569160998	391.995422363
0.432471655329	391.769073486
0.43537414966	391.769073486
0.438276643991	391.54284668
0.441179138322	391.769073486
0.444081632653	391.769073486
0.446984126984	391.769073486
0.449886621315	391.769073486
0.452789115646	391.54284668
0.455691609977	391.316741943
0.458594104308	391.316741943
0.461496598639	391.316741943
0.464399092971	390.864929199
0.467301587302	390.864929199
0.470204081633	390.639221191
0.473106575964	390.639221191
0.476009070295	390.639221191
0.478911564626	390.864929199
0.481814058957	390.864929199
0.484716553288	391.090789795
0.487619047619	391.316741943
0.49052154195	391.316741943
0.493424036281	391.316741943
0.496326530612	391.54284668
0.499229024943	391.54284668
0.502131519274	391.316741943
0.505034013605	391.316741943
0.507936507937	391.316741943
0.510839002268	391.54284668
0.513741496599	391.54284668
0.51664399093	391.769073486
0.519546485261	391.769073486
0.522448979592	391.995422363
0.525351473923	391.995422363
0.528253968254	392.221923828
0.531156462585	392.221923828
0.534058956916	391.995422363
0.536961451247	391.54284668
0.539863945578	390.413665771
0.542766439909	389.062927246
0.54566893424	387.716888428
0.548571428571	386.152374268
0.551473922902	382.379058838
0.554376417234	377.987060547
0.557278911565	374.293548584
0.560181405896	372.352783203
0.563083900227	369.353820801
0.565986394558	368.501434326
0.568888888889	367.86340332
0.57179138322	367.438690186
0.574693877551	367.226501465
0.577596371882	367.438690186
0.580498866213	368.288635254
0.583401360544	369.353820801
0.586303854875	370.422119141
0.589206349206	371.064544678
0.592108843537	371.493469238
0.595011337868	371.92288208
0.5979138322	372.352783203
0.600816326531	372.137786865
0.603718820862	371.92288208
0.606621315193	371.708129883
0.609523809524	371.493469238
0.612426303855	371.064544678
0.615328798186	370.850280762
0.618231292517	370.422119141
0.621133786848	369.994415283
0.624036281179	369.567230225
0.62693877551	369.353820801
0.629841269841	368.927368164
0.632743764172	368.927368164
0.635646258503	369.140533447
0.638548752834	368.927368164
0.641451247166	369.140533447
0.644353741497	369.140533447
0.647256235828	368.927368164
0.650158730159	368.927368164
0.65306122449	368.714324951
0.655963718821	368.714324951
0.658866213152	368.501434326
0.661768707483	368.501434326
0.664671201814	368.501434326
0.667573696145	368.501434326
0.670476190476	368.714324951
0.673378684807	368.927368164
0.676281179138	369.353820801
0.679183673469	370.208190918
0.6820861678	370.636138916
0.684988662132	371.064544678
0.687891156463	371.493469238
0.690793650794	371.278961182
0.693696145125	370.636138916
0.696598639456	369.994415283
0.699501133787	369.353820801
0.702403628118	368.927368164
0.705306122449	368.714324951
0.70820861678	368.714324951
0.711111111111	368.927368164
0.714013605442	369.353820801
0.716916099773	369.780761719
0.719818594104	370.422119141
0.722721088435	370.636138916
0.725623582766	370.850280762
0.728526077098	370.850280762
0.731428571429	370.850280762
0.73433106576	370.850280762
0.737233560091	370.850280762
0.740136054422	370.850280762
0.743038548753	370.850280762
0.745941043084	370.850280762
0.748843537415	370.850280762
0.751746031746	370.850280762
0.754648526077	370.850280762
0.757551020408	370.850280762
0.760453514739	370.850280762
0.76335600907	370.850280762
0.766258503401	370.636138916
0.769160997732	370.422119141
0.772063492063	370.208190918
0.774965986395	369.780761719
0.777868480726	369.353820801
0.780770975057	369.140533447
0.783673469388	369.140533447
0.786575963719	369.353820801
0.78947845805	369.780761719
0.792380952381	370.208190918
0.795283446712	370.422119141
0.798185941043	370.422119141
0.801088435374	370.850280762
0.803990929705	371.493469238
0.806893424036	372.137786865
0.809795918367	372.783203125
0.812698412698	373.86138916
0.815600907029	375.810028076
0.818503401361	309.513763428
0.821405895692	308.621124268
0.824308390023	308.086791992
0.827210884354	308.264801025
0.830113378685	309.513763428
0.833015873016	310.408966064
0.835918367347	311.126983643
0.838820861678	311.666595459
0.841723356009	312.387542725
0.84462585034	312.568023682
0.847528344671	312.387542725
0.850430839002	312.387542725
0.853333333333	312.748626709
0.856235827664	312.929321289
0.859138321995	312.929321289
0.862040816327	312.929321289
0.864943310658	312.748626709
0.867845804989	312.568023682
0.87074829932	312.568023682
0.873650793651	312.20715332
0.876553287982	311.486633301
0.879455782313	310.94732666
0.882358276644	310.588317871
0.885260770975	310.94732666
0.888163265306	311.486633301
0.891065759637	311.846679688
0.893968253968	312.20715332
0.896870748299	312.20715332
0.89977324263	312.20715332
0.902675736961	312.387542725
0.905578231293	312.20715332
0.908480725624	311.846679688
0.911383219955	311.486633301
0.914285714286	311.126983643
0.917188208617	310.588317871
0.920090702948	310.408966064
0.922993197279	310.408966064
0.92589569161	310.050567627
0.928798185941	309.513763428
0.931700680272	308.977874756
0.934603174603	308.977874756
0.937505668934	309.335021973
0.940408163265	309.692596436
0.943310657596	310.050567627
0.946213151927	309.871520996
0.949115646259	309.871520996
0.95201814059	310.229705811
0.954920634921	310.588317871
0.957823129252	310.76776123
0.960725623583	310.76776123
0.963628117914	310.76776123
0.966530612245	310.76776123
0.969433106576	311.126983643
0.972335600907	311.306762695
0.975238095238	311.306762695
0.978140589569	310.76776123
0.9810430839	310.229705811
0.983945578231	310.050567627
0.986848072562	310.229705811
0.989750566893	310.229705811
0.992653061224	310.408966064
0.995555555556	310.229705811
0.998458049887	310.229705811
1.00136054422	310.588317871
1.00426303855	311.126983643
1.00716553288	311.486633301
1.01006802721	311.486633301
1.01297052154	311.486633301
1.01587301587	311.486633301
1.0187755102	311.666595459
1.02167800454	311.846679688
1.02458049887	311.666595459
1.0274829932	311.486633301
1.03038548753	311.126983643
1.03328798186	310.94732666
1.03619047619	311.126983643
1.03909297052	311.306762695
1.04199546485	311.126983643
1.04489795918	311.126983643
1.04780045351	311.126983643
1.05070294785	311.126983643
1.05360544218	311.306762695
1.05650793651	311.486633301
1.05941043084	311.666595459
1.06231292517	311.666595459
1.0652154195	311.666595459
1.06811791383	311.666595459
1.07102040816	311.846679688
1.07392290249	311.846679688
1.07682539683	311.666595459
1.07972789116	311.666595459
1.08263038549	311.486633301
1.08553287982	311.306762695
1.08843537415	311.486633301
1.09133786848	311.486633301
1.09424036281	311.666595459
1.09714285714	311.666595459
1.10004535147	311.846679688
1.1029478458	311.486633301
1.10585034014	311.666595459
1.10875283447	312.026855469
1.1116553288	312.568023682
1.11455782313	312.929321289
1.11746031746	371.064544678
1.12036281179	371.278961182
1.12326530612	370.636138916
1.12616780045	369.353820801
1.12907029478	368.714324951
1.13197278912	368.927368164
1.13487528345	369.567230225
1.13777777778	369.994415283
1.14068027211	369.994415283
1.14358276644	369.994415283
1.14648526077	369.994415283
1.1493877551	370.208190918
1.15229024943	370.636138916
1.15519274376	370.850280762
1.1580952381	370.636138916
1.16099773243	370.422119141
1.16390022676	370.422119141
1.16680272109	370.636138916
1.16970521542	370.636138916
1.17260770975	370.422119141
1.17551020408	370.208190918
1.17841269841	369.994415283
1.18131519274	369.567230225
1.18421768707	369.567230225
1.18712018141	369.567230225
1.19002267574	368.927368164
1.19292517007	368.714324951
1.1958276644	368.288635254
1.19873015873	368.075958252
1.20163265306	368.075958252
1.20453514739	368.288635254
1.20743764172	368.501434326
1.21034013605	368.501434326
1.21324263039	368.714324951
1.21614512472	368.714324951
1.21904761905	368.927368164
1.22195011338	368.927368164
1.22485260771	368.927368164
1.22775510204	368.714324951
1.23065759637	368.927368164
1.2335600907	369.353820801
1.23646258503	369.994415283
1.23936507937	370.208190918
1.2422675737	370.422119141
1.24517006803	369.994415283
1.24807256236	369.994415283
1.25097505669	369.780761719
1.25387755102	369.780761719
1.25678004535	369.780761719
1.25968253968	369.780761719
1.26258503401	369.567230225
1.26548752834	369.780761719
1.26839002268	369.994415283
1.27129251701	369.994415283
1.27419501134	369.994415283
1.27709750567	369.780761719
1.28	369.994415283
1.28290249433	370.208190918
1.28580498866	370.422119141
1.28870748299	370.850280762
1.29160997732	371.064544678
1.29451247166	370.850280762
1.29741496599	370.850280762
1.30031746032	371.064544678
1.30321995465	371.064544678
1.30612244898	371.278961182
1.30902494331	371.064544678
1.31192743764	370.850280762
1.31482993197	370.422119141
1.3177324263	370.208190918
1.32063492063	369.780761719
1.32353741497	369.567230225
1.3264399093	369.353820801
1.32934240363	369.353820801
1.33224489796	369.353820801
1.33514739229	369.353820801
1.33804988662	369.353820801
1.34095238095	369.353820801
1.34385487528	369.140533447
1.34675736961	368.927368164
1.34965986395	368.714324951
1.35256235828	368.501434326
1.35546485261	368.714324951
1.35836734694	368.714324951
1.36126984127	368.927368164
1.3641723356	368.927368164
1.36707482993	369.140533447
1.36997732426	369.353820801
1.37287981859	369.353820801
1.37578231293	369.353820801
1.37868480726	369.353820801
1.38158730159	369.140533447
1.38448979592	369.140533447
1.38739229025	368.927368164
1.39029478458	368.927368164
1.39319727891	368.927368164
1.39609977324	368.927368164
1.39900226757	369.140533447
1.4019047619	369.567230225
1.40480725624	369.780761719
1.40770975057	370.208190918
1.4106122449	370.208190918
1.41351473923	370.422119141
1.41641723356	370.422119141
1.41931972789	370.208190918
1.42222222222	369.994415283
1.42512471655	369.780761719
1.42802721088	369.567230225
1.43092970522	369.140533447
1.43383219955	369.353820801
1.43673469388	369.567230225
1.43963718821	369.780761719
1.44253968254	369.994415283
1.44544217687	370.208190918
1.4483446712	370.208190918
1.45124716553	370.208190918
1.45414965986	369.994415283
1.4570521542	369.994415283
1.45995464853	369.140533447
1.46285714286	367.226501465
1.46575963719	365.322387695
1.46866213152	365.111450195
1.47156462585	364.689880371
1.47446712018	364.689880371
1.47736961451	365.322387695
1.48027210884	368.501434326
1.48317460317	371.708129883
1.48607709751	373.429748535
1.48897959184	373.86138916
1.49188208617	374.293548584
1.4947845805	374.293548584
1.49768707483	374.726196289
1.50058956916	374.077423096
1.50349206349	373.214111328
1.50639455782	372.783203125
1.50929705215	372.998596191
1.51219954649	374.293548584
1.51510204082	375.37612915
1.51800453515	376.896972656
1.52090702948	377.114746094
1.52380952381	379.080322266
1.52671201814	380.836090088
1.52961451247	381.937561035
1.5325170068	383.928283691
1.53541950113	384.150115967
1.53832199546	388.165039062
1.5412244898	393.583618164
1.54412698413	393.35635376
1.54702947846	392.448547363
1.54993197279	393.129211426
1.55283446712	393.129211426
1.55573696145	394.038574219
1.55863945578	394.266235352
1.56154195011	393.583618164
1.56444444444	391.769073486
1.56734693878	387.045593262
1.57024943311	384.150115967
1.57315192744	384.594146729
1.57605442177	384.816375732
1.5789569161	384.594146729
1.58185941043	384.816375732
1.58476190476	385.261199951
1.58766439909	385.706512451
1.59056689342	386.375488281
1.59346938776	387.492980957
1.59637188209	390.188201904
1.59927437642	393.583618164
1.60217687075	396.092346191
1.60507936508	397.237976074
1.60798185941	397.237976074
1.61088435374	397.008575439
1.61378684807	395.863616943
1.6166893424	393.811035156
1.61959183673	390.639221191
1.62249433107	388.389312744
1.6253968254	386.82208252
1.62829931973	386.152374268
1.63120181406	385.483795166
1.63410430839	385.038726807
1.63700680272	387.492980957
1.63990929705	394.038574219
1.64281179138	394.721984863
1.64571428571	395.178253174
1.64861678005	395.406585693
1.65151927438	390.864929199
1.65442176871	385.706512451
1.65732426304	386.375488281
1.66022675737	386.82208252
1.6631292517	387.045593262
1.66603174603	387.269226074
1.66893424036	387.716888428
1.67183673469	387.940887451
1.67473922902	388.389312744
1.67764172336	389.062927246
1.68054421769	389.737701416
1.68344671202	390.413665771
1.68634920635	391.316741943
1.68925170068	391.769073486
1.69215419501	391.995422363
1.69505668934	392.221923828
1.69795918367	391.769073486
1.700861678	391.54284668
1.70376417234	390.864929199
1.70666666667	390.413665771
1.709569161	390.413665771
1.71247165533	390.413665771
1.71537414966	390.639221191
1.71827664399	391.316741943
1.72117913832	391.995422363
1.72408163265	392.902191162
1.72698412698	393.35635376
1.72988662132	393.811035156
1.73278911565	394.038574219
1.73569160998	393.811035156
1.73859410431	393.129211426
1.74149659864	392.221923828
1.74439909297	391.090789795
1.7473015873	389.962890625
1.75020408163	389.512664795
1.75310657596	389.287719727
1.75600907029	389.287719727
1.75891156463	389.512664795
1.76181405896	390.188201904
1.76471655329	390.864929199
1.76761904762	391.54284668
1.77052154195	392.221923828
1.77342403628	392.675292969
1.77632653061	392.902191162
1.77922902494	392.902191162
1.78213151927	392.675292969
1.78503401361	392.448547363
1.78793650794	391.769073486
1.79083900227	391.316741943
1.7937414966	391.090789795
1.79664399093	390.639221191
1.79954648526	390.864929199
1.80244897959	390.864929199
1.80535147392	391.090789795
1.80825396825	391.316741943
1.81115646259	391.769073486
1.81405895692	392.221923828
1.81696145125	392.448547363
1.81986394558	392.675292969
1.82276643991	393.35635376
1.82566893424	393.811035156
1.82857142857	394.494049072
1.8314739229	394.950042725
1.83437641723	395.863616943
1.83727891156	395.635040283
1.8401814059	391.769073486
1.84308390023	389.737701416
1.84598639456	0.0
1.84888888889	0.0
1.85179138322	0.0
1.85469387755	0.0
1.85759637188	0.0
1.86049886621	0.0
1.86340136054	0.0
1.86630385488	0.0
1.86920634921	0.0
1.87210884354	0.0
1.87501133787	0.0
1.8779138322	0.0
1.88081632653	0.0
1.88371882086	0.0
1.88662131519	0.0
1.88952380952	0.0
1.89242630385	0.0
1.89532879819	0.0
1.89823129252	0.0
1.90113378685	0.0
1.90403628118	0.0
1.90693877551	0.0
1.90984126984	0.0
1.91274376417	0.0
1.9156462585	0.0
1.91854875283	0.0
1.92145124717	0.0
1.9243537415	0.0
1.92725623583	0.0
1.93015873016	0.0
1.93306122449	0.0
1.93596371882	0.0
1.93886621315	0.0
1.94176870748	0.0
1.94467120181	0.0
1.94757369615	0.0
1.95047619048	0.0
1.95337868481	0.0
1.95628117914	0.0
1.95918367347	0.0
1.9620861678	0.0
1.96498866213	0.0
1.96789115646	0.0
1.97079365079	0.0
1.97369614512	0.0
1.97659863946	0.0
1.97950113379	0.0
1.98240362812	0.0
1.98530612245	0.0
1.98820861678	0.0
1.99111111111	0.0
1.99401360544	0.0
1.99691609977	0.0
1.9998185941	0.0
2.00272108844	0.0
2.00562358277	0.0
2.0085260771	0.0
2.01142857143	0.0
2.01433106576	0.0
2.01723356009	0.0
2.02013605442	0.0
2.02303854875	0.0
2.02594104308	0.0
2.02884353741	0.0
2.03174603175	0.0
2.03464852608	0.0
2.03755102041	0.0
2.04045351474	0.0
2.04335600907	0.0
2.0462585034	0.0
2.04916099773	0.0
2.05206349206	0.0
2.05496598639	0.0
2.05786848073	0.0
2.06077097506	0.0
2.06367346939	0.0
2.06657596372	0.0
2.06947845805	0.0
2.07238095238	0.0
2.07528344671	0.0
2.07818594104	0.0
2.08108843537	0.0
2.08399092971	0.0
2.08689342404	0.0
2.08979591837	0.0
2.0926984127	0.0
2.09560090703	0.0
2.09850340136	0.0
2.10140589569	0.0
2.10430839002	0.0
2.10721088435	0.0
2.11011337868	0.0
2.11301587302	0.0
2.11591836735	0.0
2.11882086168	0.0
2.12172335601	0.0
2.12462585034	0.0
2.12752834467	0.0
2.130430839	0.0
2.13333333333	0.0
2.13623582766	0.0
2.139138322	0.0
2.14204081633	0.0
2.14494331066	0.0
2.14784580499	0.0
2.15074829932	0.0
2.15365079365	0.0
2.15655328798	0.0
2.15945578231	0.0
2.16235827664	0.0
2.16526077098	0.0
2.16816326531	0.0
2.17106575964	0.0
2.17396825397	0.0
2.1768707483	0.0
2.17977324263	0.0
2.18267573696	0.0
2.18557823129	0.0
2.18848072562	0.0
2.19138321995	0.0
2.19428571429	0.0
2.19718820862	0.0
2.20009070295	0.0
2.20299319728	0.0
2.20589569161	0.0
2.20879818594	385.038726807
2.21170068027	385.706512451
2.2146031746	386.82208252
2.21750566893	385.706512451
2.22040816327	385.261199951
2.2233106576	384.372070312
2.22621315193	383.263580322
2.22911564626	382.821044922
2.23201814059	383.042236328
2.23492063492	383.928283691
2.23782312925	384.816375732
2.24072562358	385.483795166
2.24362811791	386.598724365
2.24653061224	387.492980957
2.24943310658	388.389312744
2.25233560091	389.287719727
2.25523809524	389.512664795
2.25814058957	389.737701416
2.2610430839	389.962890625
2.26394557823	390.413665771
2.26684807256	391.54284668
2.26975056689	391.090789795
2.27265306122	391.090789795
2.27555555556	391.090789795
2.27845804989	390.188201904
2.28136054422	389.962890625
2.28426303855	389.962890625
2.28716553288	389.512664795
2.29006802721	389.287719727
2.29297052154	389.062927246
2.29587301587	388.838256836
2.2987755102	388.838256836
2.30167800454	389.062927246
2.30458049887	389.287719727
2.3074829932	389.737701416
2.31038548753	390.188201904
2.31328798186	390.639221191
2.31619047619	391.54284668
2.31909297052	392.675292969
2.32199546485	393.583618164
2.32489795918	394.494049072
2.32780045351	394.950042725
2.33070294785	395.178253174
2.33360544218	395.178253174
2.33650793651	394.950042725
2.33941043084	394.494049072
2.34231292517	394.038574219
2.3452154195	393.811035156
2.34811791383	393.35635376
2.35102040816	393.129211426
2.35392290249	393.129211426
2.35682539683	392.675292969
2.35972789116	392.675292969
2.36263038549	392.675292969
2.36553287982	392.675292969
2.36843537415	392.902191162
2.37133786848	393.129211426
2.37424036281	393.583618164
2.37714285714	393.583618164
2.38004535147	393.811035156
2.3829478458	393.583618164
2.38585034014	392.902191162
2.38875283447	392.448547363
2.3916553288	391.54284668
2.39455782313	391.090789795
2.39746031746	390.413665771
2.40036281179	389.962890625
2.40326530612	389.737701416
2.40616780045	389.512664795
2.40907029478	389.737701416
2.41197278912	389.737701416
2.41487528345	389.962890625
2.41777777778	390.413665771
2.42068027211	390.639221191
2.42358276644	390.864929199
2.42648526077	391.090789795
2.4293877551	391.316741943
2.43229024943	391.54284668
2.43519274376	391.769073486
2.4380952381	392.221923828
2.44099773243	392.448547363
2.44390022676	392.675292969
2.44680272109	392.902191162
2.44970521542	392.902191162
2.45260770975	392.902191162
2.45551020408	392.902191162
2.45841269841	392.448547363
2.46131519274	392.221923828
2.46421768707	391.769073486
2.46712018141	391.316741943
2.47002267574	391.090789795
2.47292517007	390.864929199
2.4758276644	390.864929199
2.47873015873	390.864929199
2.48163265306	391.090789795
2.48453514739	391.54284668
2.48743764172	391.995422363
2.49034013605	392.221923828
2.49324263039	391.995422363
2.49614512472	391.769073486
2.49904761905	391.54284668
2.50195011338	391.316741943
2.50485260771	391.316741943
2.50775510204	391.316741943
2.51065759637	391.090789795
2.5135600907	391.316741943
2.51646258503	391.316741943
2.51936507937	391.316741943
2.5222675737	391.54284668
2.52517006803	391.769073486
2.52807256236	391.995422363
2.53097505669	391.995422363
2.53387755102	392.221923828
2.53678004535	392.221923828
2.53968253968	392.448547363
2.54258503401	392.221923828
2.54548752834	391.995422363
2.54839002268	391.769073486
2.55129251701	391.769073486
2.55419501134	391.769073486
2.55709750567	391.769073486
2.56	391.54284668
2.56290249433	391.54284668
2.56580498866	391.54284668
2.56870748299	391.769073486
2.57160997732	391.995422363
2.57451247166	391.995422363
2.57741496599	391.995422363
2.58031746032	391.995422363
2.58321995465	391.995422363
2.58612244898	391.995422363
2.58902494331	391.769073486
2.59192743764	391.995422363
2.59482993197	391.995422363
2.5977324263	391.995422363
2.60063492063	391.769073486
2.60353741497	391.769073486
2.6064399093	391.769073486
2.60934240363	391.54284668
2.61224489796	391.54284668
2.61514739229	391.316741943
2.61804988662	391.316741943
2.62095238095	391.090789795
2.62385487528	391.090789795
2.62675736961	390.864929199
2.62965986395	390.639221191
2.63256235828	390.639221191
2.63546485261	390.639221191
2.63836734694	390.639221191
2.64126984127	390.864929199
2.6441723356	391.090789795
2.64707482993	391.54284668
2.64997732426	391.54284668
2.65287981859	391.54284668
2.65578231293	391.54284668
2.65868480726	391.54284668
2.66158730159	391.54284668
2.66448979592	391.54284668
2.66739229025	391.316741943
2.67029478458	391.316741943
2.67319727891	391.316741943
2.67609977324	391.54284668
2.67900226757	391.54284668
2.6819047619	391.54284668
2.68480725624	391.54284668
2.68770975057	391.316741943
2.6906122449	391.316741943
2.69351473923	391.54284668
2.69641723356	391.54284668
2.69931972789	391.769073486
2.70222222222	391.769073486
2.70512471655	391.769073486
2.70802721088	391.769073486
2.71092970522	391.769073486
2.71383219955	391.769073486
2.71673469388	391.995422363
2.71963718821	391.769073486
2.72253968254	391.769073486
2.72544217687	391.995422363
2.7283446712	391.769073486
2.73124716553	391.54284668
2.73414965986	391.316741943
2.7370521542	391.316741943
2.73995464853	391.316741943
2.74285714286	391.316741943
2.74575963719	391.316741943
2.74866213152	391.54284668
2.75156462585	391.54284668
2.75446712018	391.54284668
2.75736961451	391.54284668
2.76027210884	391.54284668
2.76317460317	391.54284668
2.76607709751	391.54284668
2.76897959184	391.54284668
2.77188208617	391.769073486
2.7747845805	391.769073486
2.77768707483	391.54284668
2.78058956916	391.54284668
2.78349206349	391.54284668
2.78639455782	391.54284668
2.78929705215	391.54284668
2.79219954649	391.54284668
2.79510204082	391.54284668
2.79800453515	391.54284668
2.80090702948	391.769073486
2.80380952381	391.995422363
2.80671201814	392.221923828
2.80961451247	392.221923828
2.8125170068	392.221923828
2.81541950113	392.221923828
2.81832199546	391.995422363
2.8212244898	391.769073486
2.82412698413	391.769073486
2.82702947846	391.54284668
2.82993197279	391.54284668
2.83283446712	391.316741943
2.83573696145	391.54284668
2.83863945578	391.316741943
2.84154195011	391.54284668
2.84444444444	391.54284668
2.84734693878	391.316741943
2.85024943311	391.316741943
2.85315192744	391.316741943
2.85605442177	391.316741943
2.8589569161	391.316741943
2.86185941043	391.316741943
2.86476190476	391.769073486
2.86766439909	391.769073486
2.87056689342	391.769073486
2.87346938776	391.995422363
2.87637188209	391.995422363
2.87927437642	391.995422363
2.88217687075	391.995422363
2.88507936508	391.769073486
2.88798185941	392.221923828
2.89088435374	391.995422363
2.89378684807	391.54284668
2.8966893424	390.639221191
2.89959183673	388.389312744
2.90249433107	387.940887451
2.9053968254	387.045593262
2.90829931973	384.150115967
2.91120181406	375.37612915
2.91410430839	372.352783203
2.91700680272	370.208190918
2.91990929705	368.927368164
2.92281179138	368.288635254
2.92571428571	367.651000977
2.92861678005	367.438690186
2.93151927438	367.226501465
2.93442176871	367.438690186
2.93732426304	368.075958252
2.94022675737	368.714324951
2.9431292517	369.567230225
2.94603174603	370.422119141
2.94893424036	371.064544678
2.95183673469	371.278961182
2.95473922902	371.708129883
2.95764172336	371.708129883
2.96054421769	371.708129883
2.96344671202	371.708129883
2.96634920635	371.493469238
2.96925170068	371.278961182
2.97215419501	371.064544678
2.97505668934	370.636138916
2.97795918367	370.422119141
2.980861678	369.780761719
2.98376417234	369.353820801
2.98666666667	368.927368164
2.989569161	368.714324951
2.99247165533	368.714324951
2.99537414966	368.714324951
2.99827664399	368.714324951
3.00117913832	368.714324951
3.00408163265	368.714324951
3.00698412698	368.714324951
3.00988662132	368.927368164
3.01278911565	368.927368164
3.01569160998	368.927368164
3.01859410431	368.927368164
3.02149659864	368.927368164
3.02439909297	368.714324951
3.0273015873	368.714324951
3.03020408163	368.927368164
3.03310657596	369.353820801
3.03600907029	369.567230225
3.03891156463	369.994415283
3.04181405896	370.208190918
3.04471655329	370.422119141
3.04761904762	370.636138916
3.05052154195	370.422119141
3.05342403628	370.208190918
3.05632653061	369.994415283
3.05922902494	369.780761719
3.06213151927	369.780761719
3.06503401361	369.780761719
3.06793650794	369.994415283
3.07083900227	369.780761719
3.0737414966	369.994415283
3.07664399093	369.994415283
3.07954648526	370.208190918
3.08244897959	369.994415283
3.08535147392	370.208190918
3.08825396825	370.422119141
3.09115646259	370.636138916
3.09405895692	370.850280762
3.09696145125	371.064544678
3.09986394558	370.850280762
3.10276643991	370.850280762
3.10566893424	371.064544678
3.10857142857	371.064544678
3.1114739229	370.850280762
3.11437641723	370.850280762
3.11727891156	370.636138916
3.1201814059	370.422119141
3.12308390023	370.208190918
3.12598639456	369.994415283
3.12888888889	369.780761719
3.13179138322	369.353820801
3.13469387755	369.353820801
3.13759637188	369.353820801
3.14049886621	369.353820801
3.14340136054	369.140533447
3.14630385488	369.140533447
3.14920634921	368.927368164
3.15210884354	368.714324951
3.15501133787	368.714324951
3.1579138322	368.714324951
3.16081632653	368.927368164
3.16371882086	368.927368164
3.16662131519	369.140533447
3.16952380952	369.140533447
3.17242630385	369.140533447
3.17532879819	369.140533447
3.17823129252	369.140533447
3.18113378685	369.140533447
3.18403628118	369.353820801
3.18693877551	369.140533447
3.18984126984	369.353820801
3.19274376417	369.353820801
3.1956462585	369.353820801
3.19854875283	369.353820801
3.20145124717	369.353820801
3.2043537415	369.567230225
3.20725623583	369.567230225
3.21015873016	369.994415283
3.21306122449	370.208190918
3.21596371882	370.422119141
3.21886621315	370.422119141
3.22176870748	370.422119141
3.22467120181	370.208190918
3.22757369615	369.994415283
3.23047619048	369.567230225
3.23337868481	369.140533447
3.23628117914	368.927368164
3.23918367347	368.927368164
3.2420861678	369.140533447
3.24498866213	369.140533447
3.24789115646	369.353820801
3.25079365079	369.567230225
3.25369614512	369.780761719
3.25659863946	369.994415283
3.25950113379	369.780761719
3.26240362812	369.994415283
3.26530612245	369.994415283
3.26820861678	370.208190918
3.27111111111	370.208190918
3.27401360544	370.422119141
3.27691609977	370.850280762
3.2798185941	371.493469238
3.28272108844	372.998596191
3.28562358277	375.593017578
3.2885260771	380.396392822
3.29142857143	392.902191162
3.29433106576	396.321228027
3.29723356009	397.237976074
3.30013605442	396.550201416
3.30303854875	392.675292969
3.30594104308	386.375488281
3.30884353741	382.821044922
3.31174603175	380.396392822
3.31464852608	376.46182251
3.31755102041	374.50982666
3.32045351474	373.645507812
3.32335600907	374.50982666
3.3262585034	375.37612915
3.32916099773	378.205474854
3.33206349206	378.861419678
3.33496598639	379.299346924
3.33786848073	379.737762451
3.34077097506	379.518493652
3.34367346939	375.810028076
3.34657596372	373.429748535
3.34947845805	371.278961182
3.35238095238	371.92288208
3.35528344671	379.518493652
3.35818594104	382.600006104
3.36108843537	384.150115967
3.36399092971	384.816375732
3.36689342404	387.716888428
3.36979591837	390.188201904
3.3726984127	391.995422363
3.37560090703	393.129211426
3.37850340136	393.583618164
3.38140589569	393.35635376
3.38430839002	393.129211426
3.38721088435	392.675292969
3.39011337868	391.316741943
3.39301587302	389.737701416
3.39591836735	388.165039062
3.39882086168	387.045593262
3.40172335601	386.598724365
3.40462585034	387.269226074
3.40752834467	388.389312744
3.410430839	390.864929199
3.41333333333	394.038574219
3.41623582766	396.321228027
3.419138322	397.697143555
3.42204081633	397.926940918
3.42494331066	397.467498779
3.42784580499	396.092346191
3.43074829932	393.583618164
3.43365079365	390.639221191
3.43655328798	388.613739014
3.43945578231	387.492980957
3.44235827664	386.82208252
3.44526077098	386.375488281
3.44816326531	387.045593262
3.45106575964	387.940887451
3.45396825397	393.129211426
3.4568707483	395.178253174
3.45977324263	395.863616943
3.46267573696	396.092346191
3.46557823129	395.863616943
3.46848072562	393.129211426
3.47138321995	389.962890625
3.47428571429	387.940887451
3.47718820862	387.045593262
3.48009070295	386.598724365
3.48299319728	386.152374268
3.48589569161	385.929382324
3.48879818594	386.152374268
3.49170068027	386.598724365
3.4946031746	387.269226074
3.49750566893	388.389312744
3.50040816327	389.962890625
3.5033106576	391.54284668
3.50621315193	392.675292969
3.50911564626	393.35635376
3.51201814059	394.038574219
3.51492063492	394.038574219
3.51782312925	393.583618164
3.52072562358	392.902191162
3.52362811791	391.995422363
3.52653061224	391.54284668
3.52943310658	391.090789795
3.53233560091	391.090789795
3.53523809524	391.090789795
3.53814058957	391.54284668
3.5410430839	392.221923828
3.54394557823	392.675292969
3.54684807256	392.902191162
3.54975056689	392.902191162
3.55265306122	392.675292969
3.55555555556	392.221923828
3.55845804989	391.54284668
3.56136054422	391.090789795
3.56426303855	390.413665771
3.56716553288	389.962890625
3.57006802721	389.962890625
3.57297052154	389.962890625
3.57587301587	390.413665771
3.5787755102	390.639221191
3.58167800454	391.316741943
3.58458049887	391.54284668
3.5874829932	392.221923828
3.59038548753	392.675292969
3.59328798186	392.902191162
3.59619047619	392.902191162
3.59909297052	392.675292969
3.60199546485	392.675292969
3.60489795918	392.221923828
3.60780045351	391.769073486
3.61070294785	390.864929199
3.61360544218	390.188201904
3.61650793651	389.512664795
3.61941043084	389.062927246
3.62231292517	388.613739014
3.6252154195	387.492980957
3.62811791383	386.82208252
3.63102040816	385.038726807
3.63392290249	382.15826416
3.63682539683	376.679321289
3.63972789116	372.137786865
3.64263038549	368.288635254
3.64553287982	367.651000977
3.64843537415	366.802520752
3.65133786848	366.590698242
3.65424036281	367.438690186
3.65714285714	368.714324951
3.66004535147	370.422119141
3.6629478458	372.137786865
3.66585034014	372.352783203
3.66875283447	372.783203125
3.6716553288	372.567932129
3.67455782313	372.352783203
3.67746031746	371.92288208
3.68036281179	371.708129883
3.68326530612	371.493469238
3.68616780045	371.064544678
3.68907029478	370.850280762
3.69197278912	370.422119141
3.69487528345	369.780761719
3.69777777778	369.140533447
3.70068027211	368.501434326
3.70358276644	368.075958252
3.70648526077	368.288635254
3.7093877551	368.501434326
3.71229024943	368.927368164
3.71519274376	369.780761719
3.7180952381	370.208190918
3.72099773243	370.422119141
3.72390022676	370.422119141
3.72680272109	369.994415283
3.72970521542	369.567230225
3.73260770975	368.501434326
3.73551020408	367.651000977
3.73841269841	367.014434814
3.74131519274	366.802520752
3.74421768707	367.226501465
3.74712018141	367.86340332
3.75002267574	369.140533447
3.75292517007	370.422119141
3.7558276644	371.708129883
3.75873015873	372.567932129
3.76163265306	372.783203125
3.76453514739	372.567932129
3.76743764172	371.708129883
3.77034013605	370.636138916
3.77324263039	369.353820801
3.77614512472	368.714324951
3.77904761905	368.075958252
3.78195011338	368.288635254
3.78485260771	368.501434326
3.78775510204	369.353820801
3.79065759637	369.994415283
3.7935600907	370.636138916
3.79646258503	371.064544678
3.79936507937	371.278961182
3.8022675737	371.278961182
3.80517006803	371.064544678
3.80807256236	371.064544678
3.81097505669	370.636138916
3.81387755102	370.636138916
3.81678004535	370.208190918
3.81968253968	369.994415283
3.82258503401	369.994415283
3.82548752834	370.208190918
3.82839002268	370.422119141
3.83129251701	370.850280762
3.83419501134	371.064544678
3.83709750567	371.278961182
3.84	371.278961182
3.84290249433	371.064544678
3.84580498866	371.064544678
3.84870748299	370.636138916
3.85160997732	370.208190918
3.85451247166	369.567230225
3.85741496599	368.927368164
3.86031746032	368.075958252
3.86321995465	367.438690186
3.86612244898	367.438690186
3.86902494331	367.438690186
3.87192743764	368.075958252
3.87482993197	368.927368164
3.8777324263	369.780761719
3.88063492063	370.636138916
3.88353741497	371.064544678
3.8864399093	371.064544678
3.88934240363	370.850280762
3.89224489796	369.994415283
3.89514739229	369.353820801
3.89804988662	368.714324951
3.90095238095	368.288635254
3.90385487528	368.075958252
3.90675736961	368.075958252
3.90965986395	368.288635254
3.91256235828	368.714324951
3.91546485261	368.927368164
3.91836734694	369.567230225
3.92126984127	369.780761719
3.9241723356	370.422119141
3.92707482993	370.636138916
3.92997732426	370.850280762
3.93287981859	371.064544678
3.93578231293	370.850280762
3.93868480726	370.422119141
3.94158730159	370.208190918
3.94448979592	369.567230225
3.94739229025	369.140533447
3.95029478458	368.714324951
3.95319727891	368.714324951
3.95609977324	368.714324951
3.95900226757	369.140533447
3.9619047619	369.353820801
3.96480725624	369.780761719
3.96770975057	369.994415283
3.9706122449	369.994415283
3.97351473923	369.780761719
3.97641723356	369.780761719
3.97931972789	369.567230225
3.98222222222	369.353820801
3.98512471655	369.353820801
3.98802721088	369.353820801
3.99092970522	369.353820801
3.99383219955	369.780761719
3.99673469388	369.994415283
3.99963718821	370.208190918
4.00253968254	369.994415283
4.00544217687	369.780761719
4.0083446712	369.780761719
4.01124716553	369.994415283
4.01414965986	370.208190918
4.0170521542	370.422119141
4.01995464853	370.208190918
4.02285714286	370.208190918
4.02575963719	369.994415283
4.02866213152	369.567230225
4.03156462585	369.567230225
4.03446712018	369.780761719
4.03736961451	369.780761719
4.04027210884	369.994415283
4.04317460317	370.422119141
4.04607709751	371.493469238
4.04897959184	372.567932129
4.05188208617	372.783203125
4.0547845805	372.783203125
4.05768707483	372.783203125
4.06058956916	309.335021973
4.06349206349	308.442932129
4.06639455782	308.086791992
4.06929705215	309.335021973
4.07219954649	310.229705811
4.07510204082	311.126983643
4.07800453515	311.846679688
4.08090702948	312.568023682
4.08380952381	313.110137939
4.08671201814	313.472045898
4.08961451247	313.291046143
4.0925170068	313.291046143
4.09541950113	313.110137939
4.09832199546	312.929321289
4.1012244898	312.748626709
4.10412698413	312.20715332
4.10702947846	311.846679688
4.10993197279	311.486633301
4.11283446712	311.486633301
4.11573696145	311.306762695
4.11863945578	311.126983643
4.12154195011	310.588317871
4.12444444444	310.588317871
4.12734693878	310.94732666
4.13024943311	311.486633301
4.13315192744	311.846679688
4.13605442177	312.026855469
4.1389569161	311.846679688
4.14185941043	311.666595459
4.14476190476	311.666595459
4.14766439909	311.666595459
4.15056689342	311.306762695
4.15346938776	310.94732666
4.15637188209	310.408966064
4.15927437642	310.050567627
4.16217687075	310.050567627
4.16507936508	310.050567627
4.16798185941	309.692596436
4.17088435374	309.156402588
4.17378684807	308.977874756
4.1766893424	308.977874756
4.17959183673	309.335021973
4.18249433107	309.692596436
4.1853968254	309.871520996
4.18829931973	310.050567627
4.19120181406	310.229705811
4.19410430839	310.408966064
4.19700680272	310.76776123
4.19990929705	310.94732666
4.20281179138	310.94732666
4.20571428571	310.76776123
4.20861678005	310.76776123
4.21151927438	310.76776123
4.21442176871	310.76776123
4.21732426304	310.588317871
4.22022675737	310.229705811
4.2231292517	309.871520996
4.22603174603	309.692596436
4.22893424036	309.871520996
4.23183673469	310.229705811
4.23473922902	310.408966064
4.23764172336	310.408966064
4.24054421769	310.588317871
4.24344671202	310.94732666
4.24634920635	311.486633301
4.24925170068	311.666595459
4.25215419501	311.666595459
4.25505668934	311.486633301
4.25795918367	311.486633301
4.260861678	311.306762695
4.26376417234	311.486633301
4.26666666667	311.486633301
4.269569161	311.486633301
4.27247165533	311.126983643
4.27537414966	311.126983643
4.27827664399	311.306762695
4.28117913832	311.486633301
4.28408163265	311.306762695
4.28698412698	311.126983643
4.28988662132	310.94732666
4.29278911565	310.94732666
4.29569160998	311.306762695
4.29859410431	311.486633301
4.30149659864	311.486633301
4.30439909297	311.486633301
4.3073015873	311.666595459
4.31020408163	311.846679688
4.31310657596	312.026855469
4.31600907029	312.20715332
4.31891156463	312.026855469
4.32181405896	312.026855469
4.32471655329	311.846679688
4.32761904762	311.846679688
4.33052154195	311.666595459
4.33342403628	311.306762695
4.33632653061	310.76776123
4.33922902494	310.229705811
4.34213151927	309.156402588
4.34503401361	308.264801025
4.34793650794	307.553375244
4.35083900227	307.198303223
4.3537414966	307.553375244
4.35664399093	308.977874756
4.35954648526	310.76776123
4.36244897959	290.291748047
4.36535147392	290.627288818
4.36825396825	290.795227051
4.37115646259	290.963226318
4.37405895692	291.131347656
4.37696145125	291.299560547
4.37986394558	291.299560547
4.38276643991	291.636291504
4.38566893424	294.854553223
4.38857142857	295.536621094
4.3914739229	295.536621094
4.39437641723	295.365936279
4.39727891156	295.536621094
4.4001814059	295.536621094
4.40308390023	295.195404053
4.40598639456	294.174102783
4.40888888889	292.817840576
4.41179138322	292.648773193
4.41469387755	292.310882568
4.41759637188	292.648773193
4.42049886621	292.648773193
4.42340136054	292.817840576
4.42630385488	291.973388672
4.42920634921	295.024932861
4.43210884354	294.854553223
4.43501133787	294.684295654
4.4379138322	294.854553223
4.44081632653	294.854553223
4.44371882086	295.024932861
4.44662131519	295.195404053
4.44952380952	295.195404053
4.45242630385	295.024932861
4.45532879819	294.854553223
4.45823129252	294.344055176
4.46113378685	293.664764404
4.46403628118	292.648773193
4.46693877551	291.804779053
4.46984126984	291.299560547
4.47274376417	291.131347656
4.4756462585	291.131347656
4.47854875283	291.46786499
4.48145124717	291.973388672
4.4843537415	292.817840576
4.48725623583	293.664764404
4.49015873016	294.174102783
4.49306122449	294.684295654
4.49596371882	294.854553223
4.49886621315	294.684295654
4.50176870748	294.684295654
4.50467120181	294.514129639
4.50757369615	294.344055176
4.51047619048	294.174102783
4.51337868481	294.174102783
4.51628117914	293.834442139
4.51918367347	293.664764404
4.5220861678	293.664764404
4.52498866213	293.495178223
4.52789115646	293.325714111
4.53079365079	293.156341553
4.53369614512	292.987030029
4.53659863946	292.987030029
4.53950113379	292.987030029
4.54240362812	292.817840576
4.54530612245	292.987030029
4.54820861678	292.987030029
4.55111111111	293.156341553
4.55401360544	293.156341553
4.55691609977	293.325714111
4.5598185941	293.325714111
4.56272108844	293.495178223
4.56562358277	293.495178223
4.5685260771	293.495178223
4.57142857143	293.495178223
4.57433106576	293.495178223
4.57723356009	293.495178223
4.58013605442	293.495178223
4.58303854875	293.495178223
4.58594104308	293.325714111
4.58884353741	293.325714111
4.59174603175	293.325714111
4.59464852608	293.325714111
4.59755102041	293.325714111
4.60045351474	293.325714111
4.60335600907	293.325714111
4.6062585034	293.325714111
4.60916099773	293.325714111
4.61206349206	293.325714111
4.61496598639	293.664764404
4.61786848073	293.664764404
4.62077097506	293.664764404
4.62367346939	293.664764404
4.62657596372	293.834442139
4.62947845805	293.664764404
4.63238095238	293.664764404
4.63528344671	293.664764404
4.63818594104	293.664764404
4.64108843537	293.495178223
4.64399092971	293.495178223
4.64689342404	293.325714111
4.64979591837	293.325714111
4.6526984127	293.325714111
4.65560090703	293.495178223
4.65850340136	293.325714111
4.66140589569	293.664764404
4.66430839002	293.664764404
4.66721088435	293.834442139
4.67011337868	294.004211426
4.67301587302	294.004211426
4.67591836735	294.004211426
4.67882086168	294.004211426
4.68172335601	294.004211426
4.68462585034	294.004211426
4.68752834467	293.834442139
4.690430839	293.664764404
4.69333333333	293.325714111
4.69623582766	293.156341553
4.699138322	293.156341553
4.70204081633	293.156341553
4.70494331066	292.987030029
4.70784580499	292.987030029
4.71074829932	293.156341553
4.71365079365	293.664764404
4.71655328798	294.514129639
4.71945578231	295.195404053
4.72235827664	295.707366943
4.72526077098	296.049194336
4.72816326531	295.536621094
4.73106575964	294.344055176
4.73396825397	291.973388672
4.7368707483	288.286560059
4.73977324263	284.153442383
4.74267573696	280.565338135
4.74557823129	275.745422363
4.74848072562	267.740783691
4.75138321995	262.837341309
4.75428571429	260.419372559
4.75718820862	259.368530273
4.76009070295	259.368530273
4.76299319728	260.269012451
4.76589569161	261.927978516
4.76879818594	264.359924316
4.77170068027	266.198699951
4.7746031746	266.04498291
4.77750566893	264.512664795
4.78040816327	262.685546875
4.7833106576	261.172607422
4.78621315193	260.269012451
4.78911564626	259.818389893
4.79201814059	260.118713379
4.79492063492	261.021789551
4.79782312925	262.230743408
4.80072562358	263.749847412
4.80362811791	264.81842041
4.80653061224	264.971435547
4.80943310658	264.054718018
4.81233560091	262.533874512
4.81523809524	260.720397949
4.81814058957	259.5184021
4.8210430839	259.218780518
4.82394557823	259.5184021
4.82684807256	260.569854736
4.82975056689	262.533874512
4.83265306122	264.665496826
4.83555555556	266.96862793
4.83845804989	268.20513916
4.84136054422	268.360107422
4.84426303855	267.12286377
4.84716553288	264.81842041
4.85006802721	262.837341309
4.85297052154	261.625579834
4.85587301587	261.172607422
4.8587755102	261.474487305
4.86167800454	262.382263184
4.86458049887	264.054718018
4.8674829932	266.198699951
4.87038548753	267.586151123
4.87328798186	267.895477295
4.87619047619	266.96862793
4.87909297052	264.971435547
4.88199546485	263.141143799
4.88489795918	261.927978516
4.88780045351	261.474487305
4.89070294785	261.474487305
4.89360544218	261.927978516
4.89650793651	262.989196777
4.89941043084	264.512664795
4.90231292517	265.891357422
4.9052154195	266.352508545
4.90811791383	266.198699951
4.91102040816	265.277709961
4.91392290249	263.90222168
4.91682539683	261.927978516
4.91972789116	260.720397949
4.92263038549	260.269012451
4.92553287982	260.419372559
4.92843537415	261.021789551
4.93133786848	262.382263184
4.93424036281	264.81842041
4.93714285714	262.533874512
4.94004535147	262.382263184
4.9429478458	262.382263184
4.94585034014	262.382263184
4.94875283447	262.230743408
4.9516553288	261.021789551
4.95455782313	260.269012451
4.95746031746	260.419372559
4.96036281179	260.720397949
4.96326530612	260.569854736
4.96616780045	261.474487305
4.96907029478	262.989196777
4.97197278912	262.989196777
4.97487528345	262.685546875
4.97777777778	262.382263184
4.98068027211	262.382263184
4.98358276644	262.382263184
4.98648526077	262.382263184
4.9893877551	262.533874512
4.99229024943	262.837341309
4.99519274376	263.293182373
4.9980952381	263.293182373
5.00099773243	263.141143799
5.00390022676	263.141143799
5.00680272109	263.293182373
5.00970521542	263.293182373
5.01260770975	263.141143799
5.01551020408	262.837341309
5.01841269841	262.685546875
5.02131519274	262.685546875
5.02421768707	262.837341309
5.02712018141	263.293182373
5.03002267574	262.685546875
5.03292517007	262.533874512
5.0358276644	262.382263184
5.03873015873	262.533874512
5.04163265306	262.382263184
5.04453514739	262.230743408
5.04743764172	262.382263184
5.05034013605	262.382263184
5.05324263039	262.533874512
5.05614512472	262.685546875
5.05904761905	262.685546875
5.06195011338	262.685546875
5.06485260771	262.533874512
5.06775510204	262.382263184
5.07065759637	262.382263184
5.0735600907	262.533874512
5.07646258503	262.989196777
5.07936507937	263.293182373
5.0822675737	263.4453125
5.08517006803	263.4453125
5.08807256236	263.141143799
5.09097505669	262.837341309
5.09387755102	262.685546875
5.09678004535	262.685546875
5.09968253968	262.685546875
5.10258503401	262.837341309
5.10548752834	263.141143799
5.10839002268	263.4453125
5.11129251701	263.59753418
5.11419501134	263.59753418
5.11709750567	263.749847412
5.12	263.749847412
5.12290249433	263.59753418
5.12580498866	263.749847412
5.12870748299	263.90222168
5.13160997732	263.90222168
5.13451247166	264.207275391
5.13741496599	264.207275391
5.14031746032	264.359924316
5.14321995465	264.359924316
5.14612244898	264.359924316
5.14902494331	264.207275391
5.15192743764	264.054718018
5.15482993197	263.749847412
5.1577324263	263.293182373
5.16063492063	263.141143799
5.16353741497	262.989196777
5.1664399093	262.989196777
5.16934240363	263.141143799
5.17224489796	263.141143799
5.17514739229	263.141143799
5.17804988662	262.989196777
5.18095238095	262.837341309
5.18385487528	262.533874512
5.18675736961	262.230743408
5.18965986395	262.230743408
5.19256235828	262.079315186
5.19546485261	262.230743408
5.19836734694	262.382263184
5.20126984127	262.533874512
5.2041723356	262.685546875
5.20707482993	262.685546875
5.20997732426	262.685546875
5.21287981859	262.382263184
5.21578231293	262.230743408
5.21868480726	261.927978516
5.22158730159	261.927978516
5.22448979592	262.079315186
5.22739229025	262.230743408
5.23029478458	262.533874512
5.23319727891	262.685546875
5.23609977324	262.837341309
5.23900226757	262.989196777
5.2419047619	262.685546875
5.24480725624	262.533874512
5.24770975057	262.382263184
5.2506122449	262.230743408
5.25351473923	261.927978516
5.25641723356	261.776733398
5.25931972789	261.625579834
5.26222222222	261.625579834
5.26512471655	261.776733398
5.26802721088	261.776733398
5.27092970522	261.776733398
5.27383219955	261.625579834
5.27673469388	261.323486328
5.27963718821	261.021789551
5.28253968254	260.871063232
5.28544217687	260.871063232
5.2883446712	261.021789551
5.29124716553	261.474487305
5.29414965986	261.927978516
5.2970521542	262.382263184
5.29995464853	262.685546875
5.30285714286	262.989196777
5.30575963719	262.837341309
5.30866213152	262.685546875
5.31156462585	262.533874512
5.31446712018	262.382263184
5.31736961451	262.230743408
5.32027210884	262.230743408
5.32317460317	262.079315186
5.32607709751	261.927978516
5.32897959184	261.776733398
5.33188208617	261.776733398
5.3347845805	261.776733398
5.33768707483	261.776733398
5.34058956916	261.776733398
5.34349206349	261.776733398
5.34639455782	261.625579834
5.34929705215	261.474487305
5.35219954649	261.474487305
5.35510204082	261.474487305
5.35800453515	261.474487305
5.36090702948	261.625579834
5.36380952381	261.625579834
5.36671201814	261.776733398
5.36961451247	261.776733398
5.3725170068	261.927978516
5.37541950113	261.927978516
5.37832199546	261.927978516
5.3812244898	262.079315186
5.38412698413	262.230743408
5.38702947846	262.382263184
5.38993197279	262.685546875
5.39283446712	262.837341309
5.39573696145	262.989196777
5.39863945578	262.989196777
5.40154195011	262.837341309
5.40444444444	262.685546875
5.40734693878	262.382263184
5.41024943311	262.079315186
5.41315192744	261.776733398
5.41605442177	261.474487305
5.4189569161	261.021789551
5.42185941043	261.021789551
5.42476190476	261.323486328
5.42766439909	259.368530273
5.43056689342	387.716888428
5.43346938776	384.594146729
5.43637188209	382.821044922
5.43927437642	382.15826416
5.44217687075	382.379058838
5.44507936508	381.937561035
5.44798185941	381.276306152
5.45088435374	380.61618042
5.45378684807	380.61618042
5.4566893424	381.276306152
5.45959183673	382.15826416
5.46249433107	383.485015869
5.4653968254	384.594146729
5.46829931973	385.706512451
5.47120181406	386.82208252
5.47410430839	387.940887451
5.47700680272	389.062927246
5.47990929705	390.188201904
5.48281179138	390.864929199
5.48571428571	391.090789795
5.48861678005	391.090789795
5.49151927438	390.864929199
5.49442176871	392.221923828
5.49732426304	392.221923828
5.50022675737	391.995422363
5.5031292517	391.995422363
5.50603174603	390.413665771
5.50893424036	390.188201904
5.51183673469	389.962890625
5.51473922902	389.512664795
5.51764172336	389.062927246
5.52054421769	388.838256836
5.52344671202	388.613739014
5.52634920635	388.613739014
5.52925170068	388.613739014
5.53215419501	388.838256836
5.53505668934	389.287719727
5.53795918367	389.737701416
5.540861678	390.413665771
5.54376417234	391.316741943
5.54666666667	392.448547363
5.549569161	393.35635376
5.55247165533	394.266235352
5.55537414966	394.721984863
5.55827664399	395.178253174
5.56117913832	395.178253174
5.56408163265	394.950042725
5.56698412698	394.721984863
5.56988662132	394.494049072
5.57278911565	394.038574219
5.57569160998	393.583618164
5.57859410431	393.129211426
5.58149659864	392.902191162
5.58439909297	392.902191162
5.5873015873	392.675292969
5.59020408163	392.675292969
5.59310657596	392.902191162
5.59600907029	393.129211426
5.59891156463	393.35635376
5.60181405896	393.583618164
5.60471655329	393.583618164
5.60761904762	393.583618164
5.61052154195	393.35635376
5.61342403628	392.902191162
5.61632653061	392.448547363
5.61922902494	391.769073486
5.62213151927	391.090789795
5.62503401361	390.413665771
5.62793650794	389.962890625
5.63083900227	389.512664795
5.6337414966	389.512664795
5.63664399093	389.512664795
5.63954648526	389.737701416
5.64244897959	389.962890625
5.64535147392	390.188201904
5.64825396825	390.413665771
5.65115646259	390.639221191
5.65405895692	391.090789795
5.65696145125	391.316741943
5.65986394558	391.54284668
5.66276643991	391.769073486
5.66566893424	392.221923828
5.66857142857	392.448547363
5.6714739229	392.675292969
5.67437641723	392.902191162
5.67727891156	392.902191162
5.6801814059	392.902191162
5.68308390023	392.675292969
5.68598639456	392.448547363
5.68888888889	392.221923828
5.69179138322	391.769073486
5.69469387755	391.090789795
5.69759637188	390.864929199
5.70049886621	390.639221191
5.70340136054	390.864929199
5.70630385488	390.864929199
5.70920634921	391.090789795
5.71210884354	391.54284668
5.71501133787	391.769073486
5.7179138322	391.769073486
5.72081632653	391.995422363
5.72371882086	391.995422363
5.72662131519	391.769073486
5.72952380952	391.54284668
5.73242630385	391.316741943
5.73532879819	391.316741943
5.73823129252	391.090789795
5.74113378685	391.316741943
5.74403628118	391.316741943
5.74693877551	391.316741943
5.74984126984	391.54284668
5.75274376417	391.769073486
5.7556462585	391.769073486
5.75854875283	391.995422363
5.76145124717	392.221923828
5.7643537415	392.221923828
5.76725623583	392.448547363
5.77015873016	392.221923828
5.77306122449	392.221923828
5.77596371882	391.995422363
5.77886621315	391.995422363
5.78176870748	391.769073486
5.78467120181	391.54284668
5.78757369615	391.54284668
5.79047619048	391.54284668
5.79337868481	391.54284668
5.79628117914	391.54284668
5.79918367347	391.54284668
5.8020861678	391.769073486
5.80498866213	391.995422363
5.80789115646	391.995422363
5.81079365079	391.995422363
5.81369614512	391.995422363
5.81659863946	391.995422363
5.81950113379	391.769073486
5.82240362812	391.769073486
5.82530612245	391.769073486
5.82820861678	391.769073486
5.83111111111	391.769073486
5.83401360544	391.769073486
5.83691609977	391.54284668
5.8398185941	391.316741943
5.84272108844	391.316741943
5.84562358277	391.090789795
5.8485260771	391.090789795
5.85142857143	391.090789795
5.85433106576	390.864929199
5.85723356009	390.864929199
5.86013605442	390.864929199
5.86303854875	390.639221191
5.86594104308	390.864929199
5.86884353741	390.864929199
5.87174603175	391.090789795
5.87464852608	391.090789795
5.87755102041	391.090789795
5.88045351474	391.090789795
5.88335600907	391.316741943
5.8862585034	391.316741943
5.88916099773	391.316741943
5.89206349206	391.54284668
5.89496598639	391.54284668
5.89786848073	391.54284668
5.90077097506	391.769073486
5.90367346939	391.995422363
5.90657596372	391.995422363
5.90947845805	391.995422363
5.91238095238	391.995422363
5.91528344671	391.769073486
5.91818594104	391.769073486
5.92108843537	391.769073486
5.92399092971	391.54284668
5.92689342404	391.316741943
5.92979591837	391.316741943
5.9326984127	391.316741943
5.93560090703	391.316741943
5.93850340136	391.54284668
5.94140589569	391.769073486
5.94430839002	391.769073486
5.94721088435	391.995422363
5.95011337868	391.769073486
5.95301587302	391.769073486
5.95591836735	391.769073486
5.95882086168	391.769073486
5.96172335601	391.54284668
5.96462585034	391.54284668
5.96752834467	391.090789795
5.970430839	390.639221191
5.97333333333	389.512664795
5.97623582766	389.287719727
5.979138322	387.940887451
5.98204081633	387.269226074
5.98494331066	387.940887451
5.98784580499	389.287719727
5.99074829932	392.221923828
5.99365079365	393.35635376
5.99655328798	394.494049072
5.99945578231	395.406585693
6.00235827664	396.550201416
6.00526077098	396.321228027
6.00816326531	396.779327393
6.01106575964	396.779327393
6.01396825397	396.550201416
6.0168707483	396.321228027
6.01977324263	395.406585693
6.02267573696	394.950042725
6.02557823129	394.266235352
6.02848072562	393.583618164
6.03138321995	393.35635376
6.03428571429	392.902191162
6.03718820862	392.675292969
6.04009070295	392.448547363
6.04299319728	392.448547363
6.04589569161	391.995422363
6.04879818594	391.995422363
6.05170068027	392.221923828
6.0546031746	392.675292969
6.05750566893	393.129211426
6.06040816327	393.35635376
6.0633106576	394.038574219
6.06621315193	394.494049072
6.06911564626	395.178253174
6.07201814059	395.406585693
6.07492063492	395.635040283
6.07782312925	395.635040283
6.08072562358	395.635040283
6.08362811791	395.406585693
6.08653061224	394.721984863
6.08943310658	394.038574219
6.09233560091	0.0
6.09523809524	0.0
6.09814058957	0.0
6.1010430839	0.0
6.10394557823	0.0
6.10684807256	0.0
6.10975056689	0.0
6.11265306122	0.0
6.11555555556	0.0
6.11845804989	0.0
6.12136054422	0.0
6.12426303855	0.0
6.12716553288	0.0
6.13006802721	0.0
6.13297052154	0.0
6.13587301587	0.0
6.1387755102	0.0
6.14167800454	0.0
6.14458049887	0.0
6.1474829932	0.0
6.15038548753	0.0
6.15328798186	0.0
6.15619047619	0.0
6.15909297052	0.0
6.16199546485	0.0
6.16489795918	0.0
6.16780045351	0.0
6.17070294785	0.0
6.17360544218	0.0
6.17650793651	0.0
6.17941043084	0.0
6.18231292517	0.0
6.1852154195	0.0
6.18811791383	0.0
6.19102040816	0.0
6.19392290249	0.0
6.19682539683	0.0
6.19972789116	0.0
6.20263038549	0.0
6.20553287982	0.0
6.20843537415	0.0
6.21133786848	0.0
6.21424036281	0.0
6.21714285714	0.0
6.22004535147	0.0
6.2229478458	0.0
6.22585034014	0.0
6.22875283447	0.0
6.2316553288	0.0
6.23455782313	0.0
6.23746031746	0.0
6.24036281179	0.0
6.24326530612	0.0
6.24616780045	0.0
6.24907029478	0.0
6.25197278912	0.0
6.25487528345	0.0
6.25777777778	0.0
6.26068027211	0.0
6.26358276644	0.0
6.26648526077	0.0
6.2693877551	0.0
6.27229024943	0.0
6.27519274376	0.0
6.2780952381	0.0
6.28099773243	0.0
6.28390022676	0.0
6.28680272109	0.0
6.28970521542	0.0
6.29260770975	0.0
6.29551020408	0.0
6.29841269841	0.0
6.30131519274	0.0
6.30421768707	0.0
6.30712018141	0.0
6.31002267574	0.0
6.31292517007	0.0
6.3158276644	0.0
6.31873015873	0.0
6.32163265306	0.0
6.32453514739	0.0
6.32743764172	0.0
6.33034013605	0.0
6.33324263039	0.0
6.33614512472	0.0
6.33904761905	0.0
6.34195011338	0.0
6.34485260771	0.0
6.34775510204	0.0
6.35065759637	0.0
6.3535600907	0.0
6.35646258503	0.0
6.35936507937	0.0
6.3622675737	0.0
6.36517006803	0.0
6.36807256236	0.0
6.37097505669	0.0
6.37387755102	0.0
6.37678004535	0.0
6.37968253968	0.0
6.38258503401	0.0
6.38548752834	0.0
6.38839002268	0.0
6.39129251701	0.0
6.39419501134	0.0
6.39709750567	0.0
6.4	0.0
6.40290249433	0.0
6.40580498866	0.0
6.40870748299	0.0
6.41160997732	0.0
6.41451247166	0.0
6.41741496599	0.0
6.42031746032	0.0
6.42321995465	0.0
6.42612244898	0.0
6.42902494331	0.0
6.43192743764	0.0
6.43482993197	0.0
6.4377324263	0.0
6.44063492063	0.0
6.44353741497	0.0
6.4464399093	0.0
6.44934240363	0.0
6.45224489796	0.0
6.45514739229	0.0
6.45804988662	0.0
6.46095238095	0.0
6.46385487528	0.0
6.46675736961	0.0
6.46965986395	0.0
6.47256235828	0.0
6.47546485261	0.0
6.47836734694	0.0
6.48126984127	0.0
6.4841723356	0.0
6.48707482993	0.0
6.48997732426	0.0
6.49287981859	0.0
6.49578231293	0.0
6.49868480726	0.0
6.50158730159	0.0
6.50448979592	0.0
6.50739229025	0.0
6.51029478458	0.0
6.51319727891	0.0
6.51609977324	0.0
6.51900226757	0.0
6.5219047619	0.0
6.52480725624	0.0
6.52770975057	0.0
6.5306122449	0.0
6.53351473923	0.0
6.53641723356	0.0
6.53931972789	0.0
6.54222222222	0.0
6.54512471655	0.0
6.54802721088	0.0
6.55092970522	0.0
6.55383219955	0.0
6.55673469388	0.0
