0.0	0.0
0.00290249433107	0.0
0.00580498866213	0.0
0.0087074829932	0.0
0.0116099773243	0.0
0.0145124716553	0.0
0.0174149659864	0.0
0.0203174603175	0.0
0.0232199546485	0.0
0.0261224489796	0.0
0.0290249433107	0.0
0.0319274376417	0.0
0.0348299319728	0.0
0.0377324263039	0.0
0.0406349206349	0.0
0.043537414966	0.0
0.0464399092971	0.0
0.0493424036281	0.0
0.0522448979592	0.0
0.0551473922902	0.0
0.0580498866213	0.0
0.0609523809524	0.0
0.0638548752834	0.0
0.0667573696145	0.0
0.0696598639456	0.0
0.0725623582766	0.0
0.0754648526077	0.0
0.0783673469388	0.0
0.0812698412698	0.0
0.0841723356009	0.0
0.087074829932	0.0
0.089977324263	0.0
0.0928798185941	0.0
0.0957823129252	0.0
0.0986848072562	0.0
0.101587301587	0.0
0.104489795918	0.0
0.107392290249	0.0
0.11029478458	0.0
0.113197278912	0.0
0.116099773243	326.218109131
0.119002267574	325.841461182
0.121904761905	326.218109131
0.124807256236	326.783874512
0.127709750567	327.350646973
0.130612244898	327.729034424
0.133514739229	328.487121582
0.13641723356	329.627563477
0.139319727891	331.154296875
0.142222222222	331.920288086
0.145124716553	332.112091064
0.148027210884	332.112091064
0.150929705215	331.920288086
0.153832199546	331.728637695
0.156734693878	331.537078857
0.159637188209	331.345611572
0.16253968254	330.963043213
0.165442176871	330.580932617
0.168344671202	330.008575439
0.171247165533	329.627563477
0.174149659864	329.24697876
0.177052154195	328.866821289
0.179954648526	328.676940918
0.182857142857	328.676940918
0.185759637188	328.676940918
0.188662131519	328.866821289
0.19156462585	329.437225342
0.194467120181	329.818023682
0.197369614512	330.771942139
0.200272108844	331.345611572
0.203174603175	331.537078857
0.206077097506	332.112091064
0.208979591837	331.920288086
0.211882086168	331.537078857
0.214784580499	330.771942139
0.21768707483	329.818023682
0.220589569161	329.437225342
0.223492063492	329.24697876
0.226394557823	329.24697876
0.229297052154	329.437225342
0.232199546485	329.24697876
0.235102040816	329.24697876
0.238004535147	329.24697876
0.240907029478	329.627563477
0.24380952381	329.437225342
0.246712018141	329.627563477
0.249614512472	329.818023682
0.252517006803	330.199249268
0.255419501134	330.199249268
0.258321995465	330.008575439
0.261224489796	329.627563477
0.264126984127	329.056854248
0.267029478458	328.487121582
0.269931972789	327.918395996
0.27283446712	327.729034424
0.275736961451	327.729034424
0.278639455782	328.107879639
0.281541950113	328.487121582
0.284444444444	328.866821289
0.287346938776	329.056854248
0.290249433107	329.056854248
0.293151927438	329.056854248
0.296054421769	329.056854248
0.2989569161	329.056854248
0.301859410431	329.437225342
0.304761904762	329.818023682
0.307664399093	330.390045166
0.310566893424	330.963043213
0.313469387755	331.345611572
0.316371882086	331.345611572
0.319274376417	331.345611572
0.322176870748	331.154296875
0.325079365079	330.771942139
0.32798185941	330.199249268
0.330884353741	329.627563477
0.333786848073	329.24697876
0.336689342404	328.866821289
0.339591836735	328.676940918
0.342494331066	328.676940918
0.345396825397	328.676940918
0.348299319728	328.866821289
0.351201814059	329.056854248
0.35410430839	329.437225342
0.357006802721	329.627563477
0.359909297052	329.627563477
0.362811791383	329.627563477
0.365714285714	329.818023682
0.368616780045	330.008575439
0.371519274376	330.390045166
0.374421768707	330.771942139
0.377324263039	330.963043213
0.38022675737	331.154296875
0.383129251701	330.963043213
0.386031746032	330.580932617
0.388934240363	330.199249268
0.391836734694	329.818023682
0.394739229025	329.437225342
0.397641723356	329.24697876
0.400544217687	329.437225342
0.403446712018	329.627563477
0.406349206349	329.818023682
0.40925170068	330.008575439
0.412154195011	330.199249268
0.415056689342	330.390045166
0.417959183673	330.390045166
0.420861678005	330.390045166
0.423764172336	330.390045166
0.426666666667	330.008575439
0.429569160998	329.627563477
0.432471655329	329.24697876
0.43537414966	328.866821289
0.438276643991	328.676940918
0.441179138322	328.487121582
0.444081632653	328.676940918
0.446984126984	328.676940918
0.449886621315	328.866821289
0.452789115646	329.056854248
0.455691609977	329.24697876
0.458594104308	329.437225342
0.461496598639	329.437225342
0.464399092971	329.627563477
0.467301587302	329.627563477
0.470204081633	329.627563477
0.473106575964	329.627563477
0.476009070295	329.627563477
0.478911564626	329.437225342
0.481814058957	329.627563477
0.484716553288	329.627563477
0.487619047619	329.627563477
0.49052154195	329.627563477
0.493424036281	329.818023682
0.496326530612	329.627563477
0.499229024943	329.627563477
0.502131519274	329.437225342
0.505034013605	329.24697876
0.507936507937	329.24697876
0.510839002268	329.24697876
0.513741496599	329.437225342
0.51664399093	329.437225342
0.519546485261	329.627563477
0.522448979592	329.627563477
0.525351473923	329.627563477
0.528253968254	329.818023682
0.531156462585	329.818023682
0.534058956916	329.627563477
0.536961451247	329.627563477
0.539863945578	329.437225342
0.542766439909	329.437225342
0.54566893424	329.24697876
0.548571428571	329.24697876
0.551473922902	329.056854248
0.554376417234	329.056854248
0.557278911565	329.056854248
0.560181405896	329.24697876
0.563083900227	329.437225342
0.565986394558	329.627563477
0.568888888889	329.818023682
0.57179138322	329.818023682
0.574693877551	330.008575439
0.577596371882	330.008575439
0.580498866213	330.008575439
0.583401360544	329.818023682
0.586303854875	329.818023682
0.589206349206	329.818023682
0.592108843537	329.627563477
0.595011337868	329.627563477
0.5979138322	329.627563477
0.600816326531	329.24697876
0.603718820862	329.056854248
0.606621315193	328.866821289
0.609523809524	328.676940918
0.612426303855	329.056854248
0.615328798186	330.008575439
0.618231292517	331.154296875
0.621133786848	331.920288086
0.624036281179	332.112091064
0.62693877551	331.920288086
0.629841269841	331.345611572
0.632743764172	330.390045166
0.635646258503	329.437225342
0.638548752834	330.008575439
0.641451247166	332.303955078
0.644353741497	289.621795654
0.647256235828	289.287414551
0.650158730159	289.621795654
0.65306122449	289.956573486
0.655963718821	290.795227051
0.658866213152	291.973388672
0.661768707483	292.648773193
0.664671201814	292.648773193
0.667573696145	292.310882568
0.670476190476	291.973388672
0.673378684807	291.804779053
0.676281179138	291.973388672
0.679183673469	292.310882568
0.6820861678	292.987030029
0.684988662132	293.495178223
0.687891156463	293.495178223
0.690793650794	292.817840576
0.693696145125	292.310882568
0.696598639456	292.142089844
0.699501133787	291.973388672
0.702403628118	291.973388672
0.705306122449	292.142089844
0.70820861678	292.987030029
0.711111111111	293.834442139
0.714013605442	294.174102783
0.716916099773	294.004211426
0.719818594104	293.664764404
0.722721088435	293.495178223
0.725623582766	293.325714111
0.728526077098	293.325714111
0.731428571429	293.325714111
0.73433106576	293.325714111
0.737233560091	293.156341553
0.740136054422	292.648773193
0.743038548753	292.142089844
0.745941043084	291.636291504
0.748843537415	291.299560547
0.751746031746	291.131347656
0.754648526077	291.299560547
0.757551020408	291.636291504
0.760453514739	291.973388672
0.76335600907	292.479766846
0.766258503401	292.648773193
0.769160997732	292.817840576
0.772063492063	292.817840576
0.774965986395	292.817840576
0.777868480726	292.987030029
0.780770975057	293.156341553
0.783673469388	293.325714111
0.786575963719	293.495178223
0.78947845805	293.664764404
0.792380952381	293.664764404
0.795283446712	293.495178223
0.798185941043	293.325714111
0.801088435374	292.987030029
0.803990929705	292.648773193
0.806893424036	292.479766846
0.809795918367	292.479766846
0.812698412698	292.479766846
0.815600907029	292.648773193
0.818503401361	292.817840576
0.821405895692	292.987030029
0.824308390023	293.325714111
0.827210884354	293.325714111
0.830113378685	293.325714111
0.833015873016	293.495178223
0.835918367347	293.325714111
0.838820861678	293.325714111
0.841723356009	293.156341553
0.84462585034	292.987030029
0.847528344671	292.648773193
0.850430839002	292.310882568
0.853333333333	291.636291504
0.856235827664	291.131347656
0.859138321995	290.12411499
0.862040816327	289.789123535
0.864943310658	289.956573486
0.867845804989	291.636291504
0.87074829932	294.854553223
0.873650793651	297.248626709
0.876553287982	300.008544922
0.879455782313	299.489105225
0.882358276644	297.420379639
0.885260770975	293.156341553
0.888163265306	285.634490967
0.891065759637	277.984313965
0.893968253968	275.109039307
0.896870748299	272.420806885
0.89977324263	268.20513916
0.902675736961	263.59753418
0.905578231293	260.419372559
0.908480725624	258.471191406
0.911383219955	257.725769043
0.914285714286	258.17276001
0.917188208617	259.818389893
0.920090702948	262.533874512
0.922993197279	264.665496826
0.92589569161	265.584350586
0.928798185941	264.81842041
0.931700680272	263.4453125
0.934603174603	261.776733398
0.937505668934	260.419372559
0.940408163265	259.668365479
0.943310657596	259.668365479
0.946213151927	260.419372559
0.949115646259	261.625579834
0.95201814059	262.989196777
0.954920634921	264.207275391
0.957823129252	264.971435547
0.960725623583	265.124542236
0.963628117914	264.512664795
0.966530612245	263.4453125
0.969433106576	262.382263184
0.972335600907	261.625579834
0.975238095238	261.172607422
0.978140589569	261.323486328
0.9810430839	262.079315186
0.983945578231	263.141143799
0.986848072562	264.359924316
0.989750566893	265.430999756
0.992653061224	265.891357422
0.995555555556	265.430999756
0.998458049887	264.512664795
1.00136054422	263.4453125
1.00426303855	262.685546875
1.00716553288	262.230743408
1.01006802721	262.079315186
1.01297052154	262.230743408
1.01587301587	262.685546875
1.0187755102	263.141143799
1.02167800454	263.4453125
1.02458049887	263.749847412
1.0274829932	263.59753418
1.03038548753	263.293182373
1.03328798186	262.837341309
1.03619047619	262.230743408
1.03909297052	261.625579834
1.04199546485	261.172607422
1.04489795918	260.871063232
1.04780045351	260.720397949
1.05070294785	261.021789551
1.05360544218	261.474487305
1.05650793651	262.079315186
1.05941043084	262.837341309
1.06231292517	263.293182373
1.0652154195	263.59753418
1.06811791383	263.4453125
1.07102040816	262.989196777
1.07392290249	262.382263184
1.07682539683	261.927978516
1.07972789116	261.474487305
1.08263038549	261.172607422
1.08553287982	261.172607422
1.08843537415	261.323486328
1.09133786848	261.625579834
1.09424036281	261.927978516
1.09714285714	262.230743408
1.10004535147	262.533874512
1.1029478458	262.837341309
1.10585034014	262.989196777
1.10875283447	262.837341309
1.1116553288	262.685546875
1.11455782313	262.533874512
1.11746031746	262.533874512
1.12036281179	262.685546875
1.12326530612	262.989196777
1.12616780045	263.749847412
1.12907029478	264.512664795
1.13197278912	265.891357422
1.13487528345	267.586151123
1.13777777778	267.431640625
1.14068027211	331.728637695
1.14358276644	332.688079834
1.14648526077	333.650299072
1.1493877551	333.072631836
1.15229024943	332.303955078
1.15519274376	332.112091064
1.1580952381	332.112091064
1.16099773243	331.920288086
1.16390022676	331.537078857
1.16680272109	331.154296875
1.16970521542	330.771942139
1.17260770975	330.771942139
1.17551020408	330.390045166
1.17841269841	329.818023682
1.18131519274	329.437225342
1.18421768707	329.24697876
1.18712018141	329.24697876
1.19002267574	329.056854248
1.19292517007	329.056854248
1.1958276644	329.056854248
1.19873015873	329.24697876
1.20163265306	329.627563477
1.20453514739	330.390045166
1.20743764172	330.771942139
1.21034013605	330.963043213
1.21324263039	330.963043213
1.21614512472	330.963043213
1.21904761905	330.771942139
1.22195011338	329.818023682
1.22485260771	329.24697876
1.22775510204	329.056854248
1.23065759637	329.24697876
1.2335600907	329.437225342
1.23646258503	329.818023682
1.23936507937	329.818023682
1.2422675737	329.627563477
1.24517006803	329.627563477
1.24807256236	329.437225342
1.25097505669	329.437225342
1.25387755102	329.437225342
1.25678004535	329.627563477
1.25968253968	329.627563477
1.26258503401	329.818023682
1.26548752834	329.818023682
1.26839002268	329.437225342
1.27129251701	328.866821289
1.27419501134	328.297454834
1.27709750567	327.729034424
1.28	327.350646973
1.28290249433	327.539794922
1.28580498866	328.107879639
1.28870748299	328.676940918
1.29160997732	329.24697876
1.29451247166	329.437225342
1.29741496599	329.437225342
1.30031746032	329.437225342
1.30321995465	329.24697876
1.30612244898	329.056854248
1.30902494331	329.056854248
1.31192743764	329.437225342
1.31482993197	330.008575439
1.3177324263	330.771942139
1.32063492063	331.154296875
1.32353741497	331.345611572
1.3264399093	331.154296875
1.32934240363	330.963043213
1.33224489796	330.390045166
1.33514739229	329.818023682
1.33804988662	329.437225342
1.34095238095	328.676940918
1.34385487528	328.107879639
1.34675736961	327.729034424
1.34965986395	327.729034424
1.35256235828	327.729034424
1.35546485261	328.297454834
1.35836734694	329.056854248
1.36126984127	329.818023682
1.3641723356	330.390045166
1.36707482993	329.24697876
1.36997732426	326.972686768
1.37287981859	326.406585693
1.37578231293	326.595184326
1.37868480726	327.729034424
1.38158730159	329.24697876
1.38448979592	334.615325928
1.38739229025	346.615661621
1.39029478458	342.634429932
1.39319727891	339.874816895
1.39609977324	337.527130127
1.39900226757	335.971038818
1.4019047619	334.808654785
1.40480725624	335.002105713
1.40770975057	336.359375
1.4106122449	341.843719482
1.41351473923	347.417449951
1.41641723356	351.657318115
1.41931972789	353.286071777
1.42222222222	354.512573242
1.42512471655	354.717407227
1.42802721088	353.490203857
1.43092970522	352.267211914
1.43383219955	351.048461914
1.43673469388	350.238311768
1.43963718821	349.83392334
1.44253968254	350.03604126
1.44544217687	350.03604126
1.4483446712	350.643157959
1.45124716553	351.657318115
1.45414965986	352.674407959
1.4570521542	353.490203857
1.45995464853	353.898803711
1.46285714286	353.69442749
1.46575963719	353.082061768
1.46866213152	352.063781738
1.47156462585	351.048461914
1.47446712018	349.83392334
1.47736961451	348.825012207
1.48027210884	347.819030762
1.48317460317	347.216827393
1.48607709751	346.615661621
1.48897959184	346.015533447
1.49188208617	346.415496826
1.4947845805	346.615661621
1.49768707483	347.216827393
1.50058956916	348.221069336
1.50349206349	349.430023193
1.50639455782	350.643157959
1.50929705215	351.251281738
1.51219954649	351.45425415
1.51510204082	351.251281738
1.51800453515	350.643157959
1.52090702948	349.83392334
1.52380952381	349.228240967
1.52671201814	348.422271729
1.52961451247	348.221069336
1.5325170068	348.019989014
1.53541950113	347.819030762
1.53832199546	347.819030762
1.5412244898	347.819030762
1.54412698413	347.819030762
1.54702947846	348.019989014
1.54993197279	348.221069336
1.55283446712	348.825012207
1.55573696145	349.430023193
1.55863945578	349.83392334
1.56154195011	350.238311768
1.56444444444	350.440673828
1.56734693878	350.238311768
1.57024943311	350.03604126
1.57315192744	349.631896973
1.57605442177	349.228240967
1.5789569161	348.825012207
1.58185941043	348.623596191
1.58476190476	348.422271729
1.58766439909	348.221069336
1.59056689342	348.221069336
1.59346938776	348.221069336
1.59637188209	348.221069336
1.59927437642	348.623596191
1.60217687075	349.026580811
1.60507936508	349.631896973
1.60798185941	350.03604126
1.61088435374	350.238311768
1.61378684807	350.643157959
1.6166893424	351.048461914
1.61959183673	351.45425415
1.62249433107	351.657318115
1.6253968254	351.657318115
1.62829931973	351.048461914
1.63120181406	349.631896973
1.63410430839	348.422271729
1.63700680272	347.819030762
1.63990929705	347.819030762
1.64281179138	348.221069336
1.64571428571	349.228240967
1.64861678005	351.048461914
1.65151927438	353.898803711
1.65442176871	355.53793335
1.65732426304	355.948913574
1.66022675737	355.53793335
1.6631292517	354.103271484
1.66603174603	351.86050415
1.66893424036	349.83392334
1.67183673469	348.019989014
1.67473922902	346.815948486
1.67764172336	346.215484619
1.68054421769	346.415496826
1.68344671202	347.618164062
1.68634920635	349.430023193
1.68925170068	351.657318115
1.69215419501	353.490203857
1.69505668934	355.127441406
1.69795918367	356.360351562
1.700861678	357.597564697
1.70376417234	357.804168701
1.70666666667	354.922363281
1.709569161	389.962890625
1.71247165533	392.221923828
1.71537414966	393.35635376
1.71827664399	394.038574219
1.72117913832	394.038574219
1.72408163265	392.675292969
1.72698412698	390.864929199
1.72988662132	389.737701416
1.73278911565	389.737701416
1.73569160998	390.188201904
1.73859410431	390.864929199
1.74149659864	391.090789795
1.74439909297	391.090789795
1.7473015873	391.090789795
1.75020408163	390.864929199
1.75310657596	390.639221191
1.75600907029	390.413665771
1.75891156463	390.188201904
1.76181405896	389.962890625
1.76471655329	389.512664795
1.76761904762	389.062927246
1.77052154195	388.613739014
1.77342403628	388.389312744
1.77632653061	388.389312744
1.77922902494	387.940887451
1.78213151927	393.811035156
1.78503401361	395.863616943
1.78793650794	395.635040283
1.79083900227	395.178253174
1.7937414966	395.406585693
1.79664399093	395.863616943
1.79954648526	394.038574219
1.80244897959	393.35635376
1.80535147392	392.902191162
1.80825396825	392.448547363
1.81115646259	391.995422363
1.81405895692	391.54284668
1.81696145125	390.639221191
1.81986394558	389.737701416
1.82276643991	388.613739014
1.82566893424	387.492980957
1.82857142857	386.598724365
1.8314739229	385.706512451
1.83437641723	385.261199951
1.83727891156	385.261199951
1.8401814059	385.706512451
1.84308390023	387.269226074
1.84598639456	389.512664795
1.84888888889	391.54284668
1.85179138322	392.448547363
1.85469387755	392.902191162
1.85759637188	392.675292969
1.86049886621	391.995422363
1.86340136054	390.639221191
1.86630385488	388.838256836
1.86920634921	388.165039062
1.87210884354	389.287719727
1.87501133787	390.639221191
1.8779138322	391.316741943
1.88081632653	391.769073486
1.88371882086	391.316741943
1.88662131519	390.413665771
1.88952380952	388.838256836
1.89242630385	387.940887451
1.89532879819	388.165039062
1.89823129252	388.613739014
1.90113378685	389.512664795
1.90403628118	390.413665771
1.90693877551	391.090789795
1.90984126984	391.769073486
1.91274376417	392.221923828
1.9156462585	392.448547363
1.91854875283	392.675292969
1.92145124717	393.129211426
1.9243537415	393.129211426
1.92725623583	392.902191162
1.93015873016	392.448547363
1.93306122449	391.995422363
1.93596371882	391.54284668
1.93886621315	391.54284668
1.94176870748	391.995422363
1.94467120181	392.448547363
1.94757369615	393.129211426
1.95047619048	393.129211426
1.95337868481	392.902191162
1.95628117914	392.902191162
1.95918367347	392.675292969
1.9620861678	393.129211426
1.96498866213	0.0
1.96789115646	0.0
1.97079365079	0.0
1.97369614512	0.0
1.97659863946	0.0
1.97950113379	0.0
1.98240362812	0.0
1.98530612245	0.0
1.98820861678	0.0
1.99111111111	0.0
1.99401360544	0.0
1.99691609977	0.0
1.9998185941	0.0
2.00272108844	0.0
2.00562358277	0.0
2.0085260771	0.0
2.01142857143	0.0
2.01433106576	0.0
2.01723356009	0.0
2.02013605442	0.0
2.02303854875	0.0
2.02594104308	0.0
2.02884353741	0.0
2.03174603175	0.0
2.03464852608	0.0
2.03755102041	0.0
2.04045351474	0.0
2.04335600907	0.0
2.0462585034	0.0
2.04916099773	0.0
2.05206349206	0.0
2.05496598639	0.0
2.05786848073	0.0
2.06077097506	0.0
2.06367346939	0.0
2.06657596372	0.0
2.06947845805	0.0
2.07238095238	0.0
2.07528344671	0.0
2.07818594104	0.0
2.08108843537	0.0
2.08399092971	0.0
2.08689342404	0.0
2.08979591837	0.0
2.0926984127	0.0
2.09560090703	0.0
2.09850340136	0.0
2.10140589569	434.946166992
2.10430839002	435.448913574
2.10721088435	435.952270508
2.11011337868	436.708374023
2.11301587302	437.213165283
2.11591836735	437.213165283
2.11882086168	437.213165283
2.12172335601	436.708374023
2.12462585034	435.700531006
2.12752834467	434.946166992
2.130430839	434.444000244
2.13333333333	434.444000244
2.13623582766	435.197479248
2.139138322	435.952270508
2.14204081633	436.708374023
2.14494331066	437.213165283
2.14784580499	438.224517822
2.15074829932	438.731048584
2.15365079365	438.984558105
2.15655328798	438.984558105
2.15945578231	438.224517822
2.16235827664	437.465789795
2.16526077098	436.960693359
2.16816326531	436.456207275
2.17106575964	435.700531006
2.17396825397	434.946166992
2.1768707483	434.444000244
2.17977324263	433.691802979
2.18267573696	432.940917969
2.18557823129	432.690917969
2.18848072562	430.944915771
2.19138321995	429.70211792
2.19428571429	429.70211792
2.19718820862	430.447357178
2.20009070295	432.191345215
2.20299319728	434.193115234
2.20589569161	436.204162598
2.20879818594	437.971466064
2.21170068027	439.238189697
2.2146031746	439.745910645
2.21750566893	439.745910645
2.22040816327	439.745910645
2.2233106576	439.745910645
2.22621315193	439.491973877
2.22911564626	439.745910645
2.23201814059	440.0
2.23492063492	440.254241943
2.23782312925	440.254241943
2.24072562358	439.745910645
2.24362811791	439.491973877
2.24653061224	439.238189697
2.24943310658	438.731048584
2.25233560091	438.731048584
2.25523809524	438.984558105
2.25814058957	439.745910645
2.2610430839	440.254241943
2.26394557823	440.763122559
2.26684807256	441.017791748
2.26975056689	441.017791748
2.27265306122	440.763122559
2.27555555556	440.508605957
2.27845804989	440.508605957
2.28136054422	440.0
2.28426303855	439.491973877
2.28716553288	438.731048584
2.29006802721	438.224517822
2.29297052154	437.465789795
2.29587301587	437.465789795
2.2987755102	437.465789795
2.30167800454	437.465789795
2.30458049887	437.718536377
2.3074829932	437.971466064
2.31038548753	438.224517822
2.31328798186	437.971466064
2.31619047619	437.718536377
2.31909297052	437.465789795
2.32199546485	436.708374023
2.32489795918	436.204162598
2.32780045351	435.952270508
2.33070294785	435.700531006
2.33360544218	435.448913574
2.33650793651	434.946166992
2.33941043084	434.193115234
2.34231292517	433.441375732
2.3452154195	433.441375732
2.34811791383	434.946166992
2.35102040816	436.960693359
2.35392290249	437.971466064
2.35682539683	438.224517822
2.35972789116	437.971466064
2.36263038549	436.708374023
2.36553287982	435.448913574
2.36843537415	433.441375732
2.37133786848	432.690917969
2.37424036281	433.942382812
2.37714285714	436.960693359
2.38004535147	440.508605957
2.3829478458	442.804595947
2.38585034014	443.316436768
2.38875283447	442.54888916
2.3916553288	439.745910645
2.39455782313	436.960693359
2.39746031746	435.448913574
2.40036281179	433.942382812
2.40326530612	434.193115234
2.40616780045	436.456207275
2.40907029478	440.254241943
2.41197278912	443.572570801
2.41487528345	445.112548828
2.41777777778	445.112548828
2.42068027211	445.112548828
2.42358276644	394.038574219
2.42648526077	393.35635376
2.4293877551	393.583618164
2.43229024943	393.35635376
2.43519274376	392.675292969
2.4380952381	391.995422363
2.44099773243	391.316741943
2.44390022676	391.090789795
2.44680272109	390.864929199
2.44970521542	390.864929199
2.45260770975	390.864929199
2.45551020408	390.864929199
2.45841269841	390.864929199
2.46131519274	391.090789795
2.46421768707	391.316741943
2.46712018141	391.54284668
2.47002267574	391.54284668
2.47292517007	391.090789795
2.4758276644	390.413665771
2.47873015873	389.512664795
2.48163265306	388.613739014
2.48453514739	388.165039062
2.48743764172	387.940887451
2.49034013605	387.940887451
2.49324263039	388.613739014
2.49614512472	389.962890625
2.49904761905	391.54284668
2.50195011338	392.902191162
2.50485260771	394.494049072
2.50775510204	395.406585693
2.51065759637	395.406585693
2.5135600907	394.266235352
2.51646258503	394.038574219
2.51936507937	394.721984863
2.5222675737	395.635040283
2.52517006803	395.178253174
2.52807256236	393.811035156
2.53097505669	392.221923828
2.53387755102	390.864929199
2.53678004535	389.737701416
2.53968253968	388.838256836
2.54258503401	387.940887451
2.54548752834	387.269226074
2.54839002268	386.82208252
2.55129251701	386.598724365
2.55419501134	387.045593262
2.55709750567	387.269226074
2.56	387.940887451
2.56290249433	388.389312744
2.56580498866	389.062927246
2.56870748299	389.737701416
2.57160997732	390.639221191
2.57451247166	391.316741943
2.57741496599	392.221923828
2.58031746032	392.902191162
2.58321995465	392.902191162
2.58612244898	392.221923828
2.58902494331	392.221923828
2.59192743764	396.550201416
2.59482993197	396.092346191
2.5977324263	396.321228027
2.60063492063	396.092346191
2.60353741497	366.802520752
2.6064399093	365.533477783
2.60934240363	365.322387695
2.61224489796	363.638153076
2.61514739229	360.917785645
2.61804988662	358.631835938
2.62095238095	356.978424072
2.62385487528	356.360351562
2.62675736961	356.154571533
2.62965986395	355.332641602
2.63256235828	351.048461914
2.63546485261	347.016326904
2.63836734694	345.61605835
2.64126984127	345.217010498
2.6441723356	346.215484619
2.64707482993	347.618164062
2.64997732426	349.631896973
2.65287981859	352.063781738
2.65578231293	352.063781738
2.65868480726	351.048461914
2.66158730159	349.83392334
2.66448979592	349.026580811
2.66739229025	348.825012207
2.67029478458	349.026580811
2.67319727891	349.83392334
2.67609977324	350.845733643
2.67900226757	351.251281738
2.6819047619	352.063781738
2.68480725624	352.878173828
2.68770975057	353.69442749
2.6906122449	354.103271484
2.69351473923	354.103271484
2.69641723356	353.490203857
2.69931972789	352.674407959
2.70222222222	351.86050415
2.70512471655	351.251281738
2.70802721088	350.845733643
2.71092970522	351.048461914
2.71383219955	351.048461914
2.71673469388	351.048461914
2.71963718821	350.440673828
2.72253968254	349.631896973
2.72544217687	348.623596191
2.7283446712	348.019989014
2.73124716553	347.618164062
2.73414965986	347.819030762
2.7370521542	348.422271729
2.73995464853	349.228240967
2.74285714286	349.631896973
2.74575963719	349.83392334
2.74866213152	349.83392334
2.75156462585	349.631896973
2.75446712018	349.228240967
2.75736961451	349.026580811
2.76027210884	348.623596191
2.76317460317	348.623596191
2.76607709751	349.026580811
2.76897959184	349.430023193
2.77188208617	349.83392334
2.7747845805	350.238311768
2.77768707483	350.238311768
2.78058956916	349.631896973
2.78349206349	349.228240967
2.78639455782	348.623596191
2.78929705215	348.422271729
2.79219954649	348.422271729
2.79510204082	348.422271729
2.79800453515	348.825012207
2.80090702948	349.430023193
2.80380952381	349.83392334
2.80671201814	349.83392334
2.80961451247	349.631896973
2.8125170068	349.228240967
2.81541950113	349.228240967
2.81832199546	349.026580811
2.8212244898	348.825012207
2.82412698413	348.825012207
2.82702947846	348.825012207
2.82993197279	348.623596191
2.83283446712	348.422271729
2.83573696145	348.623596191
2.83863945578	348.623596191
2.84154195011	349.026580811
2.84444444444	349.430023193
2.84734693878	350.238311768
2.85024943311	350.845733643
2.85315192744	351.45425415
2.85605442177	352.063781738
2.8589569161	352.267211914
2.86185941043	352.470733643
2.86476190476	352.470733643
2.86766439909	352.674407959
2.87056689342	352.878173828
2.87346938776	352.267211914
2.87637188209	351.251281738
2.87927437642	435.448913574
2.88217687075	435.700531006
2.88507936508	436.708374023
2.88798185941	437.718536377
2.89088435374	438.477722168
2.89378684807	438.984558105
2.8966893424	439.491973877
2.89959183673	439.238189697
2.90249433107	438.984558105
2.9053968254	438.477722168
2.90829931973	438.224517822
2.91120181406	438.224517822
2.91410430839	437.971466064
2.91700680272	437.718536377
2.91990929705	436.960693359
2.92281179138	435.952270508
2.92571428571	434.695007324
2.92861678005	433.441375732
2.93151927438	432.191345215
2.93442176871	430.944915771
2.93732426304	430.198822021
2.94022675737	430.198822021
2.9431292517	431.193939209
2.94603174603	432.441070557
2.94893424036	433.691802979
2.95183673469	435.448913574
2.95473922902	436.960693359
2.95764172336	438.224517822
2.96054421769	438.984558105
2.96344671202	439.238189697
2.96634920635	439.238189697
2.96925170068	438.984558105
2.97215419501	438.984558105
2.97505668934	438.984558105
2.97795918367	439.745910645
2.980861678	440.254241943
2.98376417234	440.254241943
2.98666666667	440.254241943
2.989569161	440.0
2.99247165533	439.238189697
2.99537414966	438.984558105
2.99827664399	438.477722168
3.00117913832	438.731048584
3.00408163265	438.984558105
3.00698412698	439.491973877
3.00988662132	440.254241943
3.01278911565	440.508605957
3.01569160998	440.763122559
3.01859410431	440.763122559
3.02149659864	440.508605957
3.02439909297	440.763122559
3.0273015873	440.254241943
3.03020408163	439.745910645
3.03310657596	439.238189697
3.03600907029	438.731048584
3.03891156463	437.971466064
3.04181405896	437.465789795
3.04471655329	437.465789795
3.04761904762	437.718536377
3.05052154195	437.971466064
3.05342403628	438.224517822
3.05632653061	438.477722168
3.05922902494	438.477722168
3.06213151927	438.224517822
3.06503401361	437.718536377
3.06793650794	437.465789795
3.07083900227	436.960693359
3.0737414966	436.708374023
3.07664399093	436.456207275
3.07954648526	436.708374023
3.08244897959	437.213165283
3.08535147392	438.224517822
3.08825396825	438.731048584
3.09115646259	438.731048584
3.09405895692	438.224517822
3.09696145125	436.708374023
3.09986394558	434.946166992
3.10276643991	434.193115234
3.10566893424	390.639221191
3.10857142857	389.062927246
3.1114739229	388.389312744
3.11437641723	387.269226074
3.11727891156	385.929382324
3.1201814059	383.928283691
3.12308390023	382.379058838
3.12598639456	382.821044922
3.12888888889	383.928283691
3.13179138322	384.594146729
3.13469387755	385.261199951
3.13759637188	385.483795166
3.14049886621	386.375488281
3.14340136054	388.389312744
3.14630385488	389.737701416
3.14920634921	390.639221191
3.15210884354	394.494049072
3.15501133787	397.008575439
3.1579138322	393.811035156
3.16081632653	394.038574219
3.16371882086	393.811035156
3.16662131519	391.54284668
3.16952380952	393.811035156
3.17242630385	392.902191162
3.17532879819	391.769073486
3.17823129252	391.090789795
3.18113378685	389.962890625
3.18403628118	389.512664795
3.18693877551	389.512664795
3.18984126984	390.188201904
3.19274376417	390.639221191
3.1956462585	391.090789795
3.19854875283	391.090789795
3.20145124717	391.316741943
3.2043537415	391.54284668
3.20725623583	391.54284668
3.21015873016	391.54284668
3.21306122449	391.54284668
3.21596371882	391.54284668
3.21886621315	391.090789795
3.22176870748	390.639221191
3.22467120181	390.188201904
3.22757369615	389.287719727
3.23047619048	388.613739014
3.23337868481	388.165039062
3.23628117914	388.165039062
3.23918367347	388.838256836
3.2420861678	389.737701416
3.24498866213	391.769073486
3.24789115646	394.266235352
3.25079365079	395.863616943
3.25369614512	395.635040283
3.25659863946	395.406585693
3.25950113379	395.178253174
3.26240362812	395.406585693
3.26530612245	395.178253174
3.26820861678	395.178253174
3.27111111111	395.178253174
3.27401360544	394.721984863
3.27691609977	393.583618164
3.2798185941	392.448547363
3.28272108844	391.090789795
3.28562358277	389.512664795
3.2885260771	388.165039062
3.29142857143	386.82208252
3.29433106576	385.929382324
3.29723356009	385.706512451
3.30013605442	386.152374268
3.30303854875	387.045593262
3.30594104308	387.940887451
3.30884353741	389.062927246
3.31174603175	389.962890625
3.31464852608	390.413665771
3.31755102041	391.090789795
3.32045351474	391.54284668
3.32335600907	391.769073486
3.3262585034	392.221923828
3.32916099773	392.448547363
3.33206349206	392.675292969
3.33496598639	392.675292969
3.33786848073	392.221923828
3.34077097506	391.54284668
3.34367346939	390.864929199
3.34657596372	390.188201904
3.34947845805	389.962890625
3.35238095238	389.737701416
3.35528344671	389.512664795
3.35818594104	389.287719727
3.36108843537	389.062927246
3.36399092971	389.062927246
3.36689342404	389.287719727
3.36979591837	389.512664795
3.3726984127	390.188201904
3.37560090703	391.090789795
3.37850340136	391.769073486
3.38140589569	391.995422363
3.38430839002	392.221923828
3.38721088435	391.995422363
3.39011337868	391.769073486
3.39301587302	391.995422363
3.39591836735	391.769073486
3.39882086168	391.995422363
3.40172335601	392.221923828
3.40462585034	391.995422363
3.40752834467	391.995422363
3.410430839	391.769073486
3.41333333333	391.995422363
3.41623582766	392.221923828
3.419138322	392.675292969
3.42204081633	393.35635376
3.42494331066	393.811035156
3.42784580499	394.038574219
3.43074829932	394.038574219
3.43365079365	393.811035156
3.43655328798	393.583618164
3.43945578231	393.35635376
3.44235827664	393.129211426
3.44526077098	393.129211426
3.44816326531	393.129211426
3.45106575964	393.129211426
3.45396825397	392.902191162
3.4568707483	392.675292969
3.45977324263	392.221923828
3.46267573696	391.995422363
3.46557823129	391.54284668
3.46848072562	391.54284668
3.47138321995	391.54284668
3.47428571429	391.769073486
3.47718820862	391.769073486
3.48009070295	391.769073486
3.48299319728	391.769073486
3.48589569161	391.316741943
3.48879818594	391.090789795
3.49170068027	390.864929199
3.4946031746	391.090789795
3.49750566893	391.54284668
3.50040816327	391.54284668
3.5033106576	391.769073486
3.50621315193	391.769073486
3.50911564626	391.769073486
3.51201814059	391.54284668
3.51492063492	391.316741943
3.51782312925	390.864929199
3.52072562358	390.639221191
3.52362811791	390.413665771
3.52653061224	390.188201904
3.52943310658	390.188201904
3.53233560091	389.962890625
3.53523809524	389.962890625
3.53814058957	389.962890625
3.5410430839	390.413665771
3.54394557823	390.639221191
3.54684807256	390.864929199
3.54975056689	391.090789795
3.55265306122	391.090789795
3.55555555556	391.090789795
3.55845804989	391.090789795
3.56136054422	391.316741943
3.56426303855	391.54284668
3.56716553288	391.54284668
3.57006802721	391.54284668
3.57297052154	391.316741943
3.57587301587	391.090789795
3.5787755102	391.090789795
3.58167800454	390.864929199
3.58458049887	391.090789795
3.5874829932	391.316741943
3.59038548753	391.54284668
3.59328798186	391.995422363
3.59619047619	392.221923828
3.59909297052	392.448547363
3.60199546485	392.448547363
3.60489795918	392.448547363
3.60780045351	392.448547363
3.61070294785	392.221923828
3.61360544218	392.448547363
3.61650793651	392.221923828
3.61941043084	392.221923828
3.62231292517	391.995422363
3.6252154195	392.221923828
3.62811791383	392.221923828
3.63102040816	391.995422363
3.63392290249	391.769073486
3.63682539683	391.54284668
3.63972789116	391.54284668
3.64263038549	391.316741943
3.64553287982	391.316741943
3.64843537415	391.090789795
3.65133786848	390.864929199
3.65424036281	390.864929199
3.65714285714	391.090789795
3.66004535147	391.316741943
3.6629478458	391.54284668
3.66585034014	391.769073486
3.66875283447	0.0
3.6716553288	0.0
3.67455782313	0.0
3.67746031746	0.0
3.68036281179	0.0
3.68326530612	0.0
3.68616780045	0.0
3.68907029478	0.0
3.69197278912	0.0
3.69487528345	0.0
3.69777777778	0.0
3.70068027211	0.0
3.70358276644	0.0
3.70648526077	0.0
3.7093877551	0.0
3.71229024943	0.0
3.71519274376	0.0
3.7180952381	0.0
3.72099773243	0.0
3.72390022676	0.0
3.72680272109	0.0
3.72970521542	0.0
3.73260770975	0.0
3.73551020408	0.0
3.73841269841	0.0
3.74131519274	0.0
3.74421768707	0.0
3.74712018141	0.0
3.75002267574	0.0
3.75292517007	0.0
3.7558276644	0.0
3.75873015873	0.0
3.76163265306	0.0
3.76453514739	0.0
3.76743764172	0.0
3.77034013605	0.0
3.77324263039	0.0
3.77614512472	0.0
3.77904761905	0.0
3.78195011338	0.0
3.78485260771	0.0
3.78775510204	0.0
3.79065759637	0.0
3.7935600907	0.0
3.79646258503	0.0
3.79936507937	0.0
3.8022675737	0.0
3.80517006803	0.0
3.80807256236	0.0
3.81097505669	0.0
3.81387755102	0.0
3.81678004535	0.0
3.81968253968	0.0
3.82258503401	0.0
3.82548752834	0.0
3.82839002268	0.0
3.83129251701	0.0
3.83419501134	0.0
3.83709750567	0.0
3.84	0.0
3.84290249433	0.0
3.84580498866	0.0
3.84870748299	0.0
3.85160997732	0.0
3.85451247166	0.0
3.85741496599	0.0
3.86031746032	0.0
3.86321995465	0.0
