0.0	0.0
0.00290249433107	0.0
0.00580498866213	0.0
0.0087074829932	0.0
0.0116099773243	0.0
0.0145124716553	0.0
0.0174149659864	0.0
0.0203174603175	0.0
0.0232199546485	0.0
0.0261224489796	0.0
0.0290249433107	0.0
0.0319274376417	0.0
0.0348299319728	0.0
0.0377324263039	0.0
0.0406349206349	0.0
0.043537414966	0.0
0.0464399092971	0.0
0.0493424036281	0.0
0.0522448979592	0.0
0.0551473922902	0.0
0.0580498866213	0.0
0.0609523809524	0.0
0.0638548752834	0.0
0.0667573696145	0.0
0.0696598639456	0.0
0.0725623582766	0.0
0.0754648526077	0.0
0.0783673469388	0.0
0.0812698412698	0.0
0.0841723356009	0.0
0.087074829932	0.0
0.089977324263	0.0
0.0928798185941	0.0
0.0957823129252	0.0
0.0986848072562	0.0
0.101587301587	0.0
0.104489795918	0.0
0.107392290249	0.0
0.11029478458	0.0
0.113197278912	0.0
0.116099773243	0.0
0.119002267574	0.0
0.121904761905	0.0
0.124807256236	0.0
0.127709750567	0.0
0.130612244898	0.0
0.133514739229	0.0
0.13641723356	0.0
0.139319727891	0.0
0.142222222222	0.0
0.145124716553	0.0
0.148027210884	0.0
0.150929705215	0.0
0.153832199546	0.0
0.156734693878	0.0
0.159637188209	0.0
0.16253968254	0.0
0.165442176871	0.0
0.168344671202	0.0
0.171247165533	0.0
0.174149659864	0.0
0.177052154195	0.0
0.179954648526	0.0
0.182857142857	0.0
0.185759637188	0.0
0.188662131519	0.0
0.19156462585	0.0
0.194467120181	0.0
0.197369614512	0.0
0.200272108844	0.0
0.203174603175	399.308441162
0.206077097506	394.266235352
0.208979591837	390.413665771
0.211882086168	388.389312744
0.214784580499	387.269226074
0.21768707483	386.375488281
0.220589569161	386.152374268
0.223492063492	386.598724365
0.226394557823	386.598724365
0.229297052154	387.492980957
0.232199546485	389.287719727
0.235102040816	391.090789795
0.238004535147	392.448547363
0.240907029478	393.35635376
0.24380952381	394.266235352
0.246712018141	394.721984863
0.249614512472	394.950042725
0.252517006803	394.494049072
0.255419501134	393.583618164
0.258321995465	391.995422363
0.261224489796	390.188201904
0.264126984127	389.962890625
0.267029478458	389.512664795
0.269931972789	389.962890625
0.27283446712	390.864929199
0.275736961451	391.54284668
0.278639455782	392.448547363
0.281541950113	393.129211426
0.284444444444	393.811035156
0.287346938776	394.266235352
0.290249433107	394.494049072
0.293151927438	394.721984863
0.296054421769	394.950042725
0.2989569161	395.178253174
0.301859410431	395.406585693
0.304761904762	395.406585693
0.307664399093	395.178253174
0.310566893424	394.721984863
0.313469387755	394.266235352
0.316371882086	394.038574219
0.319274376417	393.35635376
0.322176870748	392.902191162
0.325079365079	392.448547363
0.32798185941	392.221923828
0.330884353741	391.769073486
0.333786848073	391.769073486
0.336689342404	391.769073486
0.339591836735	391.995422363
0.342494331066	391.995422363
0.345396825397	392.448547363
0.348299319728	392.902191162
0.351201814059	393.35635376
0.35410430839	393.583618164
0.357006802721	393.35635376
0.359909297052	393.35635376
0.362811791383	393.129211426
0.365714285714	392.902191162
0.368616780045	392.448547363
0.371519274376	392.221923828
0.374421768707	392.221923828
0.377324263039	392.221923828
0.38022675737	392.221923828
0.383129251701	392.675292969
0.386031746032	392.902191162
0.388934240363	393.35635376
0.391836734694	393.583618164
0.394739229025	393.811035156
0.397641723356	393.811035156
0.400544217687	393.811035156
0.403446712018	393.583618164
0.406349206349	393.583618164
0.40925170068	393.583618164
0.412154195011	393.35635376
0.415056689342	393.583618164
0.417959183673	393.811035156
0.420861678005	394.038574219
0.423764172336	394.266235352
0.426666666667	394.494049072
0.429569160998	394.266235352
0.432471655329	394.266235352
0.43537414966	394.038574219
0.438276643991	393.811035156
0.441179138322	393.811035156
0.444081632653	393.811035156
0.446984126984	393.811035156
0.449886621315	393.583618164
0.452789115646	393.583618164
0.455691609977	393.583618164
0.458594104308	393.583618164
0.461496598639	393.811035156
0.464399092971	393.811035156
0.467301587302	393.811035156
0.470204081633	394.038574219
0.473106575964	394.038574219
0.476009070295	394.266235352
0.478911564626	394.266235352
0.481814058957	394.494049072
0.484716553288	394.721984863
0.487619047619	394.950042725
0.49052154195	394.950042725
0.493424036281	394.950042725
0.496326530612	395.178253174
0.499229024943	395.406585693
0.502131519274	395.406585693
0.505034013605	395.406585693
0.507936507937	395.406585693
0.510839002268	395.406585693
0.513741496599	395.406585693
0.51664399093	395.178253174
0.519546485261	395.178253174
0.522448979592	394.721984863
0.525351473923	394.494049072
0.528253968254	394.266235352
0.531156462585	393.811035156
0.534058956916	393.583618164
0.536961451247	393.583618164
0.539863945578	393.35635376
0.542766439909	393.129211426
0.54566893424	393.129211426
0.548571428571	393.129211426
0.551473922902	393.129211426
0.554376417234	393.129211426
0.557278911565	393.35635376
0.560181405896	393.35635376
0.563083900227	393.35635376
0.565986394558	393.583618164
0.568888888889	393.583618164
0.57179138322	393.583618164
0.574693877551	393.583618164
0.577596371882	393.35635376
0.580498866213	393.35635376
0.583401360544	393.129211426
0.586303854875	393.129211426
0.589206349206	393.129211426
0.592108843537	393.129211426
0.595011337868	393.129211426
0.5979138322	392.902191162
0.600816326531	392.902191162
0.603718820862	392.902191162
0.606621315193	392.902191162
0.609523809524	392.902191162
0.612426303855	392.902191162
0.615328798186	392.902191162
0.618231292517	392.902191162
0.621133786848	392.902191162
0.624036281179	392.902191162
0.62693877551	392.902191162
0.629841269841	392.902191162
0.632743764172	392.902191162
0.635646258503	392.902191162
0.638548752834	392.902191162
0.641451247166	392.902191162
0.644353741497	392.902191162
0.647256235828	392.902191162
0.650158730159	392.902191162
0.65306122449	392.902191162
0.655963718821	392.902191162
0.658866213152	392.902191162
0.661768707483	392.902191162
0.664671201814	392.902191162
0.667573696145	392.902191162
0.670476190476	392.902191162
0.673378684807	393.129211426
0.676281179138	393.35635376
0.679183673469	393.583618164
0.6820861678	393.583618164
0.684988662132	392.902191162
0.687891156463	391.316741943
0.690793650794	389.287719727
0.693696145125	386.152374268
0.696598639456	382.821044922
0.699501133787	380.61618042
0.702403628118	378.205474854
0.705306122449	376.027160645
0.70820861678	374.293548584
0.711111111111	372.567932129
0.714013605442	371.278961182
0.716916099773	370.422119141
0.719818594104	369.994415283
0.722721088435	369.780761719
0.725623582766	369.994415283
0.728526077098	370.850280762
0.731428571429	371.708129883
0.73433106576	372.352783203
0.737233560091	372.567932129
0.740136054422	372.352783203
0.743038548753	372.352783203
0.745941043084	371.92288208
0.748843537415	371.493469238
0.751746031746	371.278961182
0.754648526077	370.850280762
0.757551020408	370.850280762
0.760453514739	371.064544678
0.76335600907	371.278961182
0.766258503401	371.493469238
0.769160997732	372.137786865
0.772063492063	372.567932129
0.774965986395	373.214111328
0.777868480726	373.86138916
0.780770975057	373.86138916
0.783673469388	373.645507812
0.786575963719	372.998596191
0.78947845805	372.352783203
0.792380952381	371.708129883
0.795283446712	371.278961182
0.798185941043	371.064544678
0.801088435374	371.064544678
0.803990929705	371.278961182
0.806893424036	371.92288208
0.809795918367	372.567932129
0.812698412698	373.214111328
0.815600907029	373.645507812
0.818503401361	373.645507812
0.821405895692	373.429748535
0.824308390023	372.783203125
0.827210884354	372.137786865
0.830113378685	371.493469238
0.833015873016	370.850280762
0.835918367347	370.636138916
0.838820861678	370.636138916
0.841723356009	370.850280762
0.84462585034	371.278961182
0.847528344671	371.708129883
0.850430839002	372.137786865
0.853333333333	372.352783203
0.856235827664	372.783203125
0.859138321995	372.783203125
0.862040816327	372.567932129
0.864943310658	371.92288208
0.867845804989	371.278961182
0.87074829932	370.850280762
0.873650793651	370.636138916
0.876553287982	370.636138916
0.879455782313	370.636138916
0.882358276644	371.064544678
0.885260770975	371.493469238
0.888163265306	372.352783203
0.891065759637	372.998596191
0.893968253968	373.429748535
0.896870748299	373.429748535
0.89977324263	372.998596191
0.902675736961	372.783203125
0.905578231293	372.567932129
0.908480725624	372.998596191
0.911383219955	372.783203125
0.914285714286	372.137786865
0.917188208617	313.653167725
0.920090702948	313.472045898
0.922993197279	312.929321289
0.92589569161	312.748626709
0.928798185941	312.748626709
0.931700680272	312.748626709
0.934603174603	312.748626709
0.937505668934	312.387542725
0.940408163265	312.026855469
0.943310657596	312.026855469
0.946213151927	312.20715332
0.949115646259	312.929321289
0.95201814059	313.834411621
0.954920634921	314.378723145
0.957823129252	314.56036377
0.960725623583	314.742095947
0.963628117914	314.378723145
0.966530612245	314.01574707
0.969433106576	313.291046143
0.972335600907	312.387542725
0.975238095238	311.666595459
0.978140589569	311.126983643
0.9810430839	310.76776123
0.983945578231	311.126983643
0.986848072562	311.486633301
0.989750566893	311.846679688
0.992653061224	312.026855469
0.995555555556	312.20715332
0.998458049887	312.20715332
1.00136054422	311.846679688
1.00426303855	311.486633301
1.00716553288	310.94732666
1.01006802721	310.408966064
1.01297052154	310.050567627
1.01587301587	309.871520996
1.0187755102	309.871520996
1.02167800454	310.229705811
1.02458049887	310.408966064
1.0274829932	310.588317871
1.03038548753	310.94732666
1.03328798186	311.306762695
1.03619047619	311.666595459
1.03909297052	312.026855469
1.04199546485	312.20715332
1.04489795918	312.387542725
1.04780045351	312.568023682
1.05070294785	312.20715332
1.05360544218	312.387542725
1.05650793651	312.20715332
1.05941043084	312.026855469
1.06231292517	311.666595459
1.0652154195	311.486633301
1.06811791383	311.486633301
1.07102040816	311.306762695
1.07392290249	311.486633301
1.07682539683	311.306762695
1.07972789116	311.486633301
1.08263038549	311.666595459
1.08553287982	311.846679688
1.08843537415	311.666595459
1.09133786848	311.666595459
1.09424036281	311.666595459
1.09714285714	311.666595459
1.10004535147	311.666595459
1.1029478458	311.486633301
1.10585034014	311.486633301
1.10875283447	311.306762695
1.1116553288	311.306762695
1.11455782313	311.306762695
1.11746031746	311.306762695
1.12036281179	310.94732666
1.12326530612	310.76776123
1.12616780045	311.126983643
1.12907029478	311.306762695
1.13197278912	310.408966064
1.13487528345	310.050567627
1.13777777778	368.714324951
1.14068027211	368.714324951
1.14358276644	368.501434326
1.14648526077	369.567230225
1.1493877551	370.208190918
1.15229024943	371.493469238
1.15519274376	372.137786865
1.1580952381	372.567932129
1.16099773243	372.998596191
1.16390022676	373.214111328
1.16680272109	373.645507812
1.16970521542	373.645507812
1.17260770975	373.429748535
1.17551020408	372.998596191
1.17841269841	372.352783203
1.18131519274	371.708129883
1.18421768707	371.278961182
1.18712018141	370.850280762
1.19002267574	370.636138916
1.19292517007	370.636138916
1.1958276644	370.422119141
1.19873015873	370.636138916
1.20163265306	370.850280762
1.20453514739	371.278961182
1.20743764172	371.493469238
1.21034013605	371.92288208
1.21324263039	371.92288208
1.21614512472	371.92288208
1.21904761905	371.92288208
1.22195011338	372.137786865
1.22485260771	372.137786865
1.22775510204	372.137786865
1.23065759637	372.137786865
1.2335600907	372.352783203
1.23646258503	372.567932129
1.23936507937	372.783203125
1.2422675737	372.783203125
1.24517006803	372.567932129
1.24807256236	372.567932129
1.25097505669	372.137786865
1.25387755102	371.92288208
1.25678004535	371.92288208
1.25968253968	371.92288208
1.26258503401	371.708129883
1.26548752834	371.708129883
1.26839002268	371.92288208
1.27129251701	372.137786865
1.27419501134	372.137786865
1.27709750567	372.352783203
1.28	372.352783203
1.28290249433	372.137786865
1.28580498866	372.137786865
1.28870748299	371.92288208
1.29160997732	371.708129883
1.29451247166	371.493469238
1.29741496599	371.278961182
1.30031746032	371.064544678
1.30321995465	371.064544678
1.30612244898	371.278961182
1.30902494331	371.278961182
1.31192743764	371.493469238
1.31482993197	371.708129883
1.3177324263	371.708129883
1.32063492063	371.708129883
1.32353741497	371.708129883
1.3264399093	371.708129883
1.32934240363	371.708129883
1.33224489796	371.493469238
1.33514739229	371.493469238
1.33804988662	371.493469238
1.34095238095	371.708129883
1.34385487528	371.708129883
1.34675736961	371.92288208
1.34965986395	372.137786865
1.35256235828	372.137786865
1.35546485261	372.137786865
1.35836734694	372.137786865
1.36126984127	372.137786865
1.3641723356	371.92288208
1.36707482993	371.92288208
1.36997732426	371.708129883
1.37287981859	371.708129883
1.37578231293	371.708129883
1.37868480726	371.708129883
1.38158730159	371.708129883
1.38448979592	371.708129883
1.38739229025	371.92288208
1.39029478458	371.92288208
1.39319727891	372.137786865
1.39609977324	372.137786865
1.39900226757	372.137786865
1.4019047619	372.137786865
1.40480725624	372.137786865
1.40770975057	372.137786865
1.4106122449	371.92288208
1.41351473923	371.92288208
1.41641723356	371.92288208
1.41931972789	371.92288208
1.42222222222	371.92288208
1.42512471655	371.92288208
1.42802721088	372.137786865
1.43092970522	372.137786865
1.43383219955	372.137786865
1.43673469388	371.493469238
1.43963718821	369.567230225
1.44253968254	367.438690186
1.44544217687	365.744659424
1.4483446712	364.689880371
1.45124716553	364.900604248
1.45414965986	364.689880371
1.4570521542	366.802520752
1.45995464853	372.137786865
1.46285714286	375.810028076
1.46575963719	379.737762451
1.46866213152	383.042236328
1.47156462585	385.038726807
1.47446712018	385.929382324
1.47736961451	386.375488281
1.48027210884	387.269226074
1.48317460317	387.940887451
1.48607709751	388.613739014
1.48897959184	389.287719727
1.49188208617	389.962890625
1.4947845805	391.769073486
1.49768707483	392.448547363
1.50058956916	393.35635376
1.50349206349	394.266235352
1.50639455782	394.950042725
1.50929705215	394.721984863
1.51219954649	394.494049072
1.51510204082	393.811035156
1.51800453515	392.902191162
1.52090702948	391.995422363
1.52380952381	391.090789795
1.52671201814	390.413665771
1.52961451247	390.864929199
1.5325170068	391.54284668
1.53541950113	392.448547363
1.53832199546	393.583618164
1.5412244898	394.721984863
1.54412698413	395.635040283
1.54702947846	396.092346191
1.54993197279	396.092346191
1.55283446712	395.635040283
1.55573696145	394.950042725
1.55863945578	393.811035156
1.56154195011	392.448547363
1.56444444444	391.316741943
1.56734693878	390.413665771
1.57024943311	389.962890625
1.57315192744	389.737701416
1.57605442177	389.962890625
1.5789569161	390.188201904
1.58185941043	390.864929199
1.58476190476	391.54284668
1.58766439909	392.221923828
1.59056689342	392.675292969
1.59346938776	392.902191162
1.59637188209	393.129211426
1.59927437642	392.902191162
1.60217687075	392.675292969
1.60507936508	392.448547363
1.60798185941	392.221923828
1.61088435374	392.448547363
1.61378684807	392.448547363
1.6166893424	392.675292969
1.61959183673	392.902191162
1.62249433107	393.35635376
1.6253968254	393.811035156
1.62829931973	394.266235352
1.63120181406	394.494049072
1.63410430839	394.494049072
1.63700680272	394.721984863
1.63990929705	394.494049072
1.64281179138	394.266235352
1.64571428571	393.811035156
1.64861678005	393.583618164
1.65151927438	393.35635376
1.65442176871	393.129211426
1.65732426304	392.902191162
1.66022675737	392.902191162
1.6631292517	392.448547363
1.66603174603	392.221923828
1.66893424036	392.448547363
1.67183673469	392.902191162
1.67473922902	393.35635376
1.67764172336	393.811035156
1.68054421769	394.494049072
1.68344671202	394.721984863
1.68634920635	394.950042725
1.68925170068	395.178253174
1.69215419501	395.178253174
1.69505668934	394.721984863
1.69795918367	394.266235352
1.700861678	393.811035156
1.70376417234	393.583618164
1.70666666667	393.35635376
1.709569161	393.35635376
1.71247165533	393.35635376
1.71537414966	393.583618164
1.71827664399	393.811035156
1.72117913832	394.038574219
1.72408163265	394.494049072
1.72698412698	394.950042725
1.72988662132	395.406585693
1.73278911565	395.635040283
1.73569160998	393.129211426
1.73859410431	393.35635376
1.74149659864	393.811035156
1.74439909297	394.721984863
1.7473015873	394.494049072
1.75020408163	393.129211426
1.75310657596	394.721984863
1.75600907029	0.0
1.75891156463	0.0
1.76181405896	0.0
1.76471655329	0.0
1.76761904762	0.0
1.77052154195	0.0
1.77342403628	0.0
1.77632653061	0.0
1.77922902494	0.0
1.78213151927	0.0
1.78503401361	0.0
1.78793650794	0.0
1.79083900227	0.0
1.7937414966	0.0
1.79664399093	0.0
1.79954648526	0.0
1.80244897959	0.0
1.80535147392	0.0
1.80825396825	0.0
1.81115646259	0.0
1.81405895692	0.0
1.81696145125	0.0
1.81986394558	0.0
1.82276643991	0.0
1.82566893424	0.0
1.82857142857	0.0
1.8314739229	0.0
1.83437641723	0.0
1.83727891156	0.0
1.8401814059	0.0
1.84308390023	0.0
1.84598639456	0.0
1.84888888889	0.0
1.85179138322	0.0
1.85469387755	0.0
1.85759637188	0.0
1.86049886621	0.0
1.86340136054	0.0
1.86630385488	0.0
1.86920634921	0.0
1.87210884354	0.0
1.87501133787	0.0
1.8779138322	0.0
1.88081632653	0.0
1.88371882086	0.0
1.88662131519	0.0
1.88952380952	0.0
1.89242630385	0.0
1.89532879819	0.0
1.89823129252	0.0
1.90113378685	0.0
1.90403628118	0.0
1.90693877551	0.0
1.90984126984	0.0
1.91274376417	0.0
1.9156462585	0.0
1.91854875283	0.0
1.92145124717	0.0
1.9243537415	0.0
1.92725623583	0.0
1.93015873016	0.0
1.93306122449	0.0
1.93596371882	0.0
1.93886621315	0.0
1.94176870748	0.0
1.94467120181	0.0
1.94757369615	0.0
1.95047619048	0.0
1.95337868481	0.0
1.95628117914	0.0
1.95918367347	0.0
1.9620861678	0.0
1.96498866213	0.0
1.96789115646	0.0
1.97079365079	0.0
1.97369614512	0.0
1.97659863946	0.0
1.97950113379	0.0
1.98240362812	0.0
1.98530612245	0.0
1.98820861678	0.0
1.99111111111	0.0
1.99401360544	0.0
1.99691609977	0.0
1.9998185941	0.0
2.00272108844	0.0
2.00562358277	0.0
2.0085260771	0.0
2.01142857143	0.0
2.01433106576	0.0
2.01723356009	0.0
2.02013605442	0.0
2.02303854875	0.0
2.02594104308	0.0
2.02884353741	0.0
2.03174603175	0.0
2.03464852608	0.0
2.03755102041	0.0
2.04045351474	0.0
2.04335600907	0.0
2.0462585034	0.0
2.04916099773	0.0
2.05206349206	0.0
2.05496598639	0.0
2.05786848073	0.0
2.06077097506	0.0
2.06367346939	0.0
2.06657596372	0.0
2.06947845805	0.0
2.07238095238	0.0
2.07528344671	0.0
2.07818594104	0.0
2.08108843537	390.864929199
2.08399092971	386.375488281
2.08689342404	385.261199951
2.08979591837	384.150115967
2.0926984127	383.485015869
2.09560090703	384.816375732
2.09850340136	386.375488281
2.10140589569	386.598724365
2.10430839002	387.940887451
2.10721088435	389.737701416
2.11011337868	391.54284668
2.11301587302	392.902191162
2.11591836735	393.811035156
2.11882086168	394.266235352
2.12172335601	394.494049072
2.12462585034	394.721984863
2.12752834467	394.038574219
2.130430839	392.902191162
2.13333333333	391.090789795
2.13623582766	390.639221191
2.139138322	389.737701416
2.14204081633	389.737701416
2.14494331066	390.188201904
2.14784580499	390.864929199
2.15074829932	391.995422363
2.15365079365	392.902191162
2.15655328798	393.583618164
2.15945578231	394.266235352
2.16235827664	394.494049072
2.16526077098	394.494049072
2.16816326531	394.721984863
2.17106575964	394.950042725
2.17396825397	395.178253174
2.1768707483	395.635040283
2.17977324263	395.635040283
2.18267573696	395.178253174
2.18557823129	394.721984863
2.18848072562	394.266235352
2.19138321995	393.811035156
2.19428571429	393.129211426
2.19718820862	392.448547363
2.20009070295	392.221923828
2.20299319728	391.995422363
2.20589569161	391.769073486
2.20879818594	391.54284668
2.21170068027	391.54284668
2.2146031746	391.995422363
2.21750566893	392.221923828
2.22040816327	392.675292969
2.2233106576	393.129211426
2.22621315193	393.583618164
2.22911564626	393.811035156
2.23201814059	393.583618164
2.23492063492	393.129211426
2.23782312925	392.675292969
2.24072562358	392.221923828
2.24362811791	391.995422363
2.24653061224	391.995422363
2.24943310658	391.995422363
2.25233560091	392.221923828
2.25523809524	392.448547363
2.25814058957	392.675292969
2.2610430839	393.129211426
2.26394557823	393.583618164
2.26684807256	393.811035156
2.26975056689	394.266235352
2.27265306122	394.266235352
2.27555555556	394.038574219
2.27845804989	393.583618164
2.28136054422	393.35635376
2.28426303855	393.35635376
2.28716553288	393.583618164
2.29006802721	394.038574219
2.29297052154	394.266235352
2.29587301587	394.721984863
2.2987755102	394.494049072
2.30167800454	394.266235352
2.30458049887	394.266235352
2.3074829932	393.811035156
2.31038548753	393.811035156
2.31328798186	393.811035156
2.31619047619	393.811035156
2.31909297052	393.583618164
2.32199546485	393.35635376
2.32489795918	393.35635376
2.32780045351	393.35635376
2.33070294785	393.583618164
2.33360544218	393.811035156
2.33650793651	393.811035156
2.33941043084	394.038574219
2.34231292517	394.038574219
2.3452154195	394.038574219
2.34811791383	394.038574219
2.35102040816	394.038574219
2.35392290249	394.494049072
2.35682539683	394.721984863
2.35972789116	394.721984863
2.36263038549	394.721984863
2.36553287982	394.721984863
2.36843537415	394.721984863
2.37133786848	394.950042725
2.37424036281	395.178253174
2.37714285714	395.635040283
2.38004535147	395.635040283
2.3829478458	395.635040283
2.38585034014	395.635040283
2.38875283447	395.635040283
2.3916553288	395.178253174
2.39455782313	394.950042725
2.39746031746	394.721984863
2.40036281179	394.494049072
2.40326530612	394.266235352
2.40616780045	394.038574219
2.40907029478	393.811035156
2.41197278912	393.811035156
2.41487528345	393.35635376
2.41777777778	393.35635376
2.42068027211	393.129211426
2.42358276644	393.129211426
2.42648526077	393.129211426
2.4293877551	393.129211426
2.43229024943	393.35635376
2.43519274376	393.35635376
2.4380952381	393.583618164
2.44099773243	393.583618164
2.44390022676	393.583618164
2.44680272109	393.583618164
2.44970521542	393.583618164
2.45260770975	393.583618164
2.45551020408	393.35635376
2.45841269841	393.129211426
2.46131519274	392.902191162
2.46421768707	392.902191162
2.46712018141	392.902191162
2.47002267574	392.902191162
2.47292517007	393.129211426
2.4758276644	393.129211426
2.47873015873	393.129211426
2.48163265306	393.129211426
2.48453514739	393.129211426
2.48743764172	392.902191162
2.49034013605	392.902191162
2.49324263039	392.902191162
2.49614512472	392.902191162
2.49904761905	392.902191162
2.50195011338	392.902191162
2.50485260771	392.902191162
2.50775510204	392.902191162
2.51065759637	392.902191162
2.5135600907	392.902191162
2.51646258503	392.902191162
2.51936507937	392.902191162
2.5222675737	392.902191162
2.52517006803	392.902191162
2.52807256236	392.902191162
2.53097505669	392.902191162
2.53387755102	392.902191162
2.53678004535	392.902191162
2.53968253968	392.902191162
2.54258503401	392.902191162
2.54548752834	392.902191162
2.54839002268	392.902191162
2.55129251701	392.902191162
2.55419501134	392.902191162
2.55709750567	392.675292969
2.56	392.675292969
2.56290249433	392.902191162
2.56580498866	392.902191162
2.56870748299	392.902191162
2.57160997732	392.902191162
2.57451247166	392.902191162
2.57741496599	392.902191162
2.58031746032	392.902191162
2.58321995465	392.902191162
2.58612244898	392.902191162
2.58902494331	392.902191162
2.59192743764	392.902191162
2.59482993197	392.675292969
2.5977324263	392.675292969
2.60063492063	392.675292969
2.60353741497	392.675292969
2.6064399093	392.675292969
2.60934240363	392.675292969
2.61224489796	392.902191162
2.61514739229	392.675292969
2.61804988662	392.902191162
2.62095238095	392.675292969
2.62385487528	392.675292969
2.62675736961	392.675292969
2.62965986395	392.675292969
2.63256235828	392.675292969
2.63546485261	392.675292969
2.63836734694	392.902191162
2.64126984127	392.902191162
2.6441723356	392.902191162
2.64707482993	392.902191162
2.64997732426	392.675292969
2.65287981859	392.902191162
2.65578231293	392.902191162
2.65868480726	392.902191162
2.66158730159	392.675292969
2.66448979592	392.675292969
2.66739229025	392.675292969
2.67029478458	392.675292969
2.67319727891	392.448547363
2.67609977324	391.769073486
2.67900226757	390.864929199
2.6819047619	389.737701416
2.68480725624	387.716888428
2.68770975057	384.372070312
2.6906122449	377.987060547
2.69351473923	371.064544678
2.69641723356	367.014434814
2.69931972789	364.900604248
2.70222222222	364.268829346
2.70512471655	365.533477783
2.70802721088	368.075958252
2.71092970522	371.064544678
2.71383219955	373.429748535
2.71673469388	374.726196289
2.71963718821	375.159362793
2.72253968254	375.159362793
2.72544217687	374.50982666
2.7283446712	374.077423096
2.73124716553	373.429748535
2.73414965986	372.352783203
2.7370521542	371.278961182
2.73995464853	370.208190918
2.74285714286	369.780761719
2.74575963719	369.567230225
2.74866213152	369.780761719
2.75156462585	370.422119141
2.75446712018	371.064544678
2.75736961451	371.92288208
2.76027210884	372.783203125
2.76317460317	373.214111328
2.76607709751	372.998596191
2.76897959184	372.783203125
2.77188208617	372.352783203
2.7747845805	371.92288208
2.77768707483	371.493469238
2.78058956916	371.278961182
2.78349206349	371.493469238
2.78639455782	371.708129883
2.78929705215	372.137786865
2.79219954649	372.567932129
2.79510204082	372.998596191
2.79800453515	373.429748535
2.80090702948	373.429748535
2.80380952381	373.214111328
2.80671201814	372.998596191
2.80961451247	372.567932129
2.8125170068	372.137786865
2.81541950113	371.708129883
2.81832199546	371.278961182
2.8212244898	371.064544678
2.82412698413	371.064544678
2.82702947846	371.278961182
2.82993197279	371.493469238
2.83283446712	371.92288208
2.83573696145	372.137786865
2.83863945578	372.567932129
2.84154195011	372.567932129
2.84444444444	372.567932129
2.84734693878	372.137786865
2.85024943311	371.708129883
2.85315192744	371.278961182
2.85605442177	370.850280762
2.8589569161	370.636138916
2.86185941043	370.850280762
2.86476190476	371.064544678
2.86766439909	371.278961182
2.87056689342	371.708129883
2.87346938776	371.92288208
2.87637188209	372.137786865
2.87927437642	372.137786865
2.88217687075	371.92288208
2.88507936508	371.708129883
2.88798185941	371.708129883
2.89088435374	371.493469238
2.89378684807	371.493469238
2.8966893424	371.493469238
2.89959183673	371.708129883
2.90249433107	371.92288208
2.9053968254	371.92288208
2.90829931973	372.352783203
2.91120181406	372.352783203
2.91410430839	372.352783203
2.91700680272	372.352783203
2.91990929705	372.352783203
2.92281179138	372.137786865
2.92571428571	371.92288208
2.92861678005	371.708129883
2.93151927438	371.493469238
2.93442176871	371.278961182
2.93732426304	371.278961182
2.94022675737	371.278961182
2.9431292517	371.708129883
2.94603174603	371.92288208
2.94893424036	372.352783203
2.95183673469	372.783203125
2.95473922902	372.783203125
2.95764172336	372.783203125
2.96054421769	372.567932129
2.96344671202	372.137786865
2.96634920635	371.92288208
2.96925170068	371.493469238
2.97215419501	371.493469238
2.97505668934	371.493469238
2.97795918367	371.708129883
2.980861678	371.708129883
2.98376417234	371.92288208
2.98666666667	372.137786865
2.989569161	372.352783203
2.99247165533	372.137786865
2.99537414966	371.92288208
2.99827664399	371.92288208
3.00117913832	371.708129883
3.00408163265	371.708129883
3.00698412698	371.92288208
3.00988662132	371.92288208
3.01278911565	371.493469238
3.01569160998	371.92288208
3.01859410431	373.214111328
3.02149659864	375.37612915
3.02439909297	377.55065918
3.0273015873	380.836090088
3.03020408163	382.600006104
3.03310657596	384.816375732
3.03600907029	387.045593262
3.03891156463	389.737701416
3.04181405896	392.221923828
3.04471655329	394.721984863
3.04761904762	396.779327393
3.05052154195	397.926940918
3.05342403628	397.467498779
3.05632653061	396.550201416
3.05922902494	394.494049072
3.06213151927	391.995422363
3.06503401361	389.737701416
3.06793650794	388.389312744
3.07083900227	388.389312744
3.0737414966	388.838256836
3.07664399093	389.512664795
3.07954648526	390.639221191
3.08244897959	391.54284668
3.08535147392	392.675292969
3.08825396825	393.583618164
3.09115646259	394.266235352
3.09405895692	395.406585693
3.09696145125	396.092346191
3.09986394558	396.550201416
3.10276643991	396.779327393
3.10566893424	396.779327393
3.10857142857	396.092346191
3.1114739229	395.178253174
3.11437641723	394.266235352
3.11727891156	393.35635376
3.1201814059	392.448547363
3.12308390023	391.769073486
3.12598639456	391.090789795
3.12888888889	390.864929199
3.13179138322	390.639221191
3.13469387755	390.864929199
3.13759637188	391.090789795
3.14049886621	391.769073486
3.14340136054	392.448547363
3.14630385488	392.902191162
3.14920634921	393.583618164
3.15210884354	393.583618164
3.15501133787	393.583618164
3.1579138322	393.583618164
3.16081632653	393.129211426
3.16371882086	392.675292969
3.16662131519	392.221923828
3.16952380952	391.995422363
3.17242630385	391.769073486
3.17532879819	391.995422363
3.17823129252	392.448547363
3.18113378685	392.902191162
3.18403628118	393.35635376
3.18693877551	393.811035156
3.18984126984	394.038574219
3.19274376417	394.266235352
3.1956462585	394.038574219
3.19854875283	393.811035156
3.20145124717	393.583618164
3.2043537415	393.129211426
3.20725623583	392.902191162
3.21015873016	392.675292969
3.21306122449	392.448547363
3.21596371882	392.675292969
3.21886621315	393.129211426
3.22176870748	393.583618164
3.22467120181	394.038574219
3.22757369615	394.266235352
3.23047619048	394.721984863
3.23337868481	394.721984863
3.23628117914	394.721984863
3.23918367347	394.721984863
3.2420861678	394.494049072
3.24498866213	394.038574219
3.24789115646	393.811035156
3.25079365079	393.35635376
3.25369614512	393.129211426
3.25659863946	393.129211426
3.25950113379	393.129211426
3.26240362812	393.129211426
3.26530612245	393.35635376
3.26820861678	393.35635376
3.27111111111	393.583618164
3.27401360544	393.811035156
3.27691609977	394.038574219
3.2798185941	394.266235352
3.28272108844	394.950042725
3.28562358277	394.950042725
3.2885260771	395.178253174
3.29142857143	395.178253174
3.29433106576	395.178253174
3.29723356009	395.178253174
3.30013605442	395.406585693
3.30303854875	395.406585693
3.30594104308	395.863616943
3.30884353741	396.092346191
3.31174603175	396.092346191
3.31464852608	395.406585693
3.31755102041	393.583618164
3.32045351474	390.188201904
3.32335600907	384.594146729
3.3262585034	381.937561035
3.32916099773	376.46182251
3.33206349206	374.077423096
3.33496598639	372.998596191
3.33786848073	372.567932129
3.34077097506	371.92288208
3.34367346939	371.92288208
3.34657596372	372.137786865
3.34947845805	372.352783203
3.35238095238	372.352783203
3.35528344671	372.567932129
3.35818594104	372.783203125
3.36108843537	372.783203125
3.36399092971	372.567932129
3.36689342404	372.137786865
3.36979591837	371.493469238
3.3726984127	370.850280762
3.37560090703	370.636138916
3.37850340136	370.208190918
3.38140589569	370.422119141
3.38430839002	370.636138916
3.38721088435	371.064544678
3.39011337868	371.278961182
3.39301587302	371.493469238
3.39591836735	371.92288208
3.39882086168	372.352783203
3.40172335601	372.998596191
3.40462585034	373.429748535
3.40752834467	373.645507812
3.410430839	373.645507812
3.41333333333	373.429748535
3.41623582766	372.783203125
3.419138322	372.352783203
3.42204081633	371.708129883
3.42494331066	371.493469238
3.42784580499	371.278961182
3.43074829932	371.493469238
3.43365079365	371.493469238
3.43655328798	371.92288208
3.43945578231	372.352783203
3.44235827664	372.567932129
3.44526077098	372.783203125
3.44816326531	372.998596191
3.45106575964	372.783203125
3.45396825397	372.567932129
3.4568707483	372.137786865
3.45977324263	371.708129883
3.46267573696	371.493469238
3.46557823129	371.064544678
3.46848072562	371.064544678
3.47138321995	371.278961182
3.47428571429	371.278961182
3.47718820862	371.708129883
3.48009070295	371.708129883
3.48299319728	372.137786865
3.48589569161	372.137786865
3.48879818594	372.137786865
3.49170068027	371.708129883
3.4946031746	371.493469238
3.49750566893	371.064544678
3.50040816327	370.850280762
3.5033106576	370.636138916
3.50621315193	370.636138916
3.50911564626	371.064544678
3.51201814059	371.493469238
3.51492063492	371.92288208
3.51782312925	372.352783203
3.52072562358	372.783203125
3.52362811791	372.998596191
3.52653061224	372.783203125
3.52943310658	372.352783203
3.53233560091	371.92288208
3.53523809524	371.708129883
3.53814058957	371.493469238
3.5410430839	371.278961182
3.54394557823	371.064544678
3.54684807256	371.278961182
3.54975056689	371.493469238
3.55265306122	371.92288208
3.55555555556	372.352783203
3.55845804989	372.567932129
3.56136054422	372.567932129
3.56426303855	372.567932129
3.56716553288	372.137786865
3.57006802721	371.92288208
3.57297052154	371.493469238
3.57587301587	371.493469238
3.5787755102	371.493469238
3.58167800454	371.493469238
3.58458049887	371.708129883
3.5874829932	371.92288208
3.59038548753	372.137786865
3.59328798186	372.352783203
3.59619047619	372.567932129
3.59909297052	372.567932129
3.60199546485	372.998596191
3.60489795918	373.429748535
3.60780045351	373.86138916
3.61070294785	373.429748535
3.61360544218	372.998596191
3.61650793651	371.92288208
3.61941043084	370.850280762
3.62231292517	370.208190918
3.6252154195	370.208190918
3.62811791383	370.850280762
3.63102040816	312.387542725
3.63392290249	312.026855469
3.63682539683	311.666595459
3.63972789116	310.76776123
3.64263038549	310.050567627
3.64553287982	310.408966064
3.64843537415	310.94732666
3.65133786848	311.666595459
3.65424036281	312.026855469
3.65714285714	312.026855469
3.66004535147	312.387542725
3.6629478458	312.929321289
3.66585034014	313.472045898
3.66875283447	313.291046143
3.6716553288	313.110137939
3.67455782313	312.929321289
3.67746031746	312.929321289
3.68036281179	313.291046143
3.68326530612	313.653167725
3.68616780045	313.653167725
3.68907029478	313.291046143
3.69197278912	312.929321289
3.69487528345	312.568023682
3.69777777778	312.387542725
3.70068027211	312.20715332
3.70358276644	312.026855469
3.70648526077	311.846679688
3.7093877551	312.026855469
3.71229024943	312.387542725
3.71519274376	312.929321289
3.7180952381	313.653167725
3.72099773243	314.378723145
3.72390022676	314.56036377
3.72680272109	314.56036377
3.72970521542	314.197174072
3.73260770975	313.834411621
3.73551020408	313.110137939
3.73841269841	312.387542725
3.74131519274	311.486633301
3.74421768707	310.94732666
3.74712018141	310.76776123
3.75002267574	310.94732666
3.75292517007	311.306762695
3.7558276644	311.846679688
3.75873015873	312.20715332
3.76163265306	312.20715332
3.76453514739	312.026855469
3.76743764172	311.846679688
3.77034013605	311.306762695
3.77324263039	310.76776123
3.77614512472	310.408966064
3.77904761905	310.229705811
3.78195011338	310.229705811
3.78485260771	310.408966064
3.78775510204	310.588317871
3.79065759637	310.76776123
3.7935600907	310.76776123
3.79646258503	310.94732666
3.79936507937	311.306762695
3.8022675737	311.846679688
3.80517006803	312.20715332
3.80807256236	312.568023682
3.81097505669	312.568023682
3.81387755102	312.387542725
3.81678004535	312.568023682
3.81968253968	312.387542725
3.82258503401	312.20715332
3.82548752834	311.846679688
3.82839002268	311.486633301
3.83129251701	311.486633301
3.83419501134	311.486633301
3.83709750567	311.486633301
3.84	311.666595459
3.84290249433	311.666595459
3.84580498866	311.666595459
3.84870748299	311.666595459
3.85160997732	311.666595459
3.85451247166	311.666595459
3.85741496599	311.846679688
3.86031746032	311.846679688
3.86321995465	311.846679688
3.86612244898	311.846679688
3.86902494331	311.846679688
3.87192743764	311.846679688
3.87482993197	311.846679688
3.8777324263	311.666595459
3.88063492063	311.486633301
3.88353741497	311.306762695
3.8864399093	311.306762695
3.88934240363	311.126983643
3.89224489796	310.588317871
3.89514739229	310.229705811
3.89804988662	312.387542725
3.90095238095	311.846679688
3.90385487528	310.050567627
3.90675736961	289.789123535
3.90965986395	302.444458008
3.91256235828	302.095245361
3.91546485261	303.319213867
3.91836734694	303.669830322
3.92126984127	304.196502686
3.9241723356	304.548126221
3.92707482993	303.144042969
3.92997732426	302.444458008
3.93287981859	301.224029541
3.93578231293	300.008544922
3.93868480726	298.452941895
3.94158730159	296.905426025
3.94448979592	295.536621094
3.94739229025	294.684295654
3.95029478458	294.174102783
3.95319727891	293.834442139
3.95609977324	293.495178223
3.95900226757	293.834442139
3.9619047619	294.174102783
3.96480725624	294.514129639
3.96770975057	294.684295654
3.9706122449	294.854553223
3.97351473923	295.195404053
3.97641723356	295.195404053
3.97931972789	295.365936279
3.98222222222	295.707366943
3.98512471655	295.878234863
3.98802721088	296.049194336
3.99092970522	295.365936279
3.99383219955	294.854553223
3.99673469388	294.854553223
3.99963718821	294.854553223
4.00253968254	294.514129639
4.00544217687	294.174102783
4.0083446712	294.004211426
4.01124716553	294.854553223
4.01414965986	295.536621094
4.0170521542	295.878234863
4.01995464853	296.220245361
4.02285714286	296.391387939
4.02575963719	296.391387939
4.02866213152	296.049194336
4.03156462585	295.536621094
4.03446712018	295.024932861
4.03736961451	294.684295654
4.04027210884	294.344055176
4.04317460317	294.004211426
4.04607709751	294.004211426
4.04897959184	294.174102783
4.05188208617	294.174102783
4.0547845805	294.344055176
4.05768707483	294.344055176
4.06058956916	294.514129639
4.06349206349	294.854553223
4.06639455782	295.365936279
4.06929705215	295.707366943
4.07219954649	296.220245361
4.07510204082	296.220245361
4.07800453515	296.391387939
4.08090702948	296.220245361
4.08380952381	295.878234863
4.08671201814	295.195404053
4.08961451247	294.684295654
4.0925170068	294.344055176
4.09541950113	294.344055176
4.09832199546	294.344055176
4.1012244898	294.514129639
4.10412698413	294.854553223
4.10702947846	295.024932861
4.10993197279	295.024932861
4.11283446712	295.024932861
4.11573696145	294.854553223
4.11863945578	294.684295654
4.12154195011	294.684295654
4.12444444444	294.684295654
4.12734693878	294.684295654
4.13024943311	295.024932861
4.13315192744	295.195404053
4.13605442177	295.365936279
4.1389569161	295.536621094
4.14185941043	295.536621094
4.14476190476	295.365936279
4.14766439909	295.365936279
4.15056689342	295.195404053
4.15346938776	295.195404053
4.15637188209	295.024932861
4.15927437642	294.854553223
4.16217687075	294.684295654
4.16507936508	294.684295654
4.16798185941	294.684295654
4.17088435374	294.684295654
4.17378684807	294.854553223
4.1766893424	295.024932861
4.17959183673	295.195404053
4.18249433107	295.365936279
4.1853968254	295.536621094
4.18829931973	295.707366943
4.19120181406	295.878234863
4.19410430839	295.878234863
4.19700680272	295.707366943
4.19990929705	295.707366943
4.20281179138	295.536621094
4.20571428571	295.365936279
4.20861678005	294.854553223
4.21151927438	294.174102783
4.21442176871	293.325714111
4.21732426304	292.310882568
4.22022675737	291.46786499
4.2231292517	291.299560547
4.22603174603	291.131347656
4.22893424036	292.648773193
4.23183673469	267.586151123
4.23473922902	263.141143799
4.23764172336	261.927978516
4.24054421769	261.474487305
4.24344671202	261.474487305
4.24634920635	262.079315186
4.24925170068	263.293182373
4.25215419501	264.359924316
4.25505668934	264.512664795
4.25795918367	263.90222168
4.260861678	262.837341309
4.26376417234	261.776733398
4.26666666667	260.871063232
4.269569161	260.419372559
4.27247165533	260.269012451
4.27537414966	260.569854736
4.27827664399	261.323486328
4.28117913832	262.382263184
4.28408163265	262.837341309
4.28698412698	262.685546875
4.28988662132	262.079315186
4.29278911565	261.323486328
4.29569160998	260.871063232
4.29859410431	260.720397949
4.30149659864	261.021789551
4.30439909297	261.776733398
4.3073015873	262.685546875
4.31020408163	263.59753418
4.31310657596	264.054718018
4.31600907029	264.054718018
4.31891156463	263.141143799
4.32181405896	262.230743408
4.32471655329	261.323486328
4.32761904762	261.021789551
4.33052154195	261.021789551
4.33342403628	261.323486328
4.33632653061	262.079315186
4.33922902494	262.989196777
4.34213151927	263.749847412
4.34503401361	264.054718018
4.34793650794	263.749847412
4.35083900227	263.141143799
4.3537414966	262.533874512
4.35664399093	261.927978516
4.35954648526	261.625579834
4.36244897959	261.625579834
4.36535147392	261.927978516
4.36825396825	262.382263184
4.37115646259	262.837341309
4.37405895692	263.293182373
4.37696145125	263.293182373
4.37986394558	263.141143799
4.38276643991	262.837341309
4.38566893424	262.533874512
4.38857142857	262.230743408
4.3914739229	262.079315186
4.39437641723	262.079315186
4.39727891156	262.230743408
4.4001814059	262.382263184
4.40308390023	262.533874512
4.40598639456	262.533874512
4.40888888889	262.382263184
4.41179138322	262.079315186
4.41469387755	261.927978516
4.41759637188	261.927978516
4.42049886621	261.927978516
4.42340136054	262.079315186
4.42630385488	262.382263184
4.42920634921	262.685546875
4.43210884354	262.837341309
4.43501133787	262.837341309
4.4379138322	262.533874512
4.44081632653	262.230743408
4.44371882086	261.776733398
4.44662131519	261.625579834
4.44952380952	261.474487305
4.45242630385	261.474487305
4.45532879819	261.776733398
4.45823129252	262.079315186
4.46113378685	262.230743408
4.46403628118	262.533874512
4.46693877551	262.382263184
4.46984126984	262.230743408
4.47274376417	261.927978516
4.4756462585	261.776733398
4.47854875283	261.474487305
4.48145124717	261.323486328
4.4843537415	261.323486328
4.48725623583	261.474487305
4.49015873016	261.776733398
4.49306122449	261.927978516
4.49596371882	262.079315186
4.49886621315	262.230743408
4.50176870748	262.079315186
4.50467120181	261.927978516
4.50757369615	261.927978516
4.51047619048	261.776733398
4.51337868481	261.776733398
4.51628117914	261.776733398
4.51918367347	261.927978516
4.5220861678	262.079315186
4.52498866213	262.230743408
4.52789115646	262.382263184
4.53079365079	262.230743408
4.53369614512	262.230743408
4.53659863946	262.079315186
4.53950113379	261.927978516
4.54240362812	261.927978516
4.54530612245	262.079315186
4.54820861678	262.079315186
4.55111111111	262.230743408
4.55401360544	262.382263184
4.55691609977	262.382263184
4.5598185941	262.382263184
4.56272108844	262.230743408
4.56562358277	262.079315186
4.5685260771	261.927978516
4.57142857143	261.927978516
4.57433106576	262.079315186
4.57723356009	262.079315186
4.58013605442	262.079315186
4.58303854875	262.230743408
4.58594104308	262.382263184
4.58884353741	262.230743408
4.59174603175	262.230743408
4.59464852608	262.079315186
4.59755102041	262.079315186
4.60045351474	262.079315186
4.60335600907	261.927978516
4.6062585034	262.079315186
4.60916099773	261.927978516
4.61206349206	262.079315186
4.61496598639	262.230743408
4.61786848073	262.230743408
4.62077097506	262.079315186
4.62367346939	262.079315186
4.62657596372	262.079315186
4.62947845805	262.079315186
4.63238095238	262.079315186
4.63528344671	262.230743408
4.63818594104	262.230743408
4.64108843537	262.230743408
4.64399092971	262.382263184
4.64689342404	262.382263184
4.64979591837	262.382263184
4.6526984127	262.382263184
4.65560090703	262.230743408
4.65850340136	262.230743408
4.66140589569	262.230743408
4.66430839002	262.230743408
4.66721088435	262.230743408
4.67011337868	262.079315186
4.67301587302	262.079315186
4.67591836735	262.230743408
4.67882086168	262.230743408
4.68172335601	262.230743408
4.68462585034	262.230743408
4.68752834467	262.079315186
4.690430839	262.230743408
4.69333333333	262.079315186
4.69623582766	262.230743408
4.699138322	262.230743408
4.70204081633	262.230743408
4.70494331066	262.230743408
4.70784580499	262.230743408
4.71074829932	262.230743408
4.71365079365	262.079315186
4.71655328798	262.079315186
4.71945578231	262.079315186
4.72235827664	262.079315186
4.72526077098	262.079315186
4.72816326531	262.079315186
4.73106575964	262.079315186
4.73396825397	262.079315186
4.7368707483	261.927978516
4.73977324263	261.927978516
4.74267573696	261.927978516
4.74557823129	261.927978516
4.74848072562	261.927978516
4.75138321995	261.927978516
4.75428571429	262.079315186
4.75718820862	262.079315186
4.76009070295	262.079315186
4.76299319728	262.079315186
4.76589569161	262.079315186
4.76879818594	262.079315186
4.77170068027	261.927978516
4.7746031746	261.927978516
4.77750566893	261.927978516
4.78040816327	261.927978516
4.7833106576	262.079315186
4.78621315193	262.079315186
4.78911564626	262.079315186
4.79201814059	262.079315186
4.79492063492	262.079315186
4.79782312925	261.927978516
4.80072562358	261.625579834
4.80362811791	261.021789551
4.80653061224	260.871063232
4.80943310658	260.720397949
4.81233560091	260.871063232
4.81523809524	261.323486328
4.81814058957	262.837341309
4.8210430839	263.4453125
4.82394557823	383.485015869
4.82684807256	384.594146729
4.82975056689	385.038726807
4.83265306122	386.375488281
4.83555555556	387.940887451
4.83845804989	389.962890625
4.84136054422	391.54284668
4.84426303855	392.675292969
4.84716553288	393.35635376
4.85006802721	394.038574219
4.85297052154	394.950042725
4.85587301587	394.721984863
4.8587755102	393.811035156
4.86167800454	392.675292969
4.86458049887	390.639221191
4.8674829932	390.188201904
4.87038548753	389.512664795
4.87328798186	389.737701416
4.87619047619	390.188201904
4.87909297052	391.090789795
4.88199546485	391.995422363
4.88489795918	392.675292969
4.88780045351	393.583618164
4.89070294785	394.266235352
4.89360544218	394.494049072
4.89650793651	394.721984863
4.89941043084	394.950042725
4.90231292517	394.950042725
4.9052154195	395.406585693
4.90811791383	395.406585693
4.91102040816	395.406585693
4.91392290249	394.950042725
4.91682539683	394.494049072
4.91972789116	394.038574219
4.92263038549	393.811035156
4.92553287982	393.129211426
4.92843537415	392.675292969
4.93133786848	392.221923828
4.93424036281	391.769073486
4.93714285714	391.769073486
4.94004535147	391.769073486
4.9429478458	391.769073486
4.94585034014	391.769073486
4.94875283447	392.221923828
4.9516553288	392.675292969
4.95455782313	392.902191162
4.95746031746	393.35635376
4.96036281179	393.583618164
4.96326530612	393.35635376
4.96616780045	393.35635376
4.96907029478	392.902191162
4.97197278912	392.675292969
4.97487528345	392.221923828
4.97777777778	391.995422363
4.98068027211	391.995422363
4.98358276644	391.995422363
4.98648526077	392.221923828
4.9893877551	392.448547363
4.99229024943	392.902191162
4.99519274376	393.35635376
4.9980952381	393.811035156
5.00099773243	393.811035156
5.00390022676	394.038574219
5.00680272109	393.811035156
5.00970521542	393.583618164
5.01260770975	393.583618164
5.01551020408	393.583618164
5.01841269841	393.811035156
5.02131519274	393.811035156
5.02421768707	394.038574219
5.02712018141	394.494049072
5.03002267574	394.494049072
5.03292517007	394.494049072
5.0358276644	394.494049072
5.03873015873	394.038574219
5.04163265306	393.811035156
5.04453514739	393.583618164
5.04743764172	393.583618164
5.05034013605	393.583618164
5.05324263039	393.583618164
5.05614512472	393.35635376
5.05904761905	393.583618164
5.06195011338	393.811035156
5.06485260771	393.811035156
5.06775510204	394.038574219
5.07065759637	394.038574219
5.0735600907	394.266235352
5.07646258503	394.266235352
5.07936507937	394.266235352
5.0822675737	394.266235352
5.08517006803	394.494049072
5.08807256236	394.494049072
5.09097505669	394.721984863
5.09387755102	394.721984863
5.09678004535	394.721984863
5.09968253968	394.950042725
5.10258503401	395.178253174
5.10548752834	395.406585693
5.10839002268	395.406585693
5.11129251701	395.406585693
5.11419501134	395.406585693
5.11709750567	395.406585693
5.12	395.178253174
5.12290249433	395.178253174
5.12580498866	394.950042725
5.12870748299	394.721984863
5.13160997732	394.494049072
5.13451247166	394.266235352
5.13741496599	394.038574219
5.14031746032	393.811035156
5.14321995465	393.583618164
5.14612244898	393.35635376
5.14902494331	393.35635376
5.15192743764	393.129211426
5.15482993197	393.129211426
5.1577324263	393.129211426
5.16063492063	393.35635376
5.16353741497	393.35635376
5.1664399093	393.583618164
5.16934240363	393.583618164
5.17224489796	393.583618164
5.17514739229	393.583618164
5.17804988662	393.583618164
5.18095238095	393.583618164
5.18385487528	393.35635376
5.18675736961	393.35635376
5.18965986395	393.129211426
5.19256235828	393.129211426
5.19546485261	393.129211426
5.19836734694	393.129211426
5.20126984127	392.902191162
5.2041723356	392.902191162
5.20707482993	392.902191162
5.20997732426	392.902191162
5.21287981859	392.902191162
5.21578231293	392.902191162
5.21868480726	392.902191162
5.22158730159	392.902191162
5.22448979592	392.902191162
5.22739229025	392.902191162
5.23029478458	392.902191162
5.23319727891	392.902191162
5.23609977324	392.902191162
5.23900226757	392.902191162
5.2419047619	392.902191162
5.24480725624	392.902191162
5.24770975057	392.902191162
5.2506122449	392.902191162
5.25351473923	392.902191162
5.25641723356	392.902191162
5.25931972789	392.902191162
5.26222222222	392.902191162
5.26512471655	392.902191162
5.26802721088	392.902191162
5.27092970522	392.902191162
5.27383219955	392.675292969
5.27673469388	392.675292969
5.27963718821	392.675292969
5.28253968254	392.902191162
5.28544217687	392.902191162
5.2883446712	392.902191162
5.29124716553	392.902191162
5.29414965986	392.902191162
5.2970521542	392.902191162
5.29995464853	392.902191162
5.30285714286	392.902191162
5.30575963719	392.902191162
5.30866213152	392.675292969
5.31156462585	392.675292969
5.31446712018	392.675292969
5.31736961451	392.902191162
5.32027210884	392.675292969
5.32317460317	392.675292969
5.32607709751	392.675292969
5.32897959184	392.675292969
5.33188208617	392.675292969
5.3347845805	392.675292969
5.33768707483	392.902191162
5.34058956916	392.902191162
5.34349206349	392.902191162
5.34639455782	392.675292969
5.34929705215	392.902191162
5.35219954649	392.902191162
5.35510204082	392.902191162
5.35800453515	392.675292969
5.36090702948	392.902191162
5.36380952381	392.902191162
5.36671201814	392.902191162
5.36961451247	392.902191162
5.3725170068	392.902191162
5.37541950113	392.902191162
5.37832199546	392.675292969
5.3812244898	392.675292969
5.38412698413	392.675292969
5.38702947846	392.675292969
5.38993197279	392.902191162
5.39283446712	392.902191162
5.39573696145	392.902191162
5.39863945578	392.902191162
5.40154195011	392.902191162
5.40444444444	392.675292969
5.40734693878	392.675292969
5.41024943311	392.675292969
5.41315192744	392.675292969
5.41605442177	392.675292969
5.4189569161	392.675292969
5.42185941043	392.675292969
5.42476190476	392.675292969
5.42766439909	392.675292969
5.43056689342	392.675292969
5.43346938776	392.675292969
5.43637188209	392.675292969
5.43927437642	392.675292969
5.44217687075	392.675292969
5.44507936508	392.675292969
5.44798185941	392.675292969
5.45088435374	392.902191162
5.45378684807	392.902191162
5.4566893424	392.902191162
5.45959183673	392.902191162
5.46249433107	392.902191162
5.4653968254	392.675292969
5.46829931973	392.675292969
5.47120181406	392.675292969
5.47410430839	392.448547363
5.47700680272	392.448547363
5.47990929705	392.448547363
5.48281179138	392.448547363
5.48571428571	392.448547363
5.48861678005	392.448547363
5.49151927438	392.448547363
5.49442176871	392.448547363
5.49732426304	392.675292969
5.50022675737	392.675292969
5.5031292517	392.675292969
5.50603174603	392.675292969
5.50893424036	392.675292969
5.51183673469	392.675292969
5.51473922902	392.448547363
5.51764172336	392.448547363
5.52054421769	392.675292969
5.52344671202	392.675292969
5.52634920635	392.675292969
5.52925170068	392.675292969
5.53215419501	392.675292969
5.53505668934	392.448547363
5.53795918367	392.448547363
5.540861678	392.448547363
5.54376417234	392.221923828
5.54666666667	392.448547363
5.549569161	392.675292969
5.55247165533	393.35635376
5.55537414966	393.811035156
5.55827664399	394.721984863
5.56117913832	395.635040283
5.56408163265	396.321228027
5.56698412698	397.008575439
5.56988662132	397.697143555
5.57278911565	397.697143555
5.57569160998	397.926940918
5.57859410431	397.926940918
5.58149659864	397.926940918
5.58439909297	397.697143555
5.5873015873	397.467498779
5.59020408163	397.237976074
5.59310657596	397.008575439
5.59600907029	396.550201416
5.59891156463	395.863616943
5.60181405896	395.406585693
5.60471655329	394.721984863
5.60761904762	394.494049072
5.61052154195	394.038574219
5.61342403628	393.811035156
5.61632653061	393.811035156
5.61922902494	393.811035156
5.62213151927	394.038574219
5.62503401361	394.038574219
5.62793650794	394.266235352
5.63083900227	394.494049072
5.6337414966	394.494049072
5.63664399093	394.721984863
5.63954648526	394.950042725
5.64244897959	395.178253174
5.64535147392	395.406585693
5.64825396825	395.635040283
5.65115646259	395.863616943
5.65405895692	396.092346191
5.65696145125	396.550201416
5.65986394558	396.779327393
5.66276643991	397.467498779
5.66566893424	397.926940918
5.66857142857	398.61706543
5.6714739229	399.077850342
5.67437641723	399.769989014
5.67727891156	400.232086182
5.6801814059	400.694732666
5.68308390023	400.926239014
5.68598639456	0.0
5.68888888889	0.0
5.69179138322	0.0
5.69469387755	0.0
5.69759637188	0.0
5.70049886621	0.0
5.70340136054	0.0
5.70630385488	0.0
5.70920634921	0.0
5.71210884354	0.0
5.71501133787	0.0
5.7179138322	0.0
5.72081632653	0.0
5.72371882086	0.0
5.72662131519	0.0
5.72952380952	0.0
5.73242630385	0.0
5.73532879819	0.0
5.73823129252	0.0
5.74113378685	0.0
5.74403628118	0.0
5.74693877551	0.0
5.74984126984	0.0
5.75274376417	0.0
5.7556462585	0.0
5.75854875283	0.0
5.76145124717	0.0
5.7643537415	0.0
5.76725623583	0.0
5.77015873016	0.0
5.77306122449	0.0
5.77596371882	0.0
5.77886621315	0.0
5.78176870748	0.0
5.78467120181	0.0
5.78757369615	0.0
5.79047619048	0.0
5.79337868481	0.0
5.79628117914	0.0
5.79918367347	0.0
5.8020861678	0.0
5.80498866213	0.0
5.80789115646	0.0
5.81079365079	0.0
5.81369614512	0.0
5.81659863946	0.0
5.81950113379	0.0
5.82240362812	0.0
5.82530612245	0.0
5.82820861678	0.0
5.83111111111	0.0
5.83401360544	0.0
5.83691609977	0.0
5.8398185941	0.0
5.84272108844	0.0
5.84562358277	0.0
5.8485260771	0.0
5.85142857143	0.0
5.85433106576	0.0
5.85723356009	0.0
5.86013605442	0.0
5.86303854875	0.0
5.86594104308	0.0
5.86884353741	0.0
5.87174603175	0.0
5.87464852608	0.0
5.87755102041	0.0
5.88045351474	0.0
5.88335600907	0.0
5.8862585034	0.0
5.88916099773	0.0
5.89206349206	0.0
5.89496598639	0.0
5.89786848073	0.0
5.90077097506	0.0
5.90367346939	0.0
5.90657596372	0.0
5.90947845805	0.0
5.91238095238	0.0
5.91528344671	0.0
5.91818594104	0.0
5.92108843537	0.0
5.92399092971	0.0
5.92689342404	0.0
5.92979591837	0.0
5.9326984127	0.0
5.93560090703	0.0
5.93850340136	0.0
5.94140589569	0.0
5.94430839002	0.0
5.94721088435	0.0
5.95011337868	0.0
5.95301587302	0.0
5.95591836735	0.0
5.95882086168	0.0
5.96172335601	0.0
5.96462585034	0.0
5.96752834467	0.0
5.970430839	0.0
5.97333333333	0.0
5.97623582766	0.0
5.979138322	0.0
5.98204081633	0.0
5.98494331066	0.0
5.98784580499	0.0
5.99074829932	0.0
5.99365079365	0.0
5.99655328798	0.0
5.99945578231	0.0
6.00235827664	0.0
6.00526077098	0.0
6.00816326531	0.0
6.01106575964	0.0
6.01396825397	0.0
