0.0	0.0
0.00290249433107	0.0
0.00580498866213	0.0
0.0087074829932	0.0
0.0116099773243	0.0
0.0145124716553	0.0
0.0174149659864	0.0
0.0203174603175	0.0
0.0232199546485	0.0
0.0261224489796	0.0
0.0290249433107	0.0
0.0319274376417	0.0
0.0348299319728	0.0
0.0377324263039	0.0
0.0406349206349	0.0
0.043537414966	0.0
0.0464399092971	0.0
0.0493424036281	0.0
0.0522448979592	0.0
0.0551473922902	0.0
0.0580498866213	0.0
0.0609523809524	0.0
0.0638548752834	0.0
0.0667573696145	0.0
0.0696598639456	0.0
0.0725623582766	0.0
0.0754648526077	0.0
0.0783673469388	0.0
0.0812698412698	0.0
0.0841723356009	0.0
0.087074829932	0.0
0.089977324263	0.0
0.0928798185941	0.0
0.0957823129252	0.0
0.0986848072562	0.0
0.101587301587	0.0
0.104489795918	0.0
0.107392290249	0.0
0.11029478458	0.0
0.113197278912	0.0
0.116099773243	0.0
0.119002267574	0.0
0.121904761905	0.0
0.124807256236	0.0
0.127709750567	0.0
0.130612244898	0.0
0.133514739229	0.0
0.13641723356	0.0
0.139319727891	0.0
0.142222222222	0.0
0.145124716553	0.0
0.148027210884	0.0
0.150929705215	0.0
0.153832199546	0.0
0.156734693878	290.291748047
0.159637188209	290.291748047
0.16253968254	290.459472656
0.165442176871	290.627288818
0.168344671202	290.459472656
0.171247165533	287.787414551
0.174149659864	286.295196533
0.177052154195	286.791748047
0.179954648526	287.45513916
0.182857142857	287.953704834
0.185759637188	288.619781494
0.188662131519	289.454559326
0.19156462585	290.12411499
0.194467120181	290.963226318
0.197369614512	291.46786499
0.200272108844	291.973388672
0.203174603175	292.142089844
0.206077097506	291.973388672
0.208979591837	291.636291504
0.211882086168	291.46786499
0.214784580499	291.131347656
0.21768707483	290.963226318
0.220589569161	290.963226318
0.223492063492	291.131347656
0.226394557823	291.299560547
0.229297052154	291.46786499
0.232199546485	291.973388672
0.235102040816	292.142089844
0.238004535147	292.310882568
0.240907029478	292.479766846
0.24380952381	292.479766846
0.246712018141	292.479766846
0.249614512472	292.142089844
0.252517006803	292.142089844
0.255419501134	291.973388672
0.258321995465	291.804779053
0.261224489796	291.973388672
0.264126984127	292.142089844
0.267029478458	292.310882568
0.269931972789	292.479766846
0.27283446712	292.648773193
0.275736961451	292.648773193
0.278639455782	292.648773193
0.281541950113	292.479766846
0.284444444444	292.479766846
0.287346938776	292.310882568
0.290249433107	292.142089844
0.293151927438	292.142089844
0.296054421769	292.142089844
0.2989569161	292.142089844
0.301859410431	292.142089844
0.304761904762	292.142089844
0.307664399093	292.310882568
0.310566893424	292.479766846
0.313469387755	292.648773193
0.316371882086	292.817840576
0.319274376417	292.817840576
0.322176870748	292.987030029
0.325079365079	292.987030029
0.32798185941	292.987030029
0.330884353741	292.987030029
0.333786848073	292.817840576
0.336689342404	292.817840576
0.339591836735	292.817840576
0.342494331066	292.987030029
0.345396825397	292.987030029
0.348299319728	292.987030029
0.351201814059	292.817840576
0.35410430839	292.817840576
0.357006802721	292.817840576
0.359909297052	292.817840576
0.362811791383	292.648773193
0.365714285714	292.479766846
0.368616780045	292.479766846
0.371519274376	292.479766846
0.374421768707	292.479766846
0.377324263039	292.310882568
0.38022675737	292.310882568
0.383129251701	292.310882568
0.386031746032	292.310882568
0.388934240363	292.310882568
0.391836734694	292.310882568
0.394739229025	292.479766846
0.397641723356	292.648773193
0.400544217687	292.648773193
0.403446712018	292.648773193
0.406349206349	292.817840576
0.40925170068	292.817840576
0.412154195011	292.817840576
0.415056689342	292.648773193
0.417959183673	292.648773193
0.420861678005	292.648773193
0.423764172336	292.648773193
0.426666666667	292.648773193
0.429569160998	292.648773193
0.432471655329	292.648773193
0.43537414966	292.648773193
0.438276643991	292.648773193
0.441179138322	292.648773193
0.444081632653	292.817840576
0.446984126984	292.817840576
0.449886621315	292.817840576
0.452789115646	292.817840576
0.455691609977	292.648773193
0.458594104308	292.648773193
0.461496598639	292.648773193
0.464399092971	292.648773193
0.467301587302	292.479766846
0.470204081633	292.479766846
0.473106575964	292.479766846
0.476009070295	292.648773193
0.478911564626	292.648773193
0.481814058957	292.817840576
0.484716553288	292.987030029
0.487619047619	292.987030029
0.49052154195	293.156341553
0.493424036281	293.156341553
0.496326530612	293.156341553
0.499229024943	292.987030029
0.502131519274	292.817840576
0.505034013605	292.817840576
0.507936507937	292.817840576
0.510839002268	292.817840576
0.513741496599	292.817840576
0.51664399093	292.817840576
0.519546485261	292.648773193
0.522448979592	292.648773193
0.525351473923	292.648773193
0.528253968254	292.648773193
0.531156462585	292.479766846
0.534058956916	292.648773193
0.536961451247	292.648773193
0.539863945578	292.648773193
0.542766439909	292.817840576
0.54566893424	292.817840576
0.548571428571	292.817840576
0.551473922902	292.987030029
0.554376417234	292.987030029
0.557278911565	292.817840576
0.560181405896	292.817840576
0.563083900227	292.648773193
0.565986394558	292.648773193
0.568888888889	292.648773193
0.57179138322	292.648773193
0.574693877551	292.648773193
0.577596371882	292.648773193
0.580498866213	292.479766846
0.583401360544	292.648773193
0.586303854875	292.648773193
0.589206349206	292.648773193
0.592108843537	292.648773193
0.595011337868	292.817840576
0.5979138322	292.817840576
0.600816326531	292.817840576
0.603718820862	292.817840576
0.606621315193	292.817840576
0.609523809524	292.817840576
0.612426303855	292.817840576
0.615328798186	292.817840576
0.618231292517	292.817840576
0.621133786848	292.817840576
0.624036281179	292.987030029
0.62693877551	292.987030029
0.629841269841	292.987030029
0.632743764172	292.817840576
0.635646258503	292.817840576
0.638548752834	292.817840576
0.641451247166	292.817840576
0.644353741497	292.648773193
0.647256235828	292.817840576
0.650158730159	292.817840576
0.65306122449	292.817840576
0.655963718821	292.817840576
0.658866213152	292.987030029
0.661768707483	292.817840576
0.664671201814	292.817840576
0.667573696145	292.817840576
0.670476190476	292.817840576
0.673378684807	292.817840576
0.676281179138	292.817840576
0.679183673469	292.817840576
0.6820861678	292.817840576
0.684988662132	292.817840576
0.687891156463	292.817840576
0.690793650794	292.817840576
0.693696145125	292.817840576
0.696598639456	292.817840576
0.699501133787	292.648773193
0.702403628118	292.648773193
0.705306122449	292.817840576
0.70820861678	292.817840576
0.711111111111	292.987030029
0.714013605442	292.987030029
0.716916099773	292.987030029
0.719818594104	292.987030029
0.722721088435	292.987030029
0.725623582766	292.987030029
0.728526077098	292.987030029
0.731428571429	293.156341553
0.73433106576	292.987030029
0.737233560091	292.817840576
0.740136054422	292.648773193
0.743038548753	292.648773193
0.745941043084	292.648773193
0.748843537415	292.310882568
0.751746031746	292.479766846
0.754648526077	292.648773193
0.757551020408	439.491973877
0.760453514739	441.527557373
0.76335600907	442.804595947
0.766258503401	443.060455322
0.769160997732	442.804595947
0.772063492063	442.03793335
0.774965986395	440.508605957
0.777868480726	438.731048584
0.780770975057	437.213165283
0.783673469388	436.960693359
0.786575963719	436.708374023
0.78947845805	436.960693359
0.792380952381	436.960693359
0.795283446712	436.960693359
0.798185941043	436.960693359
0.801088435374	437.213165283
0.803990929705	437.971466064
0.806893424036	438.224517822
0.809795918367	438.477722168
0.812698412698	438.477722168
0.815600907029	437.971466064
0.818503401361	437.213165283
0.821405895692	436.708374023
0.824308390023	435.952270508
0.827210884354	435.700531006
0.830113378685	435.448913574
0.833015873016	435.448913574
0.835918367347	435.448913574
0.838820861678	435.700531006
0.841723356009	436.456207275
0.84462585034	437.718536377
0.847528344671	439.491973877
0.850430839002	440.763122559
0.853333333333	441.782684326
0.856235827664	442.54888916
0.859138321995	443.316436768
0.862040816327	444.085327148
0.864943310658	444.085327148
0.867845804989	444.085327148
0.87074829932	444.085327148
0.873650793651	443.316436768
0.876553287982	442.54888916
0.879455782313	441.527557373
0.882358276644	440.0
0.885260770975	438.477722168
0.888163265306	437.213165283
0.891065759637	436.456207275
0.893968253968	436.708374023
0.896870748299	437.465789795
0.89977324263	438.477722168
0.902675736961	438.984558105
0.905578231293	439.491973877
0.908480725624	439.745910645
0.911383219955	439.491973877
0.914285714286	439.238189697
0.917188208617	438.477722168
0.920090702948	437.718536377
0.922993197279	437.465789795
0.92589569161	437.213165283
0.928798185941	437.465789795
0.931700680272	437.718536377
0.934603174603	437.971466064
0.937505668934	438.477722168
0.940408163265	438.731048584
0.943310657596	438.984558105
0.946213151927	438.984558105
0.949115646259	438.984558105
0.95201814059	438.731048584
0.954920634921	438.224517822
0.957823129252	437.971466064
0.960725623583	437.465789795
0.963628117914	437.465789795
0.966530612245	437.718536377
0.969433106576	437.971466064
0.972335600907	438.224517822
0.975238095238	438.224517822
0.978140589569	438.224517822
0.9810430839	438.224517822
0.983945578231	437.971466064
0.986848072562	437.971466064
0.989750566893	438.224517822
0.992653061224	438.224517822
0.995555555556	438.477722168
0.998458049887	438.731048584
1.00136054422	438.984558105
1.00426303855	439.238189697
1.00716553288	439.238189697
1.01006802721	439.491973877
1.01297052154	439.745910645
1.01587301587	439.745910645
1.0187755102	439.745910645
1.02167800454	439.745910645
1.02458049887	439.491973877
1.0274829932	439.238189697
1.03038548753	439.238189697
1.03328798186	439.238189697
1.03619047619	439.491973877
1.03909297052	439.491973877
1.04199546485	439.491973877
1.04489795918	439.745910645
1.04780045351	439.745910645
1.05070294785	439.745910645
1.05360544218	439.745910645
1.05650793651	439.745910645
1.05941043084	439.745910645
1.06231292517	439.491973877
1.0652154195	439.238189697
1.06811791383	439.238189697
1.07102040816	438.984558105
1.07392290249	438.984558105
1.07682539683	439.238189697
1.07972789116	439.238189697
1.08263038549	439.491973877
1.08553287982	439.745910645
1.08843537415	439.745910645
1.09133786848	439.745910645
1.09424036281	439.745910645
1.09714285714	439.238189697
1.10004535147	439.238189697
1.1029478458	438.984558105
1.10585034014	438.731048584
1.10875283447	438.984558105
1.1116553288	438.984558105
1.11455782313	438.984558105
1.11746031746	438.984558105
1.12036281179	438.984558105
1.12326530612	438.731048584
1.12616780045	438.731048584
1.12907029478	438.731048584
1.13197278912	438.731048584
1.13487528345	438.731048584
1.13777777778	438.984558105
1.14068027211	439.238189697
1.14358276644	439.238189697
1.14648526077	439.238189697
1.1493877551	439.491973877
1.15229024943	439.491973877
1.15519274376	439.491973877
1.1580952381	439.491973877
1.16099773243	439.491973877
1.16390022676	439.491973877
1.16680272109	439.238189697
1.16970521542	439.238189697
1.17260770975	439.491973877
1.17551020408	439.491973877
1.17841269841	439.491973877
1.18131519274	439.491973877
1.18421768707	439.491973877
1.18712018141	439.491973877
1.19002267574	439.238189697
1.19292517007	439.238189697
1.1958276644	439.238189697
1.19873015873	439.238189697
1.20163265306	439.238189697
1.20453514739	439.491973877
1.20743764172	439.745910645
1.21034013605	439.745910645
1.21324263039	439.745910645
1.21614512472	440.0
1.21904761905	440.0
1.22195011338	439.745910645
1.22485260771	439.491973877
1.22775510204	439.238189697
1.23065759637	438.984558105
1.2335600907	438.984558105
1.23646258503	438.477722168
1.23936507937	438.477722168
1.2422675737	438.477722168
1.24517006803	438.731048584
1.24807256236	438.731048584
1.25097505669	438.984558105
1.25387755102	438.477722168
1.25678004535	437.465789795
1.25968253968	435.197479248
1.26258503401	431.443054199
1.26548752834	425.74911499
1.26839002268	418.676757812
1.27129251701	412.197814941
1.27419501134	407.698760986
1.27709750567	404.415100098
1.28	402.550628662
1.28290249433	401.853637695
1.28580498866	401.621612549
1.28870748299	402.085845947
1.29160997732	403.248779297
1.29451247166	404.415100098
1.29741496599	406.522979736
1.30031746032	409.11416626
1.30321995465	411.959777832
1.30612244898	414.585662842
1.30902494331	416.265350342
1.31192743764	417.469329834
1.31482993197	417.469329834
1.3177324263	416.505889893
1.32063492063	415.784759521
1.32353741497	414.825195312
1.3264399093	413.867858887
1.32934240363	413.151306152
1.33224489796	412.912719727
1.33514739229	412.912719727
1.33804988662	412.674285889
1.34095238095	412.912719727
1.34385487528	413.390014648
1.34675736961	413.867858887
1.34965986395	414.585662842
1.35256235828	415.064880371
1.35546485261	415.3046875
1.35836734694	415.3046875
1.36126984127	414.825195312
1.3641723356	413.867858887
1.36707482993	412.674285889
1.36997732426	411.721893311
1.37287981859	410.771728516
1.37578231293	410.771728516
1.37868480726	410.771728516
1.38158730159	411.009063721
1.38448979592	411.484161377
1.38739229025	411.959777832
1.39029478458	412.674285889
1.39319727891	413.390014648
1.39609977324	414.825195312
1.39900226757	416.265350342
1.4019047619	417.710540771
1.40480725624	419.645233154
1.40770975057	421.588897705
1.4106122449	423.05255127
1.41351473923	424.03112793
1.41641723356	423.541564941
1.41931972789	422.564086914
1.42222222222	421.102142334
1.42512471655	419.402893066
1.42802721088	417.710540771
1.43092970522	416.505889893
1.43383219955	415.3046875
1.43673469388	414.585662842
1.43963718821	414.106994629
1.44253968254	414.106994629
1.44544217687	414.346252441
1.4483446712	414.346252441
1.45124716553	414.585662842
1.45414965986	414.825195312
1.4570521542	415.064880371
1.45995464853	415.064880371
1.46285714286	415.064880371
1.46575963719	415.064880371
1.46866213152	415.064880371
1.47156462585	414.825195312
1.47446712018	414.825195312
1.47736961451	414.346252441
1.48027210884	414.106994629
1.48317460317	413.628875732
1.48607709751	413.628875732
1.48897959184	413.390014648
1.49188208617	413.390014648
1.4947845805	414.106994629
1.49768707483	415.064880371
1.50058956916	416.265350342
1.50349206349	417.228240967
1.50639455782	417.710540771
1.50929705215	417.951873779
1.51219954649	417.469329834
1.51510204082	416.746520996
1.51800453515	415.784759521
1.52090702948	414.825195312
1.52380952381	413.628875732
1.52671201814	412.674285889
1.52961451247	411.959777832
1.5325170068	411.721893311
1.53541950113	411.484161377
1.53832199546	411.721893311
1.5412244898	411.721893311
1.54412698413	411.721893311
1.54702947846	411.959777832
1.54993197279	412.197814941
1.55283446712	413.151306152
1.55573696145	413.390014648
1.55863945578	414.825195312
1.56154195011	418.434997559
1.56444444444	429.70211792
1.56734693878	436.960693359
1.57024943311	439.745910645
1.57315192744	441.017791748
1.57605442177	441.527557373
1.5789569161	441.272613525
1.58185941043	440.508605957
1.58476190476	439.238189697
1.58766439909	438.224517822
1.59056689342	437.718536377
1.59346938776	437.718536377
1.59637188209	437.971466064
1.59927437642	438.731048584
1.60217687075	439.238189697
1.60507936508	439.491973877
1.60798185941	439.745910645
1.61088435374	439.491973877
1.61378684807	439.238189697
1.6166893424	438.224517822
1.61959183673	436.960693359
1.62249433107	434.946166992
1.6253968254	433.191070557
1.62829931973	431.941772461
1.63120181406	431.193939209
1.63410430839	431.193939209
1.63700680272	431.692352295
1.63990929705	432.690917969
1.64281179138	433.441375732
1.64571428571	434.695007324
1.64861678005	436.708374023
1.65151927438	438.984558105
1.65442176871	440.763122559
1.65732426304	441.782684326
1.66022675737	442.293334961
1.6631292517	442.804595947
1.66603174603	442.54888916
1.66893424036	442.293334961
1.67183673469	442.03793335
1.67473922902	442.293334961
1.67764172336	442.804595947
1.68054421769	442.804595947
1.68344671202	442.54888916
1.68634920635	442.293334961
1.68925170068	441.527557373
1.69215419501	440.254241943
1.69505668934	438.731048584
1.69795918367	438.224517822
1.700861678	438.224517822
1.70376417234	438.477722168
1.70666666667	438.477722168
1.709569161	438.224517822
1.71247165533	437.465789795
1.71537414966	436.960693359
1.71827664399	435.952270508
1.72117913832	435.197479248
1.72408163265	434.695007324
1.72698412698	434.193115234
1.72988662132	434.444000244
1.73278911565	435.448913574
1.73569160998	436.960693359
1.73859410431	438.731048584
1.74149659864	440.254241943
1.74439909297	441.017791748
1.7473015873	441.272613525
1.75020408163	441.017791748
1.75310657596	439.745910645
1.75600907029	438.224517822
1.75891156463	436.204162598
1.76181405896	434.695007324
1.76471655329	433.691802979
1.76761904762	433.441375732
1.77052154195	433.691802979
1.77342403628	434.444000244
1.77632653061	435.700531006
1.77922902494	437.213165283
1.78213151927	438.477722168
1.78503401361	439.238189697
1.78793650794	440.0
1.79083900227	440.254241943
1.7937414966	440.254241943
1.79664399093	439.745910645
1.79954648526	439.238189697
1.80244897959	438.477722168
1.80535147392	437.971466064
1.80825396825	437.718536377
1.81115646259	437.465789795
1.81405895692	437.971466064
1.81696145125	438.731048584
1.81986394558	439.238189697
1.82276643991	440.0
1.82566893424	440.254241943
1.82857142857	440.508605957
1.8314739229	440.254241943
1.83437641723	439.745910645
1.83727891156	439.238189697
1.8401814059	438.731048584
1.84308390023	438.224517822
1.84598639456	437.718536377
1.84888888889	437.465789795
1.85179138322	437.213165283
1.85469387755	438.224517822
1.85759637188	439.491973877
1.86049886621	440.254241943
1.86340136054	440.763122559
1.86630385488	440.254241943
1.86920634921	439.491973877
1.87210884354	350.643157959
1.87501133787	347.618164062
1.8779138322	346.215484619
1.88081632653	345.815734863
1.88371882086	346.015533447
1.88662131519	346.815948486
1.88952380952	348.221069336
1.89242630385	350.03604126
1.89532879819	350.845733643
1.89823129252	350.643157959
1.90113378685	350.03604126
1.90403628118	349.83392334
1.90693877551	349.83392334
1.90984126984	350.238311768
1.91274376417	351.048461914
1.9156462585	352.063781738
1.91854875283	352.063781738
1.92145124717	351.251281738
1.9243537415	350.440673828
1.92725623583	350.440673828
1.93015873016	350.440673828
1.93306122449	350.845733643
1.93596371882	351.657318115
1.93886621315	352.878173828
1.94176870748	354.103271484
1.94467120181	353.69442749
1.94757369615	352.674407959
1.95047619048	351.45425415
1.95337868481	350.440673828
1.95628117914	349.83392334
1.95918367347	349.83392334
1.9620861678	350.03604126
1.96498866213	350.238311768
1.96789115646	350.440673828
1.97079365079	350.238311768
1.97369614512	349.83392334
1.97659863946	349.026580811
1.97950113379	348.422271729
1.98240362812	347.819030762
1.98530612245	347.618164062
1.98820861678	347.819030762
1.99111111111	347.819030762
1.99401360544	348.422271729
1.99691609977	348.825012207
1.9998185941	349.026580811
2.00272108844	348.825012207
2.00562358277	348.623596191
2.0085260771	348.422271729
2.01142857143	348.221069336
2.01433106576	348.221069336
2.01723356009	348.019989014
2.02013605442	348.221069336
2.02303854875	348.221069336
2.02594104308	348.422271729
2.02884353741	348.825012207
2.03174603175	349.026580811
2.03464852608	349.026580811
2.03755102041	349.026580811
2.04045351474	349.228240967
2.04335600907	349.430023193
2.0462585034	349.430023193
2.04916099773	349.430023193
2.05206349206	349.430023193
2.05496598639	349.430023193
2.05786848073	349.631896973
2.06077097506	349.631896973
2.06367346939	349.83392334
2.06657596372	349.631896973
2.06947845805	349.430023193
2.07238095238	349.228240967
2.07528344671	349.026580811
2.07818594104	349.228240967
2.08108843537	349.430023193
2.08399092971	349.430023193
2.08689342404	349.83392334
2.08979591837	350.03604126
2.0926984127	350.238311768
2.09560090703	350.238311768
2.09850340136	350.03604126
2.10140589569	349.83392334
2.10430839002	349.631896973
2.10721088435	349.631896973
2.11011337868	349.631896973
2.11301587302	349.430023193
2.11591836735	349.026580811
2.11882086168	348.422271729
2.12172335601	348.019989014
2.12462585034	347.819030762
2.12752834467	347.819030762
2.130430839	348.221069336
2.13333333333	348.825012207
2.13623582766	349.228240967
2.139138322	349.83392334
2.14204081633	350.03604126
2.14494331066	349.83392334
2.14784580499	349.430023193
2.15074829932	349.026580811
2.15365079365	348.623596191
2.15655328798	348.623596191
2.15945578231	348.623596191
2.16235827664	348.825012207
2.16526077098	349.026580811
2.16816326531	349.026580811
2.17106575964	349.026580811
2.17396825397	349.026580811
2.1768707483	349.026580811
2.17977324263	349.026580811
2.18267573696	348.825012207
2.18557823129	348.825012207
2.18848072562	348.623596191
2.19138321995	348.422271729
2.19428571429	348.422271729
2.19718820862	348.422271729
2.20009070295	348.422271729
2.20299319728	348.623596191
2.20589569161	349.026580811
2.20879818594	349.228240967
2.21170068027	349.228240967
2.2146031746	349.228240967
2.21750566893	349.026580811
2.22040816327	349.026580811
2.2233106576	349.228240967
2.22621315193	349.228240967
2.22911564626	349.430023193
2.23201814059	349.83392334
2.23492063492	350.03604126
2.23782312925	349.83392334
2.24072562358	349.631896973
2.24362811791	349.228240967
2.24653061224	348.825012207
2.24943310658	348.422271729
2.25233560091	348.422271729
2.25523809524	348.623596191
2.25814058957	348.623596191
2.2610430839	348.623596191
2.26394557823	348.623596191
2.26684807256	348.623596191
2.26975056689	348.422271729
2.27265306122	348.422271729
2.27555555556	348.422271729
2.27845804989	348.623596191
2.28136054422	348.825012207
2.28426303855	348.825012207
2.28716553288	349.026580811
2.29006802721	349.026580811
2.29297052154	349.228240967
2.29587301587	349.228240967
2.2987755102	349.430023193
2.30167800454	349.430023193
2.30458049887	349.430023193
2.3074829932	349.228240967
2.31038548753	349.026580811
2.31328798186	349.026580811
2.31619047619	348.825012207
2.31909297052	348.825012207
2.32199546485	348.623596191
2.32489795918	348.623596191
2.32780045351	348.825012207
2.33070294785	348.825012207
2.33360544218	348.623596191
2.33650793651	348.623596191
2.33941043084	348.623596191
2.34231292517	348.623596191
2.3452154195	348.825012207
2.34811791383	348.825012207
2.35102040816	349.026580811
2.35392290249	349.026580811
2.35682539683	349.026580811
2.35972789116	349.026580811
2.36263038549	349.026580811
2.36553287982	349.026580811
2.36843537415	348.825012207
2.37133786848	348.825012207
2.37424036281	348.623596191
2.37714285714	348.422271729
2.38004535147	348.422271729
2.3829478458	348.422271729
2.38585034014	348.422271729
2.38875283447	348.422271729
2.3916553288	348.623596191
2.39455782313	348.623596191
2.39746031746	348.623596191
2.40036281179	348.422271729
2.40326530612	348.422271729
2.40616780045	348.221069336
2.40907029478	348.221069336
2.41197278912	348.221069336
2.41487528345	348.422271729
2.41777777778	348.422271729
2.42068027211	348.623596191
2.42358276644	348.623596191
2.42648526077	348.825012207
2.4293877551	348.825012207
2.43229024943	348.623596191
2.43519274376	348.623596191
2.4380952381	348.825012207
2.44099773243	348.825012207
2.44390022676	349.430023193
2.44680272109	349.83392334
2.44970521542	350.238311768
2.45260770975	350.643157959
2.45551020408	350.845733643
2.45841269841	350.845733643
2.46131519274	349.631896973
2.46421768707	347.216827393
2.46712018141	345.017669678
2.47002267574	344.022644043
2.47292517007	343.427001953
2.4758276644	342.238861084
2.47873015873	339.286376953
2.48163265306	337.527130127
2.48453514739	334.615325928
2.48743764172	332.880310059
2.49034013605	332.303955078
2.49324263039	331.920288086
2.49614512472	332.49597168
2.49904761905	333.265075684
2.50195011338	333.650299072
2.50485260771	334.035980225
2.50775510204	333.843078613
2.51065759637	333.072631836
2.5135600907	332.303955078
2.51646258503	332.112091064
2.51936507937	332.112091064
2.5222675737	332.49597168
2.52517006803	332.49597168
2.52807256236	332.49597168
2.53097505669	332.688079834
2.53387755102	332.688079834
2.53678004535	332.688079834
2.53968253968	332.880310059
2.54258503401	332.880310059
2.54548752834	333.072631836
2.54839002268	333.265075684
2.55129251701	333.650299072
2.55419501134	333.650299072
2.55709750567	333.457641602
2.56	333.265075684
2.56290249433	332.880310059
2.56580498866	332.303955078
2.56870748299	331.728637695
2.57160997732	330.963043213
2.57451247166	330.008575439
2.57741496599	329.437225342
2.58031746032	328.676940918
2.58321995465	328.487121582
2.58612244898	328.487121582
2.58902494331	328.676940918
2.59192743764	328.676940918
2.59482993197	329.437225342
2.5977324263	330.008575439
2.60063492063	330.580932617
2.60353741497	331.154296875
2.6064399093	331.728637695
2.60934240363	332.112091064
2.61224489796	332.112091064
2.61514739229	332.112091064
2.61804988662	331.920288086
2.62095238095	331.728637695
2.62385487528	331.728637695
2.62675736961	331.537078857
2.62965986395	331.537078857
2.63256235828	331.154296875
2.63546485261	330.771942139
2.63836734694	330.390045166
2.64126984127	329.818023682
2.6441723356	329.627563477
2.64707482993	329.627563477
2.64997732426	329.818023682
2.65287981859	330.199249268
2.65578231293	330.771942139
2.65868480726	331.728637695
2.66158730159	332.303955078
2.66448979592	332.49597168
2.66739229025	332.49597168
2.67029478458	332.112091064
2.67319727891	331.728637695
2.67609977324	331.537078857
2.67900226757	331.345611572
2.6819047619	331.154296875
2.68480725624	330.963043213
2.68770975057	330.771942139
2.6906122449	330.771942139
2.69351473923	330.580932617
2.69641723356	330.390045166
2.69931972789	330.390045166
2.70222222222	330.580932617
2.70512471655	330.963043213
2.70802721088	331.154296875
2.71092970522	331.345611572
2.71383219955	331.537078857
2.71673469388	331.537078857
2.71963718821	331.728637695
2.72253968254	331.728637695
2.72544217687	331.728637695
2.7283446712	331.920288086
2.73124716553	332.112091064
2.73414965986	332.112091064
2.7370521542	332.112091064
2.73995464853	332.112091064
2.74285714286	332.49597168
2.74575963719	333.265075684
2.74866213152	334.808654785
2.75156462585	337.527130127
2.75446712018	327.161621094
2.75736961451	0.0
2.76027210884	0.0
2.76317460317	0.0
2.76607709751	0.0
2.76897959184	0.0
2.77188208617	351.251281738
2.7747845805	345.416473389
2.77768707483	343.625427246
2.78058956916	342.832427979
2.78349206349	342.634429932
2.78639455782	342.832427979
2.78929705215	343.625427246
2.79219954649	344.81842041
2.79510204082	345.61605835
2.79800453515	345.815734863
2.80090702948	345.815734863
2.80380952381	345.815734863
2.80671201814	346.215484619
2.80961451247	347.618164062
2.8125170068	353.490203857
2.81541950113	354.717407227
2.81832199546	353.286071777
2.8212244898	351.86050415
2.82412698413	350.440673828
2.82702947846	347.216827393
2.82993197279	346.015533447
2.83283446712	346.615661621
2.83573696145	347.216827393
2.83863945578	347.819030762
2.84154195011	348.422271729
2.84444444444	348.623596191
2.84734693878	348.623596191
2.85024943311	348.623596191
2.85315192744	348.825012207
2.85605442177	349.430023193
2.8589569161	350.238311768
2.86185941043	351.251281738
2.86476190476	352.063781738
2.86766439909	352.470733643
2.87056689342	351.657318115
2.87346938776	350.440673828
2.87637188209	349.228240967
2.87927437642	348.422271729
2.88217687075	347.417449951
2.88507936508	347.016326904
2.88798185941	347.016326904
2.89088435374	347.417449951
2.89378684807	347.618164062
2.8966893424	347.819030762
2.89959183673	347.819030762
2.90249433107	348.019989014
2.9053968254	348.221069336
2.90829931973	348.623596191
2.91120181406	348.623596191
2.91410430839	348.825012207
2.91700680272	349.026580811
2.91990929705	349.430023193
2.92281179138	349.430023193
2.92571428571	349.631896973
2.92861678005	349.430023193
2.93151927438	349.228240967
2.93442176871	349.026580811
2.93732426304	348.623596191
2.94022675737	348.422271729
2.9431292517	348.019989014
2.94603174603	347.618164062
2.94893424036	347.417449951
2.95183673469	347.216827393
2.95473922902	347.216827393
2.95764172336	347.618164062
2.96054421769	348.019989014
2.96344671202	348.422271729
2.96634920635	349.026580811
2.96925170068	349.430023193
2.97215419501	350.03604126
2.97505668934	350.238311768
2.97795918367	350.440673828
2.980861678	350.643157959
2.98376417234	350.643157959
2.98666666667	350.440673828
2.989569161	350.03604126
2.99247165533	349.430023193
2.99537414966	348.825012207
2.99827664399	348.422271729
3.00117913832	347.819030762
3.00408163265	347.819030762
3.00698412698	347.819030762
3.00988662132	348.019989014
3.01278911565	348.019989014
3.01569160998	347.819030762
3.01859410431	347.618164062
3.02149659864	347.417449951
3.02439909297	347.819030762
3.0273015873	348.221069336
3.03020408163	349.026580811
3.03310657596	349.83392334
3.03600907029	350.643157959
3.03891156463	350.845733643
3.04181405896	350.845733643
3.04471655329	350.440673828
3.04761904762	349.83392334
3.05052154195	349.430023193
3.05342403628	348.825012207
3.05632653061	348.825012207
3.05922902494	348.825012207
3.06213151927	348.623596191
3.06503401361	348.825012207
3.06793650794	349.026580811
3.07083900227	348.825012207
3.0737414966	348.825012207
3.07664399093	348.422271729
3.07954648526	348.221069336
3.08244897959	348.019989014
3.08535147392	347.819030762
3.08825396825	347.618164062
3.09115646259	347.618164062
3.09405895692	347.417449951
3.09696145125	347.618164062
3.09986394558	348.019989014
3.10276643991	348.422271729
3.10566893424	348.825012207
3.10857142857	349.228240967
3.1114739229	349.430023193
3.11437641723	349.631896973
3.11727891156	349.631896973
3.1201814059	349.631896973
3.12308390023	349.83392334
3.12598639456	350.03604126
3.12888888889	350.238311768
3.13179138322	350.238311768
3.13469387755	350.03604126
3.13759637188	349.631896973
3.14049886621	349.430023193
3.14340136054	349.228240967
3.14630385488	349.228240967
3.14920634921	349.430023193
3.15210884354	350.03604126
3.15501133787	350.440673828
3.1579138322	350.643157959
3.16081632653	350.845733643
3.16371882086	350.643157959
3.16662131519	350.440673828
3.16952380952	350.238311768
3.17242630385	349.631896973
3.17532879819	348.825012207
3.17823129252	348.221069336
3.18113378685	348.623596191
3.18403628118	349.631896973
3.18693877551	350.845733643
3.18984126984	352.674407959
3.19274376417	355.53793335
3.1956462585	359.87689209
3.19854875283	360.084838867
3.20145124717	359.461395264
3.2043537415	356.360351562
3.20725623583	352.878173828
3.21015873016	347.216827393
3.21306122449	340.857849121
3.21596371882	339.286376953
3.21886621315	338.112548828
3.22176870748	339.874816895
3.22467120181	339.482421875
3.22757369615	339.090454102
3.23047619048	338.112548828
3.23337868481	336.942749023
3.23628117914	335.777038574
3.23918367347	334.615325928
3.2420861678	333.457641602
3.24498866213	332.112091064
3.24789115646	331.345611572
3.25079365079	330.771942139
3.25369614512	330.580932617
3.25659863946	330.390045166
3.25950113379	330.771942139
3.26240362812	331.537078857
3.26530612245	332.303955078
3.26820861678	332.880310059
3.27111111111	333.457641602
3.27401360544	333.072631836
3.27691609977	333.457641602
3.2798185941	333.843078613
3.28272108844	335.002105713
3.28562358277	336.942749023
3.2885260771	351.048461914
3.29142857143	353.490203857
3.29433106576	356.566253662
3.29723356009	360.292877197
3.30013605442	365.322387695
3.30303854875	364.268829346
3.30594104308	357.391052246
3.30884353741	351.048461914
3.31174603175	346.215484619
3.31464852608	343.030487061
3.31755102041	342.238861084
3.32045351474	342.238861084
3.32335600907	343.22869873
3.3262585034	344.022644043
3.32916099773	345.217010498
3.33206349206	346.015533447
3.33496598639	346.215484619
3.33786848073	346.215484619
3.34077097506	346.015533447
3.34367346939	346.015533447
3.34657596372	346.615661621
3.34947845805	347.417449951
3.35238095238	351.048461914
3.35528344671	353.082061768
3.35818594104	353.898803711
3.36108843537	353.490203857
3.36399092971	352.470733643
3.36689342404	351.86050415
3.36979591837	351.048461914
3.3726984127	351.45425415
3.37560090703	351.45425415
3.37850340136	351.251281738
3.38140589569	350.238311768
3.38430839002	349.228240967
3.38721088435	348.422271729
3.39011337868	348.019989014
3.39301587302	348.019989014
3.39591836735	348.019989014
3.39882086168	348.825012207
3.40172335601	349.631896973
3.40462585034	350.440673828
3.40752834467	350.643157959
3.410430839	350.238311768
3.41333333333	349.631896973
3.41623582766	348.825012207
3.419138322	348.019989014
3.42204081633	347.417449951
3.42494331066	347.216827393
3.42784580499	347.417449951
3.43074829932	347.819030762
3.43365079365	347.819030762
3.43655328798	347.618164062
3.43945578231	347.417449951
3.44235827664	347.016326904
3.44526077098	347.216827393
3.44816326531	347.216827393
3.45106575964	347.417449951
3.45396825397	347.618164062
3.4568707483	348.221069336
3.45977324263	349.026580811
3.46267573696	349.631896973
3.46557823129	350.238311768
3.46848072562	350.440673828
3.47138321995	350.440673828
3.47428571429	350.238311768
3.47718820862	349.83392334
3.48009070295	349.430023193
3.48299319728	348.825012207
3.48589569161	348.221069336
3.48879818594	347.618164062
3.49170068027	347.216827393
3.4946031746	347.016326904
3.49750566893	347.216827393
3.50040816327	347.016326904
3.5033106576	347.016326904
3.50621315193	347.016326904
3.50911564626	347.417449951
3.51201814059	348.221069336
3.51492063492	349.228240967
3.51782312925	350.238311768
3.52072562358	351.048461914
3.52362811791	351.657318115
3.52653061224	352.063781738
3.52943310658	351.86050415
3.53233560091	351.251281738
3.53523809524	350.238311768
3.53814058957	349.430023193
3.5410430839	348.623596191
3.54394557823	348.019989014
3.54684807256	347.618164062
3.54975056689	347.216827393
3.55265306122	347.016326904
3.55555555556	347.016326904
3.55845804989	347.016326904
3.56136054422	347.417449951
3.56426303855	348.019989014
3.56716553288	348.825012207
3.57006802721	349.631896973
3.57297052154	350.845733643
3.57587301587	351.45425415
3.5787755102	352.063781738
3.58167800454	353.490203857
3.58458049887	353.286071777
3.5874829932	353.286071777
3.59038548753	354.307861328
3.59328798186	355.127441406
3.59619047619	354.307861328
3.59909297052	347.216827393
3.60199546485	343.823974609
3.60489795918	341.843719482
3.60780045351	340.464294434
3.61070294785	339.67855835
3.61360544218	338.698944092
3.61650793651	337.722167969
3.61941043084	337.332244873
3.62231292517	336.359375
3.6252154195	335.389343262
3.62811791383	334.615325928
3.63102040816	334.035980225
3.63392290249	333.072631836
3.63682539683	332.112091064
3.63972789116	331.345611572
3.64263038549	330.580932617
3.64553287982	330.390045166
3.64843537415	330.771942139
3.65133786848	330.771942139
3.65424036281	330.963043213
3.65714285714	331.537078857
3.66004535147	332.112091064
3.6629478458	332.688079834
3.66585034014	333.072631836
3.66875283447	332.880310059
3.6716553288	332.688079834
3.67455782313	332.303955078
3.67746031746	331.537078857
3.68036281179	330.390045166
3.68326530612	328.866821289
3.68616780045	328.487121582
3.68907029478	328.487121582
3.69197278912	328.676940918
3.69487528345	328.866821289
3.69777777778	329.818023682
3.70068027211	330.771942139
3.70358276644	331.920288086
3.70648526077	332.49597168
3.7093877551	332.880310059
3.71229024943	332.688079834
3.71519274376	332.303955078
3.7180952381	331.920288086
3.72099773243	331.537078857
3.72390022676	331.154296875
3.72680272109	330.771942139
3.72970521542	330.199249268
3.73260770975	329.818023682
3.73551020408	329.437225342
3.73841269841	329.437225342
3.74131519274	329.437225342
3.74421768707	329.818023682
3.74712018141	330.199249268
3.75002267574	330.580932617
3.75292517007	330.963043213
3.7558276644	331.537078857
3.75873015873	331.920288086
3.76163265306	332.303955078
3.76453514739	332.49597168
3.76743764172	332.303955078
3.77034013605	331.920288086
3.77324263039	331.537078857
3.77614512472	331.345611572
3.77904761905	330.963043213
3.78195011338	330.771942139
3.78485260771	330.580932617
3.78775510204	330.580932617
3.79065759637	330.580932617
3.7935600907	330.580932617
3.79646258503	330.390045166
3.79936507937	330.390045166
3.8022675737	330.580932617
3.80517006803	330.963043213
3.80807256236	331.154296875
3.81097505669	331.728637695
3.81387755102	332.112091064
3.81678004535	332.303955078
3.81968253968	332.303955078
3.82258503401	332.112091064
3.82548752834	331.920288086
3.82839002268	331.920288086
3.83129251701	332.112091064
3.83419501134	332.112091064
3.83709750567	332.49597168
3.84	332.49597168
3.84290249433	332.49597168
3.84580498866	331.728637695
3.84870748299	330.771942139
3.85160997732	330.008575439
3.85451247166	328.676940918
3.85741496599	327.729034424
3.86031746032	327.161621094
3.86321995465	329.24697876
3.86612244898	331.920288086
3.86902494331	333.457641602
3.87192743764	333.650299072
3.87482993197	333.072631836
3.8777324263	332.303955078
3.88063492063	329.818023682
3.88353741497	334.035980225
3.8864399093	325.089477539
3.88934240363	332.688079834
3.89224489796	334.035980225
3.89514739229	334.808654785
3.89804988662	334.615325928
3.90095238095	333.650299072
3.90385487528	290.795227051
3.90675736961	291.804779053
3.90965986395	292.310882568
3.91256235828	291.46786499
3.91546485261	290.627288818
3.91836734694	290.459472656
3.92126984127	290.627288818
3.9241723356	291.299560547
3.92707482993	292.648773193
3.92997732426	294.174102783
3.93287981859	294.344055176
3.93578231293	293.495178223
3.93868480726	292.479766846
3.94158730159	291.804779053
3.94448979592	291.46786499
3.94739229025	291.299560547
3.95029478458	291.636291504
3.95319727891	292.479766846
3.95609977324	293.156341553
3.95900226757	293.325714111
3.9619047619	293.156341553
3.96480725624	292.817840576
3.96770975057	292.479766846
3.9706122449	292.142089844
3.97351473923	292.142089844
3.97641723356	292.479766846
3.97931972789	292.648773193
3.98222222222	292.817840576
3.98512471655	292.817840576
3.98802721088	292.310882568
3.99092970522	291.804779053
3.99383219955	291.46786499
3.99673469388	291.299560547
3.99963718821	291.636291504
4.00253968254	292.142089844
4.00544217687	292.648773193
4.0083446712	293.325714111
4.01124716553	293.834442139
4.01414965986	293.664764404
4.0170521542	293.156341553
4.01995464853	292.648773193
4.02285714286	292.142089844
4.02575963719	292.142089844
4.02866213152	292.310882568
4.03156462585	292.817840576
4.03446712018	293.495178223
4.03736961451	293.834442139
4.04027210884	293.834442139
4.04317460317	293.325714111
4.04607709751	292.648773193
4.04897959184	292.310882568
4.05188208617	291.973388672
4.0547845805	292.142089844
4.05768707483	292.479766846
4.06058956916	292.987030029
4.06349206349	293.156341553
4.06639455782	292.987030029
4.06929705215	292.479766846
4.07219954649	292.142089844
4.07510204082	291.804779053
4.07800453515	291.804779053
4.08090702948	291.973388672
4.08380952381	292.310882568
4.08671201814	292.648773193
4.08961451247	292.987030029
4.0925170068	292.987030029
4.09541950113	292.648773193
4.09832199546	292.479766846
4.1012244898	292.310882568
4.10412698413	292.310882568
4.10702947846	292.310882568
4.10993197279	292.648773193
4.11283446712	292.987030029
4.11573696145	293.156341553
4.11863945578	293.156341553
4.12154195011	292.817840576
4.12444444444	292.310882568
4.12734693878	291.973388672
4.13024943311	292.142089844
4.13315192744	292.479766846
4.13605442177	293.156341553
4.1389569161	293.834442139
4.14185941043	294.174102783
4.14476190476	294.174102783
4.14766439909	293.325714111
4.15056689342	292.142089844
4.15346938776	291.46786499
4.15637188209	290.963226318
4.15927437642	290.963226318
4.16217687075	291.299560547
4.16507936508	292.142089844
4.16798185941	293.156341553
4.17088435374	293.495178223
4.17378684807	292.817840576
4.1766893424	331.728637695
4.17959183673	331.920288086
4.18249433107	331.920288086
4.1853968254	331.920288086
4.18829931973	330.580932617
4.19120181406	330.390045166
4.19410430839	330.580932617
4.19700680272	330.771942139
4.19990929705	332.303955078
4.20281179138	333.265075684
4.20571428571	333.457641602
4.20861678005	333.650299072
4.21151927438	333.457641602
4.21442176871	333.072631836
4.21732426304	332.688079834
4.22022675737	332.688079834
4.2231292517	332.688079834
4.22603174603	332.49597168
4.22893424036	332.112091064
4.23183673469	331.154296875
4.23473922902	329.437225342
4.23764172336	328.676940918
4.24054421769	330.580932617
4.24344671202	330.390045166
4.24634920635	329.437225342
4.24925170068	328.297454834
4.25215419501	330.008575439
4.25505668934	330.771942139
4.25795918367	330.963043213
4.260861678	330.771942139
4.26376417234	330.199249268
4.26666666667	329.24697876
4.269569161	328.866821289
4.27247165533	329.056854248
4.27537414966	329.627563477
4.27827664399	330.199249268
4.28117913832	330.771942139
4.28408163265	331.154296875
4.28698412698	331.345611572
4.28988662132	331.345611572
4.29278911565	331.345611572
4.29569160998	331.345611572
4.29859410431	331.154296875
4.30149659864	331.154296875
4.30439909297	331.154296875
4.3073015873	330.963043213
4.31020408163	330.963043213
4.31310657596	330.771942139
4.31600907029	330.771942139
4.31891156463	330.963043213
4.32181405896	331.154296875
4.32471655329	331.154296875
4.32761904762	331.154296875
4.33052154195	330.963043213
4.33342403628	330.771942139
4.33632653061	330.390045166
4.33922902494	330.390045166
4.34213151927	330.390045166
4.34503401361	330.771942139
4.34793650794	331.345611572
4.35083900227	331.537078857
4.3537414966	331.728637695
4.35664399093	331.728637695
4.35954648526	331.537078857
4.36244897959	331.345611572
4.36535147392	331.154296875
4.36825396825	330.963043213
4.37115646259	330.963043213
4.37405895692	331.345611572
4.37696145125	331.537078857
4.37986394558	331.537078857
4.38276643991	331.537078857
4.38566893424	331.345611572
4.38857142857	330.963043213
4.3914739229	330.771942139
4.39437641723	330.771942139
4.39727891156	331.537078857
4.4001814059	332.688079834
4.40308390023	334.422088623
4.40598639456	336.942749023
4.40888888889	340.464294434
4.41179138322	350.440673828
4.41469387755	334.808654785
4.41759637188	337.332244873
4.42049886621	330.580932617
4.42340136054	341.843719482
4.42630385488	342.634429932
4.42920634921	345.416473389
4.43210884354	343.427001953
4.43501133787	341.449005127
4.4379138322	340.661010742
4.44081632653	340.661010742
4.44371882086	342.041229248
4.44662131519	344.022644043
4.44952380952	344.619293213
4.45242630385	343.823974609
4.45532879819	343.030487061
4.45823129252	341.449005127
4.46113378685	342.238861084
4.46403628118	342.041229248
4.46693877551	342.041229248
4.46984126984	341.843719482
4.47274376417	341.64630127
4.4756462585	338.89465332
4.47854875283	350.440673828
4.48145124717	352.267211914
4.4843537415	352.470733643
4.48725623583	351.45425415
4.49015873016	349.631896973
4.49306122449	342.634429932
4.49596371882	346.015533447
4.49886621315	347.618164062
4.50176870748	347.216827393
4.50467120181	347.216827393
4.50757369615	347.216827393
4.51047619048	347.618164062
4.51337868481	348.221069336
4.51628117914	349.026580811
4.51918367347	349.631896973
4.5220861678	350.238311768
4.52498866213	350.03604126
4.52789115646	349.83392334
4.53079365079	349.430023193
4.53369614512	348.825012207
4.53659863946	348.422271729
4.53950113379	348.221069336
4.54240362812	348.221069336
4.54530612245	348.019989014
4.54820861678	348.019989014
4.55111111111	347.819030762
4.55401360544	347.417449951
4.55691609977	347.016326904
4.5598185941	346.615661621
4.56272108844	346.215484619
4.56562358277	346.415496826
4.5685260771	346.615661621
4.57142857143	347.016326904
4.57433106576	347.618164062
4.57723356009	348.623596191
4.58013605442	349.430023193
4.58303854875	350.03604126
4.58594104308	350.440673828
4.58884353741	350.643157959
4.59174603175	350.440673828
4.59464852608	350.03604126
4.59755102041	349.631896973
4.60045351474	349.228240967
4.60335600907	348.623596191
4.6062585034	348.019989014
4.60916099773	347.819030762
4.61206349206	347.417449951
4.61496598639	347.216827393
4.61786848073	347.216827393
4.62077097506	347.216827393
4.62367346939	347.417449951
4.62657596372	347.618164062
4.62947845805	348.221069336
4.63238095238	349.026580811
4.63528344671	350.03604126
4.63818594104	350.845733643
4.64108843537	351.45425415
4.64399092971	351.86050415
4.64689342404	351.86050415
4.64979591837	351.45425415
4.6526984127	350.845733643
4.65560090703	350.03604126
4.65850340136	349.430023193
4.66140589569	348.825012207
4.66430839002	348.221069336
4.66721088435	347.618164062
4.67011337868	347.016326904
4.67301587302	346.815948486
4.67591836735	346.615661621
4.67882086168	346.815948486
4.68172335601	347.216827393
4.68462585034	347.819030762
4.68752834467	348.422271729
4.690430839	349.026580811
4.69333333333	349.430023193
4.69623582766	349.430023193
4.699138322	349.228240967
4.70204081633	349.026580811
4.70494331066	348.623596191
4.70784580499	348.825012207
4.71074829932	348.825012207
4.71365079365	348.825012207
4.71655328798	349.026580811
4.71945578231	349.228240967
4.72235827664	349.430023193
4.72526077098	349.631896973
4.72816326531	349.83392334
4.73106575964	349.83392334
4.73396825397	349.631896973
4.7368707483	349.026580811
4.73977324263	348.623596191
4.74267573696	348.019989014
4.74557823129	347.618164062
4.74848072562	347.216827393
4.75138321995	347.016326904
4.75428571429	347.016326904
4.75718820862	347.216827393
4.76009070295	347.417449951
4.76299319728	347.618164062
4.76589569161	347.819030762
4.76879818594	348.221069336
4.77170068027	348.623596191
4.7746031746	349.026580811
4.77750566893	349.631896973
4.78040816327	350.440673828
4.7833106576	351.048461914
4.78621315193	351.251281738
4.78911564626	351.251281738
4.79201814059	350.643157959
4.79492063492	350.03604126
4.79782312925	349.228240967
4.80072562358	348.825012207
4.80362811791	348.221069336
4.80653061224	348.019989014
4.80943310658	347.819030762
4.81233560091	347.618164062
4.81523809524	347.417449951
4.81814058957	347.417449951
4.8210430839	347.417449951
4.82394557823	347.618164062
4.82684807256	347.819030762
4.82975056689	348.019989014
4.83265306122	348.623596191
4.83555555556	348.825012207
4.83845804989	349.228240967
4.84136054422	349.430023193
4.84426303855	349.631896973
4.84716553288	349.631896973
4.85006802721	349.631896973
4.85297052154	349.631896973
4.85587301587	349.430023193
4.8587755102	349.228240967
4.86167800454	348.825012207
4.86458049887	348.825012207
4.8674829932	348.623596191
4.87038548753	348.623596191
4.87328798186	348.623596191
4.87619047619	348.623596191
4.87909297052	348.623596191
4.88199546485	348.623596191
4.88489795918	348.825012207
4.88780045351	348.623596191
4.89070294785	348.623596191
4.89360544218	348.623596191
4.89650793651	348.623596191
4.89941043084	348.623596191
4.90231292517	348.623596191
4.9052154195	348.623596191
4.90811791383	348.623596191
4.91102040816	348.422271729
4.91392290249	348.221069336
4.91682539683	348.019989014
4.91972789116	348.019989014
4.92263038549	347.819030762
4.92553287982	347.819030762
4.92843537415	347.819030762
4.93133786848	348.019989014
4.93424036281	348.422271729
4.93714285714	348.825012207
4.94004535147	349.228240967
4.9429478458	349.430023193
4.94585034014	349.430023193
4.94875283447	349.430023193
4.9516553288	349.228240967
4.95455782313	349.026580811
4.95746031746	348.825012207
4.96036281179	348.623596191
4.96326530612	348.422271729
4.96616780045	348.221069336
4.96907029478	348.019989014
4.97197278912	347.819030762
4.97487528345	347.819030762
4.97777777778	347.618164062
4.98068027211	347.618164062
4.98358276644	347.618164062
4.98648526077	347.819030762
4.9893877551	348.019989014
4.99229024943	348.422271729
4.99519274376	348.623596191
4.9980952381	348.825012207
5.00099773243	349.026580811
5.00390022676	349.228240967
5.00680272109	349.228240967
5.00970521542	349.228240967
5.01260770975	349.228240967
5.01551020408	349.228240967
5.01841269841	349.026580811
5.02131519274	348.825012207
5.02421768707	348.623596191
5.02712018141	348.422271729
5.03002267574	348.221069336
5.03292517007	348.019989014
5.0358276644	347.618164062
5.03873015873	347.819030762
5.04163265306	347.819030762
5.04453514739	348.019989014
5.04743764172	348.221069336
5.05034013605	348.422271729
5.05324263039	348.623596191
5.05614512472	348.825012207
5.05904761905	349.026580811
5.06195011338	349.026580811
5.06485260771	349.228240967
5.06775510204	349.228240967
5.07065759637	349.430023193
5.0735600907	349.430023193
5.07646258503	349.228240967
5.07936507937	349.228240967
5.0822675737	349.026580811
5.08517006803	348.825012207
5.08807256236	348.623596191
5.09097505669	348.623596191
5.09387755102	348.623596191
5.09678004535	348.422271729
5.09968253968	348.422271729
5.10258503401	348.422271729
5.10548752834	348.422271729
5.10839002268	348.422271729
5.11129251701	348.422271729
5.11419501134	348.623596191
5.11709750567	348.825012207
5.12	349.026580811
5.12290249433	349.228240967
5.12580498866	349.228240967
5.12870748299	349.228240967
5.13160997732	349.228240967
5.13451247166	349.228240967
5.13741496599	349.228240967
5.14031746032	349.026580811
5.14321995465	348.825012207
5.14612244898	348.825012207
5.14902494331	348.623596191
5.15192743764	348.422271729
5.15482993197	348.422271729
5.1577324263	348.422271729
5.16063492063	348.422271729
5.16353741497	348.422271729
5.1664399093	348.623596191
5.16934240363	348.623596191
5.17224489796	348.825012207
5.17514739229	348.623596191
5.17804988662	348.623596191
5.18095238095	348.623596191
5.18385487528	348.623596191
5.18675736961	348.825012207
5.18965986395	348.825012207
5.19256235828	348.825012207
5.19546485261	348.825012207
5.19836734694	348.825012207
5.20126984127	348.825012207
5.2041723356	348.623596191
5.20707482993	348.623596191
5.20997732426	348.623596191
5.21287981859	348.623596191
5.21578231293	348.623596191
5.21868480726	348.623596191
5.22158730159	348.825012207
5.22448979592	349.026580811
5.22739229025	349.026580811
5.23029478458	348.825012207
5.23319727891	348.825012207
5.23609977324	348.825012207
5.23900226757	348.825012207
5.2419047619	348.825012207
5.24480725624	348.825012207
5.24770975057	348.825012207
5.2506122449	348.623596191
5.25351473923	348.623596191
5.25641723356	348.825012207
5.25931972789	348.825012207
5.26222222222	348.825012207
5.26512471655	348.825012207
5.26802721088	348.825012207
5.27092970522	348.825012207
5.27383219955	348.825012207
5.27673469388	349.026580811
5.27963718821	349.026580811
5.28253968254	349.026580811
5.28544217687	348.825012207
5.2883446712	348.825012207
5.29124716553	348.825012207
5.29414965986	348.825012207
5.2970521542	348.825012207
5.29995464853	348.825012207
5.30285714286	348.825012207
5.30575963719	0.0
5.30866213152	0.0
5.31156462585	0.0
5.31446712018	0.0
5.31736961451	0.0
5.32027210884	0.0
5.32317460317	0.0
5.32607709751	0.0
5.32897959184	0.0
5.33188208617	0.0
5.3347845805	0.0
5.33768707483	0.0
5.34058956916	0.0
5.34349206349	0.0
5.34639455782	0.0
5.34929705215	0.0
5.35219954649	0.0
5.35510204082	0.0
5.35800453515	0.0
5.36090702948	0.0
5.36380952381	0.0
5.36671201814	0.0
5.36961451247	0.0
5.3725170068	0.0
5.37541950113	0.0
