0.0	0.0
0.00290249433107	0.0
0.00580498866213	0.0
0.0087074829932	0.0
0.0116099773243	0.0
0.0145124716553	0.0
0.0174149659864	0.0
0.0203174603175	0.0
0.0232199546485	0.0
0.0261224489796	0.0
0.0290249433107	0.0
0.0319274376417	0.0
0.0348299319728	0.0
0.0377324263039	0.0
0.0406349206349	0.0
0.043537414966	0.0
0.0464399092971	0.0
0.0493424036281	0.0
0.0522448979592	0.0
0.0551473922902	0.0
0.0580498866213	0.0
0.0609523809524	0.0
0.0638548752834	0.0
0.0667573696145	0.0
0.0696598639456	0.0
0.0725623582766	0.0
0.0754648526077	0.0
0.0783673469388	0.0
0.0812698412698	0.0
0.0841723356009	0.0
0.087074829932	0.0
0.089977324263	0.0
0.0928798185941	0.0
0.0957823129252	0.0
0.0986848072562	0.0
0.101587301587	0.0
0.104489795918	0.0
0.107392290249	0.0
0.11029478458	0.0
0.113197278912	0.0
0.116099773243	0.0
0.119002267574	0.0
0.121904761905	0.0
0.124807256236	0.0
0.127709750567	0.0
0.130612244898	0.0
0.133514739229	0.0
0.13641723356	0.0
0.139319727891	0.0
0.142222222222	0.0
0.145124716553	0.0
0.148027210884	0.0
0.150929705215	0.0
0.153832199546	0.0
0.156734693878	0.0
0.159637188209	0.0
0.16253968254	0.0
0.165442176871	0.0
0.168344671202	0.0
0.171247165533	0.0
0.174149659864	0.0
0.177052154195	0.0
0.179954648526	0.0
0.182857142857	0.0
0.185759637188	290.459472656
0.188662131519	290.963226318
0.19156462585	291.299560547
0.194467120181	291.131347656
0.197369614512	285.634490967
0.200272108844	285.3046875
0.203174603175	285.634490967
0.206077097506	286.460632324
0.208979591837	286.791748047
0.211882086168	287.953704834
0.214784580499	288.953399658
0.21768707483	289.621795654
0.220589569161	290.459472656
0.223492063492	291.299560547
0.226394557823	291.804779053
0.229297052154	291.973388672
0.232199546485	291.973388672
0.235102040816	291.46786499
0.238004535147	290.963226318
0.240907029478	290.963226318
0.24380952381	290.795227051
0.246712018141	290.795227051
0.249614512472	290.795227051
0.252517006803	290.963226318
0.255419501134	291.131347656
0.258321995465	291.636291504
0.261224489796	292.142089844
0.264126984127	292.310882568
0.267029478458	292.648773193
0.269931972789	292.648773193
0.27283446712	292.648773193
0.275736961451	292.479766846
0.278639455782	292.310882568
0.281541950113	292.142089844
0.284444444444	291.973388672
0.287346938776	291.973388672
0.290249433107	292.142089844
0.293151927438	292.310882568
0.296054421769	292.310882568
0.2989569161	292.648773193
0.301859410431	292.648773193
0.304761904762	292.648773193
0.307664399093	292.648773193
0.310566893424	292.479766846
0.313469387755	292.479766846
0.316371882086	292.310882568
0.319274376417	292.310882568
0.322176870748	292.310882568
0.325079365079	292.310882568
0.32798185941	292.310882568
0.330884353741	292.310882568
0.333786848073	292.310882568
0.336689342404	292.479766846
0.339591836735	292.479766846
0.342494331066	292.479766846
0.345396825397	292.648773193
0.348299319728	292.648773193
0.351201814059	292.817840576
0.35410430839	293.156341553
0.357006802721	293.325714111
0.359909297052	293.325714111
0.362811791383	293.495178223
0.365714285714	293.495178223
0.368616780045	293.495178223
0.371519274376	293.325714111
0.374421768707	293.156341553
0.377324263039	292.648773193
0.38022675737	292.479766846
0.383129251701	292.310882568
0.386031746032	292.142089844
0.388934240363	292.142089844
0.391836734694	292.142089844
0.394739229025	291.973388672
0.397641723356	292.142089844
0.400544217687	291.973388672
0.403446712018	292.142089844
0.406349206349	291.973388672
0.40925170068	291.973388672
0.412154195011	291.973388672
0.415056689342	292.142089844
0.417959183673	292.310882568
0.420861678005	292.310882568
0.423764172336	292.310882568
0.426666666667	292.479766846
0.429569160998	292.479766846
0.432471655329	292.479766846
0.43537414966	292.648773193
0.438276643991	292.817840576
0.441179138322	292.817840576
0.444081632653	292.817840576
0.446984126984	292.817840576
0.449886621315	292.817840576
0.452789115646	292.648773193
0.455691609977	292.648773193
0.458594104308	292.479766846
0.461496598639	292.479766846
0.464399092971	292.479766846
0.467301587302	292.648773193
0.470204081633	292.648773193
0.473106575964	292.648773193
0.476009070295	292.648773193
0.478911564626	292.479766846
0.481814058957	292.479766846
0.484716553288	292.479766846
0.487619047619	292.479766846
0.49052154195	292.479766846
0.493424036281	292.479766846
0.496326530612	292.648773193
0.499229024943	292.817840576
0.502131519274	292.817840576
0.505034013605	292.987030029
0.507936507937	293.156341553
0.510839002268	293.156341553
0.513741496599	293.325714111
0.51664399093	293.325714111
0.519546485261	293.325714111
0.522448979592	293.325714111
0.525351473923	293.156341553
0.528253968254	293.156341553
0.531156462585	292.987030029
0.534058956916	292.817840576
0.536961451247	292.817840576
0.539863945578	292.648773193
0.542766439909	292.648773193
0.54566893424	292.648773193
0.548571428571	292.648773193
0.551473922902	292.817840576
0.554376417234	292.987030029
0.557278911565	292.987030029
0.560181405896	293.156341553
0.563083900227	293.156341553
0.565986394558	293.156341553
0.568888888889	293.156341553
0.57179138322	293.156341553
0.574693877551	292.987030029
0.577596371882	292.987030029
0.580498866213	292.817840576
0.583401360544	292.817840576
0.586303854875	292.648773193
0.589206349206	292.648773193
0.592108843537	292.648773193
0.595011337868	292.479766846
0.5979138322	292.479766846
0.600816326531	292.479766846
0.603718820862	292.479766846
0.606621315193	292.648773193
0.609523809524	292.648773193
0.612426303855	292.817840576
0.615328798186	292.817840576
0.618231292517	292.987030029
0.621133786848	292.987030029
0.624036281179	292.987030029
0.62693877551	292.987030029
0.629841269841	292.987030029
0.632743764172	292.987030029
0.635646258503	292.987030029
0.638548752834	292.987030029
0.641451247166	292.987030029
0.644353741497	292.987030029
0.647256235828	292.817840576
0.650158730159	292.817840576
0.65306122449	292.817840576
0.655963718821	292.648773193
0.658866213152	292.648773193
0.661768707483	292.648773193
0.664671201814	292.648773193
0.667573696145	292.648773193
0.670476190476	292.817840576
0.673378684807	292.817840576
0.676281179138	292.987030029
0.679183673469	292.987030029
0.6820861678	292.987030029
0.684988662132	292.987030029
0.687891156463	292.987030029
0.690793650794	292.817840576
0.693696145125	292.817840576
0.696598639456	292.648773193
0.699501133787	292.817840576
0.702403628118	292.648773193
0.705306122449	292.648773193
0.70820861678	292.648773193
0.711111111111	292.648773193
0.714013605442	292.648773193
0.716916099773	292.648773193
0.719818594104	292.648773193
0.722721088435	292.648773193
0.725623582766	292.817840576
0.728526077098	292.817840576
0.731428571429	292.817840576
0.73433106576	292.987030029
0.737233560091	293.156341553
0.740136054422	292.987030029
0.743038548753	292.648773193
0.745941043084	292.479766846
0.748843537415	291.804779053
0.751746031746	291.973388672
0.754648526077	291.973388672
0.757551020408	447.949737549
0.760453514739	447.949737549
0.76335600907	447.949737549
0.766258503401	447.949737549
0.769160997732	446.399932861
0.772063492063	443.316436768
0.774965986395	438.984558105
0.777868480726	434.946166992
0.780770975057	432.940917969
0.783673469388	432.690917969
0.786575963719	433.691802979
0.78947845805	434.193115234
0.792380952381	434.695007324
0.795283446712	435.197479248
0.798185941043	435.448913574
0.801088435374	435.700531006
0.803990929705	435.952270508
0.806893424036	436.204162598
0.809795918367	436.204162598
0.812698412698	436.204162598
0.815600907029	435.448913574
0.818503401361	434.695007324
0.821405895692	434.444000244
0.824308390023	434.695007324
0.827210884354	435.448913574
0.830113378685	435.952270508
0.833015873016	436.708374023
0.835918367347	436.960693359
0.838820861678	437.213165283
0.841723356009	437.213165283
0.84462585034	437.971466064
0.847528344671	438.731048584
0.850430839002	439.745910645
0.853333333333	440.508605957
0.856235827664	441.272613525
0.859138321995	442.03793335
0.862040816327	442.54888916
0.864943310658	443.060455322
0.867845804989	442.804595947
0.87074829932	442.54888916
0.873650793651	442.03793335
0.876553287982	441.527557373
0.879455782313	440.508605957
0.882358276644	439.491973877
0.885260770975	438.477722168
0.888163265306	437.718536377
0.891065759637	437.213165283
0.893968253968	437.213165283
0.896870748299	437.718536377
0.89977324263	438.477722168
0.902675736961	438.984558105
0.905578231293	439.238189697
0.908480725624	439.491973877
0.911383219955	439.745910645
0.914285714286	439.238189697
0.917188208617	438.984558105
0.920090702948	438.731048584
0.922993197279	438.477722168
0.92589569161	438.224517822
0.928798185941	437.971466064
0.931700680272	437.971466064
0.934603174603	438.224517822
0.937505668934	438.477722168
0.940408163265	438.731048584
0.943310657596	438.984558105
0.946213151927	439.238189697
0.949115646259	439.238189697
0.95201814059	438.984558105
0.954920634921	438.984558105
0.957823129252	438.731048584
0.960725623583	438.477722168
0.963628117914	438.224517822
0.966530612245	438.477722168
0.969433106576	438.477722168
0.972335600907	438.477722168
0.975238095238	438.224517822
0.978140589569	437.971466064
0.9810430839	437.718536377
0.983945578231	437.465789795
0.986848072562	437.213165283
0.989750566893	437.213165283
0.992653061224	437.718536377
0.995555555556	437.971466064
0.998458049887	438.224517822
1.00136054422	438.477722168
1.00426303855	438.984558105
1.00716553288	439.238189697
1.01006802721	439.491973877
1.01297052154	439.745910645
1.01587301587	440.0
1.0187755102	440.0
1.02167800454	439.745910645
1.02458049887	439.491973877
1.0274829932	439.491973877
1.03038548753	439.238189697
1.03328798186	439.238189697
1.03619047619	439.238189697
1.03909297052	439.491973877
1.04199546485	439.745910645
1.04489795918	439.745910645
1.04780045351	439.745910645
1.05070294785	439.745910645
1.05360544218	439.745910645
1.05650793651	439.745910645
1.05941043084	439.745910645
1.06231292517	439.745910645
1.0652154195	439.491973877
1.06811791383	439.238189697
1.07102040816	439.238189697
1.07392290249	438.984558105
1.07682539683	439.238189697
1.07972789116	439.238189697
1.08263038549	439.238189697
1.08553287982	439.491973877
1.08843537415	439.491973877
1.09133786848	439.491973877
1.09424036281	439.491973877
1.09714285714	439.238189697
1.10004535147	438.984558105
1.1029478458	438.984558105
1.10585034014	438.984558105
1.10875283447	438.731048584
1.1116553288	438.731048584
1.11455782313	438.731048584
1.11746031746	438.731048584
1.12036281179	438.731048584
1.12326530612	438.731048584
1.12616780045	438.731048584
1.12907029478	438.984558105
1.13197278912	438.731048584
1.13487528345	438.984558105
1.13777777778	439.238189697
1.14068027211	439.238189697
1.14358276644	439.491973877
1.14648526077	439.491973877
1.1493877551	439.491973877
1.15229024943	439.491973877
1.15519274376	439.491973877
1.1580952381	439.491973877
1.16099773243	439.491973877
1.16390022676	439.238189697
1.16680272109	439.238189697
1.16970521542	439.238189697
1.17260770975	439.238189697
1.17551020408	439.238189697
1.17841269841	439.491973877
1.18131519274	439.491973877
1.18421768707	439.491973877
1.18712018141	439.491973877
1.19002267574	439.238189697
1.19292517007	439.238189697
1.1958276644	438.984558105
1.19873015873	438.984558105
1.20163265306	438.984558105
1.20453514739	439.238189697
1.20743764172	439.238189697
1.21034013605	439.238189697
1.21324263039	439.491973877
1.21614512472	439.238189697
1.21904761905	438.731048584
1.22195011338	437.718536377
1.22485260771	435.952270508
1.22775510204	433.441375732
1.23065759637	429.453979492
1.2335600907	422.564086914
1.23646258503	411.484161377
1.23936507937	403.714904785
1.2422675737	399.769989014
1.24517006803	398.386901855
1.24807256236	398.61706543
1.25097505669	400.232086182
1.25387755102	402.318145752
1.25678004535	405.350585938
1.25968253968	407.934326172
1.26258503401	409.823730469
1.26548752834	411.246520996
1.26839002268	412.435974121
1.27129251701	413.867858887
1.27419501134	415.064880371
1.27709750567	416.024993896
1.28	416.265350342
1.28290249433	416.505889893
1.28580498866	416.265350342
1.28870748299	415.784759521
1.29160997732	415.064880371
1.29451247166	415.064880371
1.29741496599	414.585662842
1.30031746032	414.106994629
1.30321995465	413.628875732
1.30612244898	412.674285889
1.30902494331	412.197814941
1.31192743764	415.784759521
1.31482993197	417.710540771
1.3177324263	417.710540771
1.32063492063	417.228240967
1.32353741497	415.784759521
1.3264399093	388.613739014
1.32934240363	399.539154053
1.33224489796	403.948181152
1.33514739229	406.053588867
1.33804988662	407.698760986
1.34095238095	408.641815186
1.34385487528	409.58706665
1.34675736961	410.297454834
1.34965986395	411.246520996
1.35256235828	412.912719727
1.35546485261	414.825195312
1.35836734694	417.469329834
1.36126984127	419.160705566
1.3641723356	420.373046875
1.36707482993	420.858978271
1.36997732426	421.102142334
1.37287981859	421.345428467
1.37578231293	420.615936279
1.37868480726	419.887695312
1.38158730159	419.160705566
1.38448979592	418.434997559
1.38739229025	417.710540771
1.39029478458	416.987335205
1.39319727891	416.024993896
1.39609977324	415.064880371
1.39900226757	414.346252441
1.4019047619	413.628875732
1.40480725624	413.390014648
1.40770975057	413.151306152
1.4106122449	413.151306152
1.41351473923	413.390014648
1.41641723356	413.867858887
1.41931972789	414.585662842
1.42222222222	414.825195312
1.42512471655	415.3046875
1.42802721088	415.544647217
1.43092970522	415.544647217
1.43383219955	415.3046875
1.43673469388	415.064880371
1.43963718821	414.106994629
1.44253968254	413.628875732
1.44544217687	413.151306152
1.4483446712	412.674285889
1.45124716553	412.674285889
1.45414965986	413.151306152
1.4570521542	414.106994629
1.45995464853	415.064880371
1.46285714286	416.505889893
1.46575963719	417.710540771
1.46866213152	418.434997559
1.47156462585	418.918670654
1.47446712018	418.434997559
1.47736961451	417.469329834
1.48027210884	416.265350342
1.48317460317	415.064880371
1.48607709751	414.106994629
1.48897959184	413.390014648
1.49188208617	413.628875732
1.4947845805	414.346252441
1.49768707483	416.024993896
1.50058956916	418.193359375
1.50349206349	420.130310059
1.50639455782	421.345428467
1.50929705215	422.076202393
1.51219954649	420.373046875
1.51510204082	413.390014648
1.51800453515	408.170013428
1.52090702948	405.116516113
1.52380952381	404.415100098
1.52671201814	406.053588867
1.52961451247	410.534515381
1.5325170068	422.808258057
1.53541950113	427.227203369
1.53832199546	428.958129883
1.5412244898	429.453979492
1.54412698413	430.696075439
1.54702947846	431.692352295
1.54993197279	431.941772461
1.55283446712	431.692352295
1.55573696145	431.941772461
1.55863945578	432.191345215
1.56154195011	432.441070557
1.56444444444	432.940917969
1.56734693878	433.191070557
1.57024943311	433.441375732
1.57315192744	433.691802979
1.57605442177	434.444000244
1.5789569161	436.204162598
1.58185941043	437.465789795
1.58476190476	437.971466064
1.58766439909	438.477722168
1.59056689342	438.731048584
1.59346938776	438.477722168
1.59637188209	438.224517822
1.59927437642	437.971466064
1.60217687075	438.477722168
1.60507936508	439.238189697
1.60798185941	440.254241943
1.61088435374	441.272613525
1.61378684807	442.03793335
1.6166893424	442.804595947
1.61959183673	443.572570801
1.62249433107	443.572570801
1.6253968254	443.060455322
1.62829931973	442.293334961
1.63120181406	441.272613525
1.63410430839	440.254241943
1.63700680272	438.477722168
1.63990929705	437.213165283
1.64281179138	436.204162598
1.64571428571	435.952270508
1.64861678005	435.952270508
1.65151927438	436.456207275
1.65442176871	436.960693359
1.65732426304	437.971466064
1.66022675737	438.224517822
1.6631292517	438.731048584
1.66603174603	439.238189697
1.66893424036	439.745910645
1.67183673469	440.0
1.67473922902	440.508605957
1.67764172336	440.508605957
1.68054421769	440.254241943
1.68344671202	439.745910645
1.68634920635	439.238189697
1.68925170068	438.477722168
1.69215419501	437.718536377
1.69505668934	437.213165283
1.69795918367	436.708374023
1.700861678	436.456207275
1.70376417234	436.456207275
1.70666666667	436.456207275
1.709569161	436.960693359
1.71247165533	437.465789795
1.71537414966	438.224517822
1.71827664399	438.984558105
1.72117913832	439.745910645
1.72408163265	440.0
1.72698412698	440.0
1.72988662132	439.491973877
1.73278911565	438.984558105
1.73569160998	437.971466064
1.73859410431	437.213165283
1.74149659864	436.456207275
1.74439909297	436.456207275
1.7473015873	436.456207275
1.75020408163	436.960693359
1.75310657596	437.465789795
1.75600907029	437.971466064
1.75891156463	438.477722168
1.76181405896	438.984558105
1.76471655329	439.491973877
1.76761904762	439.745910645
1.77052154195	439.745910645
1.77342403628	439.745910645
1.77632653061	439.745910645
1.77922902494	439.491973877
1.78213151927	439.491973877
1.78503401361	439.491973877
1.78793650794	439.491973877
1.79083900227	439.491973877
1.7937414966	439.491973877
1.79664399093	439.238189697
1.79954648526	439.491973877
1.80244897959	439.745910645
1.80535147392	440.254241943
1.80825396825	440.508605957
1.81115646259	440.254241943
1.81405895692	439.491973877
1.81696145125	438.477722168
1.81986394558	437.465789795
1.82276643991	436.456207275
1.82566893424	348.825012207
1.82857142857	347.417449951
1.8314739229	346.815948486
1.83437641723	347.016326904
1.83727891156	347.819030762
1.8401814059	349.026580811
1.84308390023	351.45425415
1.84598639456	353.082061768
1.84888888889	352.674407959
1.85179138322	352.267211914
1.85469387755	351.657318115
1.85759637188	351.657318115
1.86049886621	351.86050415
1.86340136054	352.878173828
1.86630385488	354.103271484
1.86920634921	354.922363281
1.87210884354	355.127441406
1.87501133787	353.286071777
1.8779138322	351.45425415
1.88081632653	350.03604126
1.88371882086	349.228240967
1.88662131519	349.228240967
1.88952380952	349.631896973
1.89242630385	350.238311768
1.89532879819	350.845733643
1.89823129252	350.845733643
1.90113378685	350.238311768
1.90403628118	349.631896973
1.90693877551	349.026580811
1.90984126984	348.825012207
1.91274376417	349.228240967
1.9156462585	349.631896973
1.91854875283	350.03604126
1.92145124717	350.03604126
1.9243537415	349.83392334
1.92725623583	349.026580811
1.93015873016	348.221069336
1.93306122449	348.019989014
1.93596371882	347.819030762
1.93886621315	347.618164062
1.94176870748	347.819030762
1.94467120181	348.221069336
1.94757369615	348.623596191
1.95047619048	348.623596191
1.95337868481	348.623596191
1.95628117914	348.422271729
1.95918367347	348.221069336
1.9620861678	348.221069336
1.96498866213	348.019989014
1.96789115646	347.819030762
1.97079365079	347.819030762
1.97369614512	347.819030762
1.97659863946	348.019989014
1.97950113379	348.422271729
1.98240362812	348.825012207
1.98530612245	349.026580811
1.98820861678	349.228240967
1.99111111111	349.228240967
1.99401360544	349.228240967
1.99691609977	349.228240967
1.9998185941	349.228240967
2.00272108844	349.026580811
2.00562358277	348.825012207
2.0085260771	348.825012207
2.01142857143	349.026580811
2.01433106576	349.228240967
2.01723356009	349.228240967
2.02013605442	349.430023193
2.02303854875	349.631896973
2.02594104308	349.430023193
2.02884353741	349.228240967
2.03174603175	349.228240967
2.03464852608	349.430023193
2.03755102041	349.430023193
2.04045351474	349.430023193
2.04335600907	349.631896973
2.0462585034	349.83392334
2.04916099773	349.83392334
2.05206349206	349.83392334
2.05496598639	349.83392334
2.05786848073	349.83392334
2.06077097506	349.83392334
2.06367346939	349.631896973
2.06657596372	349.228240967
2.06947845805	348.825012207
2.07238095238	348.422271729
2.07528344671	348.019989014
2.07818594104	348.019989014
2.08108843537	348.221069336
2.08399092971	348.623596191
2.08689342404	349.228240967
2.08979591837	349.430023193
2.0926984127	349.631896973
2.09560090703	349.631896973
2.09850340136	349.228240967
2.10140589569	349.026580811
2.10430839002	348.623596191
2.10721088435	348.422271729
2.11011337868	348.422271729
2.11301587302	348.623596191
2.11591836735	348.825012207
2.11882086168	349.026580811
2.12172335601	349.228240967
2.12462585034	349.430023193
2.12752834467	349.430023193
2.130430839	349.228240967
2.13333333333	349.026580811
2.13623582766	349.026580811
2.139138322	348.825012207
2.14204081633	348.825012207
2.14494331066	348.623596191
2.14784580499	348.623596191
2.15074829932	348.825012207
2.15365079365	348.825012207
2.15655328798	349.026580811
2.15945578231	349.026580811
2.16235827664	349.026580811
2.16526077098	349.026580811
2.16816326531	348.825012207
2.17106575964	348.623596191
2.17396825397	348.825012207
2.1768707483	349.026580811
2.17977324263	349.228240967
2.18267573696	349.430023193
2.18557823129	349.631896973
2.18848072562	349.631896973
2.19138321995	349.631896973
2.19428571429	349.430023193
2.19718820862	349.228240967
2.20009070295	348.825012207
2.20299319728	348.825012207
2.20589569161	348.825012207
2.20879818594	348.825012207
2.21170068027	348.825012207
2.2146031746	348.825012207
2.21750566893	348.825012207
2.22040816327	348.825012207
2.2233106576	348.825012207
2.22621315193	349.026580811
2.22911564626	349.026580811
2.23201814059	349.228240967
2.23492063492	349.228240967
2.23782312925	349.228240967
2.24072562358	349.228240967
2.24362811791	349.228240967
2.24653061224	349.228240967
2.24943310658	349.228240967
2.25233560091	349.026580811
2.25523809524	349.026580811
2.25814058957	348.825012207
2.2610430839	348.825012207
2.26394557823	348.825012207
2.26684807256	348.623596191
2.26975056689	348.825012207
2.27265306122	348.825012207
2.27555555556	348.825012207
2.27845804989	349.026580811
2.28136054422	349.026580811
2.28426303855	349.026580811
2.28716553288	349.026580811
2.29006802721	349.026580811
2.29297052154	349.026580811
2.29587301587	349.026580811
2.2987755102	349.026580811
2.30167800454	349.026580811
2.30458049887	349.026580811
2.3074829932	349.026580811
2.31038548753	349.026580811
2.31328798186	349.026580811
2.31619047619	349.026580811
2.31909297052	349.026580811
2.32199546485	348.825012207
2.32489795918	348.825012207
2.32780045351	348.623596191
2.33070294785	348.623596191
2.33360544218	348.825012207
2.33650793651	349.026580811
2.33941043084	349.430023193
2.34231292517	349.631896973
2.3452154195	349.83392334
2.34811791383	349.83392334
2.35102040816	349.430023193
2.35392290249	349.026580811
2.35682539683	348.825012207
2.35972789116	349.026580811
2.36263038549	349.228240967
2.36553287982	349.228240967
2.36843537415	349.228240967
2.37133786848	348.221069336
2.37424036281	346.415496826
2.37714285714	345.017669678
2.38004535147	343.22869873
2.3829478458	342.436584473
2.38585034014	341.251861572
2.38875283447	339.67855835
2.3916553288	335.583129883
2.39455782313	330.963043213
2.39746031746	329.056854248
2.40036281179	328.487121582
2.40326530612	328.487121582
2.40616780045	329.056854248
2.40907029478	329.818023682
2.41197278912	330.963043213
2.41487528345	331.728637695
2.41777777778	332.112091064
2.42068027211	332.49597168
2.42358276644	333.072631836
2.42648526077	334.035980225
2.4293877551	335.389343262
2.43229024943	336.165161133
2.43519274376	335.777038574
2.4380952381	335.583129883
2.44099773243	335.583129883
2.44390022676	335.389343262
2.44680272109	335.583129883
2.44970521542	335.002105713
2.45260770975	335.002105713
2.45551020408	335.195678711
2.45841269841	334.808654785
2.46131519274	334.422088623
2.46421768707	330.771942139
2.46712018141	329.627563477
2.47002267574	330.199249268
2.47292517007	330.580932617
2.4758276644	330.580932617
2.47873015873	333.457641602
2.48163265306	333.457641602
2.48453514739	333.457641602
2.48743764172	333.650299072
2.49034013605	334.615325928
2.49324263039	334.422088623
2.49614512472	334.228973389
2.49904761905	333.843078613
2.50195011338	333.457641602
2.50485260771	333.265075684
2.50775510204	332.880310059
2.51065759637	332.303955078
2.5135600907	331.537078857
2.51646258503	330.771942139
2.51936507937	329.818023682
2.5222675737	329.437225342
2.52517006803	329.437225342
2.52807256236	329.627563477
2.53097505669	329.818023682
2.53387755102	330.008575439
2.53678004535	330.390045166
2.53968253968	331.154296875
2.54258503401	331.728637695
2.54548752834	332.112091064
2.54839002268	332.49597168
2.55129251701	332.688079834
2.55419501134	332.880310059
2.55709750567	333.072631836
2.56	333.265075684
2.56290249433	333.072631836
2.56580498866	333.072631836
2.56870748299	332.880310059
2.57160997732	332.688079834
2.57451247166	332.49597168
2.57741496599	331.920288086
2.58031746032	331.537078857
2.58321995465	330.963043213
2.58612244898	330.771942139
2.58902494331	330.580932617
2.59192743764	330.580932617
2.59482993197	330.580932617
2.5977324263	330.771942139
2.60063492063	330.963043213
2.60353741497	331.154296875
2.6064399093	331.345611572
2.60934240363	331.345611572
2.61224489796	331.345611572
2.61514739229	331.537078857
2.61804988662	331.920288086
2.62095238095	332.112091064
2.62385487528	332.880310059
2.62675736961	333.265075684
2.62965986395	333.457641602
2.63256235828	333.457641602
2.63546485261	333.072631836
2.63836734694	331.920288086
2.64126984127	330.963043213
2.6441723356	330.771942139
2.64707482993	331.154296875
2.64997732426	332.112091064
2.65287981859	334.422088623
2.65578231293	339.090454102
2.65868480726	330.963043213
2.66158730159	353.490203857
2.66448979592	349.228240967
2.66739229025	345.815734863
2.67029478458	344.221405029
2.67319727891	342.634429932
2.67609977324	343.625427246
2.67900226757	345.416473389
2.6819047619	349.83392334
2.68480725624	357.184661865
2.68770975057	356.772277832
2.6906122449	354.922363281
2.69351473923	353.082061768
2.69641723356	351.048461914
2.69931972789	349.631896973
2.70222222222	348.422271729
2.70512471655	348.422271729
2.70802721088	348.221069336
2.71092970522	348.221069336
2.71383219955	347.417449951
2.71673469388	346.615661621
2.71963718821	346.815948486
2.72253968254	348.422271729
2.72544217687	350.03604126
2.7283446712	350.440673828
2.73124716553	351.86050415
2.73414965986	348.623596191
2.7370521542	348.825012207
2.73995464853	358.21774292
2.74285714286	350.845733643
2.74575963719	348.019989014
2.74866213152	346.615661621
2.75156462585	346.415496826
2.75446712018	346.215484619
2.75736961451	346.215484619
2.76027210884	346.415496826
2.76317460317	346.815948486
2.76607709751	347.216827393
2.76897959184	347.216827393
2.77188208617	347.216827393
2.7747845805	347.216827393
2.77768707483	347.016326904
2.78058956916	347.417449951
2.78349206349	348.221069336
2.78639455782	348.623596191
2.78929705215	349.430023193
2.79219954649	349.430023193
2.79510204082	349.026580811
2.79800453515	348.422271729
2.80090702948	347.216827393
2.80380952381	346.415496826
2.80671201814	345.815734863
2.80961451247	345.416473389
2.8125170068	345.017669678
2.81541950113	344.81842041
2.81832199546	345.217010498
2.8212244898	346.215484619
2.82412698413	347.417449951
2.82702947846	348.422271729
2.82993197279	349.430023193
2.83283446712	350.03604126
2.83573696145	350.845733643
2.83863945578	351.251281738
2.84154195011	351.048461914
2.84444444444	350.845733643
2.84734693878	350.238311768
2.85024943311	349.631896973
2.85315192744	349.228240967
2.85605442177	348.623596191
2.8589569161	348.422271729
2.86185941043	347.819030762
2.86476190476	347.417449951
2.86766439909	347.016326904
2.87056689342	346.815948486
2.87346938776	346.815948486
2.87637188209	347.216827393
2.87927437642	347.819030762
2.88217687075	348.623596191
2.88507936508	349.430023193
2.88798185941	350.03604126
2.89088435374	350.643157959
2.89378684807	351.048461914
2.8966893424	351.45425415
2.89959183673	351.657318115
2.90249433107	351.657318115
2.9053968254	351.657318115
2.90829931973	350.845733643
2.91120181406	349.83392334
2.91410430839	348.623596191
2.91700680272	347.618164062
2.91990929705	347.016326904
2.92281179138	347.016326904
2.92571428571	347.016326904
2.92861678005	347.417449951
2.93151927438	347.819030762
2.93442176871	347.819030762
2.93732426304	347.819030762
2.94022675737	347.417449951
2.9431292517	347.216827393
2.94603174603	347.016326904
2.94893424036	347.216827393
2.95183673469	347.618164062
2.95473922902	347.819030762
2.95764172336	348.623596191
2.96054421769	349.228240967
2.96344671202	349.631896973
2.96634920635	349.631896973
2.96925170068	349.83392334
2.97215419501	349.631896973
2.97505668934	349.631896973
2.97795918367	349.430023193
2.980861678	349.228240967
2.98376417234	349.228240967
2.98666666667	349.026580811
2.989569161	348.825012207
2.99247165533	348.825012207
2.99537414966	348.825012207
2.99827664399	348.825012207
3.00117913832	348.623596191
3.00408163265	348.422271729
3.00698412698	348.221069336
3.00988662132	348.019989014
3.01278911565	348.019989014
3.01569160998	348.221069336
3.01859410431	348.221069336
3.02149659864	348.825012207
3.02439909297	349.026580811
3.0273015873	349.430023193
3.03020408163	349.631896973
3.03310657596	349.631896973
3.03600907029	349.631896973
3.03891156463	349.631896973
3.04181405896	349.631896973
3.04471655329	349.631896973
3.04761904762	349.83392334
3.05052154195	349.83392334
3.05342403628	350.03604126
3.05632653061	350.03604126
3.05922902494	350.03604126
3.06213151927	349.83392334
3.06503401361	349.83392334
3.06793650794	349.83392334
3.07083900227	349.83392334
3.0737414966	349.83392334
3.07664399093	349.83392334
3.07954648526	350.03604126
3.08244897959	350.238311768
3.08535147392	350.845733643
3.08825396825	351.657318115
3.09115646259	352.878173828
3.09405895692	353.898803711
3.09696145125	354.717407227
3.09986394558	355.332641602
3.10276643991	354.512573242
3.10566893424	349.83392334
3.10857142857	343.625427246
3.1114739229	340.857849121
3.11437641723	340.07119751
3.11727891156	337.332244873
3.1201814059	336.165161133
3.12308390023	335.971038818
3.12598639456	336.165161133
3.12888888889	336.359375
3.13179138322	336.359375
3.13469387755	336.165161133
3.13759637188	335.971038818
3.14049886621	335.777038574
3.14340136054	335.583129883
3.14630385488	335.389343262
3.14920634921	335.389343262
3.15210884354	335.389343262
3.15501133787	335.389343262
3.1579138322	335.195678711
3.16081632653	334.808654785
3.16371882086	333.843078613
3.16662131519	330.580932617
3.16952380952	330.580932617
3.17242630385	330.008575439
3.17532879819	330.580932617
3.17823129252	330.580932617
3.18113378685	331.537078857
3.18403628118	331.728637695
3.18693877551	331.728637695
3.18984126984	331.920288086
3.19274376417	332.112091064
3.1956462585	332.303955078
3.19854875283	333.072631836
3.20145124717	335.002105713
3.2043537415	347.819030762
3.20725623583	343.22869873
3.21015873016	343.823974609
3.21306122449	344.81842041
3.21596371882	346.815948486
3.21886621315	344.81842041
3.22176870748	354.512573242
3.22467120181	352.878173828
3.22757369615	351.86050415
3.23047619048	350.845733643
3.23337868481	350.238311768
3.23628117914	350.845733643
3.23918367347	351.048461914
3.2420861678	352.267211914
3.24498866213	353.286071777
3.24789115646	353.898803711
3.25079365079	352.674407959
3.25369614512	351.048461914
3.25659863946	349.228240967
3.25950113379	348.422271729
3.26240362812	348.221069336
3.26530612245	348.623596191
3.26820861678	349.631896973
3.27111111111	351.45425415
3.27401360544	353.286071777
3.27691609977	352.674407959
3.2798185941	351.251281738
3.28272108844	350.238311768
3.28562358277	349.83392334
3.2885260771	349.430023193
3.29142857143	349.430023193
3.29433106576	349.631896973
3.29723356009	349.83392334
3.30013605442	350.03604126
3.30303854875	349.631896973
3.30594104308	349.228240967
3.30884353741	348.623596191
3.31174603175	348.221069336
3.31464852608	347.618164062
3.31755102041	347.417449951
3.32045351474	347.216827393
3.32335600907	347.417449951
3.3262585034	347.417449951
3.32916099773	347.618164062
3.33206349206	347.016326904
3.33496598639	346.415496826
3.33786848073	345.815734863
3.34077097506	345.217010498
3.34367346939	344.81842041
3.34657596372	344.619293213
3.34947845805	344.619293213
3.35238095238	344.81842041
3.35528344671	345.416473389
3.35818594104	346.215484619
3.36108843537	346.815948486
3.36399092971	347.417449951
3.36689342404	348.422271729
3.36979591837	349.026580811
3.3726984127	349.83392334
3.37560090703	350.440673828
3.37850340136	350.440673828
3.38140589569	350.440673828
3.38430839002	350.238311768
3.38721088435	350.238311768
3.39011337868	349.83392334
3.39301587302	349.228240967
3.39591836735	348.623596191
3.39882086168	347.819030762
3.40172335601	346.815948486
3.40462585034	346.415496826
3.40752834467	346.215484619
3.410430839	346.015533447
3.41333333333	346.215484619
3.41623582766	346.615661621
3.419138322	346.815948486
3.42204081633	347.417449951
3.42494331066	348.221069336
3.42784580499	349.026580811
3.43074829932	349.631896973
3.43365079365	350.440673828
3.43655328798	351.251281738
3.43945578231	351.657318115
3.44235827664	351.251281738
3.44526077098	350.440673828
3.44816326531	349.83392334
3.45106575964	349.430023193
3.45396825397	349.228240967
3.4568707483	349.430023193
3.45977324263	349.430023193
3.46267573696	349.026580811
3.46557823129	348.019989014
3.46848072562	346.615661621
3.47138321995	345.217010498
3.47428571429	344.221405029
3.47718820862	343.823974609
3.48009070295	343.823974609
3.48299319728	344.81842041
3.48589569161	347.216827393
3.48879818594	352.878173828
3.49170068027	356.978424072
3.4946031746	359.046386719
3.49750566893	359.253814697
3.50040816327	358.839050293
3.5033106576	355.948913574
3.50621315193	354.103271484
3.50911564626	351.45425415
3.51201814059	343.427001953
3.51492063492	340.07119751
3.51782312925	337.332244873
3.52072562358	336.553741455
3.52362811791	336.165161133
3.52653061224	335.971038818
3.52943310658	335.583129883
3.53233560091	335.195678711
3.53523809524	335.002105713
3.53814058957	334.808654785
3.5410430839	334.615325928
3.54394557823	334.808654785
3.54684807256	335.002105713
3.54975056689	335.002105713
3.55265306122	334.808654785
3.55555555556	334.228973389
3.55845804989	330.771942139
3.56136054422	330.390045166
3.56426303855	330.963043213
3.56716553288	331.154296875
3.57006802721	331.537078857
3.57297052154	332.880310059
3.57587301587	333.650299072
3.5787755102	334.228973389
3.58167800454	333.843078613
3.58458049887	333.843078613
3.5874829932	333.650299072
3.59038548753	333.457641602
3.59328798186	333.650299072
3.59619047619	333.843078613
3.59909297052	334.228973389
3.60199546485	334.228973389
3.60489795918	334.228973389
3.60780045351	333.843078613
3.61070294785	333.265075684
3.61360544218	331.154296875
3.61650793651	329.24697876
3.61941043084	329.437225342
3.62231292517	329.627563477
3.6252154195	329.627563477
3.62811791383	330.008575439
3.63102040816	333.843078613
3.63392290249	334.228973389
3.63682539683	334.228973389
3.63972789116	333.843078613
3.64263038549	333.265075684
3.64553287982	332.688079834
3.64843537415	332.303955078
3.65133786848	331.920288086
3.65424036281	331.728637695
3.65714285714	331.728637695
3.66004535147	331.537078857
3.6629478458	331.728637695
3.66585034014	332.112091064
3.66875283447	332.303955078
3.6716553288	332.49597168
3.67455782313	332.49597168
3.67746031746	332.303955078
3.68036281179	332.303955078
3.68326530612	332.112091064
3.68616780045	331.920288086
3.68907029478	331.728637695
3.69197278912	331.728637695
3.69487528345	331.345611572
3.69777777778	331.154296875
3.70068027211	330.771942139
3.70358276644	330.390045166
3.70648526077	330.199249268
3.7093877551	330.390045166
3.71229024943	330.580932617
3.71519274376	330.963043213
3.7180952381	331.537078857
3.72099773243	332.49597168
3.72390022676	332.880310059
3.72680272109	332.880310059
3.72970521542	332.303955078
3.73260770975	332.303955078
3.73551020408	332.880310059
3.73841269841	334.035980225
3.74131519274	334.808654785
3.74421768707	335.195678711
3.74712018141	335.002105713
3.75002267574	286.62612915
3.75292517007	286.957458496
3.7558276644	288.286560059
3.75873015873	290.627288818
3.76163265306	291.804779053
3.76453514739	291.46786499
3.76743764172	290.963226318
3.77034013605	290.627288818
3.77324263039	290.795227051
3.77614512472	290.963226318
3.77904761905	291.299560547
3.78195011338	291.973388672
3.78485260771	291.973388672
3.78775510204	291.299560547
3.79065759637	290.795227051
3.7935600907	290.459472656
3.79646258503	290.459472656
3.79936507937	290.963226318
3.8022675737	292.142089844
3.80517006803	293.325714111
3.80807256236	294.004211426
3.81097505669	293.495178223
3.81387755102	292.987030029
3.81678004535	292.310882568
3.81968253968	291.973388672
3.82258503401	291.804779053
3.82548752834	291.973388672
3.82839002268	292.310882568
3.83129251701	292.648773193
3.83419501134	292.817840576
3.83709750567	292.817840576
3.84	292.479766846
3.84290249433	292.310882568
3.84580498866	292.310882568
3.84870748299	292.310882568
3.85160997732	292.479766846
3.85451247166	292.817840576
3.85741496599	292.987030029
3.86031746032	292.987030029
3.86321995465	292.817840576
3.86612244898	292.310882568
3.86902494331	291.804779053
3.87192743764	291.636291504
3.87482993197	291.636291504
3.8777324263	291.804779053
3.88063492063	292.310882568
3.88353741497	292.817840576
3.8864399093	293.325714111
3.88934240363	293.495178223
3.89224489796	293.325714111
3.89514739229	292.648773193
3.89804988662	292.479766846
3.90095238095	292.310882568
3.90385487528	292.479766846
3.90675736961	292.987030029
3.90965986395	293.664764404
3.91256235828	294.174102783
3.91546485261	294.344055176
3.91836734694	293.495178223
3.92126984127	292.648773193
3.9241723356	291.973388672
3.92707482993	291.636291504
3.92997732426	291.804779053
3.93287981859	292.142089844
3.93578231293	292.479766846
3.93868480726	292.648773193
3.94158730159	292.648773193
3.94448979592	292.142089844
3.94739229025	291.804779053
3.95029478458	291.46786499
3.95319727891	291.46786499
3.95609977324	291.636291504
3.95900226757	292.142089844
3.9619047619	292.479766846
3.96480725624	292.817840576
3.96770975057	292.817840576
3.9706122449	292.479766846
3.97351473923	292.310882568
3.97641723356	292.142089844
3.97931972789	292.310882568
3.98222222222	292.648773193
3.98512471655	292.987030029
3.98802721088	293.495178223
3.99092970522	293.664764404
3.99383219955	293.325714111
3.99673469388	292.648773193
3.99963718821	291.804779053
4.00253968254	291.299560547
4.00544217687	290.963226318
4.0083446712	291.299560547
4.01124716553	291.636291504
4.01414965986	292.142089844
4.0170521542	292.817840576
4.01995464853	292.987030029
4.02285714286	292.648773193
4.02575963719	292.142089844
4.02866213152	291.804779053
4.03156462585	291.636291504
4.03446712018	291.973388672
4.03736961451	292.648773193
4.04027210884	293.664764404
4.04317460317	294.344055176
4.04607709751	292.987030029
4.04897959184	330.390045166
4.05188208617	332.303955078
4.0547845805	333.072631836
4.05768707483	333.265075684
4.06058956916	333.072631836
4.06349206349	331.728637695
4.06639455782	329.24697876
4.06929705215	329.056854248
4.07219954649	331.154296875
4.07510204082	332.880310059
4.07800453515	333.457641602
4.08090702948	333.650299072
4.08380952381	333.265075684
4.08671201814	332.303955078
4.08961451247	331.154296875
4.0925170068	330.771942139
4.09541950113	330.963043213
4.09832199546	330.963043213
4.1012244898	331.154296875
4.10412698413	330.199249268
4.10702947846	330.771942139
4.10993197279	330.771942139
4.11283446712	330.771942139
4.11573696145	330.199249268
4.11863945578	331.154296875
4.12154195011	330.771942139
4.12444444444	329.24697876
4.12734693878	329.24697876
4.13024943311	330.580932617
4.13315192744	331.537078857
4.13605442177	331.920288086
4.1389569161	332.112091064
4.14185941043	331.728637695
4.14476190476	331.154296875
4.14766439909	330.199249268
4.15056689342	329.818023682
4.15346938776	330.199249268
4.15637188209	330.580932617
4.15927437642	330.771942139
4.16217687075	330.963043213
4.16507936508	330.771942139
4.16798185941	330.580932617
4.17088435374	330.199249268
4.17378684807	329.818023682
4.1766893424	330.199249268
4.17959183673	331.345611572
4.18249433107	332.303955078
4.1853968254	332.49597168
4.18829931973	332.49597168
4.19120181406	332.112091064
4.19410430839	331.537078857
4.19700680272	330.963043213
4.19990929705	330.580932617
4.20281179138	330.771942139
4.20571428571	331.345611572
4.20861678005	331.728637695
4.21151927438	331.728637695
4.21442176871	331.920288086
4.21732426304	331.728637695
4.22022675737	331.537078857
4.2231292517	331.345611572
4.22603174603	331.154296875
4.22893424036	331.537078857
4.23183673469	331.728637695
4.23473922902	331.920288086
4.23764172336	332.112091064
4.24054421769	332.112091064
4.24344671202	332.112091064
4.24634920635	331.728637695
4.24925170068	331.345611572
4.25215419501	330.963043213
4.25505668934	331.154296875
4.25795918367	331.537078857
4.260861678	331.728637695
4.26376417234	331.537078857
4.26666666667	329.818023682
4.269569161	328.676940918
4.27247165533	328.297454834
4.27537414966	328.297454834
4.27827664399	329.056854248
4.28117913832	331.920288086
4.28408163265	331.537078857
4.28698412698	345.416473389
4.28988662132	341.449005127
4.29278911565	339.874816895
4.29569160998	340.661010742
4.29859410431	341.054779053
4.30149659864	342.041229248
4.30439909297	344.221405029
4.3073015873	347.618164062
4.31020408163	350.440673828
4.31310657596	352.470733643
4.31600907029	353.082061768
4.31891156463	352.878173828
4.32181405896	351.657318115
4.32471655329	350.440673828
4.32761904762	351.048461914
4.33052154195	352.267211914
4.33342403628	353.490203857
4.33632653061	351.45425415
4.33922902494	347.216827393
4.34213151927	344.619293213
4.34503401361	343.823974609
4.34793650794	344.619293213
4.35083900227	344.81842041
4.3537414966	345.61605835
4.35664399093	347.216827393
4.35954648526	349.430023193
4.36244897959	351.251281738
4.36535147392	351.86050415
4.36825396825	351.657318115
4.37115646259	351.657318115
4.37405895692	351.86050415
4.37696145125	352.063781738
4.37986394558	352.267211914
4.38276643991	352.063781738
4.38566893424	350.845733643
4.38857142857	349.026580811
4.3914739229	347.216827393
4.39437641723	346.015533447
4.39727891156	345.217010498
4.4001814059	344.81842041
4.40308390023	344.81842041
4.40598639456	345.017669678
4.40888888889	345.815734863
4.41179138322	346.415496826
4.41469387755	347.016326904
4.41759637188	347.216827393
4.42049886621	347.216827393
4.42340136054	347.417449951
4.42630385488	348.019989014
4.42920634921	348.019989014
4.43210884354	348.825012207
4.43501133787	349.228240967
4.4379138322	349.026580811
4.44081632653	348.422271729
4.44371882086	347.819030762
4.44662131519	347.216827393
4.44952380952	346.815948486
4.45242630385	346.415496826
4.45532879819	346.015533447
4.45823129252	346.015533447
4.46113378685	346.215484619
4.46403628118	346.615661621
4.46693877551	347.216827393
4.46984126984	348.019989014
4.47274376417	348.623596191
4.4756462585	349.430023193
4.47854875283	350.238311768
4.48145124717	351.251281738
4.4843537415	351.86050415
4.48725623583	352.063781738
4.49015873016	351.657318115
4.49306122449	351.251281738
4.49596371882	350.238311768
4.49886621315	349.228240967
4.50176870748	348.221069336
4.50467120181	347.417449951
4.50757369615	347.016326904
4.51047619048	347.016326904
4.51337868481	347.417449951
4.51628117914	347.618164062
4.51918367347	348.019989014
4.5220861678	348.422271729
4.52498866213	348.825012207
4.52789115646	349.228240967
4.53079365079	349.631896973
4.53369614512	349.83392334
4.53659863946	349.83392334
4.53950113379	350.03604126
4.54240362812	349.83392334
4.54530612245	350.03604126
4.54820861678	350.03604126
4.55111111111	350.440673828
4.55401360544	350.03604126
4.55691609977	349.83392334
4.5598185941	349.430023193
4.56272108844	348.623596191
4.56562358277	348.019989014
4.5685260771	347.417449951
4.57142857143	347.016326904
4.57433106576	346.815948486
4.57723356009	347.016326904
4.58013605442	347.216827393
4.58303854875	347.618164062
4.58594104308	348.019989014
4.58884353741	348.422271729
4.59174603175	348.422271729
4.59464852608	348.623596191
4.59755102041	348.623596191
4.60045351474	348.623596191
4.60335600907	348.825012207
4.6062585034	348.825012207
4.60916099773	349.026580811
4.61206349206	349.228240967
4.61496598639	349.430023193
4.61786848073	349.631896973
4.62077097506	349.83392334
4.62367346939	349.83392334
4.62657596372	349.631896973
4.62947845805	349.430023193
4.63238095238	349.026580811
4.63528344671	348.825012207
4.63818594104	348.825012207
4.64108843537	348.623596191
4.64399092971	348.825012207
4.64689342404	348.825012207
4.64979591837	348.623596191
4.6526984127	348.623596191
4.65560090703	348.623596191
4.65850340136	348.422271729
4.66140589569	348.019989014
4.66430839002	348.019989014
4.66721088435	348.019989014
4.67011337868	348.221069336
4.67301587302	348.422271729
4.67591836735	348.825012207
4.67882086168	349.026580811
4.68172335601	349.430023193
4.68462585034	349.631896973
4.68752834467	349.83392334
4.690430839	349.83392334
4.69333333333	349.83392334
4.69623582766	349.631896973
4.699138322	349.430023193
4.70204081633	349.228240967
4.70494331066	348.825012207
4.70784580499	348.825012207
4.71074829932	348.422271729
4.71365079365	348.221069336
4.71655328798	348.019989014
4.71945578231	348.019989014
4.72235827664	348.019989014
4.72526077098	348.019989014
4.72816326531	348.221069336
4.73106575964	348.422271729
4.73396825397	348.825012207
4.7368707483	349.026580811
4.73977324263	349.228240967
4.74267573696	349.631896973
4.74557823129	349.631896973
4.74848072562	349.83392334
4.75138321995	349.631896973
4.75428571429	349.430023193
4.75718820862	349.228240967
4.76009070295	349.228240967
4.76299319728	348.825012207
4.76589569161	348.623596191
4.76879818594	348.623596191
4.77170068027	348.422271729
4.7746031746	348.422271729
4.77750566893	348.422271729
4.78040816327	348.623596191
4.7833106576	348.623596191
4.78621315193	348.623596191
4.78911564626	348.623596191
4.79201814059	348.623596191
4.79492063492	348.623596191
4.79782312925	348.623596191
4.80072562358	348.623596191
4.80362811791	348.825012207
4.80653061224	348.825012207
4.80943310658	348.825012207
4.81233560091	348.825012207
4.81523809524	348.623596191
4.81814058957	348.623596191
4.8210430839	348.422271729
4.82394557823	348.221069336
4.82684807256	348.221069336
4.82975056689	348.422271729
4.83265306122	348.623596191
4.83555555556	348.623596191
4.83845804989	348.825012207
4.84136054422	349.026580811
4.84426303855	349.228240967
4.84716553288	349.228240967
4.85006802721	349.228240967
4.85297052154	349.026580811
4.85587301587	348.825012207
4.8587755102	348.825012207
4.86167800454	348.623596191
4.86458049887	348.422271729
4.8674829932	348.422271729
4.87038548753	348.221069336
4.87328798186	348.019989014
4.87619047619	348.019989014
4.87909297052	348.019989014
4.88199546485	348.019989014
4.88489795918	348.221069336
4.88780045351	348.221069336
4.89070294785	348.422271729
4.89360544218	348.825012207
4.89650793651	348.825012207
4.89941043084	349.026580811
4.90231292517	349.228240967
4.9052154195	349.228240967
4.90811791383	349.430023193
4.91102040816	349.430023193
4.91392290249	349.228240967
4.91682539683	349.026580811
4.91972789116	349.026580811
4.92263038549	348.825012207
4.92553287982	348.623596191
4.92843537415	348.422271729
4.93133786848	348.221069336
4.93424036281	348.221069336
4.93714285714	348.221069336
4.94004535147	348.221069336
4.9429478458	348.422271729
4.94585034014	348.623596191
4.94875283447	348.623596191
4.9516553288	348.825012207
4.95455782313	348.825012207
4.95746031746	349.026580811
4.96036281179	349.026580811
4.96326530612	349.026580811
4.96616780045	349.026580811
4.96907029478	349.026580811
4.97197278912	349.026580811
4.97487528345	349.026580811
4.97777777778	348.825012207
4.98068027211	348.825012207
4.98358276644	348.825012207
4.98648526077	348.623596191
4.9893877551	348.623596191
4.99229024943	348.825012207
4.99519274376	348.623596191
4.9980952381	348.623596191
5.00099773243	348.825012207
5.00390022676	348.825012207
5.00680272109	348.825012207
5.00970521542	348.825012207
5.01260770975	348.825012207
5.01551020408	348.825012207
5.01841269841	348.825012207
5.02131519274	348.825012207
5.02421768707	348.623596191
5.02712018141	348.623596191
5.03002267574	348.623596191
5.03292517007	348.623596191
5.0358276644	348.623596191
5.03873015873	348.623596191
5.04163265306	348.623596191
5.04453514739	348.623596191
5.04743764172	348.825012207
5.05034013605	348.825012207
5.05324263039	348.825012207
5.05614512472	348.825012207
5.05904761905	348.825012207
5.06195011338	348.825012207
5.06485260771	348.825012207
5.06775510204	348.825012207
5.07065759637	348.825012207
5.0735600907	348.825012207
5.07646258503	348.825012207
5.07936507937	348.825012207
5.0822675737	348.623596191
5.08517006803	348.623596191
5.08807256236	348.623596191
5.09097505669	348.623596191
5.09387755102	348.623596191
5.09678004535	348.623596191
5.09968253968	348.623596191
5.10258503401	348.623596191
5.10548752834	348.623596191
5.10839002268	348.825012207
5.11129251701	348.825012207
5.11419501134	348.825012207
5.11709750567	348.825012207
5.12	348.825012207
5.12290249433	349.026580811
5.12580498866	349.026580811
5.12870748299	349.026580811
5.13160997732	349.026580811
5.13451247166	349.026580811
5.13741496599	348.825012207
5.14031746032	348.825012207
5.14321995465	348.825012207
5.14612244898	348.825012207
5.14902494331	348.623596191
5.15192743764	348.623596191
5.15482993197	348.623596191
5.1577324263	348.623596191
5.16063492063	348.623596191
5.16353741497	348.623596191
5.1664399093	348.623596191
5.16934240363	348.825012207
5.17224489796	348.825012207
5.17514739229	348.825012207
5.17804988662	348.825012207
5.18095238095	348.825012207
5.18385487528	348.825012207
5.18675736961	348.825012207
5.18965986395	348.825012207
5.19256235828	348.825012207
5.19546485261	348.825012207
5.19836734694	348.623596191
5.20126984127	348.623596191
5.2041723356	348.825012207
5.20707482993	348.825012207
5.20997732426	348.825012207
5.21287981859	348.825012207
5.21578231293	348.825012207
5.21868480726	348.825012207
5.22158730159	348.825012207
5.22448979592	348.825012207
5.22739229025	348.825012207
5.23029478458	348.623596191
5.23319727891	348.623596191
5.23609977324	348.623596191
5.23900226757	348.623596191
5.2419047619	348.422271729
5.24480725624	348.422271729
5.24770975057	348.422271729
5.2506122449	348.623596191
5.25351473923	348.623596191
5.25641723356	348.825012207
5.25931972789	348.825012207
5.26222222222	348.825012207
5.26512471655	348.825012207
5.26802721088	348.825012207
5.27092970522	348.825012207
5.27383219955	348.825012207
5.27673469388	348.623596191
5.27963718821	348.623596191
5.28253968254	348.623596191
5.28544217687	348.623596191
5.2883446712	348.623596191
5.29124716553	348.623596191
5.29414965986	348.623596191
5.2970521542	348.825012207
5.29995464853	348.825012207
5.30285714286	348.825012207
5.30575963719	348.623596191
5.30866213152	348.623596191
5.31156462585	348.825012207
5.31446712018	348.825012207
5.31736961451	349.026580811
5.32027210884	349.228240967
5.32317460317	349.228240967
5.32607709751	349.430023193
5.32897959184	349.430023193
5.33188208617	349.631896973
5.3347845805	349.430023193
5.33768707483	349.430023193
5.34058956916	349.83392334
5.34349206349	350.03604126
5.34639455782	350.238311768
5.34929705215	350.03604126
5.35219954649	350.238311768
5.35510204082	350.238311768
5.35800453515	350.440673828
5.36090702948	350.643157959
5.36380952381	350.643157959
5.36671201814	350.845733643
5.36961451247	350.845733643
5.3725170068	351.048461914
5.37541950113	351.048461914
5.37832199546	350.845733643
5.3812244898	351.048461914
5.38412698413	350.845733643
5.38702947846	350.845733643
5.38993197279	350.845733643
5.39283446712	350.845733643
5.39573696145	350.845733643
5.39863945578	350.845733643
5.40154195011	350.845733643
5.40444444444	0.0
5.40734693878	0.0
5.41024943311	0.0
5.41315192744	0.0
5.41605442177	0.0
5.4189569161	0.0
5.42185941043	0.0
5.42476190476	0.0
5.42766439909	0.0
5.43056689342	0.0
5.43346938776	0.0
5.43637188209	0.0
5.43927437642	0.0
5.44217687075	0.0
5.44507936508	0.0
5.44798185941	0.0
5.45088435374	0.0
5.45378684807	0.0
5.4566893424	0.0
5.45959183673	0.0
5.46249433107	0.0
5.4653968254	0.0
5.46829931973	0.0
5.47120181406	0.0
5.47410430839	0.0
5.47700680272	0.0
5.47990929705	0.0
5.48281179138	0.0
5.48571428571	0.0
5.48861678005	0.0
5.49151927438	0.0
5.49442176871	0.0
5.49732426304	0.0
5.50022675737	0.0
5.5031292517	0.0
5.50603174603	0.0
5.50893424036	0.0
5.51183673469	0.0
5.51473922902	0.0
5.51764172336	0.0
5.52054421769	0.0
5.52344671202	0.0
5.52634920635	0.0
5.52925170068	0.0
5.53215419501	0.0
5.53505668934	0.0
5.53795918367	0.0
