0.0	0.0
0.00290249433107	0.0
0.00580498866213	0.0
0.0087074829932	0.0
0.0116099773243	0.0
0.0145124716553	0.0
0.0174149659864	0.0
0.0203174603175	0.0
0.0232199546485	0.0
0.0261224489796	0.0
0.0290249433107	0.0
0.0319274376417	0.0
0.0348299319728	0.0
0.0377324263039	0.0
0.0406349206349	0.0
0.043537414966	0.0
0.0464399092971	0.0
0.0493424036281	329.24697876
0.0522448979592	331.728637695
0.0551473922902	333.265075684
0.0580498866213	334.228973389
0.0609523809524	334.422088623
0.0638548752834	334.228973389
0.0667573696145	333.650299072
0.0696598639456	333.072631836
0.0725623582766	332.49597168
0.0754648526077	331.920288086
0.0783673469388	331.537078857
0.0812698412698	331.345611572
0.0841723356009	331.537078857
0.087074829932	331.728637695
0.089977324263	332.112091064
0.0928798185941	332.303955078
0.0957823129252	332.303955078
0.0986848072562	332.112091064
0.101587301587	331.728637695
0.104489795918	331.154296875
0.107392290249	330.580932617
0.11029478458	330.008575439
0.113197278912	329.627563477
0.116099773243	329.24697876
0.119002267574	329.056854248
0.121904761905	329.24697876
0.124807256236	329.24697876
0.127709750567	329.818023682
0.130612244898	330.008575439
0.133514739229	330.390045166
0.13641723356	330.580932617
0.139319727891	330.963043213
0.142222222222	330.963043213
0.145124716553	331.154296875
0.148027210884	331.154296875
0.150929705215	331.154296875
0.153832199546	331.154296875
0.156734693878	331.345611572
0.159637188209	331.537078857
0.16253968254	331.728637695
0.165442176871	331.920288086
0.168344671202	331.920288086
0.171247165533	331.728637695
0.174149659864	331.537078857
0.177052154195	331.154296875
0.179954648526	330.580932617
0.182857142857	330.199249268
0.185759637188	329.818023682
0.188662131519	329.818023682
0.19156462585	329.818023682
0.194467120181	329.818023682
0.197369614512	329.627563477
0.200272108844	329.627563477
0.203174603175	329.627563477
0.206077097506	329.627563477
0.208979591837	329.818023682
0.211882086168	329.818023682
0.214784580499	330.008575439
0.21768707483	330.008575439
0.220589569161	330.199249268
0.223492063492	330.390045166
0.226394557823	330.390045166
0.229297052154	330.390045166
0.232199546485	330.390045166
0.235102040816	330.580932617
0.238004535147	330.771942139
0.240907029478	330.580932617
0.24380952381	330.580932617
0.246712018141	330.390045166
0.249614512472	330.390045166
0.252517006803	330.199249268
0.255419501134	330.199249268
0.258321995465	330.008575439
0.261224489796	330.008575439
0.264126984127	330.008575439
0.267029478458	330.008575439
0.269931972789	330.008575439
0.27283446712	330.008575439
0.275736961451	330.008575439
0.278639455782	330.008575439
0.281541950113	330.008575439
0.284444444444	330.199249268
0.287346938776	330.199249268
0.290249433107	330.390045166
0.293151927438	330.390045166
0.296054421769	330.390045166
0.2989569161	330.390045166
0.301859410431	330.390045166
0.304761904762	330.390045166
0.307664399093	330.390045166
0.310566893424	330.390045166
0.313469387755	330.199249268
0.316371882086	330.199249268
0.319274376417	330.199249268
0.322176870748	330.199249268
0.325079365079	330.199249268
0.32798185941	330.199249268
0.330884353741	330.390045166
0.333786848073	330.390045166
0.336689342404	330.580932617
0.339591836735	330.771942139
0.342494331066	330.771942139
0.345396825397	330.771942139
0.348299319728	330.771942139
0.351201814059	330.580932617
0.35410430839	330.580932617
0.357006802721	330.390045166
0.359909297052	330.390045166
0.362811791383	330.390045166
0.365714285714	330.580932617
0.368616780045	330.580932617
0.371519274376	330.580932617
0.374421768707	330.390045166
0.377324263039	330.199249268
0.38022675737	330.199249268
0.383129251701	330.008575439
0.386031746032	329.627563477
0.388934240363	328.866821289
0.391836734694	327.350646973
0.394739229025	326.595184326
0.397641723356	326.218109131
0.400544217687	326.783874512
0.403446712018	328.487121582
0.406349206349	331.728637695
0.40925170068	337.332244873
0.412154195011	342.634429932
0.415056689342	344.619293213
0.417959183673	345.61605835
0.420861678005	345.217010498
0.423764172336	344.619293213
0.426666666667	343.22869873
0.429569160998	342.238861084
0.432471655329	340.07119751
0.43537414966	336.942749023
0.438276643991	335.002105713
0.441179138322	335.971038818
0.444081632653	345.017669678
0.446984126984	349.228240967
0.449886621315	352.267211914
0.452789115646	354.307861328
0.455691609977	355.332641602
0.458594104308	355.743377686
0.461496598639	355.127441406
0.464399092971	353.898803711
0.467301587302	351.86050415
0.470204081633	349.430023193
0.473106575964	348.221069336
0.476009070295	347.417449951
0.478911564626	347.216827393
0.481814058957	346.615661621
0.484716553288	346.415496826
0.487619047619	346.215484619
0.49052154195	346.215484619
0.493424036281	346.215484619
0.496326530612	346.815948486
0.499229024943	347.016326904
0.502131519274	347.618164062
0.505034013605	348.422271729
0.507936507937	349.228240967
0.510839002268	350.643157959
0.513741496599	352.063781738
0.51664399093	353.082061768
0.519546485261	353.898803711
0.522448979592	354.103271484
0.525351473923	353.898803711
0.528253968254	353.286071777
0.531156462585	352.674407959
0.534058956916	351.86050415
0.536961451247	350.845733643
0.539863945578	350.440673828
0.542766439909	350.03604126
0.54566893424	350.238311768
0.548571428571	350.440673828
0.551473922902	351.048461914
0.554376417234	351.657318115
0.557278911565	352.063781738
0.560181405896	352.470733643
0.563083900227	352.674407959
0.565986394558	352.878173828
0.568888888889	352.674407959
0.57179138322	352.267211914
0.574693877551	351.86050415
0.577596371882	351.048461914
0.580498866213	350.03604126
0.583401360544	349.228240967
0.586303854875	348.221069336
0.589206349206	347.417449951
0.592108843537	347.216827393
0.595011337868	347.216827393
0.5979138322	347.417449951
0.600816326531	348.019989014
0.603718820862	348.422271729
0.606621315193	349.026580811
0.609523809524	349.430023193
0.612426303855	349.83392334
0.615328798186	350.238311768
0.618231292517	350.440673828
0.621133786848	350.643157959
0.624036281179	350.643157959
0.62693877551	350.643157959
0.629841269841	350.845733643
0.632743764172	350.643157959
0.635646258503	350.643157959
0.638548752834	350.440673828
0.641451247166	350.238311768
0.644353741497	350.238311768
0.647256235828	350.238311768
0.650158730159	350.238311768
0.65306122449	350.238311768
0.655963718821	350.03604126
0.658866213152	350.238311768
0.661768707483	349.83392334
0.664671201814	349.631896973
0.667573696145	349.631896973
0.670476190476	350.238311768
0.673378684807	351.657318115
0.676281179138	353.286071777
0.679183673469	354.307861328
0.6820861678	354.717407227
0.684988662132	354.512573242
0.687891156463	353.286071777
0.690793650794	350.440673828
0.693696145125	346.015533447
0.696598639456	341.449005127
0.699501133787	338.698944092
0.702403628118	336.553741455
0.705306122449	335.195678711
0.70820861678	334.228973389
0.711111111111	333.457641602
0.714013605442	333.072631836
0.716916099773	333.072631836
0.719818594104	333.072631836
0.722721088435	333.072631836
0.725623582766	332.688079834
0.728526077098	332.112091064
0.731428571429	331.345611572
0.73433106576	330.390045166
0.737233560091	329.818023682
0.740136054422	329.24697876
0.743038548753	328.866821289
0.745941043084	328.866821289
0.748843537415	329.056854248
0.751746031746	329.437225342
0.754648526077	329.627563477
0.757551020408	330.008575439
0.760453514739	330.390045166
0.76335600907	330.580932617
0.766258503401	331.154296875
0.769160997732	331.154296875
0.772063492063	331.345611572
0.774965986395	331.154296875
0.777868480726	330.963043213
0.780770975057	330.580932617
0.783673469388	330.390045166
0.786575963719	330.199249268
0.78947845805	330.580932617
0.792380952381	330.963043213
0.795283446712	331.537078857
0.798185941043	331.920288086
0.801088435374	332.112091064
0.803990929705	331.920288086
0.806893424036	331.728637695
0.809795918367	331.154296875
0.812698412698	330.771942139
0.815600907029	330.390045166
0.818503401361	330.199249268
0.821405895692	330.008575439
0.824308390023	330.008575439
0.827210884354	329.818023682
0.830113378685	329.627563477
0.833015873016	329.437225342
0.835918367347	329.24697876
0.838820861678	329.056854248
0.841723356009	329.24697876
0.84462585034	329.437225342
0.847528344671	329.818023682
0.850430839002	330.199249268
0.853333333333	330.580932617
0.856235827664	330.580932617
0.859138321995	330.771942139
0.862040816327	330.580932617
0.864943310658	330.771942139
0.867845804989	330.580932617
0.87074829932	330.771942139
0.873650793651	330.771942139
0.876553287982	330.580932617
0.879455782313	330.390045166
0.882358276644	330.390045166
0.885260770975	330.199249268
0.888163265306	329.818023682
0.891065759637	329.627563477
0.893968253968	329.627563477
0.896870748299	329.627563477
0.89977324263	329.627563477
0.902675736961	329.818023682
0.905578231293	330.199249268
0.908480725624	330.199249268
0.911383219955	330.390045166
0.914285714286	330.580932617
0.917188208617	330.580932617
0.920090702948	330.771942139
0.922993197279	330.580932617
0.92589569161	330.580932617
0.928798185941	330.390045166
0.931700680272	330.199249268
0.934603174603	330.008575439
0.937505668934	330.008575439
0.940408163265	330.008575439
0.943310657596	330.008575439
0.946213151927	329.818023682
0.949115646259	329.818023682
0.95201814059	329.818023682
0.954920634921	330.390045166
0.957823129252	331.154296875
0.960725623583	332.49597168
0.963628117914	333.072631836
0.966530612245	333.265075684
0.969433106576	332.688079834
0.972335600907	331.537078857
0.975238095238	330.008575439
0.978140589569	328.297454834
0.9810430839	326.972686768
0.983945578231	326.406585693
0.986848072562	326.972686768
0.989750566893	328.107879639
0.992653061224	329.437225342
0.995555555556	330.580932617
0.998458049887	0.0
1.00136054422	0.0
1.00426303855	0.0
1.00716553288	0.0
1.01006802721	0.0
1.01297052154	0.0
1.01587301587	0.0
1.0187755102	0.0
1.02167800454	0.0
1.02458049887	0.0
1.0274829932	294.514129639
1.03038548753	294.684295654
1.03328798186	294.684295654
1.03619047619	294.854553223
1.03909297052	295.195404053
1.04199546485	295.024932861
1.04489795918	294.854553223
1.04780045351	295.024932861
1.05070294785	294.854553223
1.05360544218	295.195404053
1.05650793651	294.344055176
1.05941043084	294.174102783
1.06231292517	294.174102783
1.0652154195	294.514129639
1.06811791383	295.707366943
1.07102040816	296.733978271
1.07392290249	296.391387939
1.07682539683	295.707366943
1.07972789116	294.854553223
1.08263038549	294.174102783
1.08553287982	294.004211426
1.08843537415	294.174102783
1.09133786848	294.684295654
1.09424036281	295.365936279
1.09714285714	295.878234863
1.10004535147	296.220245361
1.1029478458	295.707366943
1.10585034014	295.195404053
1.10875283447	294.684295654
1.1116553288	294.344055176
1.11455782313	294.344055176
1.11746031746	294.514129639
1.12036281179	295.024932861
1.12326530612	295.536621094
1.12616780045	296.049194336
1.12907029478	295.707366943
1.13197278912	295.365936279
1.13487528345	295.024932861
1.13777777778	294.684295654
1.14068027211	294.684295654
1.14358276644	294.684295654
1.14648526077	294.854553223
1.1493877551	295.195404053
1.15229024943	295.024932861
1.15519274376	294.854553223
1.1580952381	294.684295654
1.16099773243	294.684295654
1.16390022676	294.514129639
1.16680272109	294.514129639
1.16970521542	294.854553223
1.17260770975	295.024932861
1.17551020408	295.195404053
1.17841269841	295.024932861
1.18131519274	295.024932861
1.18421768707	294.854553223
1.18712018141	294.854553223
1.19002267574	294.854553223
1.19292517007	295.024932861
1.1958276644	295.024932861
1.19873015873	295.024932861
1.20163265306	294.854553223
1.20453514739	294.854553223
1.20743764172	294.684295654
1.21034013605	294.854553223
1.21324263039	295.024932861
1.21614512472	295.195404053
1.21904761905	295.536621094
1.22195011338	295.536621094
1.22485260771	295.536621094
1.22775510204	295.365936279
1.23065759637	295.365936279
1.2335600907	295.365936279
1.23646258503	295.365936279
1.23936507937	295.536621094
1.2422675737	295.707366943
1.24517006803	296.049194336
1.24807256236	296.049194336
1.25097505669	295.878234863
1.25387755102	295.707366943
1.25678004535	295.365936279
1.25968253968	295.365936279
1.26258503401	295.195404053
1.26548752834	295.878234863
1.26839002268	297.420379639
1.27129251701	298.280609131
1.27419501134	298.452941895
1.27709750567	259.368530273
1.28	259.968505859
1.28290249433	261.172607422
1.28580498866	265.124542236
1.28870748299	266.352508545
1.29160997732	266.352508545
1.29451247166	265.584350586
1.29741496599	264.207275391
1.30031746032	262.382263184
1.30321995465	261.021789551
1.30612244898	260.419372559
1.30902494331	259.968505859
1.31192743764	260.419372559
1.31482993197	261.021789551
1.3177324263	261.927978516
1.32063492063	262.837341309
1.32353741497	263.293182373
1.3264399093	263.141143799
1.32934240363	262.230743408
1.33224489796	261.323486328
1.33514739229	260.419372559
1.33804988662	260.118713379
1.34095238095	260.419372559
1.34385487528	260.871063232
1.34675736961	261.625579834
1.34965986395	262.685546875
1.35256235828	263.293182373
1.35546485261	263.4453125
1.35836734694	262.989196777
1.36126984127	262.533874512
1.3641723356	262.079315186
1.36707482993	261.625579834
1.36997732426	261.474487305
1.37287981859	261.625579834
1.37578231293	262.079315186
1.37868480726	262.533874512
1.38158730159	262.989196777
1.38448979592	263.141143799
1.38739229025	263.141143799
1.39029478458	262.837341309
1.39319727891	262.685546875
1.39609977324	262.533874512
1.39900226757	262.382263184
1.4019047619	262.382263184
1.40480725624	262.685546875
1.40770975057	262.837341309
1.4106122449	262.989196777
1.41351473923	262.989196777
1.41641723356	262.685546875
1.41931972789	262.533874512
1.42222222222	262.382263184
1.42512471655	262.382263184
1.42802721088	262.685546875
1.43092970522	262.989196777
1.43383219955	263.293182373
1.43673469388	263.4453125
1.43963718821	263.293182373
1.44253968254	262.989196777
1.44544217687	262.382263184
1.4483446712	261.776733398
1.45124716553	261.474487305
1.45414965986	261.323486328
1.4570521542	261.323486328
1.45995464853	261.776733398
1.46285714286	262.230743408
1.46575963719	262.685546875
1.46866213152	262.989196777
1.47156462585	262.989196777
1.47446712018	262.685546875
1.47736961451	262.230743408
1.48027210884	261.927978516
1.48317460317	261.625579834
1.48607709751	261.474487305
1.48897959184	261.625579834
1.49188208617	261.776733398
1.4947845805	261.927978516
1.49768707483	262.079315186
1.50058956916	262.230743408
1.50349206349	262.230743408
1.50639455782	262.079315186
1.50929705215	261.927978516
1.51219954649	261.776733398
1.51510204082	261.625579834
1.51800453515	261.625579834
1.52090702948	261.776733398
1.52380952381	261.776733398
1.52671201814	261.927978516
1.52961451247	261.927978516
1.5325170068	261.927978516
1.53541950113	261.927978516
1.53832199546	261.776733398
1.5412244898	261.776733398
1.54412698413	261.776733398
1.54702947846	261.776733398
1.54993197279	261.927978516
1.55283446712	262.079315186
1.55573696145	262.230743408
1.55863945578	262.230743408
1.56154195011	262.230743408
1.56444444444	262.079315186
1.56734693878	262.079315186
1.57024943311	261.927978516
1.57315192744	261.776733398
1.57605442177	261.927978516
1.5789569161	261.927978516
1.58185941043	262.079315186
1.58476190476	262.230743408
1.58766439909	262.382263184
1.59056689342	262.382263184
1.59346938776	262.382263184
1.59637188209	262.382263184
1.59927437642	262.230743408
1.60217687075	262.230743408
1.60507936508	262.230743408
1.60798185941	262.230743408
1.61088435374	262.230743408
1.61378684807	262.230743408
1.6166893424	262.230743408
1.61959183673	262.230743408
1.62249433107	262.230743408
1.6253968254	262.230743408
1.62829931973	262.230743408
1.63120181406	262.230743408
1.63410430839	262.230743408
1.63700680272	262.230743408
1.63990929705	262.230743408
1.64281179138	262.382263184
1.64571428571	262.230743408
1.64861678005	262.230743408
1.65151927438	262.230743408
1.65442176871	262.230743408
1.65732426304	262.230743408
1.66022675737	262.079315186
1.6631292517	262.230743408
1.66603174603	262.230743408
1.66893424036	262.230743408
1.67183673469	262.230743408
1.67473922902	262.230743408
1.67764172336	262.230743408
1.68054421769	262.230743408
1.68344671202	262.230743408
1.68634920635	262.079315186
1.68925170068	262.079315186
1.69215419501	262.230743408
1.69505668934	262.230743408
1.69795918367	262.230743408
1.700861678	262.382263184
1.70376417234	262.382263184
1.70666666667	262.382263184
1.709569161	262.382263184
1.71247165533	262.230743408
1.71537414966	262.230743408
1.71827664399	262.079315186
1.72117913832	262.079315186
1.72408163265	262.079315186
1.72698412698	262.079315186
1.72988662132	262.230743408
1.73278911565	262.230743408
1.73569160998	262.382263184
1.73859410431	262.230743408
1.74149659864	262.230743408
1.74439909297	262.230743408
1.7473015873	262.230743408
1.75020408163	262.230743408
1.75310657596	262.230743408
1.75600907029	262.230743408
1.75891156463	262.230743408
1.76181405896	262.382263184
1.76471655329	262.382263184
1.76761904762	262.382263184
1.77052154195	262.382263184
1.77342403628	262.382263184
1.77632653061	262.382263184
1.77922902494	262.382263184
1.78213151927	262.382263184
1.78503401361	262.230743408
1.78793650794	262.382263184
1.79083900227	262.230743408
1.7937414966	262.382263184
1.79664399093	262.382263184
1.79954648526	262.230743408
1.80244897959	262.230743408
1.80535147392	262.230743408
1.80825396825	262.382263184
1.81115646259	262.230743408
1.81405895692	262.230743408
1.81696145125	262.230743408
1.81986394558	262.230743408
1.82276643991	262.230743408
1.82566893424	262.230743408
1.82857142857	262.382263184
1.8314739229	262.382263184
1.83437641723	262.382263184
1.83727891156	262.382263184
1.8401814059	262.382263184
1.84308390023	262.382263184
1.84598639456	262.230743408
1.84888888889	262.079315186
1.85179138322	261.776733398
1.85469387755	261.172607422
1.85759637188	260.871063232
1.86049886621	260.569854736
1.86340136054	260.871063232
1.86630385488	261.323486328
1.86920634921	263.293182373
1.87210884354	264.207275391
1.87501133787	379.299346924
1.8779138322	381.056121826
1.88081632653	382.600006104
1.88371882086	384.594146729
1.88662131519	387.045593262
1.88952380952	389.062927246
1.89242630385	390.413665771
1.89532879819	392.448547363
1.89823129252	392.902191162
1.90113378685	393.129211426
1.90403628118	393.811035156
1.90693877551	393.811035156
1.90984126984	393.35635376
1.91274376417	392.675292969
1.9156462585	391.995422363
1.91854875283	391.316741943
1.92145124717	390.639221191
1.9243537415	390.864929199
1.92725623583	391.316741943
1.93015873016	391.769073486
1.93306122449	392.221923828
1.93596371882	393.129211426
1.93886621315	393.583618164
1.94176870748	394.038574219
1.94467120181	394.494049072
1.94757369615	394.950042725
1.95047619048	395.635040283
1.95337868481	395.863616943
1.95628117914	396.092346191
1.95918367347	396.092346191
1.9620861678	395.635040283
1.96498866213	395.178253174
1.96789115646	394.494049072
1.97079365079	394.038574219
1.97369614512	393.583618164
1.97659863946	393.35635376
1.97950113379	392.902191162
1.98240362812	392.448547363
1.98530612245	392.221923828
1.98820861678	392.221923828
1.99111111111	391.995422363
1.99401360544	391.995422363
1.99691609977	391.995422363
1.9998185941	391.995422363
2.00272108844	391.995422363
2.00562358277	392.221923828
2.0085260771	392.221923828
2.01142857143	392.221923828
2.01433106576	391.995422363
2.01723356009	391.769073486
2.02013605442	391.316741943
2.02303854875	390.864929199
2.02594104308	390.639221191
2.02884353741	390.639221191
2.03174603175	391.090789795
2.03464852608	391.54284668
2.03755102041	392.448547363
2.04045351474	393.129211426
2.04335600907	394.038574219
2.0462585034	394.494049072
2.04916099773	394.721984863
2.05206349206	394.721984863
2.05496598639	394.266235352
2.05786848073	393.811035156
2.06077097506	393.129211426
2.06367346939	392.448547363
2.06657596372	391.769073486
2.06947845805	391.090789795
2.07238095238	390.864929199
2.07528344671	390.639221191
2.07818594104	390.864929199
2.08108843537	391.090789795
2.08399092971	391.54284668
2.08689342404	391.995422363
2.08979591837	392.448547363
2.0926984127	392.902191162
2.09560090703	393.35635376
2.09850340136	393.811035156
2.10140589569	394.038574219
2.10430839002	394.038574219
2.10721088435	393.811035156
2.11011337868	393.583618164
2.11301587302	393.583618164
2.11591836735	393.35635376
2.11882086168	393.129211426
2.12172335601	392.675292969
2.12462585034	392.448547363
2.12752834467	392.221923828
2.130430839	392.221923828
2.13333333333	392.221923828
2.13623582766	391.995422363
2.139138322	392.221923828
2.14204081633	392.221923828
2.14494331066	392.221923828
2.14784580499	392.448547363
2.15074829932	392.448547363
2.15365079365	392.448547363
2.15655328798	392.448547363
2.15945578231	392.448547363
2.16235827664	392.448547363
2.16526077098	392.448547363
2.16816326531	392.221923828
2.17106575964	392.448547363
2.17396825397	392.448547363
2.1768707483	392.675292969
2.17977324263	392.675292969
2.18267573696	392.902191162
2.18557823129	393.129211426
2.18848072562	393.129211426
2.19138321995	393.129211426
2.19428571429	392.902191162
2.19718820862	392.902191162
2.20009070295	392.675292969
2.20299319728	392.448547363
2.20589569161	392.448547363
2.20879818594	392.448547363
2.21170068027	392.448547363
2.2146031746	392.448547363
2.21750566893	392.675292969
2.22040816327	392.902191162
2.2233106576	392.902191162
2.22621315193	392.902191162
2.22911564626	392.902191162
2.23201814059	392.902191162
2.23492063492	392.902191162
2.23782312925	392.902191162
2.24072562358	392.675292969
2.24362811791	392.902191162
2.24653061224	392.902191162
2.24943310658	392.902191162
2.25233560091	392.675292969
2.25523809524	392.675292969
2.25814058957	392.675292969
2.2610430839	392.675292969
2.26394557823	392.675292969
2.26684807256	392.675292969
2.26975056689	392.675292969
2.27265306122	392.902191162
2.27555555556	392.902191162
2.27845804989	392.902191162
2.28136054422	392.902191162
2.28426303855	392.902191162
2.28716553288	392.902191162
2.29006802721	392.902191162
2.29297052154	392.675292969
2.29587301587	392.675292969
2.2987755102	392.675292969
2.30167800454	392.675292969
2.30458049887	392.675292969
2.3074829932	392.675292969
2.31038548753	392.675292969
2.31328798186	392.675292969
2.31619047619	392.675292969
2.31909297052	392.675292969
2.32199546485	392.675292969
2.32489795918	392.675292969
2.32780045351	392.675292969
2.33070294785	392.675292969
2.33360544218	392.675292969
2.33650793651	392.675292969
2.33941043084	392.675292969
2.34231292517	392.675292969
2.3452154195	392.902191162
2.34811791383	392.675292969
2.35102040816	392.675292969
2.35392290249	392.675292969
2.35682539683	392.675292969
2.35972789116	392.675292969
2.36263038549	392.675292969
2.36553287982	392.675292969
2.36843537415	392.675292969
2.37133786848	392.675292969
2.37424036281	392.675292969
2.37714285714	392.675292969
2.38004535147	392.675292969
2.3829478458	392.675292969
2.38585034014	392.902191162
2.38875283447	392.902191162
2.3916553288	392.902191162
2.39455782313	392.902191162
2.39746031746	392.902191162
2.40036281179	392.902191162
2.40326530612	392.902191162
2.40616780045	392.902191162
2.40907029478	392.675292969
2.41197278912	392.675292969
2.41487528345	392.675292969
2.41777777778	392.675292969
2.42068027211	392.448547363
2.42358276644	392.448547363
2.42648526077	392.675292969
2.4293877551	393.129211426
2.43229024943	393.811035156
2.43519274376	393.583618164
2.4380952381	393.129211426
2.44099773243	391.54284668
2.44390022676	390.188201904
2.44680272109	389.512664795
2.44970521542	389.737701416
2.45260770975	390.864929199
2.45551020408	392.448547363
2.45841269841	395.863616943
2.46131519274	400.232086182
2.46421768707	402.550628662
2.46712018141	401.853637695
2.47002267574	399.769989014
2.47292517007	396.092346191
2.4758276644	393.583618164
2.47873015873	389.512664795
2.48163265306	387.269226074
2.48453514739	386.82208252
2.48743764172	389.737701416
2.49034013605	389.737701416
2.49324263039	389.737701416
2.49614512472	391.995422363
2.49904761905	397.008575439
2.50195011338	399.077850342
2.50485260771	400.232086182
2.50775510204	401.389678955
2.51065759637	402.783203125
2.5135600907	397.697143555
2.51646258503	397.237976074
2.51936507937	397.467498779
2.5222675737	402.318145752
2.52517006803	399.539154053
2.52807256236	398.61706543
2.53097505669	398.386901855
2.53387755102	398.61706543
2.53678004535	399.308441162
2.53968253968	400.926239014
2.54258503401	399.769989014
2.54548752834	395.863616943
2.54839002268	393.129211426
2.55129251701	392.221923828
2.55419501134	392.221923828
2.55709750567	393.583618164
2.56	397.697143555
2.56290249433	0.0
2.56580498866	0.0
2.56870748299	0.0
2.57160997732	0.0
2.57451247166	0.0
2.57741496599	0.0
2.58031746032	0.0
2.58321995465	0.0
2.58612244898	0.0
2.58902494331	0.0
2.59192743764	0.0
2.59482993197	0.0
2.5977324263	0.0
2.60063492063	0.0
2.60353741497	0.0
2.6064399093	0.0
2.60934240363	0.0
2.61224489796	0.0
2.61514739229	0.0
2.61804988662	0.0
2.62095238095	0.0
2.62385487528	0.0
2.62675736961	0.0
2.62965986395	0.0
2.63256235828	0.0
2.63546485261	0.0
2.63836734694	0.0
2.64126984127	0.0
2.6441723356	0.0
2.64707482993	0.0
2.64997732426	0.0
2.65287981859	0.0
2.65578231293	0.0
2.65868480726	0.0
2.66158730159	0.0
2.66448979592	0.0
2.66739229025	0.0
2.67029478458	0.0
2.67319727891	0.0
2.67609977324	0.0
2.67900226757	0.0
2.6819047619	0.0
2.68480725624	0.0
2.68770975057	0.0
2.6906122449	0.0
2.69351473923	0.0
2.69641723356	0.0
2.69931972789	0.0
2.70222222222	0.0
2.70512471655	0.0
2.70802721088	0.0
2.71092970522	0.0
2.71383219955	0.0
2.71673469388	0.0
2.71963718821	0.0
2.72253968254	0.0
2.72544217687	0.0
2.7283446712	0.0
2.73124716553	0.0
2.73414965986	0.0
2.7370521542	0.0
2.73995464853	0.0
2.74285714286	373.86138916
2.74575963719	378.64263916
2.74866213152	381.717010498
2.75156462585	384.594146729
2.75446712018	386.82208252
2.75736961451	388.389312744
2.76027210884	390.188201904
2.76317460317	392.675292969
2.76607709751	393.129211426
2.76897959184	393.35635376
2.77188208617	393.35635376
2.7747845805	393.583618164
2.77768707483	393.35635376
2.78058956916	392.902191162
2.78349206349	392.448547363
2.78639455782	391.769073486
2.78929705215	391.54284668
2.79219954649	391.316741943
2.79510204082	391.54284668
2.79800453515	391.995422363
2.80090702948	392.448547363
2.80380952381	393.129211426
2.80671201814	393.583618164
2.80961451247	394.266235352
2.8125170068	394.494049072
2.81541950113	394.950042725
2.81832199546	395.406585693
2.8212244898	395.863616943
2.82412698413	396.092346191
2.82702947846	396.092346191
2.82993197279	395.863616943
2.83283446712	395.635040283
2.83573696145	394.950042725
2.83863945578	394.494049072
2.84154195011	393.583618164
2.84444444444	393.129211426
2.84734693878	392.902191162
2.85024943311	392.675292969
2.85315192744	392.675292969
2.85605442177	392.448547363
2.8589569161	391.995422363
2.86185941043	391.769073486
2.86476190476	391.769073486
2.86766439909	391.995422363
2.87056689342	392.221923828
2.87346938776	392.448547363
2.87637188209	392.448547363
2.87927437642	392.448547363
2.88217687075	392.221923828
2.88507936508	391.769073486
2.88798185941	391.316741943
2.89088435374	390.639221191
2.89378684807	390.188201904
2.8966893424	390.188201904
2.89959183673	390.639221191
2.90249433107	391.316741943
2.9053968254	391.995422363
2.90829931973	392.902191162
2.91120181406	393.583618164
2.91410430839	394.721984863
2.91700680272	395.406585693
2.91990929705	395.178253174
2.92281179138	394.494049072
2.92571428571	393.583618164
2.92861678005	392.902191162
2.93151927438	392.221923828
2.93442176871	391.769073486
2.93732426304	391.090789795
2.94022675737	390.639221191
2.9431292517	390.639221191
2.94603174603	390.639221191
2.94893424036	391.090789795
2.95183673469	391.316741943
2.95473922902	391.769073486
2.95764172336	392.448547363
2.96054421769	392.902191162
2.96344671202	393.35635376
2.96634920635	393.35635376
2.96925170068	393.35635376
2.97215419501	393.583618164
2.97505668934	393.811035156
2.97795918367	393.811035156
2.980861678	393.583618164
2.98376417234	393.35635376
2.98666666667	393.129211426
2.989569161	392.675292969
2.99247165533	392.448547363
2.99537414966	392.221923828
2.99827664399	392.221923828
3.00117913832	391.995422363
3.00408163265	391.995422363
3.00698412698	391.995422363
3.00988662132	391.995422363
3.01278911565	391.995422363
3.01569160998	392.448547363
3.01859410431	392.902191162
3.02149659864	393.811035156
3.02439909297	395.178253174
3.0273015873	395.178253174
3.03020408163	394.950042725
3.03310657596	394.038574219
3.03600907029	345.217010498
3.03891156463	346.415496826
3.04181405896	349.026580811
3.04471655329	352.267211914
3.04761904762	353.286071777
3.05052154195	352.878173828
3.05342403628	352.267211914
3.05632653061	351.251281738
3.05922902494	350.440673828
3.06213151927	350.03604126
3.06503401361	349.631896973
3.06793650794	349.631896973
3.07083900227	349.228240967
3.0737414966	349.026580811
3.07664399093	349.430023193
3.07954648526	349.228240967
3.08244897959	349.026580811
3.08535147392	349.228240967
3.08825396825	349.83392334
3.09115646259	351.048461914
3.09405895692	351.45425415
3.09696145125	350.845733643
3.09986394558	350.238311768
3.10276643991	349.631896973
3.10566893424	349.228240967
3.10857142857	348.623596191
3.1114739229	348.825012207
3.11437641723	349.228240967
3.11727891156	349.631896973
3.1201814059	349.83392334
3.12308390023	349.631896973
3.12598639456	349.631896973
3.12888888889	349.83392334
3.13179138322	349.83392334
3.13469387755	350.03604126
3.13759637188	350.440673828
3.14049886621	350.440673828
3.14340136054	350.643157959
3.14630385488	350.845733643
3.14920634921	351.251281738
3.15210884354	351.86050415
3.15501133787	352.267211914
3.1579138322	352.267211914
3.16081632653	352.470733643
3.16371882086	352.470733643
3.16662131519	352.267211914
3.16952380952	352.267211914
3.17242630385	352.063781738
3.17532879819	351.86050415
3.17823129252	351.86050415
3.18113378685	351.657318115
3.18403628118	351.657318115
3.18693877551	351.657318115
3.18984126984	351.657318115
3.19274376417	351.657318115
3.1956462585	351.657318115
3.19854875283	351.45425415
3.20145124717	351.048461914
3.2043537415	350.643157959
3.20725623583	350.238311768
3.21015873016	350.03604126
3.21306122449	349.83392334
3.21596371882	349.631896973
3.21886621315	349.430023193
3.22176870748	349.026580811
3.22467120181	348.825012207
3.22757369615	348.825012207
3.23047619048	348.825012207
3.23337868481	349.228240967
3.23628117914	349.631896973
3.23918367347	350.238311768
3.2420861678	350.845733643
3.24498866213	350.845733643
3.24789115646	350.643157959
3.25079365079	350.440673828
3.25369614512	350.238311768
3.25659863946	350.238311768
3.25950113379	350.440673828
3.26240362812	350.643157959
3.26530612245	350.643157959
3.26820861678	350.643157959
3.27111111111	350.643157959
3.27401360544	350.440673828
3.27691609977	350.238311768
3.2798185941	350.238311768
3.28272108844	350.238311768
3.28562358277	350.238311768
3.2885260771	350.238311768
3.29142857143	350.238311768
3.29433106576	350.238311768
3.29723356009	350.03604126
3.30013605442	350.03604126
3.30303854875	349.83392334
3.30594104308	349.631896973
3.30884353741	349.631896973
3.31174603175	349.631896973
3.31464852608	349.631896973
3.31755102041	349.631896973
3.32045351474	349.228240967
3.32335600907	348.623596191
3.3262585034	347.618164062
3.32916099773	346.015533447
3.33206349206	343.030487061
3.33496598639	341.843719482
3.33786848073	339.482421875
3.34077097506	336.942749023
3.34367346939	334.228973389
3.34657596372	331.537078857
3.34947845805	330.199249268
3.35238095238	329.24697876
3.35528344671	329.056854248
3.35818594104	329.056854248
3.36108843537	329.818023682
3.36399092971	330.963043213
3.36689342404	332.112091064
3.36979591837	333.457641602
3.3726984127	334.035980225
3.37560090703	334.035980225
3.37850340136	333.843078613
3.38140589569	333.265075684
3.38430839002	332.49597168
3.38721088435	331.728637695
3.39011337868	330.963043213
3.39301587302	330.390045166
3.39591836735	329.627563477
3.39882086168	329.056854248
3.40172335601	328.676940918
3.40462585034	328.487121582
3.40752834467	328.676940918
3.410430839	329.056854248
3.41333333333	329.627563477
3.41623582766	330.390045166
3.419138322	330.963043213
3.42204081633	331.345611572
3.42494331066	331.345611572
3.42784580499	331.537078857
3.43074829932	331.537078857
3.43365079365	331.537078857
3.43655328798	331.537078857
3.43945578231	331.537078857
3.44235827664	331.728637695
3.44526077098	331.728637695
3.44816326531	331.728637695
3.45106575964	331.345611572
3.45396825397	331.154296875
3.4568707483	330.963043213
3.45977324263	330.580932617
3.46267573696	330.390045166
3.46557823129	330.199249268
3.46848072562	330.008575439
3.47138321995	330.199249268
3.47428571429	330.199249268
3.47718820862	330.390045166
3.48009070295	330.199249268
3.48299319728	330.199249268
3.48589569161	330.008575439
3.48879818594	329.818023682
3.49170068027	329.818023682
3.4946031746	329.627563477
3.49750566893	329.627563477
3.50040816327	329.627563477
3.5033106576	329.627563477
3.50621315193	329.818023682
3.50911564626	329.818023682
3.51201814059	330.008575439
3.51492063492	330.199249268
3.51782312925	330.390045166
3.52072562358	330.771942139
3.52362811791	330.771942139
3.52653061224	330.771942139
3.52943310658	330.771942139
3.53233560091	330.771942139
3.53523809524	330.580932617
3.53814058957	330.390045166
3.5410430839	330.390045166
3.54394557823	330.199249268
3.54684807256	330.199249268
3.54975056689	330.199249268
3.55265306122	330.199249268
3.55555555556	330.008575439
3.55845804989	330.008575439
3.56136054422	329.818023682
3.56426303855	329.818023682
3.56716553288	329.818023682
3.57006802721	330.008575439
3.57297052154	330.008575439
3.57587301587	330.199249268
3.5787755102	330.390045166
3.58167800454	330.580932617
3.58458049887	330.771942139
3.5874829932	330.771942139
3.59038548753	330.580932617
3.59328798186	330.390045166
3.59619047619	330.390045166
3.59909297052	330.008575439
3.60199546485	330.008575439
3.60489795918	330.008575439
3.60780045351	330.008575439
3.61070294785	330.008575439
3.61360544218	330.199249268
3.61650793651	330.199249268
3.61941043084	330.390045166
3.62231292517	330.580932617
3.6252154195	330.390045166
3.62811791383	330.580932617
3.63102040816	330.580932617
3.63392290249	330.580932617
3.63682539683	330.580932617
3.63972789116	330.008575439
3.64263038549	329.056854248
3.64553287982	328.487121582
3.64843537415	327.539794922
3.65133786848	327.161621094
3.65424036281	328.107879639
3.65714285714	330.390045166
3.66004535147	332.303955078
3.6629478458	333.265075684
3.66585034014	333.650299072
3.66875283447	333.457641602
3.6716553288	332.49597168
3.67455782313	330.390045166
3.67746031746	328.487121582
3.68036281179	327.539794922
3.68326530612	296.905426025
3.68616780045	295.707366943
3.68907029478	294.854553223
3.69197278912	294.514129639
3.69487528345	294.174102783
3.69777777778	294.344055176
3.70068027211	294.004211426
3.70358276644	294.174102783
3.70648526077	294.344055176
3.7093877551	294.344055176
3.71229024943	295.195404053
3.71519274376	295.195404053
3.7180952381	295.195404053
3.72099773243	295.024932861
3.72390022676	295.024932861
3.72680272109	294.514129639
3.72970521542	294.174102783
3.73260770975	294.174102783
3.73551020408	294.684295654
3.73841269841	296.220245361
3.74131519274	296.562652588
3.74421768707	296.562652588
3.74712018141	295.536621094
3.75002267574	294.854553223
3.75292517007	294.344055176
3.7558276644	294.344055176
3.75873015873	294.344055176
3.76163265306	294.854553223
3.76453514739	295.536621094
3.76743764172	296.049194336
3.77034013605	295.878234863
3.77324263039	295.365936279
3.77614512472	294.854553223
3.77904761905	294.344055176
3.78195011338	294.344055176
3.78485260771	294.514129639
3.78775510204	295.024932861
3.79065759637	295.536621094
3.7935600907	295.878234863
3.79646258503	295.707366943
3.79936507937	295.365936279
3.8022675737	294.854553223
3.80517006803	294.684295654
3.80807256236	294.684295654
3.81097505669	294.854553223
3.81387755102	295.195404053
3.81678004535	295.707366943
3.81968253968	295.878234863
3.82258503401	295.878234863
3.82548752834	295.536621094
3.82839002268	295.024932861
3.83129251701	294.684295654
3.83419501134	294.514129639
3.83709750567	294.514129639
3.84	294.514129639
3.84290249433	294.854553223
3.84580498866	295.024932861
3.84870748299	295.195404053
3.85160997732	295.024932861
3.85451247166	294.854553223
3.85741496599	294.684295654
3.86031746032	294.684295654
3.86321995465	294.684295654
3.86612244898	294.854553223
3.86902494331	294.854553223
3.87192743764	294.854553223
3.87482993197	294.854553223
3.8777324263	295.024932861
3.88063492063	295.024932861
3.88353741497	295.195404053
3.8864399093	295.195404053
3.88934240363	295.365936279
3.89224489796	295.195404053
3.89514739229	295.024932861
3.89804988662	294.854553223
3.90095238095	294.854553223
3.90385487528	294.854553223
3.90675736961	295.024932861
3.90965986395	295.365936279
3.91256235828	295.707366943
3.91546485261	296.049194336
3.91836734694	296.049194336
3.92126984127	295.878234863
3.9241723356	295.707366943
3.92707482993	295.536621094
3.92997732426	295.365936279
3.93287981859	295.195404053
3.93578231293	295.195404053
3.93868480726	295.536621094
3.94158730159	295.536621094
3.94448979592	295.707366943
3.94739229025	295.536621094
3.95029478458	295.365936279
3.95319727891	295.195404053
3.95609977324	295.024932861
3.95900226757	295.024932861
3.9619047619	295.024932861
3.96480725624	295.024932861
3.96770975057	295.195404053
3.9706122449	295.195404053
3.97351473923	295.195404053
3.97641723356	295.195404053
3.97931972789	295.024932861
3.98222222222	295.024932861
3.98512471655	295.024932861
3.98802721088	295.195404053
3.99092970522	295.195404053
3.99383219955	295.365936279
3.99673469388	295.365936279
3.99963718821	295.195404053
4.00253968254	295.195404053
4.00544217687	295.024932861
4.0083446712	294.854553223
4.01124716553	294.854553223
4.01414965986	294.854553223
4.0170521542	294.854553223
4.01995464853	294.854553223
4.02285714286	294.684295654
4.02575963719	294.684295654
4.02866213152	294.514129639
4.03156462585	294.514129639
4.03446712018	294.684295654
4.03736961451	294.854553223
4.04027210884	294.854553223
4.04317460317	295.024932861
4.04607709751	295.195404053
4.04897959184	295.024932861
4.05188208617	295.024932861
4.0547845805	294.854553223
4.05768707483	294.684295654
4.06058956916	294.684295654
4.06349206349	294.684295654
4.06639455782	294.684295654
4.06929705215	294.854553223
4.07219954649	294.854553223
4.07510204082	294.854553223
4.07800453515	294.854553223
4.08090702948	294.854553223
4.08380952381	294.684295654
4.08671201814	294.684295654
4.08961451247	294.684295654
4.0925170068	294.514129639
4.09541950113	294.514129639
4.09832199546	294.514129639
4.1012244898	294.514129639
4.10412698413	294.684295654
4.10702947846	294.684295654
4.10993197279	294.684295654
4.11283446712	294.684295654
4.11573696145	294.684295654
4.11863945578	294.684295654
4.12154195011	294.684295654
4.12444444444	294.684295654
4.12734693878	294.684295654
4.13024943311	294.684295654
4.13315192744	294.854553223
4.13605442177	294.854553223
4.1389569161	294.854553223
4.14185941043	294.684295654
4.14476190476	294.514129639
4.14766439909	294.514129639
4.15056689342	0.0
4.15346938776	0.0
4.15637188209	0.0
4.15927437642	0.0
4.16217687075	0.0
4.16507936508	0.0
4.16798185941	0.0
4.17088435374	0.0
4.17378684807	0.0
4.1766893424	0.0
4.17959183673	0.0
4.18249433107	0.0
4.1853968254	0.0
4.18829931973	0.0
4.19120181406	0.0
4.19410430839	0.0
4.19700680272	0.0
4.19990929705	0.0
4.20281179138	0.0
4.20571428571	0.0
4.20861678005	0.0
4.21151927438	0.0
4.21442176871	0.0
4.21732426304	0.0
4.22022675737	0.0
4.2231292517	0.0
4.22603174603	0.0
4.22893424036	0.0
4.23183673469	0.0
4.23473922902	0.0
4.23764172336	0.0
4.24054421769	0.0
4.24344671202	0.0
4.24634920635	0.0
4.24925170068	0.0
4.25215419501	0.0
4.25505668934	0.0
4.25795918367	0.0
4.260861678	0.0
4.26376417234	0.0
4.26666666667	0.0
4.269569161	0.0
4.27247165533	0.0
4.27537414966	0.0
4.27827664399	0.0
4.28117913832	0.0
4.28408163265	0.0
4.28698412698	0.0
4.28988662132	0.0
4.29278911565	0.0
4.29569160998	0.0
4.29859410431	0.0
4.30149659864	0.0
4.30439909297	294.514129639
4.3073015873	294.344055176
4.31020408163	294.344055176
4.31310657596	294.344055176
4.31600907029	294.514129639
4.31891156463	294.684295654
4.32181405896	294.684295654
4.32471655329	294.684295654
4.32761904762	294.684295654
4.33052154195	294.684295654
4.33342403628	294.684295654
4.33632653061	294.684295654
4.33922902494	294.684295654
4.34213151927	294.684295654
4.34503401361	294.684295654
4.34793650794	294.684295654
4.35083900227	294.684295654
4.3537414966	294.854553223
4.35664399093	294.684295654
4.35954648526	294.684295654
4.36244897959	294.684295654
4.36535147392	294.684295654
4.36825396825	294.514129639
4.37115646259	294.684295654
4.37405895692	294.684295654
4.37696145125	294.684295654
4.37986394558	294.684295654
4.38276643991	294.684295654
4.38566893424	294.684295654
4.38857142857	294.684295654
4.3914739229	294.684295654
4.39437641723	294.684295654
4.39727891156	294.684295654
4.4001814059	294.684295654
4.40308390023	294.684295654
4.40598639456	294.684295654
4.40888888889	294.684295654
4.41179138322	294.684295654
4.41469387755	294.684295654
4.41759637188	294.684295654
4.42049886621	294.854553223
4.42340136054	294.854553223
4.42630385488	294.854553223
4.42920634921	294.684295654
4.43210884354	294.684295654
4.43501133787	294.684295654
4.4379138322	294.684295654
4.44081632653	294.514129639
4.44371882086	294.514129639
4.44662131519	294.514129639
4.44952380952	294.684295654
4.45242630385	294.684295654
4.45532879819	294.684295654
4.45823129252	294.684295654
4.46113378685	294.854553223
4.46403628118	294.684295654
4.46693877551	294.684295654
4.46984126984	294.684295654
4.47274376417	294.684295654
4.4756462585	294.684295654
4.47854875283	294.684295654
4.48145124717	294.684295654
4.4843537415	294.854553223
4.48725623583	294.854553223
4.49015873016	294.854553223
4.49306122449	294.854553223
4.49596371882	294.854553223
4.49886621315	294.854553223
4.50176870748	294.684295654
4.50467120181	294.684295654
4.50757369615	294.514129639
4.51047619048	294.684295654
4.51337868481	294.684295654
4.51628117914	294.684295654
4.51918367347	294.684295654
4.5220861678	294.854553223
4.52498866213	294.854553223
4.52789115646	294.854553223
4.53079365079	294.854553223
4.53369614512	294.684295654
4.53659863946	294.684295654
4.53950113379	294.684295654
4.54240362812	294.684295654
4.54530612245	294.684295654
4.54820861678	294.684295654
4.55111111111	294.854553223
4.55401360544	294.854553223
4.55691609977	294.854553223
4.5598185941	294.854553223
4.56272108844	294.854553223
4.56562358277	294.684295654
4.5685260771	294.684295654
4.57142857143	294.514129639
4.57433106576	294.514129639
4.57723356009	294.684295654
4.58013605442	294.684295654
4.58303854875	294.684295654
4.58594104308	294.684295654
4.58884353741	294.854553223
4.59174603175	294.854553223
4.59464852608	294.854553223
4.59755102041	294.684295654
4.60045351474	294.684295654
4.60335600907	294.854553223
4.6062585034	294.854553223
4.60916099773	294.854553223
4.61206349206	294.684295654
4.61496598639	294.684295654
4.61786848073	294.684295654
4.62077097506	294.684295654
4.62367346939	294.684295654
4.62657596372	294.684295654
4.62947845805	294.514129639
4.63238095238	294.684295654
4.63528344671	294.684295654
4.63818594104	294.854553223
4.64108843537	294.854553223
4.64399092971	294.854553223
4.64689342404	294.854553223
4.64979591837	294.854553223
4.6526984127	294.854553223
4.65560090703	294.684295654
4.65850340136	294.684295654
4.66140589569	294.684295654
4.66430839002	294.514129639
4.66721088435	294.684295654
4.67011337868	294.684295654
4.67301587302	294.684295654
4.67591836735	294.854553223
4.67882086168	294.854553223
4.68172335601	295.024932861
4.68462585034	294.854553223
4.68752834467	294.854553223
4.690430839	294.854553223
4.69333333333	294.684295654
4.69623582766	294.684295654
4.699138322	294.854553223
4.70204081633	294.684295654
4.70494331066	294.684295654
4.70784580499	0.0
4.71074829932	0.0
4.71365079365	0.0
4.71655328798	0.0
4.71945578231	0.0
4.72235827664	0.0
4.72526077098	0.0
4.72816326531	0.0
4.73106575964	0.0
4.73396825397	0.0
4.7368707483	0.0
4.73977324263	0.0
4.74267573696	0.0
4.74557823129	0.0
4.74848072562	0.0
4.75138321995	0.0
4.75428571429	0.0
4.75718820862	0.0
4.76009070295	0.0
4.76299319728	0.0
4.76589569161	0.0
4.76879818594	0.0
4.77170068027	0.0
4.7746031746	0.0
4.77750566893	0.0
4.78040816327	0.0
4.7833106576	0.0
4.78621315193	0.0
4.78911564626	0.0
4.79201814059	0.0
4.79492063492	0.0
4.79782312925	0.0
4.80072562358	0.0
4.80362811791	0.0
4.80653061224	0.0
4.80943310658	0.0
4.81233560091	0.0
4.81523809524	0.0
4.81814058957	0.0
4.8210430839	0.0
4.82394557823	0.0
4.82684807256	0.0
4.82975056689	0.0
4.83265306122	0.0
4.83555555556	0.0
4.83845804989	0.0
4.84136054422	0.0
4.84426303855	0.0
4.84716553288	0.0
4.85006802721	0.0
4.85297052154	0.0
4.85587301587	0.0
4.8587755102	0.0
4.86167800454	0.0
4.86458049887	0.0
4.8674829932	0.0
4.87038548753	0.0
4.87328798186	0.0
4.87619047619	0.0
4.87909297052	0.0
4.88199546485	0.0
4.88489795918	0.0
4.88780045351	0.0
4.89070294785	0.0
4.89360544218	0.0
4.89650793651	0.0
4.89941043084	0.0
4.90231292517	0.0
4.9052154195	0.0
4.90811791383	0.0
4.91102040816	0.0
4.91392290249	0.0
4.91682539683	0.0
4.91972789116	0.0
4.92263038549	0.0
4.92553287982	0.0
4.92843537415	0.0
4.93133786848	0.0
4.93424036281	0.0
4.93714285714	0.0
4.94004535147	0.0
4.9429478458	0.0
4.94585034014	0.0
4.94875283447	0.0
4.9516553288	0.0
4.95455782313	0.0
4.95746031746	0.0
4.96036281179	0.0
4.96326530612	0.0
4.96616780045	0.0
4.96907029478	0.0
