0.0	0.0
0.00290249433107	0.0
0.00580498866213	0.0
0.0087074829932	349.026580811
0.0116099773243	349.026580811
0.0145124716553	349.026580811
0.0174149659864	349.026580811
0.0203174603175	349.026580811
0.0232199546485	349.228240967
0.0261224489796	349.228240967
0.0290249433107	349.026580811
0.0319274376417	348.825012207
0.0348299319728	349.026580811
0.0377324263039	349.228240967
0.0406349206349	349.430023193
0.043537414966	349.228240967
0.0464399092971	349.228240967
0.0493424036281	348.825012207
0.0522448979592	348.825012207
0.0551473922902	348.825012207
0.0580498866213	348.825012207
0.0609523809524	348.825012207
0.0638548752834	348.623596191
0.0667573696145	348.422271729
0.0696598639456	348.623596191
0.0725623582766	349.026580811
0.0754648526077	349.228240967
0.0783673469388	349.026580811
0.0812698412698	349.026580811
0.0841723356009	349.228240967
0.087074829932	349.83392334
0.089977324263	350.03604126
0.0928798185941	349.631896973
0.0957823129252	349.026580811
0.0986848072562	348.623596191
0.101587301587	348.825012207
0.104489795918	348.825012207
0.107392290249	348.825012207
0.11029478458	348.825012207
0.113197278912	348.422271729
0.116099773243	348.422271729
0.119002267574	349.026580811
0.121904761905	349.430023193
0.124807256236	349.631896973
0.127709750567	349.430023193
0.130612244898	349.228240967
0.133514739229	349.430023193
0.13641723356	349.631896973
0.139319727891	349.430023193
0.142222222222	286.295196533
0.145124716553	287.123260498
0.148027210884	287.45513916
0.150929705215	286.791748047
0.153832199546	286.957458496
0.156734693878	287.45513916
0.159637188209	288.286560059
0.16253968254	288.619781494
0.165442176871	287.953704834
0.168344671202	287.45513916
0.171247165533	287.289154053
0.174149659864	287.787414551
0.177052154195	288.619781494
0.179954648526	289.120361328
0.182857142857	289.287414551
0.185759637188	289.789123535
0.188662131519	290.795227051
0.19156462585	291.973388672
0.194467120181	293.325714111
0.197369614512	294.344055176
0.200272108844	293.834442139
0.203174603175	295.365936279
0.206077097506	299.316162109
0.208979591837	300.355316162
0.211882086168	297.248626709
0.214784580499	298.10836792
0.21768707483	296.220245361
0.220589569161	294.854553223
0.223492063492	295.536621094
0.226394557823	295.536621094
0.229297052154	293.664764404
0.232199546485	289.287414551
0.235102040816	287.289154053
0.238004535147	287.123260498
0.240907029478	288.286560059
0.24380952381	290.291748047
0.246712018141	295.195404053
0.249614512472	304.020843506
0.252517006803	303.669830322
0.255419501134	304.020843506
0.258321995465	304.548126221
0.261224489796	304.900146484
0.264126984127	305.782012939
0.267029478458	305.605438232
0.269931972789	305.782012939
0.27283446712	305.782012939
0.275736961451	306.135467529
0.278639455782	306.312347412
0.281541950113	306.489318848
0.284444444444	305.605438232
0.287346938776	305.252593994
0.290249433107	304.724090576
0.293151927438	304.196502686
0.296054421769	303.845275879
0.2989569161	303.319213867
0.301859410431	303.144042969
0.304761904762	302.444458008
0.307664399093	301.398071289
0.310566893424	300.702484131
0.313469387755	300.008544922
0.316371882086	298.797943115
0.319274376417	297.764160156
0.322176870748	296.391387939
0.325079365079	295.024932861
0.32798185941	294.344055176
0.330884353741	293.156341553
0.333786848073	292.310882568
0.336689342404	291.804779053
0.339591836735	291.46786499
0.342494331066	291.46786499
0.345396825397	291.46786499
0.348299319728	291.46786499
0.351201814059	291.46786499
0.35410430839	287.953704834
0.357006802721	286.129882812
0.359909297052	285.964660645
0.362811791383	286.295196533
0.365714285714	286.957458496
0.368616780045	290.12411499
0.371519274376	289.789123535
0.374421768707	289.956573486
0.377324263039	289.789123535
0.38022675737	289.454559326
0.383129251701	288.953399658
0.386031746032	288.453125
0.388934240363	287.787414551
0.391836734694	287.289154053
0.394739229025	287.123260498
0.397641723356	286.791748047
0.400544217687	286.460632324
0.403446712018	286.460632324
0.406349206349	285.964660645
0.40925170068	285.634490967
0.412154195011	285.469543457
0.415056689342	285.799530029
0.417959183673	286.295196533
0.420861678005	286.791748047
0.423764172336	287.45513916
0.426666666667	288.286560059
0.429569160998	288.786529541
0.432471655329	288.953399658
0.43537414966	288.786529541
0.438276643991	288.619781494
0.441179138322	288.12008667
0.444081632653	287.787414551
0.446984126984	287.45513916
0.449886621315	287.289154053
0.452789115646	286.957458496
0.455691609977	286.791748047
0.458594104308	286.62612915
0.461496598639	286.129882812
0.464399092971	286.129882812
0.467301587302	286.129882812
0.470204081633	286.295196533
0.473106575964	286.295196533
0.476009070295	286.62612915
0.478911564626	286.791748047
0.481814058957	286.957458496
0.484716553288	287.123260498
0.487619047619	287.123260498
0.49052154195	286.791748047
0.493424036281	286.460632324
0.496326530612	286.295196533
0.499229024943	286.129882812
0.502131519274	286.129882812
0.505034013605	286.129882812
0.507936507937	286.129882812
0.510839002268	286.295196533
0.513741496599	286.62612915
0.51664399093	286.791748047
0.519546485261	286.957458496
0.522448979592	287.123260498
0.525351473923	287.45513916
0.528253968254	287.787414551
0.531156462585	287.953704834
0.534058956916	287.787414551
0.536961451247	287.787414551
0.539863945578	287.45513916
0.542766439909	287.289154053
0.54566893424	287.123260498
0.548571428571	286.957458496
0.551473922902	286.957458496
0.554376417234	286.791748047
0.557278911565	286.791748047
0.560181405896	286.957458496
0.563083900227	287.123260498
0.565986394558	287.289154053
0.568888888889	287.45513916
0.57179138322	287.45513916
0.574693877551	287.45513916
0.577596371882	287.621246338
0.580498866213	287.621246338
0.583401360544	287.787414551
0.586303854875	287.621246338
0.589206349206	287.621246338
0.592108843537	287.45513916
0.595011337868	287.45513916
0.5979138322	287.45513916
0.600816326531	287.621246338
0.603718820862	287.621246338
0.606621315193	287.621246338
0.609523809524	287.953704834
0.612426303855	288.286560059
0.615328798186	288.453125
0.618231292517	288.953399658
0.621133786848	289.287414551
0.624036281179	289.454559326
0.62693877551	289.454559326
0.629841269841	288.786529541
0.632743764172	289.454559326
0.635646258503	288.453125
0.638548752834	288.453125
0.641451247166	288.786529541
0.644353741497	290.963226318
0.647256235828	290.12411499
0.650158730159	290.459472656
0.65306122449	290.459472656
0.655963718821	290.627288818
0.658866213152	290.795227051
0.661768707483	290.963226318
0.664671201814	290.963226318
0.667573696145	290.963226318
0.670476190476	290.963226318
0.673378684807	289.956573486
0.676281179138	289.287414551
0.679183673469	0.0
0.6820861678	0.0
0.684988662132	0.0
0.687891156463	0.0
0.690793650794	0.0
0.693696145125	0.0
0.696598639456	0.0
0.699501133787	0.0
0.702403628118	0.0
0.705306122449	0.0
0.70820861678	0.0
0.711111111111	0.0
0.714013605442	0.0
0.716916099773	0.0
0.719818594104	0.0
0.722721088435	0.0
0.725623582766	0.0
0.728526077098	0.0
0.731428571429	0.0
0.73433106576	0.0
0.737233560091	0.0
0.740136054422	0.0
0.743038548753	0.0
0.745941043084	0.0
0.748843537415	0.0
0.751746031746	0.0
0.754648526077	0.0
0.757551020408	0.0
0.760453514739	0.0
0.76335600907	0.0
0.766258503401	0.0
0.769160997732	0.0
0.772063492063	0.0
0.774965986395	0.0
0.777868480726	0.0
0.780770975057	0.0
0.783673469388	0.0
0.786575963719	0.0
0.78947845805	0.0
0.792380952381	0.0
0.795283446712	0.0
0.798185941043	0.0
0.801088435374	0.0
0.803990929705	0.0
0.806893424036	0.0
0.809795918367	0.0
0.812698412698	0.0
0.815600907029	0.0
0.818503401361	0.0
0.821405895692	0.0
0.824308390023	0.0
0.827210884354	0.0
0.830113378685	0.0
0.833015873016	0.0
0.835918367347	0.0
0.838820861678	0.0
0.841723356009	0.0
0.84462585034	0.0
0.847528344671	0.0
0.850430839002	0.0
0.853333333333	0.0
0.856235827664	0.0
0.859138321995	0.0
0.862040816327	0.0
0.864943310658	0.0
0.867845804989	0.0
0.87074829932	0.0
0.873650793651	0.0
0.876553287982	0.0
0.879455782313	0.0
0.882358276644	0.0
0.885260770975	0.0
0.888163265306	0.0
0.891065759637	0.0
0.893968253968	0.0
0.896870748299	0.0
0.89977324263	0.0
0.902675736961	0.0
0.905578231293	0.0
0.908480725624	0.0
0.911383219955	0.0
0.914285714286	0.0
0.917188208617	0.0
0.920090702948	0.0
0.922993197279	0.0
0.92589569161	0.0
0.928798185941	0.0
0.931700680272	0.0
0.934603174603	0.0
0.937505668934	0.0
0.940408163265	0.0
0.943310657596	0.0
0.946213151927	0.0
0.949115646259	0.0
0.95201814059	0.0
0.954920634921	0.0
0.957823129252	0.0
0.960725623583	0.0
0.963628117914	0.0
0.966530612245	0.0
0.969433106576	0.0
0.972335600907	0.0
0.975238095238	0.0
0.978140589569	0.0
0.9810430839	0.0
0.983945578231	0.0
0.986848072562	0.0
0.989750566893	0.0
0.992653061224	0.0
0.995555555556	0.0
0.998458049887	0.0
1.00136054422	0.0
1.00426303855	0.0
1.00716553288	0.0
1.01006802721	0.0
1.01297052154	0.0
1.01587301587	0.0
1.0187755102	0.0
1.02167800454	0.0
1.02458049887	0.0
1.0274829932	0.0
1.03038548753	0.0
1.03328798186	0.0
1.03619047619	0.0
1.03909297052	0.0
1.04199546485	0.0
1.04489795918	0.0
1.04780045351	0.0
1.05070294785	0.0
1.05360544218	0.0
1.05650793651	0.0
1.05941043084	0.0
1.06231292517	0.0
1.0652154195	0.0
1.06811791383	0.0
1.07102040816	0.0
1.07392290249	0.0
1.07682539683	0.0
1.07972789116	0.0
1.08263038549	0.0
1.08553287982	0.0
1.08843537415	0.0
1.09133786848	0.0
1.09424036281	0.0
1.09714285714	0.0
1.10004535147	0.0
1.1029478458	0.0
1.10585034014	0.0
1.10875283447	0.0
1.1116553288	0.0
1.11455782313	0.0
1.11746031746	0.0
1.12036281179	0.0
1.12326530612	0.0
1.12616780045	0.0
1.12907029478	222.170944214
1.13197278912	222.170944214
1.13487528345	222.170944214
1.13777777778	222.299316406
1.14068027211	222.299316406
1.14358276644	222.299316406
1.14648526077	222.170944214
1.1493877551	222.170944214
1.15229024943	222.042663574
1.15519274376	221.91444397
1.1580952381	221.7862854
1.16099773243	221.658218384
1.16390022676	221.27444458
1.16680272109	221.14666748
1.16970521542	221.018966675
1.17260770975	220.891342163
1.17551020408	220.891342163
1.17841269841	220.891342163
1.18131519274	220.891342163
1.18421768707	221.018966675
1.18712018141	221.018966675
1.19002267574	221.018966675
1.19292517007	221.018966675
1.1958276644	221.14666748
1.19873015873	221.018966675
1.20163265306	221.018966675
1.20453514739	220.891342163
1.20743764172	220.891342163
1.21034013605	221.018966675
1.21324263039	221.14666748
1.21614512472	221.27444458
1.21904761905	221.530227661
1.22195011338	221.658218384
1.22485260771	221.7862854
1.22775510204	221.91444397
1.23065759637	222.042663574
1.2335600907	222.170944214
1.23646258503	222.299316406
1.23936507937	222.556274414
1.2422675737	222.556274414
1.24517006803	222.813537598
1.24807256236	222.942276001
1.25097505669	222.684860229
1.25387755102	222.942276001
1.25678004535	222.813537598
1.25968253968	222.556274414
1.26258503401	222.427764893
1.26548752834	222.427764893
1.26839002268	222.299316406
1.27129251701	222.427764893
1.27419501134	222.556274414
1.27709750567	222.684860229
1.28	222.684860229
1.28290249433	222.556274414
1.28580498866	222.684860229
1.28870748299	222.813537598
1.29160997732	222.813537598
1.29451247166	222.684860229
1.29741496599	222.556274414
1.30031746032	222.427764893
1.30321995465	222.042663574
1.30612244898	221.7862854
1.30902494331	221.530227661
1.31192743764	221.14666748
1.31482993197	221.14666748
1.3177324263	221.14666748
1.32063492063	221.530227661
1.32353741497	221.7862854
1.3264399093	221.7862854
1.32934240363	222.042663574
1.33224489796	222.170944214
1.33514739229	222.299316406
1.33804988662	222.042663574
1.34095238095	221.7862854
1.34385487528	221.402297974
1.34675736961	221.018966675
1.34965986395	220.381561279
1.35256235828	220.127120972
1.35546485261	219.872955322
1.35836734694	219.745986938
1.36126984127	219.745986938
1.3641723356	219.872955322
1.36707482993	211.526275635
1.36997732426	207.65234375
1.37287981859	204.438964844
1.37578231293	201.974090576
1.37868480726	200.231674194
1.38158730159	200.694839478
1.38448979592	202.324386597
1.38739229025	204.793533325
1.39029478458	207.65234375
1.39319727891	209.459335327
1.39609977324	209.943847656
1.39900226757	209.217498779
1.4019047619	208.493667603
1.40480725624	207.532440186
1.40770975057	207.053497314
1.4106122449	206.814437866
1.41351473923	206.695007324
1.41641723356	206.695007324
1.41931972789	206.933929443
1.42222222222	207.053497314
1.42512471655	207.292831421
1.42802721088	207.532440186
1.43092970522	207.772323608
1.43383219955	208.012496948
1.43673469388	208.132675171
1.43963718821	208.373260498
1.44253968254	208.614120483
1.44544217687	208.734664917
1.4483446712	208.97593689
1.45124716553	208.97593689
1.45414965986	208.97593689
1.4570521542	208.855270386
1.45995464853	208.855270386
1.46285714286	208.614120483
1.46575963719	208.493667603
1.46866213152	208.493667603
1.47156462585	208.734664917
1.47446712018	208.97593689
1.47736961451	209.338378906
1.48027210884	209.580352783
1.48317460317	209.822616577
1.48607709751	209.822616577
1.48897959184	209.701446533
1.49188208617	209.580352783
1.4947845805	209.459335327
1.49768707483	209.459335327
1.50058956916	209.338378906
1.50349206349	209.217498779
1.50639455782	209.096679688
1.50929705215	208.97593689
1.51219954649	208.855270386
1.51510204082	208.734664917
1.51800453515	208.614120483
1.52090702948	208.614120483
1.52380952381	208.734664917
1.52671201814	208.855270386
1.52961451247	208.97593689
1.5325170068	208.97593689
1.53541950113	208.97593689
1.53832199546	208.855270386
1.5412244898	208.734664917
1.54412698413	208.614120483
1.54702947846	208.373260498
1.54993197279	208.132675171
1.55283446712	207.892379761
1.55573696145	207.65234375
1.55863945578	207.412597656
1.56154195011	207.292831421
1.56444444444	207.173126221
1.56734693878	207.173126221
1.57024943311	207.292831421
1.57315192744	207.412597656
1.57605442177	207.65234375
1.5789569161	208.012496948
1.58185941043	208.252944946
1.58476190476	208.493667603
1.58766439909	208.614120483
1.59056689342	208.614120483
1.59346938776	208.493667603
1.59637188209	208.493667603
1.59927437642	208.373260498
1.60217687075	208.373260498
1.60507936508	208.373260498
1.60798185941	208.373260498
1.61088435374	208.373260498
1.61378684807	208.373260498
1.6166893424	208.493667603
1.61959183673	208.493667603
1.62249433107	208.734664917
1.6253968254	208.734664917
1.62829931973	208.855270386
1.63120181406	208.97593689
1.63410430839	209.096679688
1.63700680272	209.338378906
1.63990929705	209.459335327
1.64281179138	209.580352783
1.64571428571	209.822616577
1.64861678005	209.943847656
1.65151927438	210.065155029
1.65442176871	210.186523438
1.65732426304	210.186523438
1.66022675737	210.065155029
1.6631292517	209.943847656
1.66603174603	209.822616577
1.66893424036	209.580352783
1.67183673469	209.338378906
1.67473922902	209.217498779
1.67764172336	209.096679688
1.68054421769	208.855270386
1.68344671202	208.734664917
1.68634920635	208.614120483
1.68925170068	208.614120483
1.69215419501	208.614120483
1.69505668934	208.855270386
1.69795918367	209.217498779
1.700861678	209.580352783
1.70376417234	210.065155029
1.70666666667	210.429489136
1.709569161	210.794448853
1.71247165533	211.282043457
1.71537414966	211.526275635
1.71827664399	211.770782471
1.72117913832	212.015563965
1.72408163265	212.260635376
1.72698412698	212.138061523
1.72988662132	211.526275635
1.73278911565	210.672714233
1.73569160998	209.943847656
1.73859410431	208.493667603
1.74149659864	206.337142944
1.74439909297	205.623260498
1.7473015873	206.456359863
1.75020408163	208.614120483
1.75310657596	211.282043457
1.75600907029	217.598739624
1.75891156463	219.872955322
1.76181405896	220.891342163
1.76471655329	221.7862854
1.76761904762	222.299316406
1.77052154195	222.942276001
1.77342403628	223.716278076
1.77632653061	224.363327026
1.77922902494	225.272338867
1.78213151927	225.92388916
1.78503401361	226.577331543
1.78793650794	226.839233398
1.79083900227	227.495315552
1.7937414966	227.232650757
1.79664399093	226.970306396
1.79954648526	226.577331543
1.80244897959	226.185043335
1.80535147392	225.793426514
1.80825396825	225.14225769
1.81115646259	224.622665405
1.81405895692	224.233764648
1.81696145125	223.845535278
1.81986394558	223.457977295
1.82276643991	223.199966431
1.82566893424	223.199966431
1.82857142857	223.199966431
1.8314739229	223.457977295
1.83437641723	223.974868774
1.83727891156	223.716278076
1.8401814059	223.845535278
1.84308390023	223.845535278
1.84598639456	223.328933716
1.84888888889	224.363327026
1.85179138322	223.199966431
1.85469387755	222.427764893
1.85759637188	222.042663574
1.86049886621	221.7862854
1.86340136054	221.530227661
1.86630385488	221.14666748
1.86920634921	220.891342163
1.87210884354	220.508895874
1.87501133787	220.127120972
1.8779138322	219.872955322
1.88081632653	219.619094849
1.88371882086	219.365524292
1.88662131519	219.238861084
1.88952380952	218.985733032
1.89242630385	218.985733032
1.89532879819	219.112258911
1.89823129252	219.365524292
1.90113378685	219.619094849
1.90403628118	220.0
1.90693877551	220.127120972
1.90984126984	220.127120972
1.91274376417	220.127120972
1.9156462585	220.127120972
1.91854875283	220.127120972
1.92145124717	220.0
1.9243537415	220.127120972
1.92725623583	220.127120972
1.93015873016	220.127120972
1.93306122449	220.127120972
1.93596371882	220.0
1.93886621315	219.745986938
1.94176870748	219.492279053
1.94467120181	219.365524292
1.94757369615	219.238861084
1.95047619048	219.112258911
1.95337868481	218.985733032
1.95628117914	218.859268188
1.95918367347	218.732894897
1.9620861678	218.985733032
1.96498866213	218.985733032
1.96789115646	218.732894897
1.97079365079	218.354187012
1.97369614512	218.102081299
1.97659863946	217.724456787
1.97950113379	217.473083496
1.98240362812	217.222000122
1.98530612245	216.971191406
1.98820861678	216.845901489
1.99111111111	216.720687866
1.99401360544	216.470458984
1.99691609977	216.595535278
1.9998185941	216.845901489
2.00272108844	216.845901489
2.00562358277	217.222000122
2.0085260771	217.850265503
2.01142857143	218.354187012
2.01433106576	209.701446533
2.01723356009	211.404129028
2.02013605442	212.75163269
2.02303854875	212.383285522
2.02594104308	212.260635376
2.02884353741	212.138061523
2.03174603175	211.770782471
2.03464852608	211.526275635
2.03755102041	213.120620728
2.04045351474	214.479064941
2.04335600907	214.726989746
2.0462585034	214.602996826
2.04916099773	214.726989746
2.05206349206	214.726989746
2.05496598639	214.85105896
2.05786848073	215.223678589
2.06077097506	215.472457886
2.06367346939	215.7215271
2.06657596372	212.874557495
2.06947845805	214.355209351
2.07238095238	215.223678589
2.07528344671	215.223678589
2.07818594104	216.845901489
2.08108843537	218.48034668
2.08399092971	214.975189209
2.08689342404	214.107727051
2.08979591837	212.383285522
2.0926984127	211.648483276
2.09560090703	213.737030029
2.09850340136	216.845901489
2.10140589569	216.971191406
2.10430839002	215.7215271
2.10721088435	189.759246826
2.11011337868	189.759246826
2.11301587302	189.649673462
2.11591836735	187.796508789
2.11882086168	180.563156128
2.12172335601	175.321578979
2.12462585034	173.809082031
2.12752834467	173.809082031
2.130430839	174.110534668
2.13333333333	174.311798096
2.13623582766	174.815948486
2.139138322	176.133605957
2.14204081633	177.358703613
2.14494331066	177.563720703
2.14784580499	177.256286621
2.15074829932	177.153930664
2.15365079365	177.461181641
2.15655328798	177.666320801
2.15945578231	176.847213745
2.16235827664	176.541030884
2.16526077098	177.358703613
2.16816326531	183.295349121
2.17106575964	181.399459839
2.17396825397	180.563156128
2.1768707483	179.938446045
2.17977324263	178.386138916
2.18267573696	178.489212036
2.18557823129	178.695526123
2.18848072562	178.798782349
2.19138321995	179.212371826
2.19428571429	180.980819702
2.19718820862	181.1900177
2.20009070295	180.667480469
2.20299319728	180.250534058
2.20589569161	179.83454895
2.20879818594	179.523193359
2.21170068027	179.315917969
2.2146031746	179.10887146
2.21750566893	179.10887146
2.22040816327	179.005447388
2.2233106576	178.902084351
2.22621315193	178.592330933
2.22911564626	178.180175781
2.23201814059	177.666320801
2.23492063492	177.153930664
2.23782312925	176.745101929
2.24072562358	176.337203979
2.24362811791	176.133605957
2.24653061224	176.949401855
2.24943310658	177.974456787
2.25233560091	179.005447388
2.25523809524	179.10887146
2.25814058957	178.592330933
2.2610430839	177.153930664
2.26394557823	175.727127075
2.26684807256	175.01802063
2.26975056689	173.508163452
2.27265306122	174.211135864
2.27555555556	173.809082031
2.27845804989	172.508834839
2.28136054422	170.232147217
2.28426303855	169.643188477
2.28716553288	169.251678467
2.29006802721	169.937408447
2.29297052154	171.51524353
2.29587301587	171.51524353
2.2987755102	171.614349365
2.30167800454	171.713500977
2.30458049887	171.614349365
2.3074829932	171.317214966
2.31038548753	170.724502563
2.31328798186	170.232147217
2.31619047619	169.741210938
2.31909297052	169.545227051
2.32199546485	169.349472046
2.32489795918	169.251678467
2.32780045351	169.251678467
2.33070294785	169.545227051
2.33360544218	169.839279175
2.33650793651	170.133850098
2.33941043084	170.330505371
2.34231292517	170.428924561
2.3452154195	170.527389526
2.34811791383	170.527389526
2.35102040816	170.330505371
2.35392290249	170.035598755
2.35682539683	170.035598755
2.35972789116	169.937408447
2.36263038549	170.035598755
2.36553287982	170.133850098
2.36843537415	170.330505371
2.37133786848	170.527389526
2.37424036281	170.823150635
2.37714285714	170.921859741
2.38004535147	170.921859741
2.3829478458	170.921859741
2.38585034014	170.724502563
2.38875283447	170.823150635
2.3916553288	170.823150635
2.39455782313	171.020614624
2.39746031746	171.218292236
2.40036281179	171.218292236
2.40326530612	171.416213989
2.40616780045	171.51524353
2.40907029478	171.713500977
2.41197278912	171.812713623
2.41487528345	171.911987305
2.41777777778	172.011322021
2.42068027211	171.911987305
2.42358276644	172.011322021
2.42648526077	172.110702515
2.4293877551	172.210144043
2.43229024943	172.309646606
2.43519274376	172.608505249
2.4380952381	172.907867432
2.44099773243	173.207748413
2.44390022676	173.207748413
2.44680272109	173.10774231
2.44970521542	173.007766724
2.45260770975	172.808029175
2.45551020408	172.708236694
2.45841269841	172.708236694
2.46131519274	172.808029175
2.46421768707	172.808029175
2.46712018141	172.907867432
2.47002267574	172.808029175
2.47292517007	172.808029175
2.4758276644	172.808029175
2.47873015873	172.708236694
2.48163265306	172.608505249
2.48453514739	172.409210205
2.48743764172	172.309646606
2.49034013605	172.210144043
2.49324263039	172.110702515
2.49614512472	172.011322021
2.49904761905	171.911987305
2.50195011338	171.812713623
2.50485260771	171.812713623
2.50775510204	171.812713623
2.51065759637	171.812713623
2.5135600907	171.812713623
2.51646258503	171.812713623
2.51936507937	171.812713623
2.5222675737	171.812713623
2.52517006803	171.812713623
2.52807256236	171.713500977
2.53097505669	171.713500977
2.53387755102	171.614349365
2.53678004535	171.416213989
2.53968253968	171.317214966
2.54258503401	171.218292236
2.54548752834	171.218292236
2.54839002268	171.119430542
2.55129251701	171.119430542
2.55419501134	171.119430542
2.55709750567	171.119430542
2.56	171.020614624
2.56290249433	170.823150635
2.56580498866	170.625930786
2.56870748299	170.330505371
2.57160997732	170.232147217
2.57451247166	170.035598755
2.57741496599	170.035598755
2.58031746032	169.937408447
2.58321995465	169.937408447
2.58612244898	169.937408447
2.58902494331	169.937408447
2.59192743764	169.741210938
2.59482993197	169.545227051
2.5977324263	169.44732666
2.60063492063	169.251678467
2.60353741497	169.251678467
2.6064399093	169.349472046
2.60934240363	169.251678467
2.61224489796	169.349472046
2.61514739229	169.44732666
2.61804988662	169.349472046
2.62095238095	169.153945923
2.62385487528	168.861083984
2.62675736961	168.471374512
2.62965986395	168.1796875
2.63256235828	168.082580566
2.63546485261	168.082580566
2.63836734694	168.082580566
2.64126984127	168.1796875
2.6441723356	168.276870728
2.64707482993	168.471374512
2.64997732426	168.568725586
2.65287981859	168.471374512
2.65578231293	168.374099731
2.65868480726	168.1796875
2.66158730159	168.082580566
2.66448979592	168.1796875
2.66739229025	168.276870728
2.67029478458	168.471374512
2.67319727891	168.763565063
2.67609977324	168.568725586
2.67900226757	168.861083984
2.6819047619	169.153945923
2.68480725624	169.153945923
2.68770975057	169.251678467
2.6906122449	169.153945923
2.69351473923	169.056274414
2.69641723356	169.056274414
2.69931972789	169.056274414
2.70222222222	168.861083984
2.70512471655	168.568725586
2.70802721088	168.276870728
2.71092970522	167.985519409
2.71383219955	167.694671631
2.71673469388	167.501052856
2.71963718821	167.404327393
2.72253968254	167.307662964
2.72544217687	167.211044312
2.7283446712	167.211044312
2.73124716553	167.017990112
2.73414965986	166.825149536
2.7370521542	166.632537842
2.73995464853	166.440155029
2.74285714286	166.344039917
2.74575963719	166.344039917
2.74866213152	166.440155029
2.75156462585	166.536315918
2.75446712018	166.825149536
2.75736961451	167.017990112
2.76027210884	167.114486694
2.76317460317	167.211044312
2.76607709751	167.211044312
2.76897959184	167.114486694
2.77188208617	166.921539307
2.7747845805	166.728820801
2.77768707483	166.440155029
2.78058956916	166.24798584
2.78349206349	166.056045532
2.78639455782	166.056045532
2.78929705215	165.960144043
2.79219954649	165.960144043
2.79510204082	165.864318848
2.79800453515	165.768539429
2.80090702948	165.768539429
2.80380952381	165.672805786
2.80671201814	165.672805786
2.80961451247	165.672805786
2.8125170068	165.577148438
2.81541950113	165.577148438
2.81832199546	165.672805786
2.8212244898	165.577148438
2.82412698413	165.577148438
2.82702947846	165.481521606
2.82993197279	165.481521606
2.83283446712	165.385971069
2.83573696145	165.481521606
2.83863945578	165.385971069
2.84154195011	165.290466309
2.84444444444	165.290466309
2.84734693878	165.099624634
2.85024943311	165.099624634
2.85315192744	164.909011841
2.85605442177	164.813781738
2.8589569161	164.718612671
2.86185941043	164.528427124
2.86476190476	164.433410645
2.86766439909	164.243560791
2.87056689342	164.148727417
2.87346938776	164.053939819
2.87637188209	163.864517212
2.87927437642	163.675323486
2.88217687075	163.486343384
2.88507936508	163.203292847
2.88798185941	163.014862061
2.89088435374	162.732620239
2.89378684807	162.638656616
2.8966893424	162.54473877
2.89959183673	162.450881958
2.90249433107	162.357070923
2.9053968254	162.169616699
2.90829931973	162.263320923
2.91120181406	162.169616699
2.91410430839	161.982376099
2.91700680272	161.795349121
2.91990929705	161.701919556
2.92281179138	161.608551025
2.92571428571	161.701919556
2.92861678005	161.795349121
2.93151927438	162.075973511
2.93442176871	162.169616699
2.93732426304	162.169616699
2.94022675737	162.169616699
2.9431292517	162.075973511
2.94603174603	161.982376099
2.94893424036	161.888839722
2.95183673469	161.795349121
2.95473922902	161.701919556
2.95764172336	161.701919556
2.96054421769	161.888839722
2.96344671202	161.982376099
2.96634920635	162.263320923
2.96925170068	162.450881958
2.97215419501	162.638656616
2.97505668934	162.826644897
2.97795918367	162.920730591
2.980861678	163.203292847
2.98376417234	163.580810547
2.98666666667	163.864517212
2.989569161	164.338470459
2.99247165533	164.528427124
2.99537414966	164.718612671
2.99827664399	164.62348938
3.00117913832	164.718612671
3.00408163265	164.909011841
3.00698412698	165.195022583
3.00988662132	165.577148438
3.01278911565	166.151977539
3.01569160998	166.536315918
3.01859410431	167.017990112
3.02149659864	167.791564941
3.02439909297	168.1796875
3.0273015873	168.666122437
3.03020408163	169.153945923
3.03310657596	169.839279175
3.03600907029	170.428924561
3.03891156463	171.020614624
3.04181405896	171.713500977
3.04471655329	172.309646606
3.04761904762	173.407974243
3.05052154195	174.211135864
3.05342403628	174.614120483
3.05632653061	174.91696167
3.05922902494	175.01802063
3.06213151927	175.01802063
3.06503401361	174.715011597
3.06793650794	174.513290405
3.07083900227	174.311798096
3.0737414966	174.513290405
3.07664399093	175.119155884
3.07954648526	174.91696167
3.08244897959	175.01802063
3.08535147392	174.715011597
3.08825396825	173.909515381
3.09115646259	173.608413696
3.09405895692	173.307830811
3.09696145125	172.808029175
3.09986394558	172.409210205
3.10276643991	171.812713623
3.10566893424	171.020614624
3.10857142857	170.330505371
3.1114739229	169.937408447
3.11437641723	169.545227051
3.11727891156	169.349472046
3.1201814059	169.349472046
3.12308390023	169.643188477
3.12598639456	169.937408447
3.12888888889	170.330505371
3.13179138322	170.625930786
3.13469387755	170.823150635
3.13759637188	170.921859741
3.14049886621	170.823150635
3.14340136054	170.428924561
3.14630385488	169.839279175
3.14920634921	169.349472046
3.15210884354	169.056274414
3.15501133787	169.056274414
3.1579138322	169.251678467
3.16081632653	169.44732666
3.16371882086	169.545227051
3.16662131519	169.741210938
3.16952380952	169.937408447
3.17242630385	169.839279175
3.17532879819	169.741210938
3.17823129252	169.741210938
3.18113378685	169.741210938
3.18403628118	169.643188477
3.18693877551	169.741210938
3.18984126984	169.643188477
3.19274376417	169.349472046
3.1956462585	169.349472046
3.19854875283	169.251678467
3.20145124717	169.153945923
3.2043537415	168.958648682
3.20725623583	169.251678467
3.21015873016	169.349472046
3.21306122449	169.251678467
3.21596371882	169.251678467
3.21886621315	169.251678467
3.22176870748	169.349472046
3.22467120181	169.545227051
3.22757369615	169.643188477
3.23047619048	169.741210938
3.23337868481	169.741210938
3.23628117914	169.643188477
3.23918367347	169.545227051
3.2420861678	169.349472046
3.24498866213	169.153945923
3.24789115646	169.153945923
3.25079365079	169.153945923
3.25369614512	169.349472046
3.25659863946	169.741210938
3.25950113379	170.035598755
3.26240362812	170.330505371
3.26530612245	170.625930786
3.26820861678	170.823150635
3.27111111111	170.921859741
3.27401360544	170.921859741
3.27691609977	170.921859741
3.2798185941	170.823150635
3.28272108844	170.724502563
3.28562358277	170.625930786
3.2885260771	170.527389526
3.29142857143	170.428924561
3.29433106576	170.428924561
3.29723356009	170.428924561
3.30013605442	170.724502563
3.30303854875	170.921859741
3.30594104308	170.921859741
3.30884353741	170.921859741
3.31174603175	170.823150635
3.31464852608	170.724502563
3.31755102041	170.527389526
3.32045351474	170.330505371
3.32335600907	170.232147217
3.3262585034	170.133850098
3.32916099773	170.133850098
3.33206349206	170.232147217
3.33496598639	170.330505371
3.33786848073	170.428924561
3.34077097506	170.428924561
3.34367346939	170.527389526
3.34657596372	170.625930786
3.34947845805	170.625930786
3.35238095238	170.724502563
3.35528344671	170.724502563
3.35818594104	170.724502563
3.36108843537	170.724502563
3.36399092971	170.724502563
3.36689342404	170.625930786
3.36979591837	170.428924561
3.3726984127	170.330505371
3.37560090703	170.330505371
3.37850340136	170.330505371
3.38140589569	170.428924561
3.38430839002	170.625930786
3.38721088435	170.724502563
3.39011337868	170.823150635
3.39301587302	170.823150635
3.39591836735	170.921859741
3.39882086168	170.823150635
3.40172335601	170.724502563
3.40462585034	170.823150635
3.40752834467	170.823150635
3.410430839	170.823150635
3.41333333333	170.921859741
3.41623582766	171.020614624
3.419138322	171.119430542
3.42204081633	171.218292236
3.42494331066	171.317214966
3.42784580499	171.416213989
3.43074829932	171.416213989
3.43365079365	171.51524353
3.43655328798	171.614349365
3.43945578231	171.614349365
3.44235827664	171.416213989
3.44526077098	171.218292236
3.44816326531	171.020614624
3.45106575964	170.724502563
3.45396825397	170.625930786
3.4568707483	170.428924561
3.45977324263	170.330505371
3.46267573696	170.232147217
3.46557823129	170.232147217
3.46848072562	170.133850098
3.47138321995	170.035598755
3.47428571429	169.937408447
3.47718820862	169.741210938
3.48009070295	169.44732666
3.48299319728	169.251678467
3.48589569161	169.153945923
3.48879818594	169.153945923
3.49170068027	169.251678467
3.4946031746	169.44732666
3.49750566893	169.349472046
3.50040816327	169.44732666
3.5033106576	169.251678467
3.50621315193	168.861083984
3.50911564626	168.666122437
3.51201814059	168.471374512
3.51492063492	168.276870728
3.51782312925	168.082580566
3.52072562358	167.985519409
3.52362811791	167.888519287
3.52653061224	167.791564941
3.52943310658	167.501052856
3.53233560091	167.307662964
3.53523809524	167.211044312
3.53814058957	166.921539307
3.5410430839	166.728820801
3.54394557823	166.440155029
3.54684807256	166.151977539
3.54975056689	165.960144043
3.55265306122	165.577148438
3.55555555556	165.385971069
3.55845804989	165.481521606
3.56136054422	165.577148438
3.56426303855	165.672805786
3.56716553288	165.768539429
3.57006802721	165.864318848
3.57297052154	165.864318848
3.57587301587	165.768539429
3.5787755102	165.481521606
3.58167800454	164.909011841
3.58458049887	164.528427124
3.5874829932	164.148727417
3.59038548753	163.864517212
3.59328798186	164.053939819
3.59619047619	163.864517212
3.59909297052	164.053939819
3.60199546485	164.053939819
3.60489795918	163.864517212
3.60780045351	163.675323486
3.61070294785	163.486343384
3.61360544218	163.391937256
3.61650793651	163.297592163
3.61941043084	163.297592163
3.62231292517	163.391937256
3.6252154195	163.675323486
3.62811791383	163.864517212
3.63102040816	164.148727417
3.63392290249	164.433410645
3.63682539683	164.62348938
3.63972789116	164.813781738
3.64263038549	164.909011841
3.64553287982	164.909011841
3.64843537415	164.813781738
3.65133786848	164.718612671
3.65424036281	164.62348938
3.65714285714	164.718612671
3.66004535147	164.813781738
3.6629478458	164.909011841
3.66585034014	165.00428772
3.66875283447	165.099624634
3.6716553288	165.195022583
3.67455782313	165.577148438
3.67746031746	165.864318848
3.68036281179	166.056045532
3.68326530612	166.440155029
3.68616780045	166.632537842
3.68907029478	166.825149536
3.69197278912	166.728820801
3.69487528345	166.921539307
3.69777777778	167.114486694
3.70068027211	167.597839355
3.70358276644	167.985519409
3.70648526077	168.666122437
3.7093877551	168.666122437
3.71229024943	169.251678467
3.71519274376	169.741210938
3.7180952381	170.035598755
3.72099773243	170.133850098
3.72390022676	169.839279175
3.72680272109	169.839279175
3.72970521542	169.839279175
3.73260770975	169.741210938
3.73551020408	169.839279175
3.73841269841	170.035598755
3.74131519274	170.232147217
3.74421768707	170.428924561
3.74712018141	170.527389526
3.75002267574	170.527389526
3.75292517007	170.921859741
3.7558276644	171.020614624
3.75873015873	171.119430542
3.76163265306	171.218292236
3.76453514739	171.317214966
3.76743764172	171.416213989
3.77034013605	171.911987305
3.77324263039	172.011322021
3.77614512472	172.210144043
3.77904761905	172.210144043
3.78195011338	172.210144043
3.78485260771	172.210144043
3.78775510204	172.608505249
3.79065759637	172.608505249
3.7935600907	172.608505249
3.79646258503	172.608505249
3.79936507937	172.907867432
3.8022675737	173.10774231
3.80517006803	173.307830811
3.80807256236	173.508163452
3.81097505669	173.508163452
3.81387755102	173.508163452
3.81678004535	173.508163452
3.81968253968	173.608413696
3.82258503401	173.708724976
3.82548752834	173.809082031
3.82839002268	174.009994507
3.83129251701	174.009994507
3.83419501134	174.110534668
3.83709750567	173.909515381
3.84	173.708724976
3.84290249433	173.307830811
3.84580498866	173.007766724
3.84870748299	172.608505249
3.85160997732	172.210144043
3.85451247166	171.911987305
3.85741496599	171.713500977
3.86031746032	171.51524353
3.86321995465	171.416213989
3.86612244898	171.218292236
3.86902494331	171.119430542
3.87192743764	170.921859741
3.87482993197	170.724502563
3.8777324263	170.625930786
3.88063492063	170.527389526
3.88353741497	170.428924561
3.8864399093	170.330505371
3.88934240363	170.330505371
3.89224489796	170.232147217
3.89514739229	170.133850098
3.89804988662	170.035598755
3.90095238095	169.937408447
3.90385487528	170.035598755
3.90675736961	170.133850098
3.90965986395	170.232147217
3.91256235828	170.330505371
3.91546485261	170.232147217
3.91836734694	170.133850098
3.92126984127	170.035598755
3.9241723356	169.937408447
3.92707482993	169.741210938
3.92997732426	169.643188477
3.93287981859	169.643188477
3.93578231293	169.643188477
3.93868480726	169.643188477
3.94158730159	169.839279175
3.94448979592	169.839279175
3.94739229025	170.035598755
3.95029478458	170.133850098
3.95319727891	170.232147217
3.95609977324	170.330505371
3.95900226757	170.330505371
3.9619047619	170.330505371
3.96480725624	170.330505371
3.96770975057	170.330505371
3.9706122449	170.232147217
3.97351473923	170.133850098
3.97641723356	170.232147217
3.97931972789	170.232147217
3.98222222222	170.232147217
3.98512471655	170.232147217
3.98802721088	170.232147217
3.99092970522	170.232147217
3.99383219955	170.232147217
3.99673469388	170.330505371
3.99963718821	170.330505371
4.00253968254	170.330505371
4.00544217687	170.232147217
4.0083446712	170.232147217
4.01124716553	170.330505371
4.01414965986	170.428924561
4.0170521542	170.527389526
4.01995464853	170.724502563
4.02285714286	170.724502563
4.02575963719	170.823150635
4.02866213152	170.823150635
4.03156462585	170.625930786
4.03446712018	170.330505371
4.03736961451	170.133850098
4.04027210884	169.839279175
4.04317460317	169.545227051
4.04607709751	169.349472046
4.04897959184	169.153945923
4.05188208617	168.958648682
4.0547845805	168.763565063
4.05768707483	168.568725586
4.06058956916	168.276870728
4.06349206349	168.1796875
4.06639455782	168.082580566
4.06929705215	167.985519409
4.07219954649	167.888519287
4.07510204082	167.694671631
4.07800453515	167.597839355
4.08090702948	167.501052856
4.08380952381	167.307662964
4.08671201814	167.307662964
4.08961451247	167.307662964
4.0925170068	167.211044312
4.09541950113	167.307662964
4.09832199546	166.536315918
4.1012244898	165.960144043
4.10412698413	164.813781738
4.10702947846	163.580810547
4.10993197279	162.450881958
4.11283446712	161.32875061
4.11573696145	161.32875061
4.11863945578	160.956420898
4.12154195011	160.770584106
4.12444444444	160.677749634
4.12734693878	160.770584106
4.13024943311	160.770584106
4.13315192744	160.770584106
4.13605442177	160.863479614
4.1389569161	161.142486572
4.14185941043	161.421966553
4.14476190476	161.795349121
4.14766439909	162.169616699
4.15056689342	162.450881958
4.15346938776	162.54473877
4.15637188209	162.54473877
4.15927437642	162.357070923
4.16217687075	161.982376099
4.16507936508	161.701919556
4.16798185941	161.32875061
4.17088435374	161.049423218
4.17378684807	160.863479614
4.1766893424	160.770584106
4.17959183673	160.863479614
4.18249433107	161.049423218
4.1853968254	161.32875061
4.18829931973	161.421966553
4.19120181406	161.421966553
4.19410430839	161.32875061
4.19700680272	161.142486572
4.19990929705	161.049423218
4.20281179138	160.863479614
4.20571428571	160.770584106
4.20861678005	160.770584106
4.21151927438	160.863479614
4.21442176871	161.142486572
4.21732426304	161.421966553
4.22022675737	161.608551025
4.2231292517	161.701919556
4.22603174603	161.795349121
4.22893424036	161.795349121
4.23183673469	161.795349121
4.23473922902	161.795349121
4.23764172336	161.701919556
4.24054421769	161.795349121
4.24344671202	161.795349121
4.24634920635	161.888839722
4.24925170068	161.888839722
4.25215419501	161.888839722
4.25505668934	161.982376099
4.25795918367	161.982376099
4.260861678	161.982376099
4.26376417234	161.982376099
4.26666666667	162.075973511
4.269569161	162.169616699
4.27247165533	162.169616699
4.27537414966	162.263320923
4.27827664399	162.357070923
4.28117913832	162.54473877
4.28408163265	162.732620239
4.28698412698	162.920730591
4.28988662132	163.014862061
4.29278911565	163.109054565
4.29569160998	163.014862061
4.29859410431	162.920730591
4.30149659864	162.732620239
4.30439909297	162.638656616
4.3073015873	162.54473877
4.31020408163	162.826644897
4.31310657596	163.014862061
4.31600907029	163.014862061
4.31891156463	163.109054565
4.32181405896	163.109054565
4.32471655329	163.109054565
4.32761904762	163.297592163
4.33052154195	163.391937256
4.33342403628	163.391937256
4.33632653061	163.109054565
4.33922902494	162.920730591
4.34213151927	163.014862061
4.34503401361	163.014862061
4.34793650794	163.014862061
4.35083900227	163.203292847
4.3537414966	0.0
4.35664399093	0.0
4.35954648526	0.0
4.36244897959	0.0
4.36535147392	0.0
4.36825396825	0.0
4.37115646259	0.0
4.37405895692	0.0
4.37696145125	0.0
4.37986394558	0.0
4.38276643991	0.0
4.38566893424	0.0
4.38857142857	0.0
4.3914739229	0.0
4.39437641723	0.0
4.39727891156	0.0
4.4001814059	0.0
4.40308390023	0.0
4.40598639456	0.0
4.40888888889	0.0
4.41179138322	0.0
4.41469387755	0.0
4.41759637188	0.0
4.42049886621	0.0
4.42340136054	0.0
4.42630385488	0.0
4.42920634921	0.0
4.43210884354	0.0
4.43501133787	0.0
4.4379138322	0.0
4.44081632653	0.0
4.44371882086	0.0
4.44662131519	0.0
4.44952380952	0.0
4.45242630385	0.0
4.45532879819	0.0
4.45823129252	0.0
4.46113378685	0.0
4.46403628118	0.0
4.46693877551	0.0
4.46984126984	0.0
4.47274376417	0.0
4.4756462585	0.0
4.47854875283	0.0
4.48145124717	0.0
4.4843537415	0.0
4.48725623583	0.0
4.49015873016	0.0
4.49306122449	0.0
4.49596371882	0.0
4.49886621315	0.0
4.50176870748	0.0
4.50467120181	0.0
4.50757369615	0.0
4.51047619048	0.0
4.51337868481	0.0
4.51628117914	0.0
4.51918367347	0.0
4.5220861678	0.0
4.52498866213	0.0
4.52789115646	0.0
4.53079365079	0.0
4.53369614512	0.0
4.53659863946	0.0
4.53950113379	0.0
4.54240362812	0.0
4.54530612245	0.0
4.54820861678	0.0
4.55111111111	0.0
4.55401360544	0.0
4.55691609977	0.0
4.5598185941	0.0
4.56272108844	0.0
4.56562358277	0.0
4.5685260771	0.0
4.57142857143	0.0
4.57433106576	0.0
4.57723356009	0.0
4.58013605442	0.0
4.58303854875	0.0
4.58594104308	0.0
4.58884353741	0.0
4.59174603175	0.0
4.59464852608	0.0
4.59755102041	0.0
4.60045351474	0.0
4.60335600907	147.853683472
4.6062585034	147.342147827
4.60916099773	146.917221069
4.61206349206	146.578170776
4.61496598639	146.324386597
4.61786848073	146.155441284
4.62077097506	145.986694336
4.62367346939	145.733932495
4.62657596372	145.481613159
4.62947845805	145.145874023
4.63238095238	144.894561768
4.63528344671	144.560180664
4.63818594104	144.143280029
4.64108843537	143.72756958
4.64399092971	143.313064575
4.64689342404	142.734771729
4.64979591837	142.158813477
4.6526984127	141.912689209
4.65560090703	141.830734253
4.65850340136	141.912689209
4.66140589569	141.994674683
4.66430839002	142.076721191
4.66721088435	142.487640381
4.67011337868	142.817245483
4.67301587302	143.064941406
4.67591836735	143.395874023
4.67882086168	143.478729248
4.68172335601	143.230316162
4.68462585034	142.817245483
4.68752834467	142.323135376
4.690430839	141.503417969
4.69333333333	140.851043701
4.69623582766	140.12071228
4.699138322	139.878112793
4.70204081633	139.95892334
4.70494331066	139.95892334
4.70784580499	140.282669067
4.71074829932	140.607177734
4.71365079365	141.095321655
4.71655328798	141.176849365
4.71945578231	141.095321655
4.72235827664	141.176849365
4.72526077098	141.095321655
4.72816326531	141.095321655
4.73106575964	141.095321655
4.73396825397	141.095321655
4.7368707483	141.095321655
4.73977324263	141.01385498
4.74267573696	140.932418823
4.74557823129	140.932418823
4.74848072562	140.932418823
4.75138321995	141.01385498
4.75428571429	141.095321655
4.75718820862	141.258422852
4.76009070295	141.421707153
4.76299319728	141.585174561
4.76589569161	141.748840332
4.76879818594	141.912689209
4.77170068027	141.830734253
4.7746031746	141.830734253
4.77750566893	141.830734253
4.78040816327	141.912689209
4.7833106576	141.994674683
4.78621315193	142.076721191
4.78911564626	142.076721191
4.79201814059	142.240951538
4.79492063492	142.240951538
4.79782312925	142.487640381
4.80072562358	142.65234375
4.80362811791	142.734771729
4.80653061224	142.899765015
4.80943310658	142.899765015
4.81233560091	142.899765015
4.81523809524	142.817245483
4.81814058957	142.817245483
4.8210430839	142.65234375
4.82394557823	142.569976807
4.82684807256	142.487640381
4.82975056689	142.40536499
4.83265306122	142.65234375
4.83555555556	142.734771729
4.83845804989	142.899765015
4.84136054422	143.064941406
4.84426303855	143.230316162
4.84716553288	143.395874023
4.85006802721	143.810623169
4.85297052154	144.2265625
4.85587301587	144.393264771
4.8587755102	144.560180664
4.86167800454	144.727279663
4.86458049887	144.560180664
4.8674829932	145.062057495
4.87038548753	145.145874023
4.87328798186	145.062057495
4.87619047619	145.145874023
4.87909297052	145.229736328
4.88199546485	145.818145752
4.88489795918	145.649780273
4.88780045351	145.649780273
4.89070294785	145.733932495
4.89360544218	145.565673828
4.89650793651	145.313644409
4.89941043084	144.978286743
4.90231292517	144.727279663
4.9052154195	145.062057495
4.90811791383	145.649780273
4.91102040816	145.902389526
4.91392290249	145.818145752
4.91682539683	145.733932495
4.91972789116	145.902389526
4.92263038549	146.578170776
4.92553287982	147.087051392
4.92843537415	148.538497925
4.93133786848	149.140304565
4.93424036281	150.612014771
4.93714285714	151.572021484
4.94004535147	150.612014771
4.9429478458	161.701919556
4.94585034014	162.169616699
4.94875283447	162.54473877
4.9516553288	163.109054565
4.95455782313	164.148727417
4.95746031746	164.909011841
4.96036281179	165.481521606
4.96326530612	166.151977539
4.96616780045	166.536315918
4.96907029478	166.728820801
4.97197278912	167.211044312
4.97487528345	167.597839355
4.97777777778	167.888519287
4.98068027211	168.763565063
4.98358276644	168.763565063
4.98648526077	168.763565063
4.9893877551	168.861083984
4.99229024943	169.056274414
4.99519274376	169.153945923
4.9980952381	169.44732666
5.00099773243	169.839279175
5.00390022676	170.133850098
5.00680272109	170.428924561
5.00970521542	170.625930786
5.01260770975	170.625930786
5.01551020408	171.020614624
5.01841269841	171.119430542
5.02131519274	171.119430542
5.02421768707	170.921859741
5.02712018141	170.823150635
5.03002267574	170.724502563
5.03292517007	170.625930786
5.0358276644	170.625930786
5.03873015873	170.527389526
5.04163265306	170.823150635
5.04453514739	171.119430542
5.04743764172	171.317214966
5.05034013605	171.51524353
5.05324263039	171.614349365
5.05614512472	171.614349365
5.05904761905	171.317214966
5.06195011338	171.119430542
5.06485260771	171.119430542
5.06775510204	170.921859741
5.07065759637	170.724502563
5.0735600907	170.527389526
5.07646258503	170.527389526
5.07936507937	170.330505371
5.0822675737	170.232147217
5.08517006803	170.232147217
5.08807256236	170.133850098
5.09097505669	170.035598755
5.09387755102	169.937408447
5.09678004535	169.937408447
5.09968253968	169.839279175
5.10258503401	169.741210938
5.10548752834	169.545227051
5.10839002268	169.349472046
5.11129251701	169.251678467
5.11419501134	169.251678467
5.11709750567	169.349472046
5.12	169.349472046
5.12290249433	169.251678467
5.12580498866	169.056274414
5.12870748299	169.056274414
5.13160997732	169.056274414
5.13451247166	169.056274414
5.13741496599	168.861083984
5.14031746032	168.861083984
5.14321995465	168.568725586
5.14612244898	168.276870728
5.14902494331	168.1796875
5.15192743764	168.082580566
5.15482993197	167.985519409
5.1577324263	167.597839355
5.16063492063	167.404327393
5.16353741497	167.307662964
5.1664399093	167.211044312
5.16934240363	167.211044312
5.17224489796	167.211044312
5.17514739229	167.017990112
5.17804988662	166.921539307
5.18095238095	166.825149536
5.18385487528	166.632537842
5.18675736961	166.440155029
5.18965986395	166.24798584
5.19256235828	166.056045532
5.19546485261	165.864318848
5.19836734694	165.672805786
5.20126984127	165.672805786
5.2041723356	165.672805786
5.20707482993	165.768539429
5.20997732426	165.864318848
5.21287981859	165.672805786
5.21578231293	165.577148438
5.21868480726	165.195022583
5.22158730159	164.718612671
5.22448979592	164.338470459
5.22739229025	163.959197998
5.23029478458	163.580810547
5.23319727891	163.486343384
5.23609977324	162.826644897
5.23900226757	163.203292847
5.2419047619	163.109054565
5.24480725624	163.014862061
5.24770975057	162.826644897
5.2506122449	162.54473877
5.25351473923	162.450881958
5.25641723356	162.263320923
5.25931972789	162.169616699
5.26222222222	161.982376099
5.26512471655	161.982376099
5.26802721088	162.450881958
5.27092970522	162.263320923
5.27383219955	162.075973511
5.27673469388	161.888839722
5.27963718821	161.421966553
5.28253968254	161.608551025
5.28544217687	161.982376099
5.2883446712	162.075973511
5.29124716553	162.169616699
5.29414965986	162.169616699
5.2970521542	162.357070923
5.29995464853	162.638656616
5.30285714286	163.014862061
5.30575963719	163.391937256
5.30866213152	163.769897461
5.31156462585	164.528427124
5.31446712018	164.813781738
5.31736961451	165.577148438
5.32027210884	166.728820801
5.32317460317	169.643188477
5.32607709751	172.708236694
5.32897959184	174.110534668
5.33188208617	175.119155884
5.3347845805	175.119155884
5.33768707483	175.930252075
5.34058956916	176.439086914
5.34349206349	176.439086914
5.34639455782	177.256286621
5.34929705215	178.077285767
5.35219954649	178.283126831
5.35510204082	179.212371826
5.35800453515	180.771865845
5.36090702948	182.555725098
5.36380952381	184.357162476
5.36671201814	186.499298096
5.36961451247	187.146774292
5.3725170068	186.391601562
5.37541950113	185.21105957
5.37832199546	186.068893433
5.3812244898	185.532272339
5.38412698413	184.037979126
5.38702947846	182.450302124
5.38993197279	181.819076538
5.39283446712	181.714080811
5.39573696145	181.294708252
5.39863945578	181.085388184
5.40154195011	181.085388184
5.40444444444	180.980819702
5.40734693878	181.085388184
5.41024943311	181.085388184
5.41315192744	181.085388184
5.41605442177	181.1900177
5.4189569161	181.1900177
5.42185941043	181.1900177
5.42476190476	181.085388184
5.42766439909	181.1900177
5.43056689342	181.294708252
5.43346938776	181.714080811
5.43637188209	181.714080811
5.43927437642	181.609146118
5.44217687075	181.504272461
5.44507936508	181.294708252
5.44798185941	181.085388184
5.45088435374	180.980819702
5.45378684807	180.980819702
5.4566893424	181.1900177
5.45959183673	181.399459839
5.46249433107	181.609146118
5.4653968254	181.609146118
5.46829931973	181.609146118
5.47120181406	181.609146118
5.47410430839	181.609146118
5.47700680272	181.609146118
5.47990929705	181.504272461
5.48281179138	181.504272461
5.48571428571	181.504272461
5.48861678005	181.504272461
5.49151927438	181.609146118
5.49442176871	181.714080811
5.49732426304	181.819076538
5.50022675737	181.924118042
5.5031292517	181.924118042
5.50603174603	181.819076538
5.50893424036	181.819076538
5.51183673469	181.819076538
5.51473922902	181.504272461
5.51764172336	181.294708252
5.52054421769	181.085388184
5.52344671202	180.980819702
5.52634920635	180.771865845
5.52925170068	180.771865845
5.53215419501	180.667480469
5.53505668934	180.563156128
5.53795918367	180.354675293
5.540861678	180.146438599
5.54376417234	180.042419434
5.54666666667	179.83454895
5.549569161	179.523193359
5.55247165533	179.419525146
5.55537414966	179.315917969
5.55827664399	179.315917969
5.56117913832	179.419525146
5.56408163265	179.730697632
5.56698412698	180.042419434
5.56988662132	179.10887146
5.57278911565	179.10887146
5.57569160998	178.695526123
5.57859410431	178.695526123
5.58149659864	178.592330933
5.58439909297	178.180175781
5.5873015873	177.768966675
5.59020408163	177.358703613
5.59310657596	177.051635742
5.59600907029	176.745101929
5.59891156463	176.541030884
5.60181405896	176.235366821
5.60471655329	175.828659058
5.60761904762	175.727127075
5.61052154195	175.524230957
5.61342403628	175.524230957
5.61632653061	175.524230957
5.61922902494	175.524230957
5.62213151927	175.625640869
5.62503401361	175.727127075
5.62793650794	175.828659058
5.63083900227	175.828659058
5.6337414966	175.930252075
5.63664399093	175.727127075
5.63954648526	175.524230957
5.64244897959	175.220336914
5.64535147392	174.715011597
5.64825396825	174.211135864
5.65115646259	173.708724976
5.65405895692	173.608413696
5.65696145125	173.608413696
5.65986394558	173.909515381
5.66276643991	174.110534668
5.66566893424	174.211135864
5.66857142857	174.311798096
5.6714739229	174.513290405
5.67437641723	174.513290405
5.67727891156	174.815948486
5.6801814059	174.815948486
5.68308390023	174.91696167
5.68598639456	175.01802063
5.68888888889	174.715011597
5.69179138322	174.715011597
5.69469387755	174.614120483
5.69759637188	174.513290405
5.70049886621	174.614120483
5.70340136054	174.513290405
5.70630385488	174.311798096
5.70920634921	174.311798096
5.71210884354	174.311798096
5.71501133787	174.614120483
5.7179138322	174.614120483
5.72081632653	174.715011597
5.72371882086	174.715011597
5.72662131519	174.815948486
5.72952380952	174.815948486
5.73242630385	174.815948486
5.73532879819	174.815948486
5.73823129252	174.715011597
5.74113378685	174.614120483
5.74403628118	174.412506104
5.74693877551	174.311798096
5.74984126984	174.110534668
5.75274376417	173.909515381
5.7556462585	173.809082031
5.75854875283	173.708724976
5.76145124717	173.508163452
5.7643537415	173.508163452
5.76725623583	173.508163452
5.77015873016	173.508163452
5.77306122449	173.608413696
5.77596371882	173.608413696
5.77886621315	173.809082031
5.78176870748	174.009994507
5.78467120181	174.211135864
5.78757369615	174.211135864
5.79047619048	174.110534668
5.79337868481	173.909515381
5.79628117914	173.708724976
5.79918367347	173.608413696
5.8020861678	173.508163452
5.80498866213	173.508163452
5.80789115646	173.608413696
5.81079365079	173.608413696
5.81369614512	173.708724976
5.81659863946	173.708724976
5.81950113379	173.708724976
5.82240362812	173.708724976
5.82530612245	173.608413696
5.82820861678	173.708724976
5.83111111111	173.608413696
5.83401360544	173.508163452
5.83691609977	173.508163452
5.8398185941	173.307830811
5.84272108844	173.307830811
5.84562358277	173.10774231
5.8485260771	173.007766724
5.85142857143	173.007766724
5.85433106576	173.007766724
5.85723356009	173.007766724
5.86013605442	173.007766724
5.86303854875	172.907867432
5.86594104308	173.007766724
5.86884353741	173.007766724
5.87174603175	173.007766724
5.87464852608	173.10774231
5.87755102041	173.10774231
5.88045351474	173.407974243
5.88335600907	173.608413696
5.8862585034	173.809082031
5.88916099773	174.009994507
5.89206349206	174.009994507
5.89496598639	174.110534668
5.89786848073	174.009994507
5.90077097506	174.211135864
5.90367346939	174.412506104
5.90657596372	174.715011597
5.90947845805	175.220336914
5.91238095238	175.524230957
5.91528344671	175.625640869
5.91818594104	175.727127075
5.92108843537	175.422866821
5.92399092971	175.422866821
5.92689342404	175.524230957
5.92979591837	175.524230957
5.9326984127	175.524230957
5.93560090703	175.422866821
5.93850340136	175.01802063
5.94140589569	174.614120483
5.94430839002	174.311798096
5.94721088435	174.211135864
5.95011337868	174.211135864
5.95301587302	174.311798096
5.95591836735	174.513290405
5.95882086168	174.815948486
5.96172335601	174.91696167
5.96462585034	174.91696167
5.96752834467	174.715011597
5.970430839	174.412506104
5.97333333333	174.211135864
5.97623582766	174.110534668
5.979138322	174.009994507
5.98204081633	174.009994507
5.98494331066	174.110534668
5.98784580499	174.211135864
5.99074829932	174.211135864
5.99365079365	174.009994507
5.99655328798	173.608413696
5.99945578231	173.207748413
6.00235827664	173.007766724
6.00526077098	173.007766724
6.00816326531	173.307830811
6.01106575964	173.909515381
6.01396825397	0.0
6.0168707483	0.0
6.01977324263	0.0
6.02267573696	0.0
6.02557823129	0.0
6.02848072562	0.0
6.03138321995	0.0
6.03428571429	0.0
6.03718820862	0.0
6.04009070295	0.0
6.04299319728	0.0
6.04589569161	0.0
6.04879818594	0.0
6.05170068027	0.0
