0.0	0.0
0.00290249433107	0.0
0.00580498866213	0.0
0.0087074829932	0.0
0.0116099773243	0.0
0.0145124716553	0.0
0.0174149659864	0.0
0.0203174603175	0.0
0.0232199546485	0.0
0.0261224489796	0.0
0.0290249433107	0.0
0.0319274376417	0.0
0.0348299319728	0.0
0.0377324263039	0.0
0.0406349206349	0.0
0.043537414966	0.0
0.0464399092971	0.0
0.0493424036281	0.0
0.0522448979592	0.0
0.0551473922902	0.0
0.0580498866213	0.0
0.0609523809524	0.0
0.0638548752834	0.0
0.0667573696145	0.0
0.0696598639456	0.0
0.0725623582766	0.0
0.0754648526077	0.0
0.0783673469388	0.0
0.0812698412698	0.0
0.0841723356009	0.0
0.087074829932	0.0
0.089977324263	0.0
0.0928798185941	0.0
0.0957823129252	0.0
0.0986848072562	0.0
0.101587301587	0.0
0.104489795918	0.0
0.107392290249	0.0
0.11029478458	0.0
0.113197278912	0.0
0.116099773243	0.0
0.119002267574	0.0
0.121904761905	0.0
0.124807256236	0.0
0.127709750567	324.901763916
0.130612244898	325.653289795
0.133514739229	322.843933105
0.13641723356	324.526641846
0.139319727891	327.918395996
0.142222222222	330.008575439
0.145124716553	330.390045166
0.148027210884	331.345611572
0.150929705215	331.728637695
0.153832199546	331.728637695
0.156734693878	331.537078857
0.159637188209	331.345611572
0.16253968254	331.154296875
0.165442176871	330.963043213
0.168344671202	330.390045166
0.171247165533	330.390045166
0.174149659864	329.437225342
0.177052154195	328.487121582
0.179954648526	328.297454834
0.182857142857	327.729034424
0.185759637188	327.729034424
0.188662131519	326.972686768
0.19156462585	326.595184326
0.194467120181	326.406585693
0.197369614512	326.595184326
0.200272108844	326.972686768
0.203174603175	327.539794922
0.206077097506	328.107879639
0.208979591837	328.676940918
0.211882086168	329.24697876
0.214784580499	329.818023682
0.21768707483	330.199249268
0.220589569161	330.390045166
0.223492063492	330.199249268
0.226394557823	330.199249268
0.229297052154	330.199249268
0.232199546485	330.390045166
0.235102040816	330.199249268
0.238004535147	330.199249268
0.240907029478	329.818023682
0.24380952381	329.818023682
0.246712018141	329.627563477
0.249614512472	329.627563477
0.252517006803	329.437225342
0.255419501134	329.24697876
0.258321995465	329.056854248
0.261224489796	328.676940918
0.264126984127	328.676940918
0.267029478458	328.487121582
0.269931972789	328.487121582
0.27283446712	328.297454834
0.275736961451	328.297454834
0.278639455782	328.297454834
0.281541950113	328.297454834
0.284444444444	328.487121582
0.287346938776	328.487121582
0.290249433107	328.676940918
0.293151927438	328.866821289
0.296054421769	328.866821289
0.2989569161	328.866821289
0.301859410431	328.676940918
0.304761904762	328.487121582
0.307664399093	328.297454834
0.310566893424	328.297454834
0.313469387755	328.297454834
0.316371882086	328.297454834
0.319274376417	328.676940918
0.322176870748	328.866821289
0.325079365079	329.056854248
0.32798185941	329.056854248
0.330884353741	329.24697876
0.333786848073	329.056854248
0.336689342404	328.866821289
0.339591836735	328.866821289
0.342494331066	328.676940918
0.345396825397	328.487121582
0.348299319728	328.487121582
0.351201814059	328.487121582
0.35410430839	328.487121582
0.357006802721	328.487121582
0.359909297052	328.866821289
0.362811791383	329.056854248
0.365714285714	329.437225342
0.368616780045	330.008575439
0.371519274376	330.199249268
0.374421768707	330.580932617
0.377324263039	330.771942139
0.38022675737	330.771942139
0.383129251701	330.771942139
0.386031746032	330.963043213
0.388934240363	330.771942139
0.391836734694	330.771942139
0.394739229025	330.580932617
0.397641723356	330.390045166
0.400544217687	330.199249268
0.403446712018	329.818023682
0.406349206349	329.437225342
0.40925170068	328.866821289
0.412154195011	328.866821289
0.415056689342	329.056854248
0.417959183673	329.437225342
0.420861678005	329.437225342
0.423764172336	329.056854248
0.426666666667	328.107879639
0.429569160998	327.350646973
0.432471655329	326.972686768
0.43537414966	327.161621094
0.438276643991	327.729034424
0.441179138322	329.627563477
0.444081632653	332.49597168
0.446984126984	336.942749023
0.449886621315	339.090454102
0.452789115646	339.482421875
0.455691609977	338.503356934
0.458594104308	335.583129883
0.461496598639	331.154296875
0.464399092971	328.297454834
0.467301587302	326.218109131
0.470204081633	325.089477539
0.473106575964	325.089477539
0.476009070295	326.029724121
0.478911564626	328.107879639
0.481814058957	330.580932617
0.484716553288	333.843078613
0.487619047619	336.359375
0.49052154195	338.503356934
0.493424036281	340.07119751
0.496326530612	341.449005127
0.499229024943	342.436584473
0.502131519274	344.022644043
0.505034013605	345.815734863
0.507936507937	347.819030762
0.510839002268	349.83392334
0.513741496599	351.657318115
0.51664399093	352.878173828
0.519546485261	353.082061768
0.522448979592	353.082061768
0.525351473923	352.470733643
0.528253968254	352.063781738
0.531156462585	350.643157959
0.534058956916	349.026580811
0.536961451247	347.819030762
0.539863945578	346.815948486
0.542766439909	346.015533447
0.54566893424	346.015533447
0.548571428571	345.815734863
0.551473922902	345.815734863
0.554376417234	346.415496826
0.557278911565	347.216827393
0.560181405896	348.221069336
0.563083900227	349.228240967
0.565986394558	350.03604126
0.568888888889	350.238311768
0.57179138322	350.440673828
0.574693877551	350.03604126
0.577596371882	349.430023193
0.580498866213	348.825012207
0.583401360544	348.422271729
0.586303854875	348.019989014
0.589206349206	348.019989014
0.592108843537	348.422271729
0.595011337868	348.825012207
0.5979138322	349.430023193
0.600816326531	349.631896973
0.603718820862	349.83392334
0.606621315193	349.83392334
0.609523809524	349.83392334
0.612426303855	349.430023193
0.615328798186	349.228240967
0.618231292517	348.825012207
0.621133786848	348.623596191
0.624036281179	348.422271729
0.62693877551	348.422271729
0.629841269841	348.422271729
0.632743764172	348.623596191
0.635646258503	348.623596191
0.638548752834	348.623596191
0.641451247166	348.623596191
0.644353741497	348.623596191
0.647256235828	348.825012207
0.650158730159	348.825012207
0.65306122449	349.026580811
0.655963718821	349.430023193
0.658866213152	349.631896973
0.661768707483	350.238311768
0.664671201814	350.440673828
0.667573696145	350.643157959
0.670476190476	350.643157959
0.673378684807	350.643157959
0.676281179138	350.643157959
0.679183673469	350.238311768
0.6820861678	350.03604126
0.684988662132	349.430023193
0.687891156463	348.825012207
0.690793650794	348.422271729
0.693696145125	347.819030762
0.696598639456	347.618164062
0.699501133787	347.819030762
0.702403628118	348.422271729
0.705306122449	349.430023193
0.70820861678	350.440673828
0.711111111111	351.45425415
0.714013605442	352.267211914
0.716916099773	352.267211914
0.719818594104	352.063781738
0.722721088435	350.845733643
0.725623582766	349.430023193
0.728526077098	348.019989014
0.731428571429	346.415496826
0.73433106576	345.217010498
0.737233560091	344.420288086
0.740136054422	344.81842041
0.743038548753	346.215484619
0.745941043084	347.216827393
0.748843537415	348.221069336
0.751746031746	350.03604126
0.754648526077	351.657318115
0.757551020408	354.103271484
0.760453514739	355.332641602
0.76335600907	355.948913574
0.766258503401	355.332641602
0.769160997732	353.286071777
0.772063492063	350.845733643
0.774965986395	345.217010498
0.777868480726	338.503356934
0.780770975057	335.389343262
0.783673469388	334.035980225
0.786575963719	334.228973389
0.78947845805	332.49597168
0.792380952381	330.963043213
0.795283446712	329.627563477
0.798185941043	328.676940918
0.801088435374	328.297454834
0.803990929705	327.918395996
0.806893424036	327.918395996
0.809795918367	328.487121582
0.812698412698	330.008575439
0.815600907029	330.963043213
0.818503401361	331.920288086
0.821405895692	332.303955078
0.824308390023	332.303955078
0.827210884354	332.112091064
0.830113378685	331.537078857
0.833015873016	330.963043213
0.835918367347	330.390045166
0.838820861678	329.437225342
0.841723356009	328.676940918
0.84462585034	328.107879639
0.847528344671	327.729034424
0.850430839002	327.350646973
0.853333333333	327.350646973
0.856235827664	327.350646973
0.859138321995	327.350646973
0.862040816327	327.918395996
0.864943310658	328.297454834
0.867845804989	328.676940918
0.87074829932	329.056854248
0.873650793651	329.437225342
0.876553287982	329.627563477
0.879455782313	329.627563477
0.882358276644	329.437225342
0.885260770975	328.866821289
0.888163265306	328.107879639
0.891065759637	327.539794922
0.893968253968	327.161621094
0.896870748299	327.161621094
0.89977324263	327.350646973
0.902675736961	327.918395996
0.905578231293	328.866821289
0.908480725624	329.818023682
0.911383219955	330.580932617
0.914285714286	331.154296875
0.917188208617	330.963043213
0.920090702948	330.390045166
0.922993197279	329.627563477
0.92589569161	328.487121582
0.928798185941	327.539794922
0.931700680272	326.972686768
0.934603174603	326.972686768
0.937505668934	327.161621094
0.940408163265	327.729034424
0.943310657596	328.297454834
0.946213151927	329.24697876
0.949115646259	330.008575439
0.95201814059	330.390045166
0.954920634921	330.963043213
0.957823129252	331.345611572
0.960725623583	331.728637695
0.963628117914	331.920288086
0.966530612245	332.303955078
0.969433106576	332.688079834
0.972335600907	332.880310059
0.975238095238	332.303955078
0.978140589569	331.154296875
0.9810430839	329.818023682
0.983945578231	328.487121582
0.986848072562	327.539794922
0.989750566893	326.972686768
0.992653061224	327.161621094
0.995555555556	327.729034424
0.998458049887	328.676940918
1.00136054422	329.056854248
1.00426303855	328.866821289
1.00716553288	328.297454834
1.01006802721	326.972686768
1.01297052154	325.465240479
1.01587301587	326.218109131
1.0187755102	330.008575439
1.02167800454	291.46786499
1.02458049887	289.454559326
1.0274829932	288.619781494
1.03038548753	288.953399658
1.03328798186	290.12411499
1.03619047619	292.987030029
1.03909297052	296.733978271
1.04199546485	297.420379639
1.04489795918	294.854553223
1.04780045351	292.648773193
1.05070294785	291.299560547
1.05360544218	290.963226318
1.05650793651	290.795227051
1.05941043084	291.131347656
1.06231292517	292.310882568
1.0652154195	293.325714111
1.06811791383	293.156341553
1.07102040816	292.479766846
1.07392290249	291.804779053
1.07682539683	291.46786499
1.07972789116	291.636291504
1.08263038549	292.310882568
1.08553287982	293.325714111
1.08843537415	294.854553223
1.09133786848	295.707366943
1.09424036281	295.536621094
1.09714285714	294.854553223
1.10004535147	293.664764404
1.1029478458	292.479766846
1.10585034014	291.636291504
1.10875283447	291.46786499
1.1116553288	291.46786499
1.11455782313	292.142089844
1.11746031746	292.817840576
1.12036281179	293.495178223
1.12326530612	293.664764404
1.12616780045	293.664764404
1.12907029478	293.156341553
1.13197278912	292.648773193
1.13487528345	292.310882568
1.13777777778	292.142089844
1.14068027211	292.479766846
1.14358276644	292.817840576
1.14648526077	293.325714111
1.1493877551	293.834442139
1.15229024943	294.174102783
1.15519274376	294.174102783
1.1580952381	294.004211426
1.16099773243	293.834442139
1.16390022676	293.664764404
1.16680272109	293.156341553
1.16970521542	292.987030029
1.17260770975	292.648773193
1.17551020408	292.479766846
1.17841269841	292.479766846
1.18131519274	292.479766846
1.18421768707	292.648773193
1.18712018141	292.817840576
1.19002267574	292.987030029
1.19292517007	293.156341553
1.1958276644	293.495178223
1.19873015873	293.664764404
1.20163265306	293.664764404
1.20453514739	293.664764404
1.20743764172	293.495178223
1.21034013605	293.325714111
1.21324263039	293.156341553
1.21614512472	292.987030029
1.21904761905	292.987030029
1.22195011338	293.156341553
1.22485260771	293.325714111
1.22775510204	293.495178223
1.23065759637	293.495178223
1.2335600907	293.495178223
1.23646258503	293.325714111
1.23936507937	293.156341553
1.2422675737	292.987030029
1.24517006803	292.817840576
1.24807256236	293.156341553
1.25097505669	293.325714111
1.25387755102	293.664764404
1.25678004535	294.004211426
1.25968253968	294.174102783
1.26258503401	294.004211426
1.26548752834	293.834442139
1.26839002268	293.325714111
1.27129251701	292.987030029
1.27419501134	292.817840576
1.27709750567	292.817840576
1.28	292.817840576
1.28290249433	292.817840576
1.28580498866	292.648773193
1.28870748299	292.142089844
1.29160997732	291.299560547
1.29451247166	290.459472656
1.29741496599	290.291748047
1.30031746032	291.804779053
1.30321995465	294.514129639
1.30612244898	296.562652588
1.30902494331	297.764160156
1.31192743764	297.936218262
1.31482993197	296.733978271
1.3177324263	292.987030029
1.32063492063	284.81072998
1.32353741497	276.542938232
1.3264399093	272.893280029
1.32934240363	270.070648193
1.33224489796	267.27722168
1.33514739229	264.359924316
1.33804988662	261.776733398
1.34095238095	259.968505859
1.34385487528	258.919494629
1.34675736961	258.769958496
1.34965986395	259.668365479
1.35256235828	261.172607422
1.35546485261	263.141143799
1.35836734694	264.359924316
1.36126984127	264.512664795
1.3641723356	263.59753418
1.36707482993	262.533874512
1.36997732426	261.474487305
1.37287981859	260.720397949
1.37578231293	260.419372559
1.37868480726	260.720397949
1.38158730159	261.474487305
1.38448979592	262.685546875
1.38739229025	263.749847412
1.39029478458	264.207275391
1.39319727891	264.207275391
1.39609977324	263.59753418
1.39900226757	262.837341309
1.4019047619	262.079315186
1.40480725624	261.625579834
1.40770975057	261.323486328
1.4106122449	261.474487305
1.41351473923	261.927978516
1.41641723356	262.989196777
1.41931972789	264.207275391
1.42222222222	265.124542236
1.42512471655	265.737823486
1.42802721088	265.737823486
1.43092970522	264.971435547
1.43383219955	264.207275391
1.43673469388	263.141143799
1.43963718821	262.230743408
1.44253968254	261.776733398
1.44544217687	261.323486328
1.4483446712	261.474487305
1.45124716553	261.927978516
1.45414965986	262.533874512
1.4570521542	262.837341309
1.45995464853	263.293182373
1.46285714286	263.293182373
1.46575963719	263.293182373
1.46866213152	263.141143799
1.47156462585	262.837341309
1.47446712018	262.837341309
1.47736961451	262.837341309
1.48027210884	263.141143799
1.48317460317	263.4453125
1.48607709751	263.90222168
1.48897959184	264.207275391
1.49188208617	264.512664795
1.4947845805	264.665496826
1.49768707483	264.665496826
1.50058956916	264.665496826
1.50349206349	264.665496826
1.50639455782	264.512664795
1.50929705215	264.359924316
1.51219954649	264.054718018
1.51510204082	263.749847412
1.51800453515	263.4453125
1.52090702948	263.293182373
1.52380952381	263.141143799
1.52671201814	263.141143799
1.52961451247	263.4453125
1.5325170068	263.59753418
1.53541950113	263.90222168
1.53832199546	264.054718018
1.5412244898	263.90222168
1.54412698413	263.749847412
1.54702947846	263.59753418
1.54993197279	263.4453125
1.55283446712	263.293182373
1.55573696145	263.141143799
1.55863945578	263.141143799
1.56154195011	263.141143799
1.56444444444	263.141143799
1.56734693878	263.141143799
1.57024943311	262.989196777
1.57315192744	262.685546875
1.57605442177	262.533874512
1.5789569161	262.533874512
1.58185941043	262.685546875
1.58476190476	262.989196777
1.58766439909	263.293182373
1.59056689342	263.4453125
1.59346938776	263.4453125
1.59637188209	263.141143799
1.59927437642	262.685546875
1.60217687075	262.382263184
1.60507936508	262.079315186
1.60798185941	262.079315186
1.61088435374	262.230743408
1.61378684807	262.685546875
1.6166893424	263.141143799
1.61959183673	263.59753418
1.62249433107	263.90222168
1.6253968254	264.054718018
1.62829931973	264.054718018
1.63120181406	264.054718018
1.63410430839	263.749847412
1.63700680272	263.59753418
1.63990929705	263.4453125
1.64281179138	263.293182373
1.64571428571	263.293182373
1.64861678005	263.293182373
1.65151927438	263.4453125
1.65442176871	263.59753418
1.65732426304	263.4453125
1.66022675737	263.4453125
1.6631292517	263.293182373
1.66603174603	263.141143799
1.66893424036	262.837341309
1.67183673469	262.837341309
1.67473922902	262.989196777
1.67764172336	0.0
1.68054421769	0.0
1.68344671202	0.0
1.68634920635	0.0
1.68925170068	0.0
1.69215419501	0.0
1.69505668934	0.0
1.69795918367	0.0
1.700861678	0.0
1.70376417234	0.0
1.70666666667	0.0
1.709569161	0.0
1.71247165533	0.0
1.71537414966	0.0
1.71827664399	0.0
1.72117913832	0.0
1.72408163265	0.0
1.72698412698	0.0
1.72988662132	0.0
1.73278911565	0.0
1.73569160998	0.0
1.73859410431	0.0
1.74149659864	0.0
1.74439909297	0.0
1.7473015873	0.0
1.75020408163	0.0
1.75310657596	0.0
1.75600907029	0.0
1.75891156463	0.0
1.76181405896	0.0
1.76471655329	0.0
1.76761904762	0.0
1.77052154195	0.0
1.77342403628	0.0
1.77632653061	0.0
1.77922902494	0.0
1.78213151927	0.0
1.78503401361	0.0
1.78793650794	0.0
1.79083900227	0.0
1.7937414966	0.0
1.79664399093	0.0
1.79954648526	0.0
1.80244897959	0.0
1.80535147392	0.0
1.80825396825	0.0
1.81115646259	0.0
1.81405895692	0.0
1.81696145125	0.0
1.81986394558	0.0
1.82276643991	0.0
1.82566893424	0.0
1.82857142857	0.0
1.8314739229	0.0
1.83437641723	0.0
1.83727891156	0.0
1.8401814059	0.0
1.84308390023	0.0
1.84598639456	0.0
1.84888888889	0.0
1.85179138322	0.0
1.85469387755	0.0
1.85759637188	0.0
1.86049886621	0.0
1.86340136054	0.0
1.86630385488	0.0
1.86920634921	383.263580322
1.87210884354	383.042236328
1.87501133787	383.706573486
1.8779138322	383.485015869
1.88081632653	383.928283691
1.88371882086	384.594146729
1.88662131519	385.038726807
1.88952380952	385.483795166
1.89242630385	385.929382324
1.89532879819	386.152374268
1.89823129252	386.598724365
1.90113378685	387.492980957
1.90403628118	388.613739014
1.90693877551	389.512664795
1.90984126984	390.864929199
1.91274376417	392.448547363
1.9156462585	393.811035156
1.91854875283	393.811035156
1.92145124717	394.038574219
1.9243537415	394.494049072
1.92725623583	394.721984863
1.93015873016	393.35635376
1.93306122449	392.675292969
1.93596371882	392.221923828
1.93886621315	391.995422363
1.94176870748	391.995422363
1.94467120181	391.995422363
1.94757369615	391.769073486
1.95047619048	391.54284668
1.95337868481	391.090789795
1.95628117914	390.864929199
1.95918367347	390.864929199
1.9620861678	390.864929199
1.96498866213	390.864929199
1.96789115646	391.090789795
1.97079365079	391.316741943
1.97369614512	391.54284668
1.97659863946	391.769073486
1.97950113379	392.221923828
1.98240362812	392.221923828
1.98530612245	392.221923828
1.98820861678	391.995422363
1.99111111111	391.769073486
1.99401360544	391.316741943
1.99691609977	390.639221191
1.9998185941	390.188201904
2.00272108844	389.737701416
2.00562358277	389.287719727
2.0085260771	389.287719727
2.01142857143	389.512664795
2.01433106576	389.287719727
2.01723356009	389.512664795
2.02013605442	389.737701416
2.02303854875	389.962890625
2.02594104308	390.188201904
2.02884353741	389.962890625
2.03174603175	389.737701416
2.03464852608	389.737701416
2.03755102041	389.737701416
2.04045351474	389.962890625
2.04335600907	389.962890625
2.0462585034	389.737701416
2.04916099773	389.962890625
2.05206349206	389.962890625
2.05496598639	390.188201904
2.05786848073	390.413665771
2.06077097506	390.639221191
2.06367346939	391.090789795
2.06657596372	391.090789795
2.06947845805	391.316741943
2.07238095238	391.316741943
2.07528344671	391.316741943
2.07818594104	391.316741943
2.08108843537	391.316741943
2.08399092971	391.316741943
2.08689342404	391.769073486
2.08979591837	391.995422363
2.0926984127	391.995422363
2.09560090703	392.221923828
2.09850340136	392.448547363
2.10140589569	392.675292969
2.10430839002	392.902191162
2.10721088435	392.448547363
2.11011337868	392.221923828
2.11301587302	391.995422363
2.11591836735	391.316741943
2.11882086168	391.090789795
2.12172335601	390.639221191
2.12462585034	390.413665771
2.12752834467	390.188201904
2.130430839	390.188201904
2.13333333333	390.413665771
2.13623582766	390.639221191
2.139138322	390.864929199
2.14204081633	391.090789795
2.14494331066	391.316741943
2.14784580499	391.316741943
2.15074829932	391.54284668
2.15365079365	391.769073486
2.15655328798	391.54284668
2.15945578231	391.769073486
2.16235827664	391.769073486
2.16526077098	391.769073486
2.16816326531	391.995422363
2.17106575964	391.995422363
2.17396825397	391.995422363
2.1768707483	391.995422363
2.17977324263	391.995422363
2.18267573696	391.769073486
2.18557823129	391.769073486
2.18848072562	391.54284668
2.19138321995	391.54284668
2.19428571429	391.316741943
2.19718820862	391.090789795
2.20009070295	391.090789795
2.20299319728	391.090789795
2.20589569161	391.090789795
2.20879818594	391.090789795
2.21170068027	391.090789795
2.2146031746	391.090789795
2.21750566893	391.316741943
2.22040816327	391.54284668
2.2233106576	391.54284668
2.22621315193	391.54284668
2.22911564626	391.769073486
2.23201814059	391.769073486
2.23492063492	391.769073486
2.23782312925	391.54284668
2.24072562358	391.316741943
2.24362811791	391.316741943
2.24653061224	391.54284668
2.24943310658	391.54284668
2.25233560091	391.54284668
2.25523809524	391.54284668
2.25814058957	391.769073486
2.2610430839	391.54284668
2.26394557823	391.316741943
2.26684807256	391.316741943
2.26975056689	391.090789795
2.27265306122	390.864929199
2.27555555556	390.864929199
2.27845804989	390.639221191
2.28136054422	390.864929199
2.28426303855	390.864929199
2.28716553288	390.864929199
2.29006802721	390.864929199
2.29297052154	390.639221191
2.29587301587	390.639221191
2.2987755102	390.639221191
2.30167800454	390.413665771
2.30458049887	390.639221191
2.3074829932	390.639221191
2.31038548753	391.090789795
2.31328798186	391.316741943
2.31619047619	391.316741943
2.31909297052	391.54284668
2.32199546485	391.769073486
2.32489795918	391.995422363
2.32780045351	391.995422363
2.33070294785	391.769073486
2.33360544218	391.769073486
2.33650793651	391.769073486
2.33941043084	391.769073486
2.34231292517	391.54284668
2.3452154195	391.316741943
2.34811791383	391.316741943
2.35102040816	391.316741943
2.35392290249	391.316741943
2.35682539683	391.316741943
2.35972789116	391.316741943
2.36263038549	391.316741943
2.36553287982	391.54284668
2.36843537415	391.54284668
2.37133786848	391.54284668
2.37424036281	391.316741943
2.37714285714	391.090789795
2.38004535147	390.864929199
2.3829478458	390.864929199
2.38585034014	390.864929199
2.38875283447	391.090789795
2.3916553288	391.090789795
2.39455782313	391.316741943
2.39746031746	391.316741943
2.40036281179	391.090789795
2.40326530612	391.090789795
2.40616780045	390.864929199
2.40907029478	390.864929199
2.41197278912	390.864929199
2.41487528345	390.864929199
2.41777777778	390.413665771
2.42068027211	389.062927246
2.42358276644	387.716888428
2.42648526077	386.82208252
2.4293877551	386.82208252
2.43229024943	387.940887451
2.43519274376	0.0
2.4380952381	0.0
2.44099773243	0.0
2.44390022676	0.0
2.44680272109	0.0
2.44970521542	0.0
2.45260770975	0.0
2.45551020408	0.0
2.45841269841	0.0
2.46131519274	0.0
2.46421768707	0.0
2.46712018141	0.0
2.47002267574	0.0
2.47292517007	0.0
2.4758276644	0.0
2.47873015873	0.0
2.48163265306	0.0
2.48453514739	0.0
2.48743764172	0.0
2.49034013605	0.0
2.49324263039	0.0
2.49614512472	0.0
2.49904761905	0.0
2.50195011338	0.0
2.50485260771	0.0
2.50775510204	0.0
2.51065759637	0.0
2.5135600907	0.0
2.51646258503	0.0
2.51936507937	0.0
2.5222675737	0.0
2.52517006803	0.0
2.52807256236	0.0
2.53097505669	0.0
2.53387755102	0.0
2.53678004535	0.0
2.53968253968	0.0
2.54258503401	0.0
2.54548752834	0.0
2.54839002268	0.0
2.55129251701	0.0
2.55419501134	0.0
2.55709750567	0.0
2.56	0.0
2.56290249433	0.0
2.56580498866	0.0
2.56870748299	0.0
2.57160997732	0.0
2.57451247166	0.0
2.57741496599	0.0
2.58031746032	0.0
2.58321995465	0.0
2.58612244898	0.0
2.58902494331	0.0
2.59192743764	0.0
2.59482993197	0.0
2.5977324263	0.0
2.60063492063	0.0
2.60353741497	0.0
2.6064399093	0.0
2.60934240363	0.0
2.61224489796	0.0
2.61514739229	0.0
2.61804988662	0.0
2.62095238095	0.0
2.62385487528	0.0
2.62675736961	0.0
2.62965986395	0.0
2.63256235828	0.0
2.63546485261	0.0
2.63836734694	0.0
2.64126984127	0.0
2.6441723356	0.0
2.64707482993	0.0
2.64997732426	0.0
2.65287981859	0.0
2.65578231293	0.0
2.65868480726	0.0
2.66158730159	0.0
2.66448979592	0.0
2.66739229025	0.0
2.67029478458	0.0
2.67319727891	0.0
2.67609977324	0.0
2.67900226757	0.0
2.6819047619	0.0
2.68480725624	0.0
2.68770975057	0.0
2.6906122449	0.0
2.69351473923	0.0
2.69641723356	0.0
2.69931972789	0.0
2.70222222222	0.0
2.70512471655	0.0
2.70802721088	0.0
2.71092970522	0.0
2.71383219955	0.0
2.71673469388	0.0
2.71963718821	0.0
2.72253968254	0.0
2.72544217687	0.0
2.7283446712	0.0
2.73124716553	384.816375732
2.73414965986	383.928283691
2.7370521542	383.706573486
2.73995464853	384.150115967
2.74285714286	385.483795166
2.74575963719	386.152374268
2.74866213152	387.045593262
2.75156462585	387.269226074
2.75446712018	386.82208252
2.75736961451	387.045593262
2.76027210884	387.716888428
2.76317460317	388.613739014
2.76607709751	389.287719727
2.76897959184	390.639221191
2.77188208617	391.995422363
2.7747845805	391.995422363
2.77768707483	392.221923828
2.78058956916	391.995422363
2.78349206349	392.221923828
2.78639455782	394.721984863
2.78929705215	393.583618164
2.79219954649	392.675292969
2.79510204082	392.448547363
2.79800453515	392.448547363
2.80090702948	392.675292969
2.80380952381	393.129211426
2.80671201814	392.675292969
2.80961451247	392.221923828
2.8125170068	391.316741943
2.81541950113	391.090789795
2.81832199546	390.864929199
2.8212244898	391.090789795
2.82412698413	391.316741943
2.82702947846	391.54284668
2.82993197279	391.995422363
2.83283446712	391.995422363
2.83573696145	391.995422363
2.83863945578	392.221923828
2.84154195011	392.221923828
2.84444444444	392.221923828
2.84734693878	391.995422363
2.85024943311	391.54284668
2.85315192744	391.090789795
2.85605442177	390.413665771
2.8589569161	389.962890625
2.86185941043	389.512664795
2.86476190476	389.062927246
2.86766439909	389.287719727
2.87056689342	389.512664795
2.87346938776	389.962890625
2.87637188209	390.188201904
2.87927437642	390.413665771
2.88217687075	390.413665771
2.88507936508	389.962890625
2.88798185941	389.962890625
2.89088435374	390.188201904
2.89378684807	390.188201904
2.8966893424	390.188201904
2.89959183673	390.188201904
2.90249433107	390.188201904
2.9053968254	389.962890625
2.90829931973	389.737701416
2.91120181406	389.737701416
2.91410430839	389.737701416
2.91700680272	390.188201904
2.91990929705	390.413665771
2.92281179138	390.639221191
2.92571428571	391.090789795
2.92861678005	391.090789795
2.93151927438	391.090789795
2.93442176871	391.090789795
2.93732426304	391.316741943
2.94022675737	391.316741943
2.9431292517	391.54284668
2.94603174603	391.769073486
2.94893424036	392.221923828
2.95183673469	392.448547363
2.95473922902	392.675292969
2.95764172336	392.675292969
2.96054421769	392.675292969
2.96344671202	392.675292969
2.96634920635	392.675292969
2.96925170068	392.221923828
2.97215419501	391.995422363
2.97505668934	391.769073486
2.97795918367	391.090789795
2.980861678	390.864929199
2.98376417234	390.413665771
2.98666666667	390.188201904
2.989569161	390.188201904
2.99247165533	390.413665771
2.99537414966	390.864929199
2.99827664399	391.090789795
3.00117913832	391.54284668
3.00408163265	391.995422363
3.00698412698	392.448547363
3.00988662132	392.448547363
3.01278911565	392.448547363
3.01569160998	392.221923828
3.01859410431	391.54284668
3.02149659864	390.639221191
3.02439909297	389.737701416
3.0273015873	388.838256836
3.03020408163	387.716888428
3.03310657596	387.045593262
3.03600907029	386.598724365
3.03891156463	390.864929199
3.04181405896	391.995422363
3.04471655329	392.675292969
3.04761904762	392.675292969
3.05052154195	392.448547363
3.05342403628	390.639221191
3.05632653061	355.948913574
3.05922902494	362.170776367
3.06213151927	368.288635254
3.06503401361	352.674407959
3.06793650794	352.063781738
3.07083900227	349.631896973
3.0737414966	348.623596191
3.07664399093	348.019989014
3.07954648526	347.417449951
3.08244897959	347.819030762
3.08535147392	348.623596191
3.08825396825	348.825012207
3.09115646259	348.221069336
3.09405895692	348.019989014
3.09696145125	348.019989014
3.09986394558	348.422271729
3.10276643991	349.430023193
3.10566893424	350.845733643
3.10857142857	352.674407959
3.1114739229	353.286071777
3.11437641723	352.063781738
3.11727891156	350.845733643
3.1201814059	350.238311768
3.12308390023	350.03604126
3.12598639456	350.238311768
3.12888888889	350.845733643
3.13179138322	351.45425415
3.13469387755	351.45425415
3.13759637188	350.03604126
3.14049886621	348.221069336
3.14340136054	347.016326904
3.14630385488	346.615661621
3.14920634921	346.815948486
3.15210884354	347.417449951
3.15501133787	348.825012207
3.1579138322	350.03604126
3.16081632653	350.238311768
3.16371882086	349.430023193
3.16662131519	348.623596191
3.16952380952	348.221069336
3.17242630385	348.221069336
3.17532879819	348.623596191
3.17823129252	349.026580811
3.18113378685	350.03604126
3.18403628118	350.03604126
3.18693877551	349.631896973
3.18984126984	349.228240967
3.19274376417	349.228240967
3.1956462585	349.228240967
3.19854875283	349.430023193
3.20145124717	350.03604126
3.2043537415	350.238311768
3.20725623583	350.03604126
3.21015873016	349.430023193
3.21306122449	348.623596191
3.21596371882	348.019989014
3.21886621315	348.019989014
3.22176870748	347.819030762
3.22467120181	348.221069336
3.22757369615	348.825012207
3.23047619048	348.825012207
3.23337868481	349.026580811
3.23628117914	349.026580811
3.23918367347	349.026580811
3.2420861678	349.228240967
3.24498866213	349.430023193
3.24789115646	349.83392334
3.25079365079	350.03604126
3.25369614512	350.03604126
3.25659863946	350.03604126
3.25950113379	349.83392334
3.26240362812	349.631896973
3.26530612245	349.631896973
3.26820861678	349.631896973
3.27111111111	349.83392334
3.27401360544	350.238311768
3.27691609977	350.03604126
3.2798185941	349.83392334
3.28272108844	349.430023193
3.28562358277	349.228240967
3.2885260771	349.228240967
3.29142857143	349.631896973
3.29433106576	350.238311768
3.29723356009	351.048461914
3.30013605442	351.657318115
3.30303854875	351.657318115
3.30594104308	351.251281738
3.30884353741	350.440673828
3.31174603175	349.83392334
3.31464852608	349.430023193
3.31755102041	349.430023193
3.32045351474	349.83392334
3.32335600907	349.83392334
3.3262585034	350.03604126
3.32916099773	352.063781738
3.33206349206	352.063781738
3.33496598639	351.45425415
3.33786848073	350.643157959
3.34077097506	349.430023193
3.34367346939	341.843719482
3.34657596372	340.464294434
3.34947845805	339.090454102
3.35238095238	336.748199463
3.35528344671	333.843078613
3.35818594104	331.345611572
3.36108843537	329.056854248
3.36399092971	327.539794922
3.36689342404	326.029724121
3.36979591837	325.277313232
3.3726984127	325.277313232
3.37560090703	325.841461182
3.37850340136	326.783874512
3.38140589569	327.918395996
3.38430839002	329.056854248
3.38721088435	330.199249268
3.39011337868	330.771942139
3.39301587302	331.154296875
3.39591836735	331.154296875
3.39882086168	330.771942139
3.40172335601	330.580932617
3.40462585034	330.199249268
3.40752834467	329.818023682
3.410430839	329.818023682
3.41333333333	329.437225342
3.41623582766	329.24697876
3.419138322	329.056854248
3.42204081633	329.056854248
3.42494331066	328.866821289
3.42784580499	329.056854248
3.43074829932	329.24697876
3.43365079365	329.437225342
3.43655328798	329.818023682
3.43945578231	330.008575439
3.44235827664	330.008575439
3.44526077098	329.627563477
3.44816326531	329.056854248
3.45106575964	328.297454834
3.45396825397	327.539794922
3.4568707483	326.972686768
3.45977324263	326.783874512
3.46267573696	326.972686768
3.46557823129	327.350646973
3.46848072562	328.107879639
3.47138321995	328.866821289
3.47428571429	329.437225342
3.47718820862	329.437225342
3.48009070295	329.627563477
3.48299319728	329.437225342
3.48589569161	329.24697876
3.48879818594	328.676940918
3.49170068027	328.487121582
3.4946031746	328.107879639
3.49750566893	327.918395996
3.50040816327	327.729034424
3.5033106576	327.729034424
3.50621315193	327.918395996
3.50911564626	327.918395996
3.51201814059	328.107879639
3.51492063492	328.487121582
3.51782312925	328.676940918
3.52072562358	328.866821289
3.52362811791	328.866821289
3.52653061224	328.866821289
3.52943310658	328.866821289
3.53233560091	328.866821289
3.53523809524	328.676940918
3.53814058957	328.487121582
3.5410430839	328.487121582
3.54394557823	328.487121582
3.54684807256	328.676940918
3.54975056689	329.056854248
3.55265306122	329.24697876
3.55555555556	329.818023682
3.55845804989	330.199249268
3.56136054422	330.771942139
3.56426303855	331.154296875
3.56716553288	331.345611572
3.57006802721	331.537078857
3.57297052154	331.537078857
3.57587301587	331.345611572
3.5787755102	331.154296875
3.58167800454	330.771942139
3.58458049887	330.199249268
3.5874829932	329.627563477
3.59038548753	328.866821289
3.59328798186	328.107879639
3.59619047619	327.539794922
3.59909297052	327.350646973
3.60199546485	327.539794922
3.60489795918	328.297454834
3.60780045351	329.056854248
3.61070294785	329.627563477
3.61360544218	330.199249268
3.61650793651	330.771942139
3.61941043084	331.345611572
3.62231292517	332.112091064
3.6252154195	332.688079834
3.62811791383	332.880310059
3.63102040816	332.880310059
3.63392290249	331.920288086
3.63682539683	287.953704834
3.63972789116	289.287414551
3.64263038549	289.120361328
3.64553287982	289.454559326
3.64843537415	301.920806885
3.65133786848	294.004211426
3.65424036281	290.795227051
3.65714285714	289.621795654
3.66004535147	289.454559326
3.6629478458	290.291748047
3.66585034014	291.636291504
3.66875283447	294.004211426
3.6716553288	295.707366943
3.67455782313	295.707366943
3.67746031746	294.174102783
3.68036281179	292.648773193
3.68326530612	291.46786499
3.68616780045	290.795227051
3.68907029478	290.627288818
3.69197278912	290.963226318
3.69487528345	291.804779053
3.69777777778	292.479766846
3.70068027211	292.648773193
3.70358276644	292.310882568
3.70648526077	291.973388672
3.7093877551	291.804779053
3.71229024943	291.973388672
3.71519274376	292.648773193
3.7180952381	293.495178223
3.72099773243	294.344055176
3.72390022676	294.854553223
3.72680272109	294.514129639
3.72970521542	293.834442139
3.73260770975	292.648773193
3.73551020408	291.804779053
3.73841269841	291.299560547
3.74131519274	291.131347656
3.74421768707	291.46786499
3.74712018141	292.142089844
3.75002267574	292.987030029
3.75292517007	293.495178223
3.7558276644	293.834442139
3.75873015873	293.664764404
3.76163265306	293.495178223
3.76453514739	292.987030029
3.76743764172	292.648773193
3.77034013605	292.310882568
3.77324263039	292.479766846
3.77614512472	292.817840576
3.77904761905	293.156341553
3.78195011338	293.664764404
3.78485260771	294.174102783
3.78775510204	294.174102783
3.79065759637	294.004211426
3.7935600907	293.664764404
3.79646258503	293.325714111
3.79936507937	292.817840576
3.8022675737	292.648773193
3.80517006803	292.479766846
3.80807256236	292.479766846
3.81097505669	292.648773193
3.81387755102	292.817840576
3.81678004535	292.817840576
3.81968253968	292.987030029
3.82258503401	293.156341553
3.82548752834	293.156341553
3.82839002268	293.325714111
3.83129251701	293.325714111
3.83419501134	293.495178223
3.83709750567	293.495178223
3.84	293.495178223
3.84290249433	293.325714111
3.84580498866	293.156341553
3.84870748299	293.156341553
3.85160997732	292.987030029
3.85451247166	293.325714111
3.85741496599	293.495178223
3.86031746032	293.664764404
3.86321995465	293.664764404
3.86612244898	293.495178223
3.86902494331	293.325714111
3.87192743764	292.987030029
3.87482993197	292.987030029
3.8777324263	292.987030029
3.88063492063	293.325714111
3.88353741497	293.664764404
3.8864399093	294.004211426
3.88934240363	294.344055176
3.89224489796	294.344055176
3.89514739229	294.004211426
3.89804988662	293.664764404
3.90095238095	293.156341553
3.90385487528	292.817840576
3.90675736961	292.648773193
3.90965986395	292.817840576
3.91256235828	292.987030029
3.91546485261	293.325714111
3.91836734694	293.495178223
3.92126984127	293.495178223
3.9241723356	293.495178223
3.92707482993	293.156341553
3.92997732426	292.987030029
3.93287981859	292.817840576
3.93578231293	292.987030029
3.93868480726	293.325714111
3.94158730159	293.495178223
3.94448979592	293.664764404
3.94739229025	293.664764404
3.95029478458	293.495178223
3.95319727891	293.495178223
3.95609977324	293.156341553
3.95900226757	293.156341553
3.9619047619	293.156341553
3.96480725624	293.325714111
3.96770975057	293.495178223
3.9706122449	293.664764404
3.97351473923	293.834442139
3.97641723356	293.664764404
3.97931972789	293.664764404
3.98222222222	293.495178223
3.98512471655	293.325714111
3.98802721088	293.156341553
3.99092970522	293.325714111
3.99383219955	293.495178223
3.99673469388	293.664764404
3.99963718821	293.834442139
4.00253968254	294.004211426
4.00544217687	294.004211426
4.0083446712	293.834442139
4.01124716553	293.664764404
4.01414965986	293.495178223
4.0170521542	293.495178223
4.01995464853	293.495178223
4.02285714286	293.495178223
4.02575963719	293.664764404
4.02866213152	293.664764404
4.03156462585	293.834442139
4.03446712018	293.834442139
4.03736961451	293.834442139
4.04027210884	293.834442139
4.04317460317	293.664764404
4.04607709751	293.664764404
4.04897959184	293.495178223
4.05188208617	293.495178223
4.0547845805	293.325714111
4.05768707483	293.325714111
4.06058956916	293.325714111
4.06349206349	293.495178223
4.06639455782	293.495178223
4.06929705215	293.664764404
4.07219954649	293.834442139
4.07510204082	293.834442139
4.07800453515	294.004211426
4.08090702948	294.004211426
4.08380952381	294.004211426
4.08671201814	293.834442139
4.08961451247	293.664764404
4.0925170068	293.664764404
4.09541950113	293.664764404
4.09832199546	293.664764404
4.1012244898	293.834442139
4.10412698413	293.834442139
4.10702947846	293.834442139
4.10993197279	293.834442139
4.11283446712	293.664764404
4.11573696145	293.664764404
4.11863945578	293.495178223
4.12154195011	293.495178223
4.12444444444	293.495178223
4.12734693878	293.495178223
4.13024943311	293.834442139
4.13315192744	293.834442139
4.13605442177	294.004211426
4.1389569161	294.004211426
4.14185941043	293.834442139
4.14476190476	293.664764404
4.14766439909	293.325714111
4.15056689342	293.325714111
4.15346938776	293.156341553
4.15637188209	293.325714111
4.15927437642	293.495178223
4.16217687075	293.495178223
4.16507936508	293.664764404
4.16798185941	293.495178223
4.17088435374	293.495178223
4.17378684807	293.325714111
4.1766893424	293.156341553
4.17959183673	293.156341553
4.18249433107	293.156341553
4.1853968254	293.325714111
4.18829931973	293.834442139
4.19120181406	294.004211426
4.19410430839	294.174102783
4.19700680272	294.174102783
4.19990929705	293.834442139
4.20281179138	293.664764404
4.20571428571	293.325714111
4.20861678005	292.987030029
4.21151927438	292.987030029
4.21442176871	293.156341553
4.21732426304	293.325714111
4.22022675737	293.664764404
4.2231292517	293.834442139
4.22603174603	293.834442139
4.22893424036	293.834442139
4.23183673469	293.664764404
4.23473922902	293.495178223
4.23764172336	293.325714111
4.24054421769	293.325714111
4.24344671202	293.495178223
4.24634920635	293.834442139
4.24925170068	294.004211426
4.25215419501	294.004211426
4.25505668934	294.174102783
4.25795918367	294.004211426
4.260861678	293.834442139
4.26376417234	293.664764404
4.26666666667	293.495178223
4.269569161	293.495178223
4.27247165533	293.495178223
4.27537414966	293.495178223
4.27827664399	293.495178223
4.28117913832	293.664764404
4.28408163265	293.495178223
4.28698412698	293.495178223
4.28988662132	293.325714111
4.29278911565	293.325714111
4.29569160998	293.495178223
4.29859410431	293.664764404
4.30149659864	293.834442139
4.30439909297	294.004211426
4.3073015873	294.174102783
4.31020408163	294.004211426
4.31310657596	293.834442139
4.31600907029	293.664764404
4.31891156463	293.495178223
4.32181405896	293.495178223
4.32471655329	293.325714111
4.32761904762	293.325714111
4.33052154195	293.495178223
4.33342403628	293.325714111
4.33632653061	293.495178223
4.33922902494	293.495178223
4.34213151927	293.495178223
4.34503401361	293.495178223
4.34793650794	293.495178223
4.35083900227	293.495178223
4.3537414966	293.495178223
4.35664399093	293.325714111
4.35954648526	293.156341553
4.36244897959	292.817840576
4.36535147392	292.479766846
4.36825396825	292.479766846
4.37115646259	292.648773193
4.37405895692	292.987030029
4.37696145125	293.664764404
4.37986394558	294.514129639
4.38276643991	295.536621094
4.38566893424	296.220245361
4.38857142857	296.562652588
4.3914739229	296.220245361
4.39437641723	295.878234863
4.39727891156	295.365936279
4.4001814059	294.514129639
4.40308390023	294.004211426
4.40598639456	293.664764404
4.40888888889	293.664764404
4.41179138322	293.834442139
4.41469387755	294.174102783
4.41759637188	294.684295654
4.42049886621	295.195404053
4.42340136054	295.536621094
4.42630385488	0.0
4.42920634921	0.0
4.43210884354	0.0
4.43501133787	0.0
4.4379138322	0.0
4.44081632653	0.0
4.44371882086	0.0
4.44662131519	0.0
4.44952380952	0.0
4.45242630385	0.0
4.45532879819	0.0
4.45823129252	0.0
4.46113378685	0.0
4.46403628118	0.0
4.46693877551	0.0
4.46984126984	0.0
4.47274376417	0.0
4.4756462585	0.0
4.47854875283	0.0
4.48145124717	0.0
4.4843537415	0.0
4.48725623583	0.0
4.49015873016	0.0
4.49306122449	0.0
4.49596371882	0.0
4.49886621315	0.0
4.50176870748	0.0
4.50467120181	0.0
4.50757369615	0.0
4.51047619048	0.0
4.51337868481	0.0
4.51628117914	0.0
4.51918367347	0.0
4.5220861678	0.0
4.52498866213	0.0
4.52789115646	0.0
4.53079365079	0.0
4.53369614512	0.0
4.53659863946	0.0
4.53950113379	0.0
4.54240362812	0.0
4.54530612245	0.0
4.54820861678	0.0
4.55111111111	0.0
4.55401360544	0.0
4.55691609977	0.0
4.5598185941	0.0
4.56272108844	0.0
4.56562358277	0.0
4.5685260771	0.0
4.57142857143	0.0
4.57433106576	0.0
4.57723356009	0.0
4.58013605442	0.0
4.58303854875	0.0
4.58594104308	0.0
4.58884353741	0.0
4.59174603175	0.0
4.59464852608	0.0
4.59755102041	0.0
4.60045351474	0.0
4.60335600907	0.0
4.6062585034	0.0
4.60916099773	0.0
4.61206349206	0.0
4.61496598639	0.0
4.61786848073	0.0
4.62077097506	0.0
