0.0	0.0
0.00290249433107	0.0
0.00580498866213	0.0
0.0087074829932	0.0
0.0116099773243	0.0
0.0145124716553	0.0
0.0174149659864	0.0
0.0203174603175	0.0
0.0232199546485	0.0
0.0261224489796	0.0
0.0290249433107	0.0
0.0319274376417	0.0
0.0348299319728	0.0
0.0377324263039	0.0
0.0406349206349	0.0
0.043537414966	0.0
0.0464399092971	0.0
0.0493424036281	0.0
0.0522448979592	0.0
0.0551473922902	0.0
0.0580498866213	0.0
0.0609523809524	0.0
0.0638548752834	0.0
0.0667573696145	0.0
0.0696598639456	0.0
0.0725623582766	0.0
0.0754648526077	0.0
0.0783673469388	0.0
0.0812698412698	0.0
0.0841723356009	0.0
0.087074829932	0.0
0.089977324263	0.0
0.0928798185941	0.0
0.0957823129252	0.0
0.0986848072562	0.0
0.101587301587	0.0
0.104489795918	0.0
0.107392290249	0.0
0.11029478458	0.0
0.113197278912	0.0
0.116099773243	0.0
0.119002267574	0.0
0.121904761905	0.0
0.124807256236	0.0
0.127709750567	0.0
0.130612244898	0.0
0.133514739229	0.0
0.13641723356	294.004211426
0.139319727891	294.514129639
0.142222222222	294.004211426
0.145124716553	292.987030029
0.148027210884	292.817840576
0.150929705215	292.479766846
0.153832199546	292.142089844
0.156734693878	291.636291504
0.159637188209	290.963226318
0.16253968254	290.291748047
0.165442176871	289.454559326
0.168344671202	289.120361328
0.171247165533	288.953399658
0.174149659864	289.120361328
0.177052154195	289.454559326
0.179954648526	290.12411499
0.182857142857	290.795227051
0.185759637188	291.636291504
0.188662131519	292.310882568
0.19156462585	292.817840576
0.194467120181	293.325714111
0.197369614512	293.325714111
0.200272108844	293.325714111
0.203174603175	293.495178223
0.206077097506	293.495178223
0.208979591837	293.664764404
0.211882086168	293.664764404
0.214784580499	293.664764404
0.21768707483	293.834442139
0.220589569161	293.834442139
0.223492063492	293.834442139
0.226394557823	293.834442139
0.229297052154	293.664764404
0.232199546485	293.495178223
0.235102040816	293.495178223
0.238004535147	293.495178223
0.240907029478	293.325714111
0.24380952381	293.325714111
0.246712018141	293.325714111
0.249614512472	293.325714111
0.252517006803	293.325714111
0.255419501134	293.495178223
0.258321995465	293.495178223
0.261224489796	293.495178223
0.264126984127	293.495178223
0.267029478458	293.325714111
0.269931972789	293.156341553
0.27283446712	293.156341553
0.275736961451	292.987030029
0.278639455782	292.987030029
0.281541950113	292.987030029
0.284444444444	292.987030029
0.287346938776	292.817840576
0.290249433107	292.817840576
0.293151927438	292.648773193
0.296054421769	292.648773193
0.2989569161	292.648773193
0.301859410431	292.648773193
0.304761904762	292.817840576
0.307664399093	293.156341553
0.310566893424	293.325714111
0.313469387755	293.664764404
0.316371882086	293.834442139
0.319274376417	294.004211426
0.322176870748	294.004211426
0.325079365079	293.834442139
0.32798185941	293.834442139
0.330884353741	293.664764404
0.333786848073	293.495178223
0.336689342404	293.495178223
0.339591836735	293.325714111
0.342494331066	293.325714111
0.345396825397	293.156341553
0.348299319728	293.156341553
0.351201814059	293.156341553
0.35410430839	293.156341553
0.357006802721	293.495178223
0.359909297052	293.664764404
0.362811791383	293.664764404
0.365714285714	293.664764404
0.368616780045	293.495178223
0.371519274376	293.495178223
0.374421768707	293.325714111
0.377324263039	293.325714111
0.38022675737	293.325714111
0.383129251701	293.495178223
0.386031746032	293.664764404
0.388934240363	294.004211426
0.391836734694	294.004211426
0.394739229025	294.174102783
0.397641723356	294.174102783
0.400544217687	294.174102783
0.403446712018	294.004211426
0.406349206349	293.834442139
0.40925170068	293.834442139
0.412154195011	293.664764404
0.415056689342	293.495178223
0.417959183673	293.495178223
0.420861678005	293.495178223
0.423764172336	293.495178223
0.426666666667	293.495178223
0.429569160998	293.495178223
0.432471655329	293.495178223
0.43537414966	293.495178223
0.438276643991	293.495178223
0.441179138322	293.495178223
0.444081632653	293.664764404
0.446984126984	293.664764404
0.449886621315	293.834442139
0.452789115646	293.834442139
0.455691609977	293.834442139
0.458594104308	293.834442139
0.461496598639	293.834442139
0.464399092971	294.004211426
0.467301587302	294.004211426
0.470204081633	294.004211426
0.473106575964	294.004211426
0.476009070295	293.834442139
0.478911564626	293.834442139
0.481814058957	293.834442139
0.484716553288	293.664764404
0.487619047619	293.664764404
0.49052154195	293.664764404
0.493424036281	293.664764404
0.496326530612	293.664764404
0.499229024943	293.495178223
0.502131519274	293.495178223
0.505034013605	293.495178223
0.507936507937	293.325714111
0.510839002268	293.156341553
0.513741496599	292.987030029
0.51664399093	292.987030029
0.519546485261	292.817840576
0.522448979592	292.817840576
0.525351473923	292.987030029
0.528253968254	293.156341553
0.531156462585	293.325714111
0.534058956916	293.495178223
0.536961451247	293.834442139
0.539863945578	294.344055176
0.542766439909	295.024932861
0.54566893424	295.878234863
0.548571428571	296.562652588
0.551473922902	296.391387939
0.554376417234	294.514129639
0.557278911565	292.310882568
0.560181405896	291.131347656
0.563083900227	290.963226318
0.565986394558	291.636291504
0.568888888889	293.156341553
0.57179138322	296.220245361
0.574693877551	302.968994141
0.577596371882	315.83480835
0.580498866213	323.403839111
0.583401360544	328.676940918
0.586303854875	331.537078857
0.589206349206	332.112091064
0.592108843537	332.112091064
0.595011337868	331.728637695
0.5979138322	330.771942139
0.600816326531	329.437225342
0.603718820862	329.056854248
0.606621315193	329.627563477
0.609523809524	330.390045166
0.612426303855	330.771942139
0.615328798186	330.963043213
0.618231292517	331.154296875
0.621133786848	330.771942139
0.624036281179	330.771942139
0.62693877551	330.390045166
0.629841269841	330.390045166
0.632743764172	330.199249268
0.635646258503	330.199249268
0.638548752834	330.008575439
0.641451247166	329.627563477
0.644353741497	329.627563477
0.647256235828	329.24697876
0.650158730159	329.437225342
0.65306122449	329.627563477
0.655963718821	330.008575439
0.658866213152	330.199249268
0.661768707483	330.199249268
0.664671201814	330.199249268
0.667573696145	329.818023682
0.670476190476	329.437225342
0.673378684807	329.056854248
0.676281179138	328.866821289
0.679183673469	329.056854248
0.6820861678	329.24697876
0.684988662132	329.437225342
0.687891156463	329.627563477
0.690793650794	329.627563477
0.693696145125	329.24697876
0.696598639456	328.866821289
0.699501133787	328.297454834
0.702403628118	327.918395996
0.705306122449	327.729034424
0.70820861678	327.729034424
0.711111111111	327.918395996
0.714013605442	328.487121582
0.716916099773	329.24697876
0.719818594104	330.390045166
0.722721088435	331.537078857
0.725623582766	332.49597168
0.728526077098	333.457641602
0.731428571429	333.843078613
0.73433106576	333.457641602
0.737233560091	332.688079834
0.740136054422	332.49597168
0.743038548753	332.49597168
0.745941043084	332.880310059
0.748843537415	333.265075684
0.751746031746	333.457641602
0.754648526077	331.728637695
0.757551020408	327.729034424
0.760453514739	324.151947021
0.76335600907	322.657501221
0.766258503401	322.284973145
0.769160997732	323.403839111
0.772063492063	326.218109131
0.774965986395	332.303955078
0.777868480726	336.165161133
0.780770975057	336.942749023
0.783673469388	337.332244873
0.786575963719	337.332244873
0.78947845805	336.942749023
0.792380952381	337.917297363
0.795283446712	339.090454102
0.798185941043	341.449005127
0.801088435374	344.81842041
0.803990929705	348.221069336
0.806893424036	351.45425415
0.809795918367	353.286071777
0.812698412698	354.307861328
0.815600907029	354.717407227
0.818503401361	353.898803711
0.821405895692	352.063781738
0.824308390023	349.430023193
0.827210884354	347.016326904
0.830113378685	345.017669678
0.833015873016	343.823974609
0.835918367347	342.832427979
0.838820861678	342.436584473
0.841723356009	342.041229248
0.84462585034	341.843719482
0.847528344671	341.843719482
0.850430839002	342.634429932
0.853333333333	347.216827393
0.856235827664	353.286071777
0.859138321995	355.53793335
0.862040816327	356.360351562
0.864943310658	355.948913574
0.867845804989	354.307861328
0.87074829932	350.643157959
0.873650793651	346.615661621
0.876553287982	345.416473389
0.879455782313	344.81842041
0.882358276644	344.420288086
0.885260770975	344.221405029
0.888163265306	344.221405029
0.891065759637	344.221405029
0.893968253968	344.619293213
0.896870748299	345.416473389
0.89977324263	346.615661621
0.902675736961	348.623596191
0.905578231293	350.440673828
0.908480725624	352.063781738
0.911383219955	352.878173828
0.914285714286	353.082061768
0.917188208617	352.470733643
0.920090702948	351.45425415
0.922993197279	349.83392334
0.92589569161	348.422271729
0.928798185941	347.618164062
0.931700680272	347.016326904
0.934603174603	346.815948486
0.937505668934	346.815948486
0.940408163265	347.216827393
0.943310657596	347.216827393
0.946213151927	347.819030762
0.949115646259	348.422271729
0.95201814059	349.026580811
0.954920634921	349.631896973
0.957823129252	350.03604126
0.960725623583	350.238311768
0.963628117914	350.440673828
0.966530612245	350.238311768
0.969433106576	350.03604126
0.972335600907	349.631896973
0.975238095238	349.631896973
0.978140589569	349.430023193
0.9810430839	349.228240967
0.983945578231	348.221069336
0.986848072562	346.815948486
0.989750566893	346.015533447
0.992653061224	345.815734863
0.995555555556	346.215484619
0.998458049887	346.815948486
1.00136054422	348.019989014
1.00426303855	415.3046875
1.00716553288	416.746520996
1.01006802721	417.228240967
1.01297052154	416.505889893
1.01587301587	415.784759521
1.0187755102	415.064880371
1.02167800454	414.106994629
1.02458049887	412.912719727
1.0274829932	411.959777832
1.03038548753	412.197814941
1.03328798186	412.912719727
1.03619047619	413.867858887
1.03909297052	414.825195312
1.04199546485	415.3046875
1.04489795918	415.3046875
1.04780045351	415.784759521
1.05070294785	416.024993896
1.05360544218	416.024993896
1.05650793651	415.784759521
1.05941043084	415.784759521
1.06231292517	415.784759521
1.0652154195	415.784759521
1.06811791383	415.544647217
1.07102040816	415.3046875
1.07392290249	415.3046875
1.07682539683	415.544647217
1.07972789116	415.784759521
1.08263038549	415.784759521
1.08553287982	415.784759521
1.08843537415	415.544647217
1.09133786848	415.544647217
1.09424036281	415.784759521
1.09714285714	415.544647217
1.10004535147	415.3046875
1.1029478458	415.064880371
1.10585034014	415.064880371
1.10875283447	415.3046875
1.1116553288	415.544647217
1.11455782313	415.784759521
1.11746031746	416.024993896
1.12036281179	416.265350342
1.12326530612	416.505889893
1.12616780045	416.505889893
1.12907029478	416.505889893
1.13197278912	416.265350342
1.13487528345	416.024993896
1.13777777778	415.784759521
1.14068027211	415.3046875
1.14358276644	415.064880371
1.14648526077	414.825195312
1.1493877551	414.346252441
1.15229024943	414.346252441
1.15519274376	414.585662842
1.1580952381	414.825195312
1.16099773243	415.064880371
1.16390022676	415.544647217
1.16680272109	416.024993896
1.16970521542	416.505889893
1.17260770975	416.505889893
1.17551020408	416.505889893
1.17841269841	416.265350342
1.18131519274	416.265350342
1.18421768707	416.265350342
1.18712018141	416.024993896
1.19002267574	415.784759521
1.19292517007	415.544647217
1.1958276644	415.544647217
1.19873015873	415.544647217
1.20163265306	415.3046875
1.20453514739	415.064880371
1.20743764172	415.064880371
1.21034013605	414.825195312
1.21324263039	415.064880371
1.21614512472	415.064880371
1.21904761905	415.064880371
1.22195011338	415.064880371
1.22485260771	415.064880371
1.22775510204	415.3046875
1.23065759637	415.3046875
1.2335600907	415.544647217
1.23646258503	415.544647217
1.23936507937	416.024993896
1.2422675737	416.505889893
1.24517006803	417.710540771
1.24807256236	418.676757812
1.25097505669	420.373046875
1.25387755102	422.076202393
1.25678004535	424.276123047
1.25968253968	426.980499268
1.26258503401	430.198822021
1.26548752834	433.441375732
1.26839002268	436.204162598
1.27129251701	438.731048584
1.27419501134	441.017791748
1.27709750567	443.572570801
1.28	445.369720459
1.28290249433	446.399932861
1.28580498866	446.399932861
1.28870748299	446.399932861
1.29160997732	444.598632812
1.29451247166	442.293334961
1.29741496599	439.745910645
1.30031746032	436.960693359
1.30321995465	435.197479248
1.30612244898	434.946166992
1.30902494331	434.946166992
1.31192743764	435.700531006
1.31482993197	437.213165283
1.3177324263	439.491973877
1.32063492063	441.527557373
1.32353741497	443.060455322
1.3264399093	443.828887939
1.32934240363	443.572570801
1.33224489796	442.54888916
1.33514739229	441.017791748
1.33804988662	438.984558105
1.34095238095	436.708374023
1.34385487528	434.695007324
1.34675736961	433.191070557
1.34965986395	432.191345215
1.35256235828	431.692352295
1.35546485261	431.443054199
1.35836734694	432.441070557
1.36126984127	437.213165283
1.3641723356	442.03793335
1.36707482993	444.855529785
1.36997732426	446.142181396
1.37287981859	446.399932861
1.37578231293	445.884552002
1.37868480726	444.085327148
1.38158730159	442.03793335
1.38448979592	441.272613525
1.38739229025	441.272613525
1.39029478458	441.527557373
1.39319727891	442.03793335
1.39609977324	442.804595947
1.39900226757	443.316436768
1.4019047619	443.316436768
1.40480725624	442.804595947
1.40770975057	442.293334961
1.4106122449	441.272613525
1.41351473923	440.0
1.41641723356	438.731048584
1.41931972789	437.465789795
1.42222222222	436.960693359
1.42512471655	437.465789795
1.42802721088	437.971466064
1.43092970522	439.238189697
1.43383219955	439.745910645
1.43673469388	440.508605957
1.43963718821	441.017791748
1.44253968254	441.272613525
1.44544217687	441.017791748
1.4483446712	440.763122559
1.45124716553	440.508605957
1.45414965986	440.0
1.4570521542	440.0
1.45995464853	439.491973877
1.46285714286	439.491973877
1.46575963719	439.745910645
1.46866213152	440.0
1.47156462585	440.508605957
1.47446712018	441.017791748
1.47736961451	441.017791748
1.48027210884	441.272613525
1.48317460317	440.763122559
1.48607709751	440.0
1.48897959184	438.984558105
1.49188208617	438.224517822
1.4947845805	437.465789795
1.49768707483	437.213165283
1.50058956916	437.213165283
1.50349206349	438.224517822
1.50639455782	438.984558105
1.50929705215	440.0
1.51219954649	441.272613525
1.51510204082	441.782684326
1.51800453515	442.293334961
1.52090702948	442.03793335
1.52380952381	441.017791748
1.52671201814	439.238189697
1.52961451247	435.952270508
1.5325170068	430.447357178
1.53541950113	422.076202393
1.53832199546	415.3046875
1.5412244898	411.484161377
1.54412698413	409.823730469
1.54702947846	409.58706665
1.54993197279	410.771728516
1.55283446712	412.674285889
1.55573696145	414.825195312
1.55863945578	416.746520996
1.56154195011	417.710540771
1.56444444444	417.710540771
1.56734693878	416.746520996
1.57024943311	415.064880371
1.57315192744	413.390014648
1.57605442177	412.435974121
1.5789569161	411.721893311
1.58185941043	411.959777832
1.58476190476	412.912719727
1.58766439909	414.106994629
1.59056689342	415.3046875
1.59346938776	416.505889893
1.59637188209	417.469329834
1.59927437642	417.469329834
1.60217687075	417.228240967
1.60507936508	416.746520996
1.60798185941	416.024993896
1.61088435374	415.3046875
1.61378684807	414.825195312
1.6166893424	414.585662842
1.61959183673	414.825195312
1.62249433107	415.064880371
1.6253968254	415.3046875
1.62829931973	415.544647217
1.63120181406	415.784759521
1.63410430839	415.784759521
1.63700680272	415.784759521
1.63990929705	415.784759521
1.64281179138	415.784759521
1.64571428571	415.544647217
1.64861678005	415.3046875
1.65151927438	415.3046875
1.65442176871	415.3046875
1.65732426304	415.544647217
1.66022675737	415.544647217
1.6631292517	415.544647217
1.66603174603	415.784759521
1.66893424036	416.024993896
1.67183673469	416.265350342
1.67473922902	416.505889893
1.67764172336	416.505889893
1.68054421769	416.265350342
1.68344671202	416.024993896
1.68634920635	415.544647217
1.68925170068	415.064880371
1.69215419501	414.825195312
1.69505668934	414.346252441
1.69795918367	414.346252441
1.700861678	414.346252441
1.70376417234	414.585662842
1.70666666667	415.064880371
1.709569161	415.544647217
1.71247165533	416.024993896
1.71537414966	416.265350342
1.71827664399	416.505889893
1.72117913832	416.265350342
1.72408163265	416.265350342
1.72698412698	416.024993896
1.72988662132	416.024993896
1.73278911565	415.784759521
1.73569160998	416.024993896
1.73859410431	416.024993896
1.74149659864	416.024993896
1.74439909297	415.784759521
1.7473015873	415.544647217
1.75020408163	415.3046875
1.75310657596	415.064880371
1.75600907029	414.825195312
1.75891156463	414.585662842
1.76181405896	414.585662842
1.76471655329	414.825195312
1.76761904762	414.825195312
1.77052154195	415.064880371
1.77342403628	415.064880371
1.77632653061	415.3046875
1.77922902494	415.544647217
1.78213151927	415.784759521
1.78503401361	416.024993896
1.78793650794	416.265350342
1.79083900227	416.265350342
1.7937414966	416.265350342
1.79664399093	416.265350342
1.79954648526	416.024993896
1.80244897959	416.024993896
1.80535147392	416.265350342
1.80825396825	416.505889893
1.81115646259	416.505889893
1.81405895692	416.024993896
1.81696145125	415.3046875
1.81986394558	414.825195312
1.82276643991	415.064880371
1.82566893424	415.064880371
1.82857142857	415.544647217
1.8314739229	416.024993896
1.83437641723	416.024993896
1.83727891156	415.784759521
1.8401814059	414.825195312
1.84308390023	413.390014648
1.84598639456	411.484161377
1.84888888889	409.823730469
1.85179138322	411.009063721
1.85469387755	414.346252441
1.85759637188	346.015533447
1.86049886621	349.430023193
1.86340136054	354.922363281
1.86630385488	354.103271484
1.86920634921	352.470733643
1.87210884354	351.048461914
1.87501133787	350.440673828
1.8779138322	349.631896973
1.88081632653	348.825012207
1.88371882086	348.221069336
1.88662131519	347.819030762
1.88952380952	347.618164062
1.89242630385	347.618164062
1.89532879819	347.618164062
1.89823129252	347.618164062
1.90113378685	348.019989014
1.90403628118	348.221069336
1.90693877551	348.825012207
1.90984126984	349.430023193
1.91274376417	349.83392334
1.9156462585	350.03604126
1.91854875283	350.238311768
1.92145124717	350.440673828
1.9243537415	350.238311768
1.92725623583	350.03604126
1.93015873016	349.83392334
1.93306122449	349.83392334
1.93596371882	350.03604126
1.93886621315	349.631896973
1.94176870748	349.228240967
1.94467120181	349.026580811
1.94757369615	348.825012207
1.95047619048	348.825012207
1.95337868481	348.825012207
1.95628117914	349.026580811
1.95918367347	349.430023193
1.9620861678	349.83392334
1.96498866213	350.238311768
1.96789115646	350.440673828
1.97079365079	350.440673828
1.97369614512	350.643157959
1.97659863946	350.845733643
1.97950113379	351.251281738
1.98240362812	351.251281738
1.98530612245	350.845733643
1.98820861678	350.238311768
1.99111111111	349.83392334
1.99401360544	349.228240967
1.99691609977	348.825012207
1.9998185941	348.825012207
2.00272108844	348.623596191
2.00562358277	348.825012207
2.0085260771	349.228240967
2.01142857143	349.430023193
2.01433106576	349.228240967
2.01723356009	349.026580811
2.02013605442	348.825012207
2.02303854875	348.825012207
2.02594104308	348.825012207
2.02884353741	349.026580811
2.03174603175	349.228240967
2.03464852608	349.430023193
2.03755102041	349.83392334
2.04045351474	350.03604126
2.04335600907	350.03604126
2.0462585034	349.83392334
2.04916099773	349.631896973
2.05206349206	349.430023193
2.05496598639	349.228240967
2.05786848073	349.026580811
2.06077097506	348.825012207
2.06367346939	348.825012207
2.06657596372	348.825012207
2.06947845805	349.026580811
2.07238095238	349.026580811
2.07528344671	349.228240967
2.07818594104	349.026580811
2.08108843537	349.026580811
2.08399092971	349.026580811
2.08689342404	349.228240967
2.08979591837	349.228240967
2.0926984127	349.228240967
2.09560090703	349.228240967
2.09850340136	349.228240967
2.10140589569	349.430023193
2.10430839002	349.631896973
2.10721088435	349.631896973
2.11011337868	349.631896973
2.11301587302	349.430023193
2.11591836735	349.228240967
2.11882086168	349.026580811
2.12172335601	348.825012207
2.12462585034	348.623596191
2.12752834467	348.422271729
2.130430839	348.221069336
2.13333333333	348.422271729
2.13623582766	348.623596191
2.139138322	348.623596191
2.14204081633	348.623596191
2.14494331066	348.623596191
2.14784580499	348.623596191
2.15074829932	348.623596191
2.15365079365	348.623596191
2.15655328798	348.623596191
2.15945578231	348.825012207
2.16235827664	349.026580811
2.16526077098	349.228240967
2.16816326531	349.430023193
2.17106575964	349.430023193
2.17396825397	349.228240967
2.1768707483	349.228240967
2.17977324263	349.228240967
2.18267573696	349.228240967
2.18557823129	349.228240967
2.18848072562	349.228240967
2.19138321995	349.228240967
2.19428571429	349.228240967
2.19718820862	349.026580811
2.20009070295	349.026580811
2.20299319728	348.825012207
2.20589569161	348.825012207
2.20879818594	348.825012207
2.21170068027	349.026580811
2.2146031746	349.026580811
2.21750566893	349.026580811
2.22040816327	349.026580811
2.2233106576	349.228240967
2.22621315193	349.228240967
2.22911564626	349.430023193
2.23201814059	349.430023193
2.23492063492	349.430023193
2.23782312925	349.430023193
2.24072562358	349.430023193
2.24362811791	349.430023193
2.24653061224	349.430023193
2.24943310658	349.430023193
2.25233560091	349.430023193
2.25523809524	349.430023193
2.25814058957	349.430023193
2.2610430839	349.430023193
2.26394557823	349.430023193
2.26684807256	349.430023193
2.26975056689	349.430023193
2.27265306122	349.430023193
2.27555555556	349.430023193
2.27845804989	349.228240967
2.28136054422	349.228240967
2.28426303855	349.026580811
2.28716553288	348.825012207
2.29006802721	348.825012207
2.29297052154	348.825012207
2.29587301587	348.825012207
2.2987755102	349.026580811
2.30167800454	349.026580811
2.30458049887	349.228240967
2.3074829932	349.228240967
2.31038548753	349.228240967
2.31328798186	349.228240967
2.31619047619	349.228240967
2.31909297052	349.228240967
2.32199546485	349.228240967
2.32489795918	349.228240967
2.32780045351	349.228240967
2.33070294785	349.430023193
2.33360544218	349.430023193
2.33650793651	349.430023193
2.33941043084	349.430023193
2.34231292517	349.430023193
2.3452154195	349.228240967
2.34811791383	348.825012207
2.35102040816	348.221069336
2.35392290249	347.216827393
2.35682539683	345.61605835
2.35972789116	344.221405029
2.36263038549	342.832427979
2.36553287982	342.041229248
2.36843537415	341.64630127
2.37133786848	342.041229248
2.37424036281	343.823974609
2.37714285714	329.818023682
2.38004535147	328.107879639
2.3829478458	325.465240479
2.38585034014	323.964752197
2.38875283447	322.284973145
2.3916553288	322.657501221
2.39455782313	326.783874512
2.39746031746	332.688079834
2.40036281179	334.228973389
2.40326530612	335.195678711
2.40616780045	335.971038818
2.40907029478	336.748199463
2.41197278912	337.137451172
2.41487528345	336.942749023
2.41777777778	336.165161133
2.42068027211	335.002105713
2.42358276644	333.650299072
2.42648526077	332.49597168
2.4293877551	330.963043213
2.43229024943	329.818023682
2.43519274376	328.866821289
2.4380952381	328.297454834
2.44099773243	327.918395996
2.44390022676	327.729034424
2.44680272109	327.729034424
2.44970521542	328.107879639
2.45260770975	328.676940918
2.45551020408	329.24697876
2.45841269841	330.008575439
2.46131519274	330.771942139
2.46421768707	331.345611572
2.46712018141	331.920288086
2.47002267574	332.303955078
2.47292517007	332.303955078
2.4758276644	331.920288086
2.47873015873	331.154296875
2.48163265306	330.008575439
2.48453514739	328.866821289
2.48743764172	327.729034424
2.49034013605	326.972686768
2.49324263039	326.783874512
2.49614512472	326.972686768
2.49904761905	327.539794922
2.50195011338	328.297454834
2.50485260771	328.866821289
2.50775510204	329.24697876
2.51065759637	329.627563477
2.5135600907	330.008575439
2.51646258503	330.199249268
2.51936507937	330.390045166
2.5222675737	330.580932617
2.52517006803	330.580932617
2.52807256236	330.199249268
2.53097505669	330.008575439
2.53387755102	329.437225342
2.53678004535	329.056854248
2.53968253968	328.676940918
2.54258503401	328.297454834
2.54548752834	328.107879639
2.54839002268	328.297454834
2.55129251701	328.676940918
2.55419501134	329.056854248
2.55709750567	329.24697876
2.56	329.627563477
2.56290249433	329.818023682
2.56580498866	330.008575439
2.56870748299	330.199249268
2.57160997732	330.390045166
2.57451247166	330.390045166
2.57741496599	330.390045166
2.58031746032	330.199249268
2.58321995465	329.818023682
2.58612244898	329.437225342
2.58902494331	329.24697876
2.59192743764	328.866821289
2.59482993197	328.866821289
2.5977324263	328.676940918
2.60063492063	328.866821289
2.60353741497	329.056854248
2.6064399093	329.437225342
2.60934240363	329.437225342
2.61224489796	329.818023682
2.61514739229	330.008575439
2.61804988662	330.199249268
2.62095238095	330.199249268
2.62385487528	330.199249268
2.62675736961	330.199249268
2.62965986395	330.199249268
2.63256235828	330.008575439
2.63546485261	329.818023682
2.63836734694	329.437225342
2.64126984127	329.24697876
2.6441723356	328.866821289
2.64707482993	328.676940918
2.64997732426	328.676940918
2.65287981859	328.676940918
2.65578231293	328.676940918
2.65868480726	328.866821289
2.66158730159	329.056854248
2.66448979592	329.437225342
2.66739229025	329.627563477
2.67029478458	330.008575439
2.67319727891	330.199249268
2.67609977324	330.008575439
2.67900226757	330.008575439
2.6819047619	329.627563477
2.68480725624	329.818023682
2.68770975057	329.627563477
2.6906122449	330.008575439
2.69351473923	330.199249268
2.69641723356	330.199249268
2.69931972789	330.390045166
2.70222222222	330.199249268
2.70512471655	329.818023682
2.70802721088	329.627563477
2.71092970522	330.008575439
2.71383219955	330.199249268
2.71673469388	330.390045166
2.71963718821	330.963043213
2.72253968254	331.154296875
2.72544217687	330.963043213
2.7283446712	330.580932617
2.73124716553	330.008575439
2.73414965986	329.627563477
2.7370521542	329.818023682
2.73995464853	329.627563477
2.74285714286	329.437225342
2.74575963719	329.24697876
2.74866213152	328.866821289
2.75156462585	328.676940918
2.75446712018	328.676940918
2.75736961451	328.866821289
2.76027210884	329.056854248
2.76317460317	329.24697876
2.76607709751	329.627563477
2.76897959184	329.627563477
2.77188208617	329.437225342
2.7747845805	329.056854248
2.77768707483	328.297454834
2.78058956916	327.729034424
2.78349206349	327.161621094
2.78639455782	326.972686768
2.78929705215	327.161621094
2.79219954649	327.729034424
2.79510204082	328.297454834
2.79800453515	328.866821289
2.80090702948	329.24697876
2.80380952381	329.627563477
2.80671201814	329.627563477
2.80961451247	329.627563477
2.8125170068	329.437225342
2.81541950113	329.627563477
2.81832199546	330.008575439
2.8212244898	330.199249268
2.82412698413	330.580932617
2.82702947846	330.771942139
2.82993197279	330.771942139
2.83283446712	330.771942139
2.83573696145	331.154296875
2.83863945578	330.963043213
2.84154195011	330.963043213
2.84444444444	331.154296875
2.84734693878	330.963043213
2.85024943311	331.154296875
2.85315192744	438.731048584
2.85605442177	438.731048584
2.8589569161	439.238189697
2.86185941043	439.745910645
2.86476190476	440.254241943
2.86766439909	441.017791748
2.87056689342	441.527557373
2.87346938776	441.527557373
2.87637188209	441.782684326
2.87927437642	441.782684326
2.88217687075	441.272613525
2.88507936508	441.017791748
2.88798185941	440.254241943
2.89088435374	439.745910645
2.89378684807	439.491973877
2.8966893424	439.238189697
2.89959183673	438.984558105
2.90249433107	438.984558105
2.9053968254	438.984558105
2.90829931973	438.984558105
2.91120181406	439.491973877
2.91410430839	439.745910645
2.91700680272	440.254241943
2.91990929705	440.508605957
2.92281179138	440.508605957
2.92571428571	440.254241943
2.92861678005	440.254241943
2.93151927438	439.745910645
2.93442176871	439.491973877
2.93732426304	438.984558105
2.94022675737	438.984558105
2.9431292517	438.984558105
2.94603174603	439.491973877
2.94893424036	439.745910645
2.95183673469	440.254241943
2.95473922902	441.017791748
2.95764172336	441.272613525
2.96054421769	441.272613525
2.96344671202	441.527557373
2.96634920635	441.527557373
2.96925170068	441.527557373
2.97215419501	441.782684326
2.97505668934	441.782684326
2.97795918367	441.527557373
2.980861678	441.527557373
2.98376417234	441.527557373
2.98666666667	441.272613525
2.989569161	441.017791748
2.99247165533	440.763122559
2.99537414966	440.508605957
2.99827664399	440.508605957
3.00117913832	440.508605957
3.00408163265	440.254241943
3.00698412698	440.0
3.00988662132	440.0
3.01278911565	440.0
3.01569160998	440.0
3.01859410431	440.0
3.02149659864	440.254241943
3.02439909297	440.763122559
3.0273015873	441.527557373
3.03020408163	442.804595947
3.03310657596	444.085327148
3.03600907029	444.855529785
3.03891156463	444.085327148
3.04181405896	442.03793335
3.04471655329	438.477722168
3.04761904762	431.941772461
3.05052154195	422.808258057
3.05342403628	417.228240967
3.05632653061	415.064880371
3.05922902494	414.825195312
3.06213151927	414.825195312
3.06503401361	415.064880371
3.06793650794	415.064880371
3.07083900227	414.825195312
3.0737414966	414.825195312
3.07664399093	414.585662842
3.07954648526	414.106994629
3.08244897959	413.867858887
3.08535147392	413.628875732
3.08825396825	413.628875732
3.09115646259	413.628875732
3.09405895692	414.106994629
3.09696145125	414.346252441
3.09986394558	414.346252441
3.10276643991	414.825195312
3.10566893424	415.3046875
3.10857142857	415.784759521
3.1114739229	416.024993896
3.11437641723	416.265350342
3.11727891156	416.265350342
3.1201814059	416.024993896
3.12308390023	415.784759521
3.12598639456	415.784759521
3.12888888889	415.784759521
3.13179138322	415.784759521
3.13469387755	415.784759521
3.13759637188	415.784759521
3.14049886621	415.784759521
3.14340136054	415.784759521
3.14630385488	415.544647217
3.14920634921	415.544647217
3.15210884354	415.3046875
3.15501133787	415.3046875
3.1579138322	415.3046875
3.16081632653	415.544647217
3.16371882086	415.544647217
3.16662131519	415.544647217
3.16952380952	415.3046875
3.17242630385	415.3046875
3.17532879819	415.544647217
3.17823129252	416.024993896
3.18113378685	416.265350342
3.18403628118	416.746520996
3.18693877551	416.987335205
3.18984126984	416.987335205
3.19274376417	416.505889893
3.1956462585	415.3046875
3.19854875283	414.106994629
3.20145124717	412.912719727
3.2043537415	412.435974121
3.20725623583	412.912719727
3.21015873016	413.867858887
3.21306122449	414.825195312
3.21596371882	415.784759521
3.21886621315	416.746520996
3.22176870748	417.228240967
3.22467120181	417.228240967
3.22757369615	416.987335205
3.23047619048	416.746520996
3.23337868481	416.505889893
3.23628117914	416.505889893
3.23918367347	416.746520996
3.2420861678	416.746520996
3.24498866213	416.987335205
3.24789115646	417.469329834
3.25079365079	418.193359375
3.25369614512	348.221069336
3.25659863946	349.026580811
3.25950113379	349.83392334
3.26240362812	350.238311768
3.26530612245	350.238311768
3.26820861678	350.238311768
3.27111111111	350.440673828
3.27401360544	350.643157959
3.27691609977	350.440673828
3.2798185941	350.238311768
3.28272108844	349.631896973
3.28562358277	349.228240967
3.2885260771	348.825012207
3.29142857143	348.623596191
3.29433106576	348.422271729
3.29723356009	348.221069336
3.30013605442	348.422271729
3.30303854875	349.026580811
3.30594104308	349.430023193
3.30884353741	350.03604126
3.31174603175	350.440673828
3.31464852608	350.643157959
3.31755102041	350.643157959
3.32045351474	350.643157959
3.32335600907	350.440673828
3.3262585034	350.643157959
3.32916099773	350.845733643
3.33206349206	350.845733643
3.33496598639	350.440673828
3.33786848073	349.83392334
3.34077097506	349.228240967
3.34367346939	348.825012207
3.34657596372	348.825012207
3.34947845805	348.825012207
3.35238095238	348.825012207
3.35528344671	349.026580811
3.35818594104	349.228240967
3.36108843537	349.631896973
3.36399092971	349.430023193
3.36689342404	349.228240967
3.36979591837	349.228240967
3.3726984127	349.026580811
3.37560090703	349.026580811
3.37850340136	349.228240967
3.38140589569	349.228240967
3.38430839002	349.228240967
3.38721088435	349.430023193
3.39011337868	349.631896973
3.39301587302	350.03604126
3.39591836735	349.83392334
3.39882086168	349.430023193
3.40172335601	349.228240967
3.40462585034	349.026580811
3.40752834467	349.026580811
3.410430839	349.026580811
3.41333333333	349.026580811
3.41623582766	348.825012207
3.419138322	349.026580811
3.42204081633	349.228240967
3.42494331066	349.228240967
3.42784580499	349.228240967
3.43074829932	349.026580811
3.43365079365	349.228240967
3.43655328798	349.430023193
3.43945578231	349.430023193
3.44235827664	349.026580811
3.44526077098	348.422271729
3.44816326531	347.819030762
3.45106575964	346.815948486
3.45396825397	345.815734863
3.4568707483	344.420288086
3.45977324263	342.436584473
3.46267573696	339.286376953
3.46557823129	334.808654785
3.46848072562	331.920288086
3.47138321995	329.437225342
3.47428571429	327.161621094
3.47718820862	324.526641846
3.48009070295	323.217102051
3.48299319728	324.526641846
3.48589569161	326.029724121
3.48879818594	327.918395996
3.49170068027	330.199249268
3.4946031746	332.112091064
3.49750566893	334.035980225
3.50040816327	335.583129883
3.5033106576	335.971038818
3.50621315193	335.777038574
3.50911564626	334.422088623
3.51201814059	333.650299072
3.51492063492	332.880310059
3.51782312925	332.49597168
3.52072562358	332.112091064
3.52362811791	331.537078857
3.52653061224	330.771942139
3.52943310658	329.818023682
3.53233560091	328.866821289
3.53523809524	328.107879639
3.53814058957	327.729034424
3.5410430839	327.350646973
3.54394557823	327.729034424
3.54684807256	328.676940918
3.54975056689	329.627563477
3.55265306122	330.580932617
3.55555555556	331.345611572
3.55845804989	331.920288086
3.56136054422	331.920288086
3.56426303855	331.728637695
3.56716553288	331.345611572
3.57006802721	330.771942139
3.57297052154	330.008575439
3.57587301587	329.437225342
3.5787755102	328.676940918
3.58167800454	328.107879639
3.58458049887	327.539794922
3.5874829932	327.350646973
3.59038548753	327.161621094
3.59328798186	327.350646973
3.59619047619	327.729034424
3.59909297052	328.107879639
3.60199546485	328.676940918
3.60489795918	329.24697876
3.60780045351	330.008575439
3.61070294785	330.390045166
3.61360544218	330.580932617
3.61650793651	330.580932617
3.61941043084	330.580932617
3.62231292517	330.199249268
3.6252154195	330.008575439
3.62811791383	329.627563477
3.63102040816	329.24697876
3.63392290249	329.056854248
3.63682539683	328.487121582
3.63972789116	328.487121582
3.64263038549	328.107879639
3.64553287982	328.107879639
3.64843537415	328.297454834
3.65133786848	328.676940918
3.65424036281	329.056854248
3.65714285714	329.627563477
3.66004535147	330.199249268
3.6629478458	330.580932617
3.66585034014	330.771942139
3.66875283447	330.963043213
3.6716553288	330.771942139
3.67455782313	330.390045166
3.67746031746	330.199249268
3.68036281179	329.818023682
3.68326530612	329.437225342
3.68616780045	329.24697876
3.68907029478	329.056854248
3.69197278912	328.866821289
3.69487528345	328.866821289
3.69777777778	328.866821289
3.70068027211	328.866821289
3.70358276644	329.24697876
3.70648526077	329.818023682
3.7093877551	330.390045166
3.71229024943	331.345611572
3.71519274376	331.920288086
3.7180952381	331.920288086
3.72099773243	331.537078857
3.72390022676	330.580932617
3.72680272109	329.437225342
3.72970521542	328.676940918
3.73260770975	329.056854248
3.73551020408	330.963043213
3.73841269841	332.49597168
3.74131519274	332.880310059
3.74421768707	287.787414551
3.74712018141	287.45513916
3.75002267574	288.619781494
3.75292517007	291.131347656
3.7558276644	292.987030029
3.75873015873	292.479766846
3.76163265306	291.131347656
3.76453514739	290.291748047
3.76743764172	289.956573486
3.77034013605	290.291748047
3.77324263039	291.299560547
3.77614512472	292.817840576
3.77904761905	294.854553223
3.78195011338	296.049194336
3.78485260771	296.049194336
3.78775510204	295.195404053
3.79065759637	293.834442139
3.7935600907	292.648773193
3.79646258503	291.973388672
3.79936507937	291.973388672
3.8022675737	292.310882568
3.80517006803	293.495178223
3.80807256236	294.684295654
3.81097505669	295.365936279
3.81387755102	295.365936279
3.81678004535	294.684295654
3.81968253968	293.495178223
3.82258503401	292.479766846
3.82548752834	291.973388672
3.82839002268	292.142089844
3.83129251701	292.817840576
3.83419501134	293.834442139
3.83709750567	295.365936279
3.84	296.049194336
3.84290249433	295.878234863
3.84580498866	294.514129639
3.84870748299	293.156341553
3.85160997732	292.142089844
3.85451247166	291.636291504
3.85741496599	291.804779053
3.86031746032	292.648773193
3.86321995465	293.834442139
3.86612244898	295.024932861
3.86902494331	295.195404053
3.87192743764	294.004211426
3.87482993197	292.817840576
3.8777324263	291.973388672
3.88063492063	291.46786499
3.88353741497	291.636291504
3.8864399093	292.648773193
3.88934240363	293.834442139
3.89224489796	295.365936279
3.89514739229	295.878234863
3.89804988662	295.365936279
3.90095238095	294.174102783
3.90385487528	293.156341553
3.90675736961	292.479766846
3.90965986395	292.479766846
3.91256235828	292.648773193
3.91546485261	293.495178223
3.91836734694	294.514129639
3.92126984127	294.854553223
3.9241723356	294.684295654
3.92707482993	293.834442139
3.92997732426	293.156341553
3.93287981859	292.648773193
3.93578231293	292.310882568
3.93868480726	292.648773193
3.94158730159	293.156341553
3.94448979592	293.834442139
3.94739229025	294.344055176
3.95029478458	294.514129639
3.95319727891	294.344055176
3.95609977324	293.664764404
3.95900226757	293.156341553
3.9619047619	292.987030029
3.96480725624	292.987030029
3.96770975057	293.325714111
3.9706122449	293.664764404
3.97351473923	294.344055176
3.97641723356	294.514129639
3.97931972789	294.854553223
3.98222222222	294.684295654
3.98512471655	294.514129639
3.98802721088	294.174102783
3.99092970522	294.174102783
3.99383219955	294.514129639
3.99673469388	294.854553223
3.99963718821	295.365936279
4.00253968254	295.536621094
4.00544217687	295.195404053
4.0083446712	294.514129639
4.01124716553	292.987030029
4.01414965986	290.627288818
4.0170521542	287.787414551
4.01995464853	285.469543457
4.02285714286	284.153442383
4.02575963719	283.825378418
4.02866213152	283.006835938
4.03156462585	282.190643311
4.03446712018	281.539398193
4.03736961451	280.565338135
4.04027210884	279.756225586
4.04317460317	278.788330078
4.04607709751	277.984313965
4.04897959184	277.342773438
4.05188208617	277.182617188
4.0547845805	277.342773438
4.05768707483	277.663360596
4.06058956916	278.305633545
4.06349206349	278.788330078
4.06639455782	279.110595703
4.06929705215	279.594665527
4.07219954649	279.756225586
4.07510204082	279.756225586
4.07800453515	279.433227539
4.08090702948	278.949401855
4.08380952381	278.305633545
4.08671201814	277.823791504
4.08961451247	277.342773438
4.0925170068	277.022583008
4.09541950113	276.542938232
4.09832199546	276.383239746
4.1012244898	276.22366333
4.10412698413	276.383239746
4.10702947846	276.542938232
4.10993197279	276.862609863
4.11283446712	277.342773438
4.11573696145	277.823791504
4.11863945578	278.305633545
4.12154195011	278.627349854
4.12444444444	278.949401855
4.12734693878	278.788330078
4.13024943311	278.627349854
4.13315192744	278.144927979
4.13605442177	277.50302124
4.1389569161	276.862609863
4.14185941043	276.383239746
4.14476190476	275.904724121
4.14766439909	275.745422363
4.15056689342	275.745422363
4.15346938776	275.904724121
4.15637188209	276.22366333
4.15927437642	276.702728271
4.16217687075	277.022583008
4.16507936508	277.182617188
4.16798185941	277.022583008
4.17088435374	276.862609863
4.17378684807	276.542938232
4.1766893424	276.383239746
4.17959183673	276.22366333
4.18249433107	275.904724121
4.1853968254	275.745422363
4.18829931973	275.904724121
4.19120181406	275.904724121
4.19410430839	276.22366333
4.19700680272	276.542938232
4.19990929705	276.862609863
4.20281179138	277.342773438
4.20571428571	277.823791504
4.20861678005	278.305633545
4.21151927438	278.627349854
4.21442176871	278.788330078
4.21732426304	278.949401855
4.22022675737	278.949401855
4.2231292517	278.949401855
4.22603174603	278.627349854
4.22893424036	278.305633545
4.23183673469	277.984313965
4.23473922902	277.50302124
4.23764172336	277.022583008
4.24054421769	276.862609863
4.24344671202	276.702728271
4.24634920635	276.542938232
4.24925170068	276.542938232
4.25215419501	276.702728271
4.25505668934	277.022583008
4.25795918367	277.50302124
4.260861678	277.984313965
4.26376417234	278.466461182
4.26666666667	278.788330078
4.269569161	279.110595703
4.27247165533	279.433227539
4.27537414966	279.433227539
4.27827664399	279.433227539
4.28117913832	279.110595703
4.28408163265	278.466461182
4.28698412698	277.022583008
4.28988662132	275.745422363
4.29278911565	274.791412354
4.29569160998	274.315643311
4.29859410431	274.632720947
4.30149659864	275.904724121
4.30439909297	277.182617188
4.3073015873	280.079589844
4.31020408163	282.516845703
4.31310657596	285.139953613
4.31600907029	286.295196533
4.31891156463	286.295196533
4.32181405896	286.295196533
4.32471655329	286.295196533
4.32761904762	286.62612915
4.33052154195	286.957458496
4.33342403628	287.787414551
4.33632653061	288.786529541
4.33922902494	290.12411499
4.34213151927	291.299560547
4.34503401361	292.648773193
4.34793650794	293.495178223
4.35083900227	294.344055176
4.3537414966	294.684295654
4.35664399093	294.684295654
4.35954648526	294.514129639
4.36244897959	294.174102783
4.36535147392	294.004211426
4.36825396825	293.664764404
4.37115646259	293.495178223
4.37405895692	293.156341553
4.37696145125	292.817840576
4.37986394558	292.817840576
4.38276643991	292.648773193
4.38566893424	292.648773193
4.38857142857	292.817840576
4.3914739229	292.817840576
4.39437641723	292.987030029
4.39727891156	292.987030029
4.4001814059	292.987030029
4.40308390023	293.156341553
4.40598639456	293.156341553
4.40888888889	293.495178223
4.41179138322	293.664764404
4.41469387755	293.834442139
4.41759637188	293.834442139
4.42049886621	294.004211426
4.42340136054	294.004211426
4.42630385488	293.834442139
4.42920634921	293.664764404
4.43210884354	293.664764404
4.43501133787	293.495178223
4.4379138322	293.495178223
4.44081632653	293.495178223
4.44371882086	293.325714111
4.44662131519	293.325714111
4.44952380952	292.987030029
4.45242630385	292.817840576
4.45532879819	292.479766846
4.45823129252	292.142089844
4.46113378685	292.142089844
4.46403628118	292.310882568
4.46693877551	292.648773193
4.46984126984	292.817840576
4.47274376417	293.156341553
4.4756462585	293.495178223
4.47854875283	293.664764404
4.48145124717	293.834442139
4.4843537415	294.004211426
4.48725623583	294.004211426
4.49015873016	294.174102783
4.49306122449	294.344055176
4.49596371882	294.344055176
4.49886621315	294.344055176
4.50176870748	294.174102783
4.50467120181	294.004211426
4.50757369615	293.834442139
4.51047619048	293.664764404
4.51337868481	293.495178223
4.51628117914	293.495178223
4.51918367347	293.495178223
4.5220861678	293.156341553
4.52498866213	293.156341553
4.52789115646	292.987030029
4.53079365079	292.817840576
4.53369614512	292.817840576
4.53659863946	292.987030029
4.53950113379	292.987030029
4.54240362812	293.325714111
4.54530612245	293.664764404
4.54820861678	294.004211426
4.55111111111	294.174102783
4.55401360544	294.344055176
4.55691609977	294.344055176
4.5598185941	294.514129639
4.56272108844	294.344055176
4.56562358277	294.174102783
4.5685260771	294.004211426
4.57142857143	294.004211426
4.57433106576	293.834442139
4.57723356009	293.664764404
4.58013605442	293.495178223
4.58303854875	293.495178223
4.58594104308	293.495178223
4.58884353741	293.325714111
4.59174603175	293.495178223
4.59464852608	293.325714111
4.59755102041	293.156341553
4.60045351474	292.987030029
4.60335600907	292.987030029
4.6062585034	293.156341553
4.60916099773	293.325714111
4.61206349206	293.325714111
4.61496598639	293.664764404
4.61786848073	293.834442139
4.62077097506	294.004211426
4.62367346939	294.174102783
4.62657596372	294.344055176
4.62947845805	294.344055176
4.63238095238	294.174102783
4.63528344671	294.174102783
4.63818594104	294.004211426
4.64108843537	294.004211426
4.64399092971	293.834442139
4.64689342404	293.664764404
4.64979591837	293.664764404
4.6526984127	293.495178223
4.65560090703	293.495178223
4.65850340136	293.495178223
4.66140589569	293.325714111
4.66430839002	293.325714111
4.66721088435	293.156341553
4.67011337868	292.987030029
4.67301587302	292.987030029
4.67591836735	292.987030029
4.67882086168	292.987030029
4.68172335601	293.156341553
4.68462585034	293.325714111
4.68752834467	293.325714111
4.690430839	293.495178223
4.69333333333	293.495178223
4.69623582766	293.495178223
4.699138322	293.325714111
4.70204081633	293.325714111
4.70494331066	293.325714111
4.70784580499	293.325714111
4.71074829932	293.156341553
4.71365079365	293.156341553
4.71655328798	293.156341553
4.71945578231	292.987030029
4.72235827664	292.987030029
4.72526077098	292.987030029
4.72816326531	293.156341553
4.73106575964	293.156341553
4.73396825397	293.325714111
4.7368707483	293.325714111
4.73977324263	293.325714111
4.74267573696	293.495178223
4.74557823129	293.495178223
4.74848072562	293.495178223
4.75138321995	293.495178223
4.75428571429	293.495178223
4.75718820862	293.495178223
4.76009070295	293.495178223
4.76299319728	293.495178223
4.76589569161	293.325714111
4.76879818594	293.325714111
4.77170068027	293.325714111
4.7746031746	293.325714111
4.77750566893	293.325714111
4.78040816327	293.325714111
4.7833106576	293.495178223
4.78621315193	293.495178223
4.78911564626	293.664764404
4.79201814059	293.664764404
4.79492063492	293.495178223
4.79782312925	293.495178223
4.80072562358	293.325714111
4.80362811791	293.325714111
4.80653061224	293.325714111
4.80943310658	293.495178223
4.81233560091	293.495178223
4.81523809524	293.664764404
4.81814058957	293.664764404
4.8210430839	293.664764404
4.82394557823	293.664764404
4.82684807256	293.664764404
4.82975056689	293.664764404
4.83265306122	293.495178223
4.83555555556	293.495178223
4.83845804989	293.325714111
4.84136054422	293.325714111
4.84426303855	293.325714111
4.84716553288	293.325714111
4.85006802721	293.325714111
4.85297052154	293.495178223
4.85587301587	293.664764404
4.8587755102	293.664764404
4.86167800454	293.834442139
4.86458049887	293.834442139
4.8674829932	293.664764404
4.87038548753	293.664764404
4.87328798186	293.664764404
4.87619047619	293.664764404
4.87909297052	293.664764404
4.88199546485	293.664764404
4.88489795918	293.664764404
4.88780045351	293.664764404
4.89070294785	293.495178223
4.89360544218	293.325714111
4.89650793651	292.987030029
4.89941043084	292.987030029
4.90231292517	292.987030029
4.9052154195	292.987030029
4.90811791383	292.987030029
4.91102040816	293.156341553
4.91392290249	293.325714111
4.91682539683	293.325714111
4.91972789116	293.325714111
4.92263038549	293.495178223
4.92553287982	293.664764404
4.92843537415	293.834442139
4.93133786848	293.834442139
4.93424036281	293.834442139
4.93714285714	293.834442139
4.94004535147	293.834442139
4.9429478458	0.0
4.94585034014	0.0
4.94875283447	0.0
4.9516553288	0.0
4.95455782313	0.0
4.95746031746	0.0
4.96036281179	0.0
4.96326530612	0.0
4.96616780045	0.0
4.96907029478	0.0
4.97197278912	0.0
4.97487528345	0.0
4.97777777778	0.0
4.98068027211	0.0
4.98358276644	0.0
4.98648526077	0.0
4.9893877551	0.0
4.99229024943	0.0
4.99519274376	0.0
4.9980952381	0.0
5.00099773243	0.0
5.00390022676	0.0
5.00680272109	0.0
5.00970521542	0.0
5.01260770975	0.0
5.01551020408	0.0
5.01841269841	0.0
5.02131519274	0.0
5.02421768707	0.0
5.02712018141	0.0
5.03002267574	0.0
5.03292517007	0.0
5.0358276644	0.0
5.03873015873	0.0
5.04163265306	0.0
5.04453514739	0.0
5.04743764172	0.0
5.05034013605	0.0
5.05324263039	0.0
5.05614512472	0.0
5.05904761905	0.0
5.06195011338	0.0
5.06485260771	0.0
5.06775510204	0.0
5.07065759637	0.0
5.0735600907	0.0
5.07646258503	0.0
5.07936507937	0.0
5.0822675737	0.0
5.08517006803	0.0
5.08807256236	0.0
5.09097505669	0.0
5.09387755102	0.0
5.09678004535	0.0
5.09968253968	0.0
5.10258503401	0.0
5.10548752834	0.0
5.10839002268	0.0
5.11129251701	0.0
5.11419501134	0.0
5.11709750567	0.0
5.12	0.0
5.12290249433	0.0
5.12580498866	0.0
5.12870748299	0.0
5.13160997732	0.0
5.13451247166	0.0
5.13741496599	0.0
5.14031746032	0.0
5.14321995465	0.0
5.14612244898	0.0
5.14902494331	0.0
5.15192743764	0.0
5.15482993197	0.0
5.1577324263	0.0
5.16063492063	0.0
5.16353741497	0.0
5.1664399093	0.0
5.16934240363	0.0
5.17224489796	0.0
5.17514739229	0.0
5.17804988662	0.0
