0.0	0.0
0.00290249433107	0.0
0.00580498866213	0.0
0.0087074829932	0.0
0.0116099773243	0.0
0.0145124716553	0.0
0.0174149659864	0.0
0.0203174603175	0.0
0.0232199546485	0.0
0.0261224489796	0.0
0.0290249433107	0.0
0.0319274376417	0.0
0.0348299319728	0.0
0.0377324263039	0.0
0.0406349206349	0.0
0.043537414966	0.0
0.0464399092971	0.0
0.0493424036281	0.0
0.0522448979592	0.0
0.0551473922902	0.0
0.0580498866213	0.0
0.0609523809524	0.0
0.0638548752834	0.0
0.0667573696145	0.0
0.0696598639456	0.0
0.0725623582766	0.0
0.0754648526077	0.0
0.0783673469388	0.0
0.0812698412698	0.0
0.0841723356009	0.0
0.087074829932	0.0
0.089977324263	0.0
0.0928798185941	0.0
0.0957823129252	286.129882812
0.0986848072562	286.129882812
0.101587301587	285.964660645
0.104489795918	285.799530029
0.107392290249	285.469543457
0.11029478458	285.469543457
0.113197278912	285.469543457
0.116099773243	285.799530029
0.119002267574	285.964660645
0.121904761905	286.129882812
0.124807256236	286.295196533
0.127709750567	286.295196533
0.130612244898	286.460632324
0.133514739229	286.62612915
0.13641723356	286.957458496
0.139319727891	287.123260498
0.142222222222	287.45513916
0.145124716553	287.621246338
0.148027210884	288.12008667
0.150929705215	288.453125
0.153832199546	288.953399658
0.156734693878	289.120361328
0.159637188209	289.120361328
0.16253968254	289.287414551
0.165442176871	289.287414551
0.168344671202	289.120361328
0.171247165533	288.453125
0.174149659864	287.45513916
0.177052154195	286.129882812
0.179954648526	283.170349121
0.182857142857	282.190643311
0.185759637188	294.004211426
0.188662131519	292.987030029
0.19156462585	293.156341553
0.194467120181	293.834442139
0.197369614512	294.344055176
0.200272108844	294.344055176
0.203174603175	292.987030029
0.206077097506	292.310882568
0.208979591837	292.479766846
0.211882086168	292.648773193
0.214784580499	292.987030029
0.21768707483	293.664764404
0.220589569161	293.495178223
0.223492063492	291.973388672
0.226394557823	290.459472656
0.229297052154	289.120361328
0.232199546485	287.787414551
0.235102040816	287.787414551
0.238004535147	287.289154053
0.240907029478	287.621246338
0.24380952381	287.123260498
0.246712018141	286.62612915
0.249614512472	286.957458496
0.252517006803	286.62612915
0.255419501134	285.964660645
0.258321995465	285.634490967
0.261224489796	285.3046875
0.264126984127	285.139953613
0.267029478458	285.3046875
0.269931972789	284.646270752
0.27283446712	284.153442383
0.275736961451	283.333953857
0.278639455782	282.843414307
0.281541950113	282.190643311
0.284444444444	281.864837646
0.287346938776	281.864837646
0.290249433107	281.864837646
0.293151927438	282.027709961
0.296054421769	282.35369873
0.2989569161	282.680084229
0.301859410431	282.680084229
0.304761904762	282.843414307
0.307664399093	283.006835938
0.310566893424	283.170349121
0.313469387755	283.333953857
0.316371882086	283.661468506
0.319274376417	283.825378418
0.322176870748	283.989349365
0.325079365079	284.317626953
0.32798185941	284.646270752
0.330884353741	284.975280762
0.333786848073	285.139953613
0.336689342404	285.634490967
0.339591836735	287.787414551
0.342494331066	288.786529541
0.345396825397	289.956573486
0.348299319728	291.299560547
0.351201814059	292.648773193
0.35410430839	295.024932861
0.357006802721	297.07699585
0.359909297052	298.452941895
0.362811791383	298.797943115
0.365714285714	298.452941895
0.368616780045	297.248626709
0.371519274376	297.248626709
0.374421768707	295.024932861
0.377324263039	293.156341553
0.38022675737	292.142089844
0.383129251701	291.636291504
0.386031746032	291.46786499
0.388934240363	291.299560547
0.391836734694	291.131347656
0.394739229025	289.621795654
0.397641723356	289.287414551
0.400544217687	288.953399658
0.403446712018	288.786529541
0.406349206349	289.454559326
0.40925170068	289.287414551
0.412154195011	289.956573486
0.415056689342	290.291748047
0.417959183673	291.46786499
0.420861678005	293.156341553
0.423764172336	294.174102783
0.426666666667	293.664764404
0.429569160998	293.325714111
0.432471655329	293.156341553
0.43537414966	292.817840576
0.438276643991	292.479766846
0.441179138322	291.46786499
0.444081632653	291.973388672
0.446984126984	292.479766846
0.449886621315	292.648773193
0.452789115646	292.310882568
0.455691609977	291.636291504
0.458594104308	291.973388672
0.461496598639	293.325714111
0.464399092971	294.684295654
0.467301587302	295.536621094
0.470204081633	295.365936279
0.473106575964	295.024932861
0.476009070295	295.536621094
0.478911564626	295.195404053
0.481814058957	295.195404053
0.484716553288	295.195404053
0.487619047619	295.365936279
0.49052154195	295.024932861
0.493424036281	295.365936279
0.496326530612	295.536621094
0.499229024943	295.365936279
0.502131519274	295.024932861
0.505034013605	294.854553223
0.507936507937	294.854553223
0.510839002268	295.024932861
0.513741496599	295.195404053
0.51664399093	295.707366943
0.519546485261	296.049194336
0.522448979592	296.220245361
0.525351473923	296.049194336
0.528253968254	295.707366943
0.531156462585	295.365936279
0.534058956916	295.365936279
0.536961451247	295.195404053
0.539863945578	295.365936279
0.542766439909	295.365936279
0.54566893424	295.536621094
0.548571428571	296.049194336
0.551473922902	296.220245361
0.554376417234	296.391387939
0.557278911565	296.905426025
0.560181405896	297.420379639
0.563083900227	298.10836792
0.565986394558	298.280609131
0.568888888889	299.143310547
0.57179138322	299.835296631
0.574693877551	300.355316162
0.577596371882	300.181884766
0.580498866213	300.528869629
0.583401360544	300.008544922
0.586303854875	299.489105225
0.589206349206	299.143310547
0.592108843537	299.316162109
0.595011337868	299.489105225
0.5979138322	300.008544922
0.600816326531	300.181884766
0.603718820862	300.355316162
0.606621315193	299.143310547
0.609523809524	296.733978271
0.612426303855	294.344055176
0.615328798186	293.325714111
0.618231292517	292.987030029
0.621133786848	293.664764404
0.624036281179	294.854553223
0.62693877551	297.248626709
0.629841269841	299.316162109
0.632743764172	300.008544922
0.635646258503	300.008544922
0.638548752834	299.835296631
0.641451247166	300.181884766
0.644353741497	300.876251221
0.647256235828	302.794036865
0.650158730159	305.958679199
0.65306122449	309.692596436
0.655963718821	312.568023682
0.658866213152	314.197174072
0.661768707483	314.923950195
0.664671201814	313.834411621
0.667573696145	338.698944092
0.670476190476	338.503356934
0.673378684807	339.67855835
0.676281179138	339.874816895
0.679183673469	339.482421875
0.6820861678	338.112548828
0.684988662132	335.583129883
0.687891156463	333.265075684
0.690793650794	333.843078613
0.693696145125	334.808654785
0.696598639456	335.002105713
0.699501133787	335.583129883
0.702403628118	336.165161133
0.705306122449	336.359375
0.70820861678	336.359375
0.711111111111	336.359375
0.714013605442	336.553741455
0.716916099773	337.137451172
0.719818594104	337.722167969
0.722721088435	337.917297363
0.725623582766	338.112548828
0.728526077098	338.112548828
0.731428571429	337.722167969
0.73433106576	336.942749023
0.737233560091	336.165161133
0.740136054422	335.971038818
0.743038548753	336.165161133
0.745941043084	336.748199463
0.748843537415	337.527130127
0.751746031746	338.112548828
0.754648526077	338.307891846
0.757551020408	338.112548828
0.760453514739	337.722167969
0.76335600907	337.137451172
0.766258503401	336.553741455
0.769160997732	336.165161133
0.772063492063	336.165161133
0.774965986395	336.748199463
0.777868480726	337.527130127
0.780770975057	338.112548828
0.783673469388	338.503356934
0.786575963719	338.698944092
0.78947845805	338.698944092
0.792380952381	338.698944092
0.795283446712	338.89465332
0.798185941043	339.67855835
0.801088435374	340.857849121
0.803990929705	343.030487061
0.806893424036	344.420288086
0.809795918367	343.823974609
0.812698412698	344.619293213
0.815600907029	344.221405029
0.818503401361	355.948913574
0.821405895692	356.360351562
0.824308390023	357.804168701
0.827210884354	356.978424072
0.830113378685	356.566253662
0.833015873016	356.360351562
0.835918367347	355.127441406
0.838820861678	354.512573242
0.841723356009	352.267211914
0.84462585034	351.45425415
0.847528344671	351.251281738
0.850430839002	351.048461914
0.853333333333	350.238311768
0.856235827664	350.643157959
0.859138321995	349.430023193
0.862040816327	348.422271729
0.864943310658	348.221069336
0.867845804989	348.221069336
0.87074829932	348.221069336
0.873650793651	348.422271729
0.876553287982	347.819030762
0.879455782313	348.825012207
0.882358276644	348.825012207
0.885260770975	348.825012207
0.888163265306	349.026580811
0.891065759637	349.026580811
0.893968253968	349.026580811
0.896870748299	349.026580811
0.89977324263	349.430023193
0.902675736961	350.03604126
0.905578231293	350.238311768
0.908480725624	350.440673828
0.911383219955	350.643157959
0.914285714286	351.048461914
0.917188208617	351.048461914
0.920090702948	350.643157959
0.922993197279	350.440673828
0.92589569161	350.440673828
0.928798185941	350.440673828
0.931700680272	350.440673828
0.934603174603	350.643157959
0.937505668934	350.845733643
0.940408163265	351.048461914
0.943310657596	351.251281738
0.946213151927	351.251281738
0.949115646259	351.251281738
0.95201814059	351.251281738
0.954920634921	351.048461914
0.957823129252	350.643157959
0.960725623583	350.03604126
0.963628117914	349.631896973
0.966530612245	349.430023193
0.969433106576	349.026580811
0.972335600907	348.825012207
0.975238095238	348.623596191
0.978140589569	348.422271729
0.9810430839	348.221069336
0.983945578231	348.221069336
0.986848072562	348.422271729
0.989750566893	348.623596191
0.992653061224	349.026580811
0.995555555556	349.430023193
0.998458049887	349.631896973
1.00136054422	349.83392334
1.00426303855	349.631896973
1.00716553288	349.026580811
1.01006802721	349.228240967
1.01297052154	348.422271729
1.01587301587	348.221069336
1.0187755102	347.819030762
1.02167800454	347.016326904
1.02458049887	347.016326904
1.0274829932	347.216827393
1.03038548753	347.618164062
1.03328798186	347.216827393
1.03619047619	347.216827393
1.03909297052	347.016326904
1.04199546485	346.815948486
1.04489795918	347.016326904
1.04780045351	347.016326904
1.05070294785	347.016326904
1.05360544218	347.417449951
1.05650793651	347.618164062
1.05941043084	347.819030762
1.06231292517	348.623596191
1.0652154195	349.83392334
1.06811791383	350.845733643
1.07102040816	351.657318115
1.07392290249	352.063781738
1.07682539683	352.267211914
1.07972789116	352.470733643
1.08263038549	352.063781738
1.08553287982	352.063781738
1.08843537415	351.45425415
1.09133786848	350.845733643
1.09424036281	346.415496826
1.09714285714	342.436584473
1.10004535147	340.267700195
1.1029478458	339.090454102
1.10585034014	338.698944092
1.10875283447	341.64630127
1.1116553288	348.221069336
1.11455782313	353.286071777
1.11746031746	353.082061768
1.12036281179	352.267211914
1.12326530612	351.45425415
1.12616780045	351.048461914
1.12907029478	349.83392334
1.13197278912	348.019989014
1.13487528345	345.815734863
1.13777777778	344.619293213
1.14068027211	394.721984863
1.14358276644	395.635040283
1.14648526077	396.321228027
1.1493877551	396.779327393
1.15229024943	397.467498779
1.15519274376	397.467498779
1.1580952381	397.008575439
1.16099773243	397.008575439
1.16390022676	396.092346191
1.16680272109	395.178253174
1.16970521542	393.583618164
1.17260770975	391.995422363
1.17551020408	390.864929199
1.17841269841	390.639221191
1.18131519274	390.639221191
1.18421768707	390.639221191
1.18712018141	391.090789795
1.19002267574	391.316741943
1.19292517007	391.995422363
1.1958276644	392.675292969
1.19873015873	392.448547363
1.20163265306	391.995422363
1.20453514739	391.54284668
1.20743764172	390.188201904
1.21034013605	388.838256836
1.21324263039	388.165039062
1.21614512472	387.492980957
1.21904761905	388.389312744
1.22195011338	390.188201904
1.22485260771	389.962890625
1.22775510204	391.316741943
1.23065759637	392.221923828
1.2335600907	393.129211426
1.23646258503	393.583618164
1.23936507937	393.583618164
1.2422675737	392.448547363
1.24517006803	391.54284668
1.24807256236	390.413665771
1.25097505669	389.962890625
1.25387755102	389.962890625
1.25678004535	391.090789795
1.25968253968	393.35635376
1.26258503401	394.038574219
1.26548752834	395.406585693
1.26839002268	397.008575439
1.27129251701	398.156829834
1.27419501134	398.156829834
1.27709750567	400.463348389
1.28	398.61706543
1.28290249433	396.321228027
1.28580498866	393.811035156
1.28870748299	394.266235352
1.29160997732	392.902191162
1.29451247166	391.995422363
1.29741496599	391.995422363
1.30031746032	394.494049072
1.30321995465	393.583618164
1.30612244898	395.406585693
1.30902494331	396.550201416
1.31192743764	0.0
1.31482993197	0.0
1.3177324263	0.0
1.32063492063	0.0
1.32353741497	0.0
1.3264399093	0.0
1.32934240363	0.0
1.33224489796	0.0
1.33514739229	0.0
1.33804988662	0.0
1.34095238095	0.0
1.34385487528	0.0
1.34675736961	0.0
1.34965986395	0.0
1.35256235828	0.0
1.35546485261	0.0
1.35836734694	0.0
1.36126984127	0.0
1.3641723356	0.0
1.36707482993	0.0
1.36997732426	0.0
1.37287981859	0.0
1.37578231293	0.0
1.37868480726	0.0
1.38158730159	0.0
1.38448979592	0.0
1.38739229025	0.0
1.39029478458	0.0
1.39319727891	0.0
1.39609977324	0.0
1.39900226757	0.0
1.4019047619	0.0
1.40480725624	0.0
1.40770975057	0.0
1.4106122449	0.0
1.41351473923	0.0
1.41641723356	0.0
1.41931972789	0.0
1.42222222222	0.0
1.42512471655	0.0
1.42802721088	453.940612793
1.43092970522	453.416503906
1.43383219955	453.416503906
1.43673469388	453.940612793
1.43963718821	455.516571045
1.44253968254	460.01159668
1.44544217687	466.433105469
1.4483446712	469.406188965
1.45124716553	471.035858154
1.45414965986	471.852783203
1.4570521542	472.671173096
1.45995464853	473.764526367
1.46285714286	475.134796143
1.46575963719	475.409332275
1.46866213152	475.134796143
1.47156462585	474.312164307
1.47446712018	473.490966797
1.47736961451	471.580322266
1.48027210884	468.052459717
1.48317460317	462.142211914
1.48607709751	446.399932861
1.48897959184	467.24206543
1.49188208617	473.217529297
1.4947845805	477.887207031
1.49768707483	480.100646973
1.50058956916	480.933319092
1.50349206349	479.823394775
1.50639455782	479.823394775
1.50929705215	477.335449219
1.51219954649	476.233856201
1.51510204082	477.61126709
1.51800453515	478.439605713
1.52090702948	478.439605713
1.52380952381	478.716064453
1.52671201814	477.335449219
1.52961451247	475.958862305
1.5325170068	472.125427246
1.53541950113	467.512054443
1.53832199546	466.163757324
1.5412244898	465.625549316
1.54412698413	465.625549316
1.54702947846	465.356658936
1.54993197279	465.356658936
1.55283446712	466.433105469
1.55573696145	465.356658936
1.55863945578	466.433105469
1.56154195011	467.512054443
1.56444444444	469.677398682
1.56734693878	472.671173096
1.57024943311	474.860412598
1.57315192744	476.509033203
1.57605442177	476.784332275
1.5789569161	475.684020996
1.58185941043	472.125427246
1.58476190476	466.972259521
1.58766439909	458.684936523
1.59056689342	457.890777588
1.59346938776	458.420074463
1.59637188209	456.04309082
1.59927437642	453.416503906
1.60217687075	451.326080322
1.60507936508	449.76461792
1.60798185941	448.726654053
1.61088435374	448.208557129
1.61378684807	447.949737549
1.6166893424	448.726654053
1.61959183673	451.065460205
1.62249433107	453.940612793
1.6253968254	455.779754639
1.62829931973	456.83404541
1.63120181406	455.779754639
1.63410430839	453.940612793
1.63700680272	450.544677734
1.63990929705	447.949737549
1.64281179138	446.91595459
1.64571428571	446.142181396
1.64861678005	446.657867432
1.65151927438	447.949737549
1.65442176871	449.76461792
1.65732426304	451.586853027
1.66022675737	452.631469727
1.6631292517	453.154663086
1.66603174603	452.631469727
1.66893424036	452.37008667
1.67183673469	451.065460205
1.67473922902	449.50491333
1.67764172336	448.208557129
1.68054421769	447.432556152
1.68344671202	446.142181396
1.68634920635	446.142181396
1.68925170068	446.399932861
1.69215419501	446.91595459
1.69505668934	447.691070557
1.69795918367	448.208557129
1.700861678	448.467529297
1.70376417234	448.467529297
1.70666666667	448.208557129
1.709569161	447.691070557
1.71247165533	446.657867432
1.71537414966	445.369720459
1.71827664399	444.085327148
1.72117913832	442.804595947
1.72408163265	442.54888916
1.72698412698	442.54888916
1.72988662132	443.060455322
1.73278911565	443.828887939
1.73569160998	445.112548828
1.73859410431	446.142181396
1.74149659864	447.174163818
1.74439909297	447.691070557
1.7473015873	447.691070557
1.75020408163	447.174163818
1.75310657596	446.142181396
1.75600907029	445.112548828
1.75891156463	443.828887939
1.76181405896	442.54888916
1.76471655329	441.527557373
1.76761904762	440.763122559
1.77052154195	440.0
1.77342403628	439.491973877
1.77632653061	440.0
1.77922902494	440.0
1.78213151927	440.0
1.78503401361	440.254241943
1.78793650794	439.745910645
1.79083900227	438.984558105
1.7937414966	439.238189697
1.79664399093	439.491973877
1.79954648526	440.0
1.80244897959	442.804595947
1.80535147392	443.828887939
1.80825396825	444.341888428
1.81115646259	444.341888428
1.81405895692	444.085327148
1.81696145125	443.828887939
1.81986394558	442.804595947
1.82276643991	440.763122559
1.82566893424	438.477722168
1.82857142857	436.960693359
1.8314739229	435.448913574
1.83437641723	433.691802979
1.83727891156	434.193115234
1.8401814059	433.942382812
1.84308390023	433.441375732
1.84598639456	429.70211792
1.84888888889	431.692352295
1.85179138322	429.950378418
1.85469387755	424.03112793
1.85759637188	419.160705566
1.86049886621	416.024993896
1.86340136054	0.0
1.86630385488	0.0
1.86920634921	0.0
1.87210884354	0.0
1.87501133787	0.0
1.8779138322	0.0
1.88081632653	426.241241455
1.88371882086	426.241241455
1.88662131519	425.995117188
1.88952380952	424.521270752
1.89242630385	423.296966553
1.89532879819	422.808258057
1.89823129252	422.564086914
1.90113378685	421.832489014
1.90403628118	421.588897705
1.90693877551	429.205993652
1.90984126984	433.691802979
1.91274376417	432.690917969
1.9156462585	431.193939209
1.91854875283	429.453979492
1.92145124717	427.227203369
1.9243537415	423.541564941
1.92725623583	422.320098877
1.93015873016	420.858978271
1.93306122449	421.345428467
1.93596371882	421.102142334
1.93886621315	421.102142334
1.94176870748	421.588897705
1.94467120181	421.102142334
1.94757369615	421.832489014
1.95047619048	423.05255127
1.95337868481	424.276123047
1.95628117914	425.503265381
1.95918367347	426.241241455
1.9620861678	426.733947754
1.96498866213	426.733947754
1.96789115646	426.487518311
1.97079365079	425.74911499
1.97369614512	424.03112793
1.97659863946	421.588897705
1.97950113379	417.951873779
1.98240362812	415.064880371
1.98530612245	413.390014648
1.98820861678	412.674285889
1.99111111111	412.435974121
1.99401360544	412.435974121
1.99691609977	413.151306152
1.9998185941	413.628875732
2.00272108844	416.024993896
2.00562358277	419.402893066
2.0085260771	424.03112793
2.01142857143	426.487518311
2.01433106576	427.227203369
2.01723356009	426.733947754
2.02013605442	425.74911499
2.02303854875	424.521270752
2.02594104308	421.345428467
2.02884353741	415.544647217
2.03174603175	0.0
2.03464852608	0.0
2.03755102041	0.0
2.04045351474	0.0
2.04335600907	0.0
2.0462585034	0.0
2.04916099773	0.0
2.05206349206	0.0
2.05496598639	0.0
2.05786848073	0.0
2.06077097506	0.0
2.06367346939	0.0
2.06657596372	0.0
2.06947845805	0.0
2.07238095238	0.0
2.07528344671	0.0
2.07818594104	0.0
2.08108843537	0.0
2.08399092971	0.0
2.08689342404	0.0
2.08979591837	0.0
2.0926984127	0.0
2.09560090703	0.0
2.09850340136	377.55065918
2.10140589569	383.042236328
2.10430839002	383.485015869
2.10721088435	382.15826416
2.11011337868	379.299346924
2.11301587302	373.645507812
2.11591836735	373.645507812
2.11882086168	373.86138916
2.12172335601	373.645507812
2.12462585034	373.645507812
2.12752834467	373.645507812
2.130430839	374.077423096
2.13333333333	373.86138916
2.13623582766	374.942718506
2.139138322	375.37612915
2.14204081633	375.159362793
2.14494331066	374.50982666
2.14784580499	372.352783203
2.15074829932	370.636138916
2.15365079365	370.636138916
2.15655328798	371.708129883
2.15945578231	372.352783203
2.16235827664	372.998596191
2.16526077098	373.214111328
2.16816326531	371.708129883
2.17106575964	371.278961182
2.17396825397	368.927368164
2.1768707483	366.590698242
2.17977324263	364.268829346
2.18267573696	363.008544922
2.18557823129	361.961639404
2.18848072562	361.126312256
2.19138321995	360.292877197
2.19428571429	360.084838867
2.19718820862	359.87689209
2.20009070295	359.87689209
2.20299319728	359.6690979
2.20589569161	359.253814697
2.20879818594	359.6690979
2.21170068027	359.6690979
2.2146031746	360.084838867
2.21750566893	359.87689209
2.22040816327	358.631835938
2.2233106576	357.184661865
2.22621315193	358.010894775
2.22911564626	360.084838867
2.23201814059	362.3800354
2.23492063492	362.589416504
2.23782312925	359.87689209
2.24072562358	358.010894775
2.24362811791	357.391052246
2.24653061224	357.184661865
2.24943310658	358.424743652
2.25233560091	359.461395264
2.25523809524	360.709350586
2.25814058957	363.008544922
2.2610430839	366.167449951
2.26394557823	369.140533447
2.26684807256	369.567230225
2.26975056689	369.140533447
2.27265306122	368.075958252
2.27555555556	367.014434814
2.27845804989	365.322387695
2.28136054422	363.638153076
2.28426303855	361.752624512
2.28716553288	361.126312256
2.29006802721	361.334960938
2.29297052154	361.543731689
2.29587301587	361.961639404
2.2987755102	362.3800354
2.30167800454	362.3800354
2.30458049887	362.170776367
2.3074829932	361.752624512
2.31038548753	361.126312256
2.31328798186	360.709350586
2.31619047619	360.292877197
2.31909297052	360.084838867
2.32199546485	359.87689209
2.32489795918	360.084838867
2.32780045351	360.501068115
2.33070294785	360.709350586
2.33360544218	360.709350586
2.33650793651	360.501068115
2.33941043084	360.292877197
2.34231292517	360.084838867
2.3452154195	360.084838867
2.34811791383	360.292877197
2.35102040816	360.709350586
2.35392290249	361.543731689
2.35682539683	362.170776367
2.35972789116	362.3800354
2.36263038549	362.589416504
2.36553287982	362.589416504
2.36843537415	362.589416504
2.37133786848	362.170776367
2.37424036281	361.961639404
2.37714285714	361.334960938
2.38004535147	360.917785645
2.3829478458	360.501068115
2.38585034014	359.87689209
2.38875283447	359.461395264
2.3916553288	359.046386719
2.39455782313	358.631835938
2.39746031746	358.21774292
2.40036281179	357.804168701
2.40326530612	357.184661865
2.40616780045	356.772277832
2.40907029478	356.154571533
2.41197278912	355.127441406
2.41487528345	354.307861328
2.41777777778	353.898803711
2.42068027211	354.103271484
2.42358276644	353.69442749
2.42648526077	353.69442749
2.4293877551	353.898803711
2.43229024943	353.898803711
2.43519274376	354.512573242
2.4380952381	355.53793335
2.44099773243	356.566253662
2.44390022676	357.391052246
2.44680272109	358.21774292
2.44970521542	359.461395264
2.45260770975	360.501068115
2.45551020408	361.126312256
2.45841269841	362.589416504
2.46131519274	362.589416504
2.46421768707	362.798919678
2.46712018141	364.689880371
2.47002267574	364.900604248
2.47292517007	364.689880371
2.4758276644	365.322387695
2.47873015873	364.900604248
2.48163265306	365.955993652
2.48453514739	367.014434814
2.48743764172	367.438690186
2.49034013605	367.86340332
2.49324263039	367.651000977
2.49614512472	368.501434326
2.49904761905	368.927368164
2.50195011338	369.567230225
2.50485260771	369.994415283
2.50775510204	370.422119141
2.51065759637	370.422119141
2.5135600907	369.994415283
2.51646258503	369.353820801
2.51936507937	368.288635254
2.5222675737	367.014434814
2.52517006803	365.111450195
2.52807256236	363.008544922
2.53097505669	361.334960938
2.53387755102	358.010894775
2.53678004535	354.717407227
2.53968253968	349.228240967
2.54258503401	344.420288086
2.54548752834	340.267700195
2.54839002268	336.942749023
2.55129251701	338.112548828
2.55419501134	342.041229248
2.55709750567	349.83392334
2.56	353.490203857
2.56290249433	354.512573242
2.56580498866	354.717407227
2.56870748299	354.307861328
2.57160997732	353.69442749
2.57451247166	352.267211914
2.57741496599	349.631896973
2.58031746032	345.217010498
2.58321995465	340.267700195
2.58612244898	337.722167969
2.58902494331	337.137451172
2.59192743764	339.67855835
2.59482993197	342.436584473
2.5977324263	345.61605835
2.60063492063	348.019989014
2.60353741497	349.631896973
2.6064399093	351.048461914
2.60934240363	352.470733643
2.61224489796	353.286071777
2.61514739229	353.69442749
2.61804988662	353.286071777
2.62095238095	353.082061768
2.62385487528	353.69442749
2.62675736961	352.878173828
2.62965986395	347.417449951
2.63256235828	347.016326904
2.63546485261	343.823974609
2.63836734694	343.427001953
2.64126984127	344.221405029
2.6441723356	343.823974609
2.64707482993	347.417449951
2.64997732426	351.45425415
2.65287981859	351.251281738
2.65578231293	351.048461914
2.65868480726	350.643157959
2.66158730159	349.83392334
2.66448979592	348.825012207
2.66739229025	348.019989014
2.67029478458	347.216827393
2.67319727891	346.815948486
2.67609977324	346.615661621
2.67900226757	346.615661621
2.6819047619	346.815948486
2.68480725624	347.417449951
2.68770975057	348.019989014
2.6906122449	348.623596191
2.69351473923	349.228240967
2.69641723356	349.430023193
2.69931972789	349.631896973
2.70222222222	349.83392334
2.70512471655	349.83392334
2.70802721088	349.83392334
2.71092970522	350.03604126
2.71383219955	350.03604126
2.71673469388	349.83392334
2.71963718821	349.631896973
2.72253968254	349.228240967
2.72544217687	348.623596191
2.7283446712	348.019989014
2.73124716553	347.417449951
2.73414965986	347.216827393
2.7370521542	347.417449951
2.73995464853	347.819030762
2.74285714286	348.019989014
2.74575963719	348.623596191
2.74866213152	349.228240967
2.75156462585	349.631896973
2.75446712018	349.83392334
2.75736961451	349.83392334
2.76027210884	349.430023193
2.76317460317	349.228240967
2.76607709751	349.430023193
2.76897959184	349.430023193
2.77188208617	349.430023193
2.7747845805	349.430023193
2.77768707483	349.430023193
2.78058956916	349.631896973
2.78349206349	350.03604126
2.78639455782	350.238311768
2.78929705215	350.643157959
2.79219954649	351.048461914
2.79510204082	351.86050415
2.79800453515	352.267211914
2.80090702948	352.470733643
2.80380952381	353.286071777
2.80671201814	353.898803711
2.80961451247	353.082061768
2.8125170068	353.082061768
2.81541950113	353.082061768
2.81832199546	352.674407959
2.8212244898	354.512573242
2.82412698413	353.082061768
2.82702947846	351.45425415
2.82993197279	350.845733643
2.83283446712	350.238311768
2.83573696145	350.440673828
2.83863945578	350.643157959
2.84154195011	351.251281738
2.84444444444	351.86050415
2.84734693878	352.470733643
2.85024943311	353.082061768
2.85315192744	353.898803711
2.85605442177	354.717407227
2.8589569161	355.743377686
2.86185941043	357.597564697
2.86476190476	361.543731689
2.86766439909	372.137786865
2.87056689342	376.46182251
2.87346938776	379.080322266
2.87637188209	380.176727295
2.87927437642	380.396392822
2.88217687075	379.080322266
2.88507936508	376.244415283
2.88798185941	367.014434814
2.89088435374	357.597564697
2.89378684807	354.922363281
2.8966893424	354.103271484
2.89959183673	353.898803711
2.90249433107	355.127441406
2.9053968254	355.743377686
2.90829931973	355.743377686
2.91120181406	354.922363281
2.91410430839	352.674407959
2.91700680272	350.440673828
2.91990929705	350.03604126
2.92281179138	349.430023193
2.92571428571	348.623596191
2.92861678005	347.819030762
2.93151927438	451.065460205
2.93442176871	451.586853027
2.93732426304	451.586853027
2.94022675737	451.84777832
2.9431292517	453.154663086
2.94603174603	454.727905273
2.94893424036	455.779754639
2.95183673469	456.04309082
2.95473922902	454.465301514
2.95764172336	453.416503906
2.96054421769	451.586853027
2.96344671202	447.691070557
2.96634920635	445.884552002
2.96925170068	445.627075195
2.97215419501	446.142181396
2.97505668934	446.657867432
2.97795918367	447.432556152
2.980861678	447.949737549
2.98376417234	448.467529297
2.98666666667	448.726654053
2.989569161	448.985900879
2.99247165533	450.284515381
2.99537414966	452.108856201
2.99827664399	453.416503906
3.00117913832	454.465301514
3.00408163265	455.516571045
3.00698412698	455.516571045
3.00988662132	455.779754639
3.01278911565	456.04309082
3.01569160998	457.890777588
3.01859410431	458.949951172
3.02149659864	458.949951172
3.02439909297	458.420074463
3.0273015873	457.890777588
3.03020408163	456.83404541
3.03310657596	457.097991943
3.03600907029	456.570251465
3.03891156463	456.306610107
3.04181405896	455.779754639
3.04471655329	455.516571045
3.04761904762	454.727905273
3.05052154195	454.727905273
3.05342403628	453.678466797
3.05632653061	452.892974854
3.05922902494	452.37008667
3.06213151927	452.108856201
3.06503401361	452.631469727
3.06793650794	452.892974854
3.07083900227	452.892974854
3.0737414966	452.892974854
3.07664399093	452.631469727
3.07954648526	452.892974854
3.08244897959	452.631469727
3.08535147392	450.544677734
3.08825396825	449.50491333
3.09115646259	449.50491333
3.09405895692	449.245330811
3.09696145125	449.245330811
3.09986394558	448.985900879
3.10276643991	449.245330811
3.10566893424	449.76461792
3.10857142857	450.024505615
3.1114739229	450.284515381
3.11437641723	450.544677734
3.11727891156	450.544677734
3.1201814059	450.284515381
3.12308390023	450.284515381
3.12598639456	450.024505615
3.12888888889	450.024505615
3.13179138322	450.284515381
3.13469387755	450.544677734
3.13759637188	451.065460205
3.14049886621	451.84777832
3.14340136054	452.37008667
3.14630385488	452.631469727
3.14920634921	452.892974854
3.15210884354	452.631469727
3.15501133787	453.416503906
3.1579138322	452.892974854
3.16081632653	452.37008667
3.16371882086	452.108856201
3.16662131519	452.108856201
3.16952380952	452.37008667
3.17242630385	452.631469727
3.17532879819	451.84777832
3.17823129252	451.326080322
3.18113378685	451.065460205
3.18403628118	451.84777832
3.18693877551	451.84777832
3.18984126984	451.84777832
3.19274376417	451.84777832
3.1956462585	451.84777832
3.19854875283	452.37008667
3.20145124717	452.631469727
3.2043537415	453.154663086
3.20725623583	453.678466797
3.21015873016	453.678466797
3.21306122449	453.678466797
3.21596371882	453.678466797
3.21886621315	453.940612793
3.22176870748	454.465301514
3.22467120181	455.253540039
3.22757369615	456.04309082
3.23047619048	456.83404541
3.23337868481	457.626373291
3.23628117914	458.949951172
3.23918367347	459.745941162
3.2420861678	459.215148926
3.24498866213	459.745941162
3.24789115646	460.01159668
3.25079365079	460.01159668
3.25369614512	462.142211914
3.25659863946	462.409240723
3.25950113379	461.342071533
3.26240362812	460.809417725
3.26530612245	460.809417725
3.26820861678	460.809417725
3.27111111111	452.37008667
3.27401360544	451.586853027
3.27691609977	452.108856201
3.2798185941	452.37008667
3.28272108844	453.678466797
3.28562358277	458.949951172
3.2885260771	464.550964355
3.29142857143	466.163757324
3.29433106576	466.972259521
3.29723356009	465.894561768
3.30013605442	463.746643066
3.30303854875	461.608642578
3.30594104308	459.48046875
3.30884353741	460.543304443
3.31174603175	460.277374268
3.31464852608	459.745941162
3.31755102041	459.215148926
3.32045351474	458.420074463
3.32335600907	429.205993652
3.3262585034	436.960693359
3.32916099773	440.763122559
3.33206349206	440.763122559
3.33496598639	440.763122559
3.33786848073	440.508605957
3.34077097506	439.745910645
3.34367346939	437.971466064
3.34657596372	435.700531006
3.34947845805	432.441070557
3.35238095238	429.950378418
3.35528344671	428.215454102
3.35818594104	426.980499268
3.36108843537	426.487518311
3.36399092971	426.733947754
3.36689342404	427.227203369
3.36979591837	428.215454102
3.3726984127	428.958129883
3.37560090703	428.462860107
3.37850340136	426.733947754
3.38140589569	424.521270752
3.38430839002	422.076202393
3.38721088435	421.345428467
3.39011337868	421.102142334
3.39301587302	420.858978271
3.39591836735	422.076202393
3.39882086168	424.03112793
3.40172335601	425.257537842
3.40462585034	425.503265381
3.40752834467	425.503265381
3.410430839	425.257537842
3.41333333333	425.257537842
3.41623582766	425.257537842
3.419138322	425.503265381
3.42204081633	425.995117188
3.42494331066	426.241241455
3.42784580499	426.487518311
3.43074829932	425.995117188
3.43365079365	423.05255127
3.43655328798	422.564086914
3.43945578231	420.858978271
3.44235827664	422.808258057
3.44526077098	415.784759521
3.44816326531	406.288208008
3.45106575964	402.085845947
3.45396825397	402.550628662
3.4568707483	401.621612549
3.45977324263	400.694732666
3.46267573696	399.308441162
3.46557823129	397.237976074
3.46848072562	396.092346191
3.47138321995	395.178253174
3.47428571429	394.038574219
3.47718820862	396.550201416
3.48009070295	406.992858887
3.48299319728	409.58706665
3.48589569161	363.008544922
3.48879818594	362.798919678
3.49170068027	363.848236084
3.4946031746	368.075958252
3.49750566893	372.567932129
3.50040816327	374.50982666
3.5033106576	374.726196289
3.50621315193	374.293548584
3.50911564626	374.293548584
3.51201814059	374.293548584
3.51492063492	374.077423096
3.51782312925	373.645507812
3.52072562358	371.708129883
3.52362811791	369.994415283
3.52653061224	370.208190918
3.52943310658	369.994415283
3.53233560091	370.422119141
3.53523809524	371.278961182
3.53814058957	372.998596191
3.5410430839	375.593017578
3.54394557823	376.679321289
3.54684807256	376.679321289
3.54975056689	376.46182251
3.55265306122	376.027160645
3.55555555556	375.37612915
3.55845804989	374.942718506
3.56136054422	374.293548584
3.56426303855	373.645507812
3.56716553288	372.998596191
3.57006802721	372.567932129
3.57297052154	372.352783203
3.57587301587	372.352783203
3.5787755102	372.783203125
3.58167800454	373.429748535
3.58458049887	374.293548584
3.5874829932	374.50982666
3.59038548753	374.077423096
3.59328798186	373.429748535
3.59619047619	372.352783203
3.59909297052	371.493469238
3.60199546485	370.636138916
3.60489795918	370.208190918
3.60780045351	369.994415283
3.61070294785	370.208190918
3.61360544218	370.636138916
3.61650793651	371.278961182
3.61941043084	371.92288208
3.62231292517	372.137786865
3.6252154195	372.783203125
3.62811791383	373.214111328
3.63102040816	373.429748535
3.63392290249	373.645507812
3.63682539683	373.86138916
3.63972789116	374.077423096
3.64263038549	374.50982666
3.64553287982	374.942718506
3.64843537415	375.810028076
3.65133786848	376.244415283
3.65424036281	376.46182251
3.65714285714	376.027160645
3.66004535147	375.159362793
3.6629478458	374.077423096
3.66585034014	372.998596191
3.66875283447	371.708129883
3.6716553288	371.064544678
3.67455782313	369.780761719
3.67746031746	368.288635254
3.68036281179	368.075958252
3.68326530612	367.014434814
3.68616780045	366.167449951
3.68907029478	365.955993652
3.69197278912	365.744659424
3.69487528345	364.900604248
3.69777777778	364.479309082
3.70068027211	364.268829346
3.70358276644	364.268829346
3.70648526077	364.05847168
3.7093877551	363.848236084
3.71229024943	361.334960938
3.71519274376	359.6690979
3.7180952381	351.657318115
3.72099773243	346.815948486
3.72390022676	341.251861572
3.72680272109	339.090454102
3.72970521542	338.503356934
3.73260770975	338.698944092
3.73551020408	340.464294434
3.73841269841	343.030487061
3.74131519274	345.217010498
3.74421768707	345.61605835
3.74712018141	346.615661621
3.75002267574	347.016326904
3.75292517007	347.216827393
3.7558276644	347.819030762
3.75873015873	348.019989014
3.76163265306	347.618164062
3.76453514739	347.016326904
3.76743764172	345.217010498
3.77034013605	341.251861572
3.77324263039	335.971038818
3.77614512472	332.880310059
3.77904761905	330.771942139
3.78195011338	330.580932617
3.78485260771	328.866821289
3.78775510204	330.199249268
3.79065759637	332.112091064
3.7935600907	333.650299072
3.79646258503	334.615325928
3.79936507937	335.971038818
3.8022675737	337.722167969
3.80517006803	340.661010742
3.80807256236	343.22869873
3.81097505669	344.221405029
3.81387755102	344.619293213
3.81678004535	344.420288086
3.81968253968	343.823974609
3.82258503401	342.436584473
3.82548752834	340.857849121
3.82839002268	340.267700195
3.83129251701	340.267700195
3.83419501134	340.661010742
3.83709750567	340.661010742
3.84	341.054779053
3.84290249433	342.238861084
3.84580498866	343.427001953
3.84870748299	344.022644043
3.85160997732	344.420288086
3.85451247166	344.420288086
3.85741496599	343.625427246
3.86031746032	341.054779053
3.86321995465	341.054779053
3.86612244898	341.449005127
3.86902494331	341.449005127
3.87192743764	342.041229248
3.87482993197	345.416473389
3.8777324263	346.015533447
3.88063492063	345.815734863
3.88353741497	345.217010498
3.8864399093	344.022644043
3.88934240363	342.238861084
3.89224489796	341.64630127
3.89514739229	342.041229248
3.89804988662	342.238861084
3.90095238095	342.634429932
3.90385487528	343.030487061
3.90675736961	345.017669678
3.90965986395	346.815948486
3.91256235828	347.016326904
3.91546485261	346.815948486
3.91836734694	346.415496826
3.92126984127	345.815734863
3.9241723356	345.217010498
3.92707482993	344.619293213
3.92997732426	344.022644043
3.93287981859	343.823974609
3.93578231293	343.22869873
3.93868480726	343.030487061
3.94158730159	343.22869873
3.94448979592	343.22869873
3.94739229025	343.427001953
3.95029478458	343.823974609
3.95319727891	344.221405029
3.95609977324	344.619293213
3.95900226757	345.217010498
3.9619047619	345.416473389
3.96480725624	345.61605835
3.96770975057	345.815734863
3.9706122449	345.815734863
3.97351473923	345.61605835
3.97641723356	345.217010498
3.97931972789	344.619293213
3.98222222222	344.420288086
3.98512471655	344.022644043
3.98802721088	343.823974609
3.99092970522	343.427001953
3.99383219955	343.427001953
3.99673469388	343.823974609
3.99963718821	344.221405029
4.00253968254	345.017669678
4.00544217687	345.815734863
4.0083446712	346.215484619
4.01124716553	346.415496826
4.01414965986	346.015533447
4.0170521542	345.61605835
4.01995464853	345.61605835
4.02285714286	346.415496826
4.02575963719	347.819030762
4.02866213152	348.422271729
4.03156462585	348.019989014
4.03446712018	347.417449951
4.03736961451	345.815734863
4.04027210884	343.030487061
4.04317460317	339.090454102
4.04607709751	338.112548828
4.04897959184	338.112548828
4.05188208617	338.698944092
4.0547845805	339.090454102
4.05768707483	339.482421875
4.06058956916	340.07119751
4.06349206349	340.857849121
4.06639455782	341.843719482
4.06929705215	342.832427979
4.07219954649	344.221405029
4.07510204082	345.416473389
4.07800453515	346.615661621
4.08090702948	346.415496826
4.08380952381	346.215484619
4.08671201814	344.81842041
4.08961451247	343.030487061
4.0925170068	342.238861084
4.09541950113	343.030487061
4.09832199546	344.420288086
4.1012244898	345.61605835
4.10412698413	346.415496826
4.10702947846	346.815948486
4.10993197279	346.615661621
4.11283446712	346.015533447
4.11573696145	344.81842041
4.11863945578	343.030487061
4.12154195011	342.238861084
4.12444444444	344.022644043
4.12734693878	345.61605835
4.13024943311	346.215484619
4.13315192744	345.61605835
4.13605442177	345.017669678
4.1389569161	343.823974609
4.14185941043	342.832427979
4.14476190476	290.795227051
4.14766439909	291.636291504
4.15056689342	292.648773193
4.15346938776	293.325714111
4.15637188209	294.174102783
4.15927437642	295.024932861
4.16217687075	295.878234863
4.16507936508	297.592224121
4.16798185941	298.970581055
4.17088435374	300.355316162
4.17378684807	301.57220459
4.1766893424	302.794036865
4.17959183673	303.845275879
4.18249433107	304.548126221
4.1853968254	302.794036865
4.18829931973	300.181884766
4.19120181406	298.452941895
4.19410430839	297.592224121
4.19700680272	297.420379639
4.19990929705	297.420379639
4.20281179138	298.280609131
4.20571428571	299.489105225
4.20861678005	300.876251221
4.21151927438	301.398071289
4.21442176871	301.57220459
4.21732426304	301.920806885
4.22022675737	302.444458008
4.2231292517	302.968994141
4.22603174603	303.494476318
4.22893424036	304.020843506
4.23183673469	303.669830322
4.23473922902	302.444458008
4.23764172336	301.746459961
4.24054421769	301.224029541
4.24344671202	301.398071289
4.24634920635	301.57220459
4.24925170068	302.095245361
4.25215419501	302.61920166
4.25505668934	302.794036865
4.25795918367	302.444458008
4.260861678	301.920806885
4.26376417234	301.224029541
4.26666666667	300.702484131
4.269569161	300.181884766
4.27247165533	300.008544922
4.27537414966	299.835296631
4.27827664399	299.835296631
4.28117913832	300.008544922
4.28408163265	300.528869629
4.28698412698	301.050079346
4.28988662132	301.920806885
4.29278911565	303.144042969
4.29569160998	304.020843506
4.29859410431	305.076324463
4.30149659864	305.076324463
4.30439909297	304.724090576
4.3073015873	303.845275879
4.31020408163	302.794036865
4.31310657596	301.57220459
4.31600907029	300.528869629
4.31891156463	299.835296631
4.32181405896	299.489105225
4.32471655329	298.970581055
4.32761904762	298.625396729
4.33052154195	297.592224121
4.33342403628	284.646270752
4.33632653061	275.109039307
4.33922902494	270.5390625
4.34213151927	267.740783691
4.34503401361	267.431640625
4.34793650794	268.515167236
4.35083900227	270.5390625
4.3537414966	273.366577148
4.35664399093	274.950164795
4.35954648526	275.427032471
4.36244897959	275.268005371
4.36535147392	274.791412354
4.36825396825	273.840698242
4.37115646259	271.792114258
4.37405895692	269.136260986
4.37696145125	266.198699951
4.37986394558	264.81842041
4.38276643991	264.512664795
4.38566893424	264.81842041
4.38857142857	265.737823486
4.3914739229	267.12286377
4.39437641723	268.980865479
4.39727891156	269.603057861
4.4001814059	268.050262451
4.40308390023	265.584350586
4.40598639456	264.054718018
4.40888888889	262.382263184
4.41179138322	262.837341309
4.41469387755	264.512664795
4.41759637188	269.75881958
4.42049886621	275.745422363
4.42340136054	279.110595703
4.42630385488	280.241424561
4.42920634921	279.756225586
4.43210884354	278.627349854
4.43501133787	277.022583008
4.4379138322	275.745422363
4.44081632653	275.268005371
4.44371882086	276.383239746
4.44662131519	278.305633545
4.44952380952	280.889648438
4.45242630385	283.661468506
4.45532879819	285.799530029
4.45823129252	287.123260498
4.46113378685	287.953704834
4.46403628118	288.453125
4.46693877551	288.953399658
4.46984126984	289.287414551
4.47274376417	289.287414551
4.4756462585	289.287414551
4.47854875283	288.786529541
4.48145124717	287.621246338
4.4843537415	285.799530029
4.48725623583	284.317626953
4.49015873016	283.661468506
4.49306122449	283.661468506
4.49596371882	283.497680664
4.49886621315	283.006835938
4.50176870748	282.680084229
4.50467120181	282.843414307
4.50757369615	283.333953857
4.51047619048	283.661468506
4.51337868481	283.661468506
4.51628117914	283.333953857
4.51918367347	288.286560059
4.5220861678	285.634490967
4.52498866213	285.139953613
4.52789115646	284.975280762
4.53079365079	285.799530029
4.53369614512	284.975280762
4.53659863946	282.027709961
4.53950113379	282.680084229
4.54240362812	282.843414307
4.54530612245	282.843414307
4.54820861678	282.516845703
4.55111111111	282.35369873
4.55401360544	282.190643311
4.55691609977	282.027709961
4.5598185941	282.680084229
4.56272108844	283.497680664
4.56562358277	284.481903076
4.5685260771	285.3046875
4.57142857143	285.964660645
4.57433106576	286.460632324
4.57723356009	286.295196533
4.58013605442	286.295196533
4.58303854875	285.964660645
4.58594104308	285.469543457
4.58884353741	284.975280762
4.59174603175	284.317626953
4.59464852608	283.825378418
4.59755102041	283.333953857
4.60045351474	283.170349121
4.60335600907	283.006835938
4.6062585034	282.843414307
4.60916099773	283.006835938
4.61206349206	283.170349121
4.61496598639	283.333953857
4.61786848073	283.989349365
4.62077097506	284.81072998
4.62367346939	285.469543457
4.62657596372	285.799530029
4.62947845805	286.129882812
4.63238095238	286.295196533
4.63528344671	286.460632324
4.63818594104	286.295196533
4.64108843537	285.634490967
4.64399092971	284.481903076
4.64689342404	283.497680664
4.64979591837	283.006835938
4.6526984127	282.843414307
4.65560090703	282.843414307
4.65850340136	283.006835938
4.66140589569	283.006835938
4.66430839002	283.497680664
4.66721088435	283.661468506
4.67011337868	283.661468506
4.67301587302	283.661468506
4.67591836735	283.333953857
4.67882086168	282.027709961
4.68172335601	281.214355469
4.68462585034	281.051971436
4.68752834467	279.433227539
4.690430839	277.823791504
4.69333333333	283.170349121
4.69623582766	287.45513916
4.699138322	296.562652588
4.70204081633	297.248626709
4.70494331066	295.878234863
4.70784580499	294.004211426
4.71074829932	292.142089844
4.71365079365	290.627288818
4.71655328798	289.287414551
4.71945578231	288.286560059
4.72235827664	287.45513916
4.72526077098	286.957458496
4.72816326531	286.62612915
4.73106575964	286.791748047
4.73396825397	286.957458496
4.7368707483	282.516845703
4.73977324263	300.876251221
4.74267573696	303.669830322
4.74557823129	303.845275879
4.74848072562	304.196502686
4.75138321995	303.669830322
4.75428571429	300.528869629
4.75718820862	297.07699585
4.76009070295	296.220245361
4.76299319728	295.536621094
4.76589569161	294.854553223
4.76879818594	294.854553223
4.77170068027	294.854553223
4.7746031746	295.024932861
4.77750566893	295.536621094
4.78040816327	296.733978271
4.7833106576	298.280609131
4.78621315193	298.625396729
4.78911564626	299.835296631
4.79201814059	300.702484131
4.79492063492	301.224029541
4.79782312925	300.702484131
4.80072562358	300.008544922
4.80362811791	298.970581055
4.80653061224	297.936218262
4.80943310658	297.248626709
4.81233560091	296.562652588
4.81523809524	296.391387939
4.81814058957	296.220245361
4.8210430839	296.220245361
4.82394557823	296.733978271
4.82684807256	296.905426025
4.82975056689	297.420379639
4.83265306122	297.764160156
4.83555555556	297.592224121
4.83845804989	297.420379639
4.84136054422	296.905426025
4.84426303855	296.391387939
4.84716553288	295.878234863
4.85006802721	295.365936279
4.85297052154	295.024932861
4.85587301587	295.195404053
4.8587755102	295.195404053
4.86167800454	295.707366943
4.86458049887	296.220245361
4.8674829932	296.905426025
4.87038548753	296.905426025
4.87328798186	296.905426025
4.87619047619	296.905426025
4.87909297052	297.592224121
4.88199546485	298.452941895
4.88489795918	299.316162109
4.88780045351	300.528869629
4.89070294785	300.876251221
4.89360544218	301.050079346
4.89650793651	300.876251221
4.89941043084	300.528869629
4.90231292517	300.008544922
4.9052154195	299.662139893
4.90811791383	299.835296631
4.91102040816	299.489105225
4.91392290249	300.181884766
4.91682539683	301.224029541
4.91972789116	301.398071289
4.92263038549	301.920806885
4.92553287982	301.224029541
4.92843537415	299.662139893
4.93133786848	299.143310547
4.93424036281	298.452941895
4.93714285714	297.936218262
4.94004535147	297.420379639
4.9429478458	297.07699585
4.94585034014	296.905426025
4.94875283447	296.733978271
4.9516553288	296.733978271
4.95455782313	296.905426025
4.95746031746	296.905426025
4.96036281179	296.905426025
4.96326530612	297.07699585
4.96616780045	297.248626709
4.96907029478	297.592224121
4.97197278912	297.936218262
4.97487528345	298.280609131
4.97777777778	298.625396729
4.98068027211	298.625396729
4.98358276644	298.625396729
4.98648526077	298.452941895
4.9893877551	298.280609131
4.99229024943	299.143310547
4.99519274376	299.489105225
4.9980952381	300.355316162
5.00099773243	300.528869629
5.00390022676	300.355316162
5.00680272109	300.181884766
5.00970521542	299.835296631
5.01260770975	299.143310547
5.01551020408	298.625396729
5.01841269841	298.280609131
5.02131519274	297.764160156
5.02421768707	297.592224121
5.02712018141	297.248626709
5.03002267574	297.248626709
5.03292517007	296.562652588
5.0358276644	296.391387939
5.03873015873	296.220245361
5.04163265306	296.391387939
5.04453514739	296.733978271
5.04743764172	298.452941895
5.05034013605	298.970581055
5.05324263039	299.835296631
5.05614512472	300.702484131
5.05904761905	301.224029541
5.06195011338	301.746459961
5.06485260771	302.095245361
5.06775510204	302.269805908
5.07065759637	302.269805908
5.0735600907	302.269805908
5.07646258503	302.269805908
5.07936507937	302.095245361
5.0822675737	302.269805908
5.08517006803	302.269805908
5.08807256236	302.269805908
5.09097505669	302.269805908
5.09387755102	302.095245361
5.09678004535	301.920806885
5.09968253968	301.746459961
5.10258503401	301.57220459
5.10548752834	301.398071289
5.10839002268	301.398071289
5.11129251701	301.050079346
5.11419501134	301.050079346
5.11709750567	301.050079346
5.12	301.050079346
5.12290249433	300.876251221
5.12580498866	301.050079346
5.12870748299	301.398071289
5.13160997732	301.57220459
5.13451247166	302.095245361
5.13741496599	302.269805908
5.14031746032	303.319213867
5.14321995465	304.196502686
5.14612244898	306.312347412
5.14902494331	308.621124268
5.15192743764	310.588317871
5.15482993197	311.486633301
5.1577324263	312.387542725
5.16063492063	312.748626709
5.16353741497	312.20715332
5.1664399093	311.306762695
5.16934240363	309.513763428
5.17224489796	307.908905029
5.17514739229	307.020904541
5.17804988662	306.489318848
5.18095238095	306.135467529
5.18385487528	306.135467529
5.18675736961	306.312347412
5.18965986395	306.489318848
5.19256235828	0.0
5.19546485261	0.0
5.19836734694	0.0
5.20126984127	0.0
5.2041723356	0.0
5.20707482993	0.0
5.20997732426	0.0
5.21287981859	0.0
5.21578231293	0.0
5.21868480726	0.0
5.22158730159	0.0
5.22448979592	0.0
5.22739229025	0.0
5.23029478458	0.0
5.23319727891	0.0
5.23609977324	0.0
5.23900226757	0.0
5.2419047619	0.0
5.24480725624	0.0
5.24770975057	0.0
5.2506122449	0.0
5.25351473923	0.0
5.25641723356	0.0
5.25931972789	0.0
5.26222222222	0.0
5.26512471655	0.0
5.26802721088	0.0
5.27092970522	0.0
5.27383219955	0.0
5.27673469388	0.0
5.27963718821	0.0
5.28253968254	0.0
5.28544217687	0.0
5.2883446712	0.0
5.29124716553	0.0
5.29414965986	0.0
5.2970521542	0.0
5.29995464853	0.0
5.30285714286	0.0
5.30575963719	0.0
5.30866213152	0.0
5.31156462585	0.0
5.31446712018	0.0
5.31736961451	0.0
5.32027210884	0.0
5.32317460317	0.0
5.32607709751	0.0
5.32897959184	0.0
5.33188208617	0.0
5.3347845805	0.0
5.33768707483	0.0
