0.0	0.0
0.00290249433107	0.0
0.00580498866213	0.0
0.0087074829932	0.0
0.0116099773243	0.0
0.0145124716553	0.0
0.0174149659864	0.0
0.0203174603175	0.0
0.0232199546485	0.0
0.0261224489796	0.0
0.0290249433107	0.0
0.0319274376417	0.0
0.0348299319728	0.0
0.0377324263039	0.0
0.0406349206349	0.0
0.043537414966	0.0
0.0464399092971	0.0
0.0493424036281	0.0
0.0522448979592	0.0
0.0551473922902	0.0
0.0580498866213	0.0
0.0609523809524	0.0
0.0638548752834	0.0
0.0667573696145	0.0
0.0696598639456	0.0
0.0725623582766	0.0
0.0754648526077	0.0
0.0783673469388	0.0
0.0812698412698	0.0
0.0841723356009	0.0
0.087074829932	313.834411621
0.089977324263	314.923950195
0.0928798185941	315.105926514
0.0957823129252	314.56036377
0.0986848072562	313.472045898
0.101587301587	310.588317871
0.104489795918	307.375793457
0.107392290249	297.592224121
0.11029478458	294.344055176
0.113197278912	293.156341553
0.116099773243	292.479766846
0.119002267574	292.310882568
0.121904761905	292.479766846
0.124807256236	292.817840576
0.127709750567	293.325714111
0.130612244898	293.664764404
0.133514739229	293.834442139
0.13641723356	293.664764404
0.139319727891	293.325714111
0.142222222222	292.817840576
0.145124716553	293.156341553
0.148027210884	293.325714111
0.150929705215	294.004211426
0.153832199546	294.684295654
0.156734693878	295.024932861
0.159637188209	295.195404053
0.16253968254	295.195404053
0.165442176871	295.024932861
0.168344671202	294.854553223
0.171247165533	294.684295654
0.174149659864	294.854553223
0.177052154195	295.024932861
0.179954648526	295.536621094
0.182857142857	295.878234863
0.185759637188	296.220245361
0.188662131519	296.391387939
0.19156462585	296.391387939
0.194467120181	296.049194336
0.197369614512	295.536621094
0.200272108844	295.024932861
0.203174603175	294.514129639
0.206077097506	294.344055176
0.208979591837	294.174102783
0.211882086168	294.344055176
0.214784580499	294.514129639
0.21768707483	294.854553223
0.220589569161	295.024932861
0.223492063492	295.195404053
0.226394557823	295.195404053
0.229297052154	295.024932861
0.232199546485	294.854553223
0.235102040816	295.024932861
0.238004535147	295.024932861
0.240907029478	295.195404053
0.24380952381	295.365936279
0.246712018141	295.365936279
0.249614512472	295.365936279
0.252517006803	295.365936279
0.255419501134	295.195404053
0.258321995465	295.195404053
0.261224489796	295.024932861
0.264126984127	295.024932861
0.267029478458	295.024932861
0.269931972789	295.024932861
0.27283446712	295.024932861
0.275736961451	295.024932861
0.278639455782	295.024932861
0.281541950113	294.854553223
0.284444444444	294.854553223
0.287346938776	294.684295654
0.290249433107	294.684295654
0.293151927438	294.514129639
0.296054421769	294.174102783
0.2989569161	294.004211426
0.301859410431	294.004211426
0.304761904762	293.834442139
0.307664399093	293.834442139
0.310566893424	293.834442139
0.313469387755	294.004211426
0.316371882086	294.004211426
0.319274376417	294.004211426
0.322176870748	294.174102783
0.325079365079	294.174102783
0.32798185941	294.174102783
0.330884353741	294.174102783
0.333786848073	294.174102783
0.336689342404	294.004211426
0.339591836735	294.004211426
0.342494331066	294.004211426
0.345396825397	294.004211426
0.348299319728	294.004211426
0.351201814059	294.004211426
0.35410430839	294.174102783
0.357006802721	294.174102783
0.359909297052	294.344055176
0.362811791383	294.344055176
0.365714285714	294.344055176
0.368616780045	294.344055176
0.371519274376	294.344055176
0.374421768707	294.344055176
0.377324263039	294.684295654
0.38022675737	294.854553223
0.383129251701	294.854553223
0.386031746032	294.854553223
0.388934240363	294.854553223
0.391836734694	294.854553223
0.394739229025	294.684295654
0.397641723356	294.514129639
0.400544217687	294.514129639
0.403446712018	294.344055176
0.406349206349	294.174102783
0.40925170068	294.174102783
0.412154195011	294.344055176
0.415056689342	294.344055176
0.417959183673	294.344055176
0.420861678005	294.344055176
0.423764172336	294.514129639
0.426666666667	294.514129639
0.429569160998	294.514129639
0.432471655329	294.684295654
0.43537414966	294.684295654
0.438276643991	294.684295654
0.441179138322	294.514129639
0.444081632653	294.514129639
0.446984126984	294.514129639
0.449886621315	294.514129639
0.452789115646	294.514129639
0.455691609977	294.514129639
0.458594104308	294.514129639
0.461496598639	294.514129639
0.464399092971	294.514129639
0.467301587302	294.344055176
0.470204081633	294.344055176
0.473106575964	294.344055176
0.476009070295	294.514129639
0.478911564626	294.514129639
0.481814058957	294.514129639
0.484716553288	294.514129639
0.487619047619	294.514129639
0.49052154195	294.514129639
0.493424036281	294.514129639
0.496326530612	294.514129639
0.499229024943	294.514129639
0.502131519274	294.344055176
0.505034013605	294.344055176
0.507936507937	294.344055176
0.510839002268	294.514129639
0.513741496599	294.514129639
0.51664399093	294.514129639
0.519546485261	294.514129639
0.522448979592	294.514129639
0.525351473923	294.344055176
0.528253968254	294.174102783
0.531156462585	293.834442139
0.534058956916	293.834442139
0.536961451247	293.834442139
0.539863945578	294.004211426
0.542766439909	294.344055176
0.54566893424	294.854553223
0.548571428571	295.365936279
0.551473922902	296.391387939
0.554376417234	297.420379639
0.557278911565	298.625396729
0.560181405896	299.489105225
0.563083900227	300.008544922
0.565986394558	297.420379639
0.568888888889	292.817840576
0.57179138322	290.795227051
0.574693877551	332.688079834
0.577596371882	332.880310059
0.580498866213	331.920288086
0.583401360544	329.24697876
0.586303854875	323.590698242
0.589206349206	320.799133301
0.592108843537	321.726959229
0.595011337868	323.777679443
0.5979138322	326.783874512
0.600816326531	329.24697876
0.603718820862	330.963043213
0.606621315193	331.728637695
0.609523809524	331.728637695
0.612426303855	330.580932617
0.615328798186	328.487121582
0.618231292517	326.029724121
0.621133786848	324.151947021
0.624036281179	324.151947021
0.62693877551	325.277313232
0.629841269841	327.539794922
0.632743764172	329.437225342
0.635646258503	331.154296875
0.638548752834	332.112091064
0.641451247166	332.303955078
0.644353741497	331.728637695
0.647256235828	330.390045166
0.650158730159	328.676940918
0.65306122449	327.350646973
0.655963718821	326.783874512
0.658866213152	327.161621094
0.661768707483	328.487121582
0.664671201814	329.818023682
0.667573696145	331.537078857
0.670476190476	332.688079834
0.673378684807	333.265075684
0.676281179138	332.112091064
0.679183673469	329.24697876
0.6820861678	326.595184326
0.684988662132	324.526641846
0.687891156463	323.590698242
0.690793650794	324.151947021
0.693696145125	326.218109131
0.696598639456	330.008575439
0.699501133787	335.002105713
0.702403628118	337.527130127
0.705306122449	338.503356934
0.70820861678	338.503356934
0.711111111111	338.307891846
0.714013605442	337.722167969
0.716916099773	336.359375
0.719818594104	335.971038818
0.722721088435	334.808654785
0.725623582766	331.728637695
0.728526077098	329.818023682
0.731428571429	329.056854248
0.73433106576	329.056854248
0.737233560091	329.056854248
0.740136054422	329.24697876
0.743038548753	330.008575439
0.745941043084	332.880310059
0.748843537415	335.583129883
0.751746031746	337.527130127
0.754648526077	340.857849121
0.757551020408	343.427001953
0.760453514739	345.416473389
0.76335600907	346.815948486
0.766258503401	347.618164062
0.769160997732	348.825012207
0.772063492063	353.082061768
0.774965986395	354.922363281
0.777868480726	355.332641602
0.780770975057	355.332641602
0.783673469388	354.922363281
0.786575963719	353.286071777
0.78947845805	342.832427979
0.792380952381	342.832427979
0.795283446712	343.22869873
0.798185941043	343.427001953
0.801088435374	343.427001953
0.803990929705	343.427001953
0.806893424036	343.625427246
0.809795918367	344.221405029
0.812698412698	346.215484619
0.815600907029	348.623596191
0.818503401361	350.845733643
0.821405895692	352.674407959
0.824308390023	353.898803711
0.827210884354	354.512573242
0.830113378685	354.512573242
0.833015873016	353.69442749
0.835918367347	351.86050415
0.838820861678	349.631896973
0.841723356009	347.417449951
0.84462585034	345.61605835
0.847528344671	344.022644043
0.850430839002	343.030487061
0.853333333333	342.832427979
0.856235827664	342.436584473
0.859138321995	342.634429932
0.862040816327	342.634429932
0.864943310658	342.634429932
0.867845804989	340.661010742
0.87074829932	352.267211914
0.873650793651	354.512573242
0.876553287982	355.53793335
0.879455782313	356.154571533
0.882358276644	355.332641602
0.885260770975	351.45425415
0.888163265306	345.815734863
0.891065759637	345.217010498
0.893968253968	344.619293213
0.896870748299	344.420288086
0.89977324263	344.420288086
0.902675736961	344.420288086
0.905578231293	345.017669678
0.908480725624	345.61605835
0.911383219955	346.415496826
0.914285714286	347.216827393
0.917188208617	348.221069336
0.920090702948	349.228240967
0.922993197279	349.83392334
0.92589569161	350.238311768
0.928798185941	350.238311768
0.931700680272	350.238311768
0.934603174603	349.631896973
0.937505668934	348.825012207
0.940408163265	348.221069336
0.943310657596	348.221069336
0.946213151927	348.623596191
0.949115646259	429.70211792
0.95201814059	427.721038818
0.954920634921	425.257537842
0.957823129252	423.05255127
0.960725623583	420.373046875
0.963628117914	417.469329834
0.966530612245	415.3046875
0.969433106576	414.346252441
0.972335600907	413.390014648
0.975238095238	412.674285889
0.978140589569	411.721893311
0.9810430839	412.435974121
0.983945578231	414.585662842
0.986848072562	416.265350342
0.989750566893	416.505889893
0.992653061224	416.024993896
0.995555555556	414.825195312
0.998458049887	413.867858887
1.00136054422	413.390014648
1.00426303855	412.674285889
1.00716553288	412.197814941
1.01006802721	412.435974121
1.01297052154	413.628875732
1.01587301587	415.544647217
1.0187755102	417.469329834
1.02167800454	418.676757812
1.02458049887	418.676757812
1.0274829932	418.193359375
1.03038548753	417.951873779
1.03328798186	418.193359375
1.03619047619	418.434997559
1.03909297052	418.434997559
1.04199546485	418.676757812
1.04489795918	418.676757812
1.04780045351	418.918670654
1.05070294785	418.676757812
1.05360544218	418.193359375
1.05650793651	417.469329834
1.05941043084	417.469329834
1.06231292517	417.951873779
1.0652154195	418.193359375
1.06811791383	417.710540771
1.07102040816	416.505889893
1.07392290249	415.3046875
1.07682539683	414.346252441
1.07972789116	413.867858887
1.08263038549	413.867858887
1.08553287982	413.390014648
1.08843537415	413.628875732
1.09133786848	414.346252441
1.09424036281	414.825195312
1.09714285714	414.825195312
1.10004535147	414.106994629
1.1029478458	413.151306152
1.10585034014	412.197814941
1.10875283447	412.197814941
1.1116553288	412.674285889
1.11455782313	413.390014648
1.11746031746	414.346252441
1.12036281179	415.3046875
1.12326530612	416.265350342
1.12616780045	416.746520996
1.12907029478	417.228240967
1.13197278912	417.228240967
1.13487528345	417.228240967
1.13777777778	416.987335205
1.14068027211	416.746520996
1.14358276644	416.746520996
1.14648526077	416.746520996
1.1493877551	416.746520996
1.15229024943	416.746520996
1.15519274376	416.746520996
1.1580952381	416.987335205
1.16099773243	416.987335205
1.16390022676	416.987335205
1.16680272109	416.746520996
1.16970521542	416.746520996
1.17260770975	416.746520996
1.17551020408	416.746520996
1.17841269841	416.505889893
1.18131519274	416.505889893
1.18421768707	416.265350342
1.18712018141	416.265350342
1.19002267574	416.024993896
1.19292517007	416.024993896
1.1958276644	415.784759521
1.19873015873	415.544647217
1.20163265306	415.3046875
1.20453514739	415.064880371
1.20743764172	414.585662842
1.21034013605	413.390014648
1.21324263039	411.246520996
1.21614512472	409.58706665
1.21904761905	408.405853271
1.22195011338	409.11416626
1.22485260771	410.297454834
1.22775510204	413.628875732
1.23065759637	419.645233154
1.2335600907	426.487518311
1.23646258503	430.198822021
1.23936507937	432.191345215
1.2422675737	433.441375732
1.24517006803	434.695007324
1.24807256236	436.456207275
1.25097505669	438.224517822
1.25387755102	440.254241943
1.25678004535	441.527557373
1.25968253968	442.293334961
1.26258503401	442.804595947
1.26548752834	442.804595947
1.26839002268	442.54888916
1.27129251701	442.03793335
1.27419501134	441.272613525
1.27709750567	440.508605957
1.28	440.0
1.28290249433	439.745910645
1.28580498866	439.745910645
1.28870748299	440.0
1.29160997732	440.508605957
1.29451247166	441.272613525
1.29741496599	442.293334961
1.30031746032	443.060455322
1.30321995465	443.828887939
1.30612244898	444.085327148
1.30902494331	443.828887939
1.31192743764	443.060455322
1.31482993197	442.03793335
1.3177324263	441.017791748
1.32063492063	440.0
1.32353741497	438.984558105
1.3264399093	438.224517822
1.32934240363	437.718536377
1.33224489796	437.718536377
1.33514739229	437.718536377
1.33804988662	438.224517822
1.34095238095	438.477722168
1.34385487528	439.238189697
1.34675736961	439.745910645
1.34965986395	440.508605957
1.35256235828	441.017791748
1.35546485261	441.272613525
1.35836734694	441.272613525
1.36126984127	441.272613525
1.3641723356	441.017791748
1.36707482993	440.508605957
1.36997732426	439.745910645
1.37287981859	439.238189697
1.37578231293	438.477722168
1.37868480726	438.224517822
1.38158730159	437.971466064
1.38448979592	437.465789795
1.38739229025	437.718536377
1.39029478458	437.465789795
1.39319727891	437.465789795
1.39609977324	437.465789795
1.39900226757	437.465789795
1.4019047619	437.718536377
1.40480725624	437.718536377
1.40770975057	437.971466064
1.4106122449	438.224517822
1.41351473923	438.224517822
1.41641723356	438.477722168
1.41931972789	438.477722168
1.42222222222	438.731048584
1.42512471655	439.238189697
1.42802721088	439.491973877
1.43092970522	439.745910645
1.43383219955	440.0
1.43673469388	440.508605957
1.43963718821	440.508605957
1.44253968254	440.508605957
1.44544217687	440.254241943
1.4483446712	440.254241943
1.45124716553	440.0
1.45414965986	439.745910645
1.4570521542	439.491973877
1.45995464853	439.491973877
1.46285714286	439.238189697
1.46575963719	439.491973877
1.46866213152	439.491973877
1.47156462585	439.745910645
1.47446712018	440.254241943
1.47736961451	440.254241943
1.48027210884	440.254241943
1.48317460317	440.254241943
1.48607709751	440.254241943
1.48897959184	440.0
1.49188208617	440.0
1.4947845805	439.745910645
1.49768707483	439.491973877
1.50058956916	438.731048584
1.50349206349	438.477722168
1.50639455782	437.971466064
1.50929705215	437.465789795
1.51219954649	436.708374023
1.51510204082	436.204162598
1.51800453515	435.448913574
1.52090702948	434.946166992
1.52380952381	434.695007324
1.52671201814	435.700531006
1.52961451247	438.984558105
1.5325170068	442.293334961
1.53541950113	444.341888428
1.53832199546	445.369720459
1.5412244898	445.112548828
1.54412698413	442.804595947
1.54702947846	438.731048584
1.54993197279	433.191070557
1.55283446712	430.696075439
1.55573696145	429.950378418
1.55863945578	429.70211792
1.56154195011	428.710418701
1.56444444444	426.980499268
1.56734693878	419.402893066
1.57024943311	412.912719727
1.57315192744	410.060516357
1.57605442177	408.877929688
1.5789569161	408.641815186
1.58185941043	410.771728516
1.58476190476	415.544647217
1.58766439909	422.076202393
1.59056689342	423.296966553
1.59346938776	423.05255127
1.59637188209	421.102142334
1.59927437642	418.676757812
1.60217687075	416.505889893
1.60507936508	415.3046875
1.60798185941	415.064880371
1.61088435374	416.024993896
1.61378684807	417.951873779
1.6166893424	421.832489014
1.61959183673	425.011993408
1.62249433107	426.733947754
1.6253968254	427.721038818
1.62829931973	426.487518311
1.63120181406	421.345428467
1.63410430839	415.544647217
1.63700680272	413.151306152
1.63990929705	412.674285889
1.64281179138	413.151306152
1.64571428571	415.064880371
1.64861678005	419.402893066
1.65151927438	425.503265381
1.65442176871	427.968170166
1.65732426304	428.710418701
1.66022675737	429.205993652
1.6631292517	429.70211792
1.66603174603	431.443054199
1.66893424036	440.0
1.67183673469	444.085327148
1.67473922902	445.369720459
1.67764172336	444.855529785
1.68054421769	443.316436768
1.68344671202	438.984558105
1.68634920635	427.968170166
1.68925170068	426.980499268
1.69215419501	427.968170166
1.69505668934	428.710418701
1.69795918367	428.462860107
1.700861678	429.205993652
1.70376417234	431.193939209
1.70666666667	440.0
1.709569161	445.884552002
1.71247165533	447.949737549
1.71537414966	447.949737549
1.71827664399	447.949737549
1.72117913832	445.112548828
1.72408163265	435.700531006
1.72698412698	428.710418701
1.72988662132	427.474060059
1.73278911565	426.733947754
1.73569160998	425.74911499
1.73859410431	424.521270752
1.74149659864	422.808258057
1.74439909297	420.615936279
1.7473015873	417.951873779
1.75020408163	416.265350342
1.75310657596	414.825195312
1.75600907029	413.867858887
1.75891156463	413.390014648
1.76181405896	413.151306152
1.76471655329	413.628875732
1.76761904762	414.346252441
1.77052154195	415.3046875
1.77342403628	415.784759521
1.77632653061	416.265350342
1.77922902494	416.746520996
1.78213151927	417.469329834
1.78503401361	417.951873779
1.78793650794	418.193359375
1.79083900227	417.951873779
1.7937414966	416.987335205
1.79664399093	415.064880371
1.79954648526	412.912719727
1.80244897959	411.246520996
1.80535147392	410.771728516
1.80825396825	411.009063721
1.81115646259	412.197814941
1.81405895692	414.825195312
1.81696145125	419.402893066
1.81986394558	422.564086914
1.82276643991	423.7862854
1.82566893424	422.808258057
1.82857142857	420.615936279
1.8314739229	416.987335205
1.83437641723	412.435974121
1.83727891156	407.934326172
1.8401814059	355.127441406
1.84308390023	351.048461914
1.84598639456	349.430023193
1.84888888889	348.623596191
1.85179138322	348.019989014
1.85469387755	347.417449951
1.85759637188	347.216827393
1.86049886621	347.819030762
1.86340136054	348.825012207
1.86630385488	350.03604126
1.86920634921	351.048461914
1.87210884354	351.45425415
1.87501133787	351.657318115
1.8779138322	351.86050415
1.88081632653	352.267211914
1.88371882086	352.674407959
1.88662131519	352.674407959
1.88952380952	352.674407959
1.89242630385	352.878173828
1.89532879819	353.082061768
1.89823129252	352.674407959
1.90113378685	352.470733643
1.90403628118	352.267211914
1.90693877551	351.86050415
1.90984126984	351.657318115
1.91274376417	351.45425415
1.9156462585	351.45425415
1.91854875283	351.45425415
1.92145124717	351.251281738
1.9243537415	351.657318115
1.92725623583	351.86050415
1.93015873016	352.267211914
1.93306122449	352.267211914
1.93596371882	352.063781738
1.93886621315	352.063781738
1.94176870748	351.86050415
1.94467120181	351.657318115
1.94757369615	351.657318115
1.95047619048	351.86050415
1.95337868481	351.86050415
1.95628117914	352.063781738
1.95918367347	351.86050415
1.9620861678	351.45425415
1.96498866213	351.251281738
1.96789115646	350.845733643
1.97079365079	350.643157959
1.97369614512	350.238311768
1.97659863946	350.03604126
1.97950113379	349.430023193
1.98240362812	348.825012207
1.98530612245	348.422271729
1.98820861678	348.221069336
1.99111111111	348.019989014
1.99401360544	348.221069336
1.99691609977	348.825012207
1.9998185941	349.228240967
2.00272108844	349.83392334
2.00562358277	350.238311768
2.0085260771	350.440673828
2.01142857143	350.845733643
2.01433106576	350.845733643
2.01723356009	350.845733643
2.02013605442	350.643157959
2.02303854875	350.643157959
2.02594104308	350.238311768
2.02884353741	350.238311768
2.03174603175	350.238311768
2.03464852608	350.03604126
2.03755102041	350.03604126
2.04045351474	350.03604126
2.04335600907	350.238311768
2.0462585034	350.238311768
2.04916099773	350.238311768
2.05206349206	350.03604126
2.05496598639	350.03604126
2.05786848073	349.83392334
2.06077097506	349.83392334
2.06367346939	350.03604126
2.06657596372	350.03604126
2.06947845805	350.03604126
2.07238095238	350.238311768
2.07528344671	350.238311768
2.07818594104	350.238311768
2.08108843537	350.238311768
2.08399092971	350.238311768
2.08689342404	350.03604126
2.08979591837	349.631896973
2.0926984127	349.430023193
2.09560090703	348.825012207
2.09850340136	348.422271729
2.10140589569	348.221069336
2.10430839002	348.019989014
2.10721088435	348.221069336
2.11011337868	348.825012207
2.11301587302	349.430023193
2.11591836735	350.03604126
2.11882086168	350.643157959
2.12172335601	351.251281738
2.12462585034	351.45425415
2.12752834467	351.048461914
2.130430839	350.845733643
2.13333333333	350.440673828
2.13623582766	349.83392334
2.139138322	349.430023193
2.14204081633	349.026580811
2.14494331066	348.825012207
2.14784580499	348.825012207
2.15074829932	348.825012207
2.15365079365	349.026580811
2.15655328798	349.430023193
2.15945578231	349.430023193
2.16235827664	349.631896973
2.16526077098	349.83392334
2.16816326531	350.03604126
2.17106575964	350.440673828
2.17396825397	350.238311768
2.1768707483	350.238311768
2.17977324263	350.238311768
2.18267573696	350.238311768
2.18557823129	350.238311768
2.18848072562	349.83392334
2.19138321995	349.631896973
2.19428571429	349.631896973
2.19718820862	349.430023193
2.20009070295	349.430023193
2.20299319728	349.430023193
2.20589569161	349.631896973
2.20879818594	349.631896973
2.21170068027	349.631896973
2.2146031746	350.03604126
2.21750566893	350.03604126
2.22040816327	350.238311768
2.2233106576	350.440673828
2.22621315193	350.440673828
2.22911564626	350.643157959
2.23201814059	350.643157959
2.23492063492	350.643157959
2.23782312925	350.440673828
2.24072562358	350.238311768
2.24362811791	350.238311768
2.24653061224	350.03604126
2.24943310658	350.03604126
2.25233560091	349.83392334
2.25523809524	349.83392334
2.25814058957	349.83392334
2.2610430839	350.03604126
2.26394557823	350.03604126
2.26684807256	350.238311768
2.26975056689	350.440673828
2.27265306122	350.440673828
2.27555555556	350.440673828
2.27845804989	350.238311768
2.28136054422	350.238311768
2.28426303855	350.238311768
2.28716553288	350.238311768
2.29006802721	350.03604126
2.29297052154	350.03604126
2.29587301587	350.03604126
2.2987755102	349.83392334
2.30167800454	349.83392334
2.30458049887	349.631896973
2.3074829932	349.631896973
2.31038548753	349.430023193
2.31328798186	349.631896973
2.31619047619	349.631896973
2.31909297052	349.631896973
2.32199546485	349.83392334
2.32489795918	349.83392334
2.32780045351	350.03604126
2.33070294785	350.238311768
2.33360544218	350.238311768
2.33650793651	350.440673828
2.33941043084	350.440673828
2.34231292517	350.440673828
2.3452154195	350.440673828
2.34811791383	350.440673828
2.35102040816	350.440673828
2.35392290249	350.440673828
2.35682539683	350.238311768
2.35972789116	350.238311768
2.36263038549	350.238311768
2.36553287982	350.238311768
2.36843537415	350.03604126
2.37133786848	350.03604126
2.37424036281	350.03604126
2.37714285714	350.03604126
2.38004535147	350.03604126
2.3829478458	350.03604126
2.38585034014	350.03604126
2.38875283447	350.03604126
2.3916553288	350.03604126
2.39455782313	349.83392334
2.39746031746	350.03604126
2.40036281179	349.83392334
2.40326530612	349.83392334
2.40616780045	349.83392334
2.40907029478	350.03604126
2.41197278912	350.03604126
2.41487528345	350.03604126
2.41777777778	350.03604126
2.42068027211	350.238311768
2.42358276644	350.238311768
2.42648526077	350.440673828
2.4293877551	350.238311768
2.43229024943	350.643157959
2.43519274376	350.440673828
2.4380952381	350.238311768
2.44099773243	350.238311768
2.44390022676	350.238311768
2.44680272109	350.238311768
2.44970521542	349.228240967
2.45260770975	346.615661621
2.45551020408	343.427001953
2.45841269841	340.464294434
2.46131519274	337.722167969
2.46421768707	335.389343262
2.46712018141	333.265075684
2.47002267574	331.345611572
2.47292517007	329.818023682
2.4758276644	328.487121582
2.47873015873	327.539794922
2.48163265306	327.161621094
2.48453514739	326.783874512
2.48743764172	327.161621094
2.49034013605	327.918395996
2.49324263039	328.676940918
2.49614512472	330.008575439
2.49904761905	330.963043213
2.50195011338	331.728637695
2.50485260771	332.303955078
2.50775510204	332.112091064
2.51065759637	331.537078857
2.5135600907	330.390045166
2.51646258503	329.056854248
2.51936507937	327.729034424
2.5222675737	326.783874512
2.52517006803	326.406585693
2.52807256236	326.783874512
2.53097505669	327.539794922
2.53387755102	328.676940918
2.53678004535	330.008575439
2.53968253968	331.154296875
2.54258503401	331.920288086
2.54548752834	332.112091064
2.54839002268	331.920288086
2.55129251701	331.345611572
2.55419501134	330.390045166
2.55709750567	329.627563477
2.56	328.866821289
2.56290249433	328.297454834
2.56580498866	328.107879639
2.56870748299	328.107879639
2.57160997732	328.487121582
2.57451247166	328.866821289
2.57741496599	329.24697876
2.58031746032	329.627563477
2.58321995465	330.008575439
2.58612244898	330.199249268
2.58902494331	330.580932617
2.59192743764	330.771942139
2.59482993197	330.963043213
2.5977324263	331.154296875
2.60063492063	331.154296875
2.60353741497	330.963043213
2.6064399093	330.771942139
2.60934240363	330.390045166
2.61224489796	330.008575439
2.61514739229	329.818023682
2.61804988662	329.627563477
2.62095238095	329.627563477
2.62385487528	329.627563477
2.62675736961	329.627563477
2.62965986395	329.818023682
2.63256235828	329.818023682
2.63546485261	329.818023682
2.63836734694	329.818023682
2.64126984127	329.818023682
2.6441723356	329.627563477
2.64707482993	329.627563477
2.64997732426	329.437225342
2.65287981859	329.24697876
2.65578231293	329.056854248
2.65868480726	328.866821289
2.66158730159	328.866821289
2.66448979592	329.056854248
2.66739229025	329.056854248
2.67029478458	329.437225342
2.67319727891	329.627563477
2.67609977324	329.818023682
2.67900226757	329.818023682
2.6819047619	330.008575439
2.68480725624	329.818023682
2.68770975057	329.818023682
2.6906122449	329.627563477
2.69351473923	329.627563477
2.69641723356	329.627563477
2.69931972789	329.437225342
2.70222222222	329.437225342
2.70512471655	329.437225342
2.70802721088	329.627563477
2.71092970522	329.818023682
2.71383219955	330.008575439
2.71673469388	330.008575439
2.71963718821	330.199249268
2.72253968254	330.008575439
2.72544217687	330.008575439
2.7283446712	329.818023682
2.73124716553	329.818023682
2.73414965986	329.818023682
2.7370521542	329.627563477
2.73995464853	329.627563477
2.74285714286	329.627563477
2.74575963719	329.437225342
2.74866213152	329.437225342
2.75156462585	329.818023682
2.75446712018	329.627563477
2.75736961451	329.818023682
2.76027210884	330.199249268
2.76317460317	330.199249268
2.76607709751	330.390045166
2.76897959184	330.580932617
2.77188208617	440.508605957
2.7747845805	439.745910645
2.77768707483	439.238189697
2.78058956916	438.984558105
2.78349206349	439.238189697
2.78639455782	439.491973877
2.78929705215	439.491973877
2.79219954649	440.0
2.79510204082	440.254241943
2.79800453515	440.508605957
2.80090702948	441.017791748
2.80380952381	440.763122559
2.80671201814	440.763122559
2.80961451247	440.763122559
2.8125170068	440.763122559
2.81541950113	440.763122559
2.81832199546	441.017791748
2.8212244898	441.272613525
2.82412698413	441.527557373
2.82702947846	441.782684326
2.82993197279	442.03793335
2.83283446712	442.54888916
2.83573696145	442.804595947
2.83863945578	442.804595947
2.84154195011	442.804595947
2.84444444444	442.54888916
2.84734693878	442.293334961
2.85024943311	441.527557373
2.85315192744	441.017791748
2.85605442177	440.254241943
2.8589569161	439.745910645
2.86185941043	439.238189697
2.86476190476	438.984558105
2.86766439909	438.731048584
2.87056689342	438.477722168
2.87346938776	438.731048584
2.87637188209	438.984558105
2.87927437642	438.984558105
2.88217687075	439.491973877
2.88507936508	440.0
2.88798185941	440.254241943
2.89088435374	440.508605957
2.89378684807	440.763122559
2.8966893424	441.017791748
2.89959183673	441.272613525
2.90249433107	441.272613525
2.9053968254	441.017791748
2.90829931973	440.763122559
2.91120181406	440.254241943
2.91410430839	439.491973877
2.91700680272	438.477722168
2.91990929705	437.718536377
2.92281179138	436.960693359
2.92571428571	436.204162598
2.92861678005	435.952270508
2.93151927438	435.700531006
2.93442176871	435.700531006
2.93732426304	436.456207275
2.94022675737	436.960693359
2.9431292517	437.465789795
2.94603174603	437.971466064
2.94893424036	438.477722168
2.95183673469	438.731048584
2.95473922902	438.984558105
2.95764172336	439.238189697
2.96054421769	439.491973877
2.96344671202	439.491973877
2.96634920635	439.745910645
2.96925170068	440.0
2.97215419501	440.254241943
2.97505668934	440.508605957
2.97795918367	440.508605957
2.980861678	440.508605957
2.98376417234	440.508605957
2.98666666667	440.508605957
2.989569161	440.508605957
2.99247165533	440.508605957
2.99537414966	440.254241943
2.99827664399	440.254241943
3.00117913832	440.0
3.00408163265	440.0
3.00698412698	440.0
3.00988662132	439.745910645
3.01278911565	439.491973877
3.01569160998	439.238189697
3.01859410431	438.984558105
3.02149659864	438.984558105
3.02439909297	438.984558105
3.0273015873	439.238189697
3.03020408163	439.491973877
3.03310657596	439.745910645
3.03600907029	439.745910645
3.03891156463	440.0
3.04181405896	440.0
3.04471655329	439.745910645
3.04761904762	440.0
3.05052154195	439.745910645
3.05342403628	439.491973877
3.05632653061	439.491973877
3.05922902494	439.238189697
3.06213151927	439.238189697
3.06503401361	438.984558105
3.06793650794	438.984558105
3.07083900227	438.984558105
3.0737414966	438.984558105
3.07664399093	439.238189697
3.07954648526	439.238189697
3.08244897959	439.238189697
3.08535147392	439.238189697
3.08825396825	438.984558105
3.09115646259	438.984558105
3.09405895692	438.984558105
3.09696145125	439.238189697
3.09986394558	439.238189697
3.10276643991	439.491973877
3.10566893424	439.491973877
3.10857142857	439.491973877
3.1114739229	439.745910645
3.11437641723	439.745910645
3.11727891156	439.491973877
3.1201814059	439.491973877
3.12308390023	439.491973877
3.12598639456	439.491973877
3.12888888889	439.491973877
3.13179138322	439.491973877
3.13469387755	439.491973877
3.13759637188	439.238189697
3.14049886621	439.238189697
3.14340136054	439.238189697
3.14630385488	438.984558105
3.14920634921	439.238189697
3.15210884354	438.984558105
3.15501133787	438.984558105
3.1579138322	438.984558105
3.16081632653	439.238189697
3.16371882086	438.984558105
3.16662131519	438.984558105
3.16952380952	438.731048584
3.17242630385	438.731048584
3.17532879819	438.731048584
3.17823129252	438.984558105
3.18113378685	439.238189697
3.18403628118	439.491973877
3.18693877551	439.745910645
3.18984126984	440.0
3.19274376417	440.0
3.1956462585	440.0
3.19854875283	440.0
3.20145124717	439.745910645
3.2043537415	439.491973877
3.20725623583	439.238189697
3.21015873016	438.984558105
3.21306122449	438.731048584
3.21596371882	438.477722168
3.21886621315	438.731048584
3.22176870748	438.477722168
3.22467120181	438.224517822
3.22757369615	437.971466064
3.23047619048	436.960693359
3.23337868481	435.700531006
3.23628117914	433.942382812
3.23918367347	431.692352295
3.2420861678	428.710418701
3.24498866213	425.257537842
3.24789115646	421.102142334
3.25079365079	417.228240967
3.25369614512	414.106994629
3.25659863946	411.959777832
3.25950113379	410.534515381
3.26240362812	410.534515381
3.26530612245	411.246520996
3.26820861678	412.435974121
3.27111111111	414.346252441
3.27401360544	415.544647217
3.27691609977	416.505889893
3.2798185941	416.746520996
3.28272108844	416.746520996
3.28562358277	416.024993896
3.2885260771	415.3046875
3.29142857143	414.346252441
3.29433106576	413.628875732
3.29723356009	412.674285889
3.30013605442	412.197814941
3.30303854875	411.959777832
3.30594104308	412.197814941
3.30884353741	413.151306152
3.31174603175	414.585662842
3.31464852608	416.505889893
3.31755102041	419.160705566
3.32045351474	422.076202393
3.32335600907	424.276123047
3.3262585034	426.241241455
3.32916099773	427.474060059
3.33206349206	427.968170166
3.33496598639	427.474060059
3.33786848073	426.241241455
3.34077097506	424.276123047
3.34367346939	419.645233154
3.34657596372	415.784759521
3.34947845805	413.628875732
3.35238095238	412.912719727
3.35528344671	413.628875732
3.35818594104	415.3046875
3.36108843537	417.228240967
3.36399092971	419.160705566
3.36689342404	420.615936279
3.36979591837	421.345428467
3.3726984127	348.221069336
3.37560090703	347.417449951
3.37850340136	347.016326904
3.38140589569	346.815948486
3.38430839002	347.016326904
3.38721088435	347.016326904
3.39011337868	347.016326904
3.39301587302	347.819030762
3.39591836735	349.026580811
3.39882086168	350.238311768
3.40172335601	351.251281738
3.40462585034	351.86050415
3.40752834467	353.286071777
3.410430839	354.717407227
3.41333333333	355.53793335
3.41623582766	354.922363281
3.419138322	353.898803711
3.42204081633	353.286071777
3.42494331066	352.674407959
3.42784580499	352.470733643
3.43074829932	352.063781738
3.43365079365	351.657318115
3.43655328798	351.251281738
3.43945578231	351.048461914
3.44235827664	351.048461914
3.44526077098	351.048461914
3.44816326531	350.845733643
3.45106575964	351.048461914
3.45396825397	351.45425415
3.4568707483	352.470733643
3.45977324263	352.878173828
3.46267573696	352.878173828
3.46557823129	352.267211914
3.46848072562	351.45425415
3.47138321995	351.45425415
3.47428571429	351.657318115
3.47718820862	351.86050415
3.48009070295	351.86050415
3.48299319728	351.45425415
3.48589569161	351.251281738
3.48879818594	351.251281738
3.49170068027	351.251281738
3.4946031746	351.048461914
3.49750566893	350.643157959
3.50040816327	350.440673828
3.5033106576	350.440673828
3.50621315193	350.238311768
3.50911564626	349.83392334
3.51201814059	349.228240967
3.51492063492	348.623596191
3.51782312925	348.422271729
3.52072562358	348.422271729
3.52362811791	348.825012207
3.52653061224	349.228240967
3.52943310658	349.83392334
3.53233560091	350.238311768
3.53523809524	350.643157959
3.53814058957	350.643157959
3.5410430839	350.643157959
3.54394557823	350.643157959
3.54684807256	350.643157959
3.54975056689	350.643157959
3.55265306122	350.238311768
3.55555555556	350.03604126
3.55845804989	350.238311768
3.56136054422	350.238311768
3.56426303855	350.440673828
3.56716553288	350.643157959
3.57006802721	350.643157959
3.57297052154	350.643157959
3.57587301587	350.643157959
3.5787755102	350.643157959
3.58167800454	350.238311768
3.58458049887	350.03604126
3.5874829932	350.03604126
3.59038548753	350.03604126
3.59328798186	350.238311768
3.59619047619	350.440673828
3.59909297052	350.440673828
3.60199546485	350.440673828
3.60489795918	350.440673828
3.60780045351	350.238311768
3.61070294785	349.83392334
3.61360544218	349.631896973
3.61650793651	349.228240967
3.61941043084	348.825012207
3.62231292517	348.221069336
3.6252154195	348.019989014
3.62811791383	347.819030762
3.63102040816	347.618164062
3.63392290249	348.019989014
3.63682539683	348.623596191
3.63972789116	349.430023193
3.64263038549	349.631896973
3.64553287982	349.631896973
3.64843537415	349.228240967
3.65133786848	348.825012207
3.65424036281	347.819030762
3.65714285714	351.251281738
3.66004535147	355.743377686
3.6629478458	357.804168701
3.66585034014	358.010894775
3.66875283447	357.184661865
3.6716553288	354.307861328
3.67455782313	347.618164062
3.67746031746	339.286376953
3.68036281179	337.722167969
3.68326530612	336.748199463
3.68616780045	336.165161133
3.68907029478	335.583129883
3.69197278912	334.808654785
3.69487528345	333.650299072
3.69777777778	332.303955078
3.70068027211	330.580932617
3.70358276644	328.866821289
3.70648526077	327.539794922
3.7093877551	326.783874512
3.71229024943	326.595184326
3.71519274376	326.595184326
3.7180952381	327.161621094
3.72099773243	328.107879639
3.72390022676	329.24697876
3.72680272109	330.199249268
3.72970521542	331.154296875
3.73260770975	331.728637695
3.73551020408	331.920288086
3.73841269841	331.920288086
3.74131519274	331.537078857
3.74421768707	330.771942139
3.74712018141	330.008575439
3.75002267574	329.24697876
3.75292517007	328.487121582
3.7558276644	327.918395996
3.75873015873	327.729034424
3.76163265306	327.918395996
3.76453514739	328.297454834
3.76743764172	328.676940918
3.77034013605	329.24697876
3.77324263039	329.627563477
3.77614512472	330.008575439
3.77904761905	330.008575439
3.78195011338	330.008575439
3.78485260771	330.008575439
3.78775510204	329.818023682
3.79065759637	329.627563477
3.7935600907	329.627563477
3.79646258503	329.818023682
3.79936507937	329.818023682
3.8022675737	330.008575439
3.80517006803	330.199249268
3.80807256236	330.390045166
3.81097505669	330.390045166
3.81387755102	330.390045166
3.81678004535	330.390045166
3.81968253968	330.199249268
3.82258503401	330.199249268
3.82548752834	330.008575439
3.82839002268	330.008575439
3.83129251701	329.818023682
3.83419501134	329.627563477
3.83709750567	329.437225342
3.84	329.437225342
3.84290249433	329.24697876
3.84580498866	329.437225342
3.84870748299	329.437225342
3.85160997732	329.437225342
3.85451247166	329.437225342
3.85741496599	329.24697876
3.86031746032	329.24697876
3.86321995465	329.056854248
3.86612244898	329.056854248
3.86902494331	329.056854248
3.87192743764	329.056854248
3.87482993197	329.056854248
3.8777324263	329.056854248
3.88063492063	329.056854248
3.88353741497	328.866821289
3.8864399093	328.866821289
3.88934240363	329.056854248
3.89224489796	329.24697876
3.89514739229	329.627563477
3.89804988662	330.008575439
3.90095238095	330.390045166
3.90385487528	330.580932617
3.90675736961	330.771942139
3.90965986395	330.771942139
3.91256235828	330.390045166
3.91546485261	329.818023682
3.91836734694	329.627563477
3.92126984127	329.24697876
3.9241723356	329.24697876
3.92707482993	329.24697876
3.92997732426	329.24697876
3.93287981859	329.437225342
3.93578231293	329.24697876
3.93868480726	329.24697876
3.94158730159	328.866821289
3.94448979592	328.487121582
3.94739229025	328.107879639
3.95029478458	327.918395996
3.95319727891	328.107879639
3.95609977324	328.866821289
3.95900226757	329.818023682
3.9619047619	330.771942139
3.96480725624	331.345611572
3.96770975057	331.345611572
3.9706122449	330.771942139
3.97351473923	329.627563477
3.97641723356	327.539794922
3.97931972789	324.901763916
3.98222222222	324.151947021
3.98512471655	330.008575439
3.98802721088	293.664764404
3.99092970522	291.804779053
3.99383219955	291.131347656
3.99673469388	291.636291504
3.99963718821	292.648773193
4.00253968254	295.195404053
4.00544217687	297.592224121
4.0083446712	298.10836792
4.01124716553	297.07699585
4.01414965986	295.365936279
4.0170521542	294.344055176
4.01995464853	293.495178223
4.02285714286	293.325714111
4.02575963719	293.834442139
4.02866213152	294.684295654
4.03156462585	296.049194336
4.03446712018	296.733978271
4.03736961451	296.905426025
4.04027210884	296.391387939
4.04317460317	295.707366943
4.04607709751	295.024932861
4.04897959184	294.514129639
4.05188208617	294.344055176
4.0547845805	294.514129639
4.05768707483	295.024932861
4.06058956916	295.536621094
4.06349206349	295.878234863
4.06639455782	295.707366943
4.06929705215	295.195404053
4.07219954649	294.684295654
4.07510204082	294.344055176
4.07800453515	294.174102783
4.08090702948	294.344055176
4.08380952381	294.854553223
4.08671201814	295.707366943
4.08961451247	296.391387939
4.0925170068	296.391387939
4.09541950113	296.049194336
4.09832199546	295.365936279
4.1012244898	294.684295654
4.10412698413	294.344055176
4.10702947846	294.174102783
4.10993197279	294.514129639
4.11283446712	295.195404053
4.11573696145	295.878234863
4.11863945578	296.562652588
4.12154195011	296.391387939
4.12444444444	295.536621094
4.12734693878	294.684295654
4.13024943311	294.004211426
4.13315192744	293.664764404
4.13605442177	293.834442139
4.1389569161	294.174102783
4.14185941043	294.854553223
4.14476190476	295.365936279
4.14766439909	295.365936279
4.15056689342	294.684295654
4.15346938776	293.834442139
4.15637188209	293.156341553
4.15927437642	292.817840576
4.16217687075	292.987030029
4.16507936508	293.325714111
4.16798185941	294.174102783
4.17088435374	294.854553223
4.17378684807	295.195404053
4.1766893424	294.854553223
4.17959183673	294.344055176
4.18249433107	293.664764404
4.1853968254	293.325714111
4.18829931973	293.156341553
4.19120181406	293.325714111
4.19410430839	293.664764404
4.19700680272	294.174102783
4.19990929705	294.684295654
4.20281179138	294.854553223
4.20571428571	294.854553223
4.20861678005	294.514129639
4.21151927438	294.344055176
4.21442176871	294.174102783
4.21732426304	294.004211426
4.22022675737	293.834442139
4.2231292517	293.325714111
4.22603174603	292.648773193
4.22893424036	291.636291504
4.23183673469	290.795227051
4.23473922902	290.963226318
4.23764172336	290.795227051
4.24054421769	293.325714111
4.24344671202	295.878234863
4.24634920635	298.280609131
4.24925170068	300.008544922
4.25215419501	300.702484131
4.25505668934	299.662139893
4.25795918367	297.764160156
4.260861678	294.684295654
4.26376417234	291.804779053
4.26666666667	289.621795654
4.269569161	287.787414551
4.27247165533	287.123260498
4.27537414966	287.289154053
4.27827664399	288.286560059
4.28117913832	290.12411499
4.28408163265	292.142089844
4.28698412698	294.514129639
4.28988662132	296.733978271
4.29278911565	298.280609131
4.29569160998	299.143310547
4.29859410431	299.489105225
4.30149659864	299.662139893
4.30439909297	299.316162109
4.3073015873	298.797943115
4.31020408163	297.764160156
4.31310657596	296.733978271
4.31600907029	295.707366943
4.31891156463	294.344055176
4.32181405896	292.648773193
4.32471655329	291.131347656
4.32761904762	289.621795654
4.33052154195	288.453125
4.33342403628	287.45513916
4.33632653061	285.799530029
4.33922902494	281.376831055
4.34213151927	272.893280029
4.34503401361	269.75881958
4.34793650794	268.515167236
4.35083900227	268.825531006
4.3537414966	274.315643311
4.35664399093	276.542938232
4.35954648526	281.214355469
4.36244897959	282.843414307
4.36535147392	283.825378418
4.36825396825	284.81072998
4.37115646259	284.317626953
4.37405895692	284.481903076
4.37696145125	284.481903076
4.37986394558	283.497680664
4.38276643991	282.027709961
4.38566893424	279.271850586
4.38857142857	275.904724121
4.3914739229	274.315643311
4.39437641723	273.998931885
4.39727891156	274.157226562
4.4001814059	274.950164795
4.40308390023	276.702728271
4.40598639456	278.949401855
4.40888888889	280.241424561
4.41179138322	281.051971436
4.41469387755	281.214355469
4.41759637188	281.376831055
4.42049886621	281.214355469
4.42340136054	281.051971436
4.42630385488	280.40335083
4.42920634921	275.904724121
4.43210884354	274.474121094
4.43501133787	274.157226562
4.4379138322	274.157226562
4.44081632653	274.632720947
4.44371882086	277.663360596
4.44662131519	277.342773438
4.44952380952	284.317626953
4.45242630385	285.3046875
4.45532879819	285.634490967
4.45823129252	285.964660645
4.46113378685	286.129882812
4.46403628118	290.627288818
4.46693877551	277.342773438
4.46984126984	277.342773438
4.47274376417	277.342773438
4.4756462585	277.342773438
4.47854875283	276.383239746
4.48145124717	277.50302124
4.4843537415	277.022583008
4.48725623583	276.22366333
4.49015873016	277.823791504
4.49306122449	285.799530029
4.49596371882	284.153442383
4.49886621315	283.661468506
4.50176870748	283.006835938
4.50467120181	283.006835938
4.50757369615	282.843414307
4.51047619048	282.843414307
4.51337868481	282.516845703
4.51628117914	282.027709961
4.51918367347	281.376831055
4.5220861678	280.40335083
4.52498866213	278.788330078
4.52789115646	276.383239746
4.53079365079	275.427032471
4.53369614512	275.745422363
4.53659863946	276.064147949
4.53950113379	276.542938232
4.54240362812	277.50302124
4.54530612245	279.433227539
4.54820861678	280.241424561
4.55111111111	279.271850586
4.55401360544	276.862609863
4.55691609977	275.109039307
4.5598185941	273.524536133
4.56272108844	273.524536133
4.56562358277	275.427032471
4.5685260771	278.305633545
4.57142857143	282.516845703
4.57433106576	286.295196533
4.57723356009	288.953399658
4.58013605442	290.291748047
4.58303854875	291.299560547
4.58594104308	292.310882568
4.58884353741	292.987030029
4.59174603175	293.834442139
4.59464852608	294.174102783
4.59755102041	294.514129639
4.60045351474	294.004211426
4.60335600907	293.156341553
4.6062585034	292.479766846
4.60916099773	292.310882568
4.61206349206	292.817840576
4.61496598639	293.664764404
4.61786848073	294.514129639
4.62077097506	294.854553223
4.62367346939	295.365936279
4.62657596372	295.536621094
4.62947845805	295.365936279
4.63238095238	294.854553223
4.63528344671	294.684295654
4.63818594104	294.684295654
4.64108843537	295.024932861
4.64399092971	295.195404053
4.64689342404	295.536621094
4.64979591837	295.878234863
4.6526984127	296.049194336
4.65560090703	296.049194336
4.65850340136	295.536621094
4.66140589569	295.024932861
4.66430839002	294.514129639
4.66721088435	294.174102783
4.67011337868	294.004211426
4.67301587302	294.004211426
4.67591836735	294.174102783
4.67882086168	294.514129639
4.68172335601	294.684295654
4.68462585034	295.024932861
4.68752834467	295.195404053
4.690430839	295.195404053
4.69333333333	295.195404053
4.69623582766	295.024932861
4.699138322	295.024932861
4.70204081633	294.854553223
4.70494331066	294.854553223
4.70784580499	294.684295654
4.71074829932	294.684295654
4.71365079365	294.684295654
4.71655328798	294.684295654
4.71945578231	294.684295654
4.72235827664	294.854553223
4.72526077098	294.854553223
4.72816326531	295.024932861
4.73106575964	295.024932861
4.73396825397	295.195404053
4.7368707483	295.024932861
4.73977324263	295.024932861
4.74267573696	295.195404053
4.74557823129	295.024932861
4.74848072562	295.024932861
4.75138321995	294.854553223
4.75428571429	294.514129639
4.75718820862	294.174102783
4.76009070295	293.834442139
4.76299319728	293.495178223
4.76589569161	293.325714111
4.76879818594	293.156341553
4.77170068027	292.987030029
4.7746031746	292.987030029
4.77750566893	292.987030029
4.78040816327	293.156341553
4.7833106576	293.325714111
4.78621315193	293.664764404
4.78911564626	294.004211426
4.79201814059	294.514129639
4.79492063492	294.854553223
4.79782312925	295.024932861
4.80072562358	295.024932861
4.80362811791	294.854553223
4.80653061224	294.514129639
4.80943310658	294.344055176
4.81233560091	294.004211426
4.81523809524	293.664764404
4.81814058957	293.664764404
4.8210430839	293.495178223
4.82394557823	293.495178223
4.82684807256	293.495178223
4.82975056689	293.495178223
4.83265306122	293.495178223
4.83555555556	293.664764404
4.83845804989	293.834442139
4.84136054422	294.174102783
4.84426303855	294.514129639
4.84716553288	294.854553223
4.85006802721	295.024932861
4.85297052154	295.195404053
4.85587301587	295.365936279
4.8587755102	295.365936279
4.86167800454	295.365936279
4.86458049887	295.365936279
4.8674829932	295.195404053
4.87038548753	295.024932861
4.87328798186	294.854553223
4.87619047619	294.684295654
4.87909297052	294.514129639
4.88199546485	294.174102783
4.88489795918	294.174102783
4.88780045351	294.004211426
4.89070294785	294.004211426
4.89360544218	294.004211426
4.89650793651	294.174102783
4.89941043084	294.174102783
4.90231292517	294.344055176
4.9052154195	294.684295654
4.90811791383	295.024932861
4.91102040816	295.024932861
4.91392290249	295.195404053
4.91682539683	295.195404053
4.91972789116	295.195404053
4.92263038549	295.024932861
4.92553287982	294.854553223
4.92843537415	294.684295654
4.93133786848	294.514129639
4.93424036281	294.174102783
4.93714285714	294.174102783
4.94004535147	294.174102783
4.9429478458	294.004211426
4.94585034014	294.004211426
4.94875283447	294.004211426
4.9516553288	294.004211426
4.95455782313	294.004211426
4.95746031746	294.004211426
4.96036281179	294.174102783
4.96326530612	294.174102783
4.96616780045	294.344055176
4.96907029478	294.514129639
4.97197278912	294.684295654
4.97487528345	294.684295654
4.97777777778	294.854553223
4.98068027211	294.854553223
4.98358276644	294.854553223
4.98648526077	294.684295654
4.9893877551	294.684295654
4.99229024943	294.514129639
4.99519274376	294.344055176
4.9980952381	294.174102783
5.00099773243	294.004211426
5.00390022676	293.834442139
5.00680272109	293.834442139
5.00970521542	294.004211426
5.01260770975	294.004211426
5.01551020408	294.174102783
5.01841269841	294.174102783
5.02131519274	294.344055176
5.02421768707	294.514129639
5.02712018141	294.514129639
5.03002267574	294.684295654
5.03292517007	294.684295654
5.0358276644	294.684295654
5.03873015873	294.684295654
5.04163265306	294.684295654
5.04453514739	294.684295654
5.04743764172	294.684295654
5.05034013605	294.514129639
5.05324263039	294.514129639
5.05614512472	294.344055176
5.05904761905	294.344055176
5.06195011338	294.344055176
5.06485260771	294.174102783
5.06775510204	294.004211426
5.07065759637	294.004211426
5.0735600907	293.834442139
5.07646258503	293.834442139
5.07936507937	294.004211426
5.0822675737	294.174102783
5.08517006803	294.344055176
5.08807256236	294.514129639
5.09097505669	294.684295654
5.09387755102	294.854553223
5.09678004535	294.854553223
5.09968253968	294.854553223
5.10258503401	294.854553223
5.10548752834	294.684295654
5.10839002268	294.514129639
5.11129251701	294.344055176
5.11419501134	294.344055176
5.11709750567	294.344055176
5.12	294.344055176
5.12290249433	294.344055176
5.12580498866	294.344055176
5.12870748299	294.174102783
5.13160997732	294.174102783
5.13451247166	294.004211426
5.13741496599	294.004211426
5.14031746032	294.004211426
5.14321995465	294.004211426
5.14612244898	294.004211426
5.14902494331	294.174102783
5.15192743764	294.344055176
5.15482993197	294.514129639
5.1577324263	294.854553223
5.16063492063	294.854553223
5.16353741497	295.024932861
5.1664399093	295.024932861
5.16934240363	295.024932861
5.17224489796	294.854553223
5.17514739229	294.514129639
5.17804988662	294.174102783
5.18095238095	294.004211426
5.18385487528	294.004211426
5.18675736961	293.834442139
5.18965986395	293.834442139
5.19256235828	294.004211426
5.19546485261	294.174102783
5.19836734694	294.344055176
5.20126984127	294.344055176
5.2041723356	294.344055176
5.20707482993	294.344055176
5.20997732426	294.344055176
5.21287981859	294.514129639
5.21578231293	294.514129639
5.21868480726	294.684295654
5.22158730159	294.854553223
5.22448979592	295.024932861
5.22739229025	295.024932861
5.23029478458	295.024932861
5.23319727891	294.854553223
5.23609977324	294.684295654
5.23900226757	294.344055176
5.2419047619	294.174102783
5.24480725624	293.834442139
5.24770975057	293.664764404
5.2506122449	293.664764404
5.25351473923	293.834442139
5.25641723356	293.834442139
5.25931972789	294.004211426
5.26222222222	294.174102783
5.26512471655	294.344055176
5.26802721088	294.514129639
5.27092970522	294.684295654
5.27383219955	294.854553223
5.27673469388	294.854553223
5.27963718821	295.024932861
5.28253968254	294.854553223
5.28544217687	294.854553223
5.2883446712	294.684295654
5.29124716553	294.514129639
5.29414965986	294.174102783
5.2970521542	294.174102783
5.29995464853	294.004211426
5.30285714286	294.004211426
5.30575963719	294.004211426
5.30866213152	294.004211426
5.31156462585	294.004211426
5.31446712018	294.174102783
5.31736961451	294.174102783
5.32027210884	294.174102783
5.32317460317	294.174102783
5.32607709751	294.174102783
5.32897959184	294.344055176
5.33188208617	294.344055176
5.3347845805	294.684295654
5.33768707483	294.854553223
5.34058956916	295.024932861
5.34349206349	295.024932861
5.34639455782	295.024932861
5.34929705215	295.024932861
5.35219954649	294.684295654
5.35510204082	294.344055176
5.35800453515	294.174102783
5.36090702948	293.834442139
5.36380952381	293.834442139
5.36671201814	293.834442139
5.36961451247	293.834442139
5.3725170068	294.004211426
5.37541950113	294.004211426
5.37832199546	294.174102783
5.3812244898	294.174102783
5.38412698413	294.174102783
5.38702947846	294.344055176
5.38993197279	294.344055176
5.39283446712	294.684295654
5.39573696145	294.684295654
5.39863945578	295.195404053
5.40154195011	295.536621094
5.40444444444	295.707366943
5.40734693878	296.049194336
5.41024943311	296.049194336
5.41315192744	295.878234863
5.41605442177	295.536621094
5.4189569161	295.024932861
5.42185941043	294.514129639
5.42476190476	294.174102783
5.42766439909	294.004211426
5.43056689342	294.004211426
5.43346938776	294.174102783
5.43637188209	294.514129639
5.43927437642	294.854553223
5.44217687075	295.195404053
5.44507936508	295.536621094
5.44798185941	296.049194336
5.45088435374	296.220245361
5.45378684807	296.391387939
5.4566893424	296.562652588
5.45959183673	296.733978271
5.46249433107	296.905426025
5.4653968254	297.07699585
5.46829931973	297.07699585
5.47120181406	297.07699585
5.47410430839	297.07699585
5.47700680272	296.733978271
5.47990929705	296.733978271
5.48281179138	296.905426025
5.48571428571	296.905426025
5.48861678005	0.0
5.49151927438	0.0
5.49442176871	0.0
5.49732426304	0.0
5.50022675737	0.0
5.5031292517	0.0
5.50603174603	0.0
5.50893424036	0.0
5.51183673469	0.0
5.51473922902	0.0
5.51764172336	0.0
5.52054421769	0.0
5.52344671202	0.0
5.52634920635	0.0
5.52925170068	0.0
5.53215419501	0.0
5.53505668934	0.0
5.53795918367	0.0
5.540861678	0.0
5.54376417234	0.0
5.54666666667	0.0
5.549569161	0.0
5.55247165533	0.0
5.55537414966	0.0
5.55827664399	0.0
5.56117913832	0.0
5.56408163265	0.0
5.56698412698	0.0
5.56988662132	0.0
5.57278911565	0.0
5.57569160998	0.0
5.57859410431	0.0
5.58149659864	0.0
5.58439909297	0.0
5.5873015873	0.0
5.59020408163	0.0
5.59310657596	0.0
5.59600907029	0.0
5.59891156463	0.0
5.60181405896	0.0
5.60471655329	0.0
5.60761904762	0.0
5.61052154195	0.0
5.61342403628	0.0
5.61632653061	0.0
5.61922902494	0.0
5.62213151927	0.0
5.62503401361	0.0
5.62793650794	0.0
5.63083900227	0.0
5.6337414966	0.0
5.63664399093	0.0
5.63954648526	0.0
