0.0	0.0
0.00290249433107	0.0
0.00580498866213	0.0
0.0087074829932	0.0
0.0116099773243	0.0
0.0145124716553	0.0
0.0174149659864	0.0
0.0203174603175	0.0
0.0232199546485	0.0
0.0261224489796	0.0
0.0290249433107	0.0
0.0319274376417	0.0
0.0348299319728	0.0
0.0377324263039	0.0
0.0406349206349	0.0
0.043537414966	0.0
0.0464399092971	0.0
0.0493424036281	0.0
0.0522448979592	0.0
0.0551473922902	0.0
0.0580498866213	0.0
0.0609523809524	0.0
0.0638548752834	0.0
0.0667573696145	0.0
0.0696598639456	0.0
0.0725623582766	0.0
0.0754648526077	0.0
0.0783673469388	0.0
0.0812698412698	0.0
0.0841723356009	0.0
0.087074829932	0.0
0.089977324263	0.0
0.0928798185941	0.0
0.0957823129252	0.0
0.0986848072562	0.0
0.101587301587	0.0
0.104489795918	0.0
0.107392290249	0.0
0.11029478458	0.0
0.113197278912	0.0
0.116099773243	0.0
0.119002267574	0.0
0.121904761905	0.0
0.124807256236	0.0
0.127709750567	0.0
0.130612244898	0.0
0.133514739229	0.0
0.13641723356	0.0
0.139319727891	0.0
0.142222222222	0.0
0.145124716553	0.0
0.148027210884	0.0
0.150929705215	0.0
0.153832199546	0.0
0.156734693878	132.179962158
0.159637188209	131.95111084
0.16253968254	131.418670654
0.165442176871	131.115371704
0.168344671202	130.737243652
0.171247165533	130.435531616
0.174149659864	130.510894775
0.177052154195	130.586303711
0.179954648526	130.812789917
0.182857142857	131.039657593
0.185759637188	131.266937256
0.188662131519	131.570571899
0.19156462585	131.72265625
0.194467120181	131.79876709
0.197369614512	132.027359009
0.200272108844	132.027359009
0.203174603175	131.95111084
0.206077097506	132.027359009
0.208979591837	131.79876709
0.211882086168	131.72265625
0.214784580499	131.646591187
0.21768707483	131.494598389
0.220589569161	131.494598389
0.223492063492	131.418670654
0.226394557823	131.418670654
0.229297052154	131.494598389
0.232199546485	131.570571899
0.235102040816	131.72265625
0.238004535147	131.874923706
0.240907029478	132.103637695
0.24380952381	132.256332397
0.246712018141	132.179962158
0.249614512472	132.103637695
0.252517006803	131.95111084
0.255419501134	131.646591187
0.258321995465	131.418670654
0.261224489796	131.115371704
0.264126984127	130.888366699
0.267029478458	130.737243652
0.269931972789	130.586303711
0.27283446712	130.510894775
0.275736961451	130.435531616
0.278639455782	130.510894775
0.281541950113	130.586303711
0.284444444444	130.737243652
0.287346938776	130.963989258
0.290249433107	131.191131592
0.293151927438	131.418670654
0.296054421769	131.646591187
0.2989569161	131.72265625
0.301859410431	131.79876709
0.304761904762	131.79876709
0.307664399093	131.646591187
0.310566893424	131.646591187
0.313469387755	131.570571899
0.316371882086	131.494598389
0.319274376417	131.494598389
0.322176870748	131.418670654
0.325079365079	131.418670654
0.32798185941	131.418670654
0.330884353741	131.342773438
0.333786848073	131.418670654
0.336689342404	131.342773438
0.339591836735	131.266937256
0.342494331066	131.266937256
0.345396825397	131.266937256
0.348299319728	131.266937256
0.351201814059	131.266937256
0.35410430839	131.266937256
0.357006802721	131.342773438
0.359909297052	131.342773438
0.362811791383	131.418670654
0.365714285714	131.494598389
0.368616780045	131.494598389
0.371519274376	131.494598389
0.374421768707	131.418670654
0.377324263039	131.342773438
0.38022675737	131.342773438
0.383129251701	131.266937256
0.386031746032	131.266937256
0.388934240363	131.191131592
0.391836734694	131.191131592
0.394739229025	131.342773438
0.397641723356	131.266937256
0.400544217687	131.266937256
0.403446712018	131.342773438
0.406349206349	131.266937256
0.40925170068	131.266937256
0.412154195011	131.191131592
0.415056689342	131.115371704
0.417959183673	131.115371704
0.420861678005	130.963989258
0.423764172336	130.963989258
0.426666666667	130.963989258
0.429569160998	130.888366699
0.432471655329	130.888366699
0.43537414966	130.888366699
0.438276643991	130.888366699
0.441179138322	130.888366699
0.444081632653	130.812789917
0.446984126984	130.737243652
0.449886621315	130.661743164
0.452789115646	130.586303711
0.455691609977	130.510894775
0.458594104308	130.435531616
0.461496598639	130.360198975
0.464399092971	130.435531616
0.467301587302	130.435531616
0.470204081633	130.435531616
0.473106575964	130.510894775
0.476009070295	130.510894775
0.478911564626	130.586303711
0.481814058957	130.661743164
0.484716553288	130.661743164
0.487619047619	130.737243652
0.49052154195	130.812789917
0.493424036281	130.888366699
0.496326530612	130.963989258
0.499229024943	130.963989258
0.502131519274	131.039657593
0.505034013605	130.963989258
0.507936507937	130.963989258
0.510839002268	130.963989258
0.513741496599	130.963989258
0.51664399093	130.888366699
0.519546485261	130.888366699
0.522448979592	130.812789917
0.525351473923	130.812789917
0.528253968254	130.812789917
0.531156462585	130.812789917
0.534058956916	130.888366699
0.536961451247	130.963989258
0.539863945578	130.963989258
0.542766439909	130.963989258
0.54566893424	130.963989258
0.548571428571	130.963989258
0.551473922902	130.888366699
0.554376417234	130.812789917
0.557278911565	130.812789917
0.560181405896	130.737243652
0.563083900227	130.661743164
0.565986394558	130.586303711
0.568888888889	130.360198975
0.57179138322	130.284927368
0.574693877551	130.059356689
0.577596371882	129.909194946
0.580498866213	129.75920105
0.583401360544	129.609390259
0.586303854875	129.534545898
0.589206349206	129.459747314
0.592108843537	129.310272217
0.595011337868	129.235595703
0.5979138322	129.086380005
0.600816326531	129.01184082
0.603718820862	128.862884521
0.606621315193	128.714111328
0.609523809524	128.639785767
0.612426303855	128.565490723
0.615328798186	128.491256714
0.618231292517	128.491256714
0.621133786848	128.417053223
0.624036281179	128.565490723
0.62693877551	128.639785767
0.629841269841	128.639785767
0.632743764172	128.788482666
0.635646258503	128.862884521
0.638548752834	128.937347412
0.641451247166	129.160964966
0.644353741497	129.160964966
0.647256235828	129.160964966
0.650158730159	129.160964966
0.65306122449	128.862884521
0.655963718821	128.862884521
0.658866213152	128.714111328
0.661768707483	128.565490723
0.664671201814	128.565490723
0.667573696145	128.565490723
0.670476190476	128.565490723
0.673378684807	128.714111328
0.676281179138	128.714111328
0.679183673469	128.788482666
0.6820861678	128.788482666
0.684988662132	128.862884521
0.687891156463	129.01184082
0.690793650794	129.01184082
0.693696145125	129.01184082
0.696598639456	129.01184082
0.699501133787	128.862884521
0.702403628118	128.862884521
0.705306122449	128.862884521
0.70820861678	128.714111328
0.711111111111	128.788482666
0.714013605442	128.639785767
0.716916099773	128.565490723
0.719818594104	128.491256714
0.722721088435	128.342910767
0.725623582766	128.268783569
0.728526077098	128.194717407
0.731428571429	127.972770691
0.73433106576	127.898872375
0.737233560091	127.677429199
0.740136054422	127.530014038
0.743038548753	127.530014038
0.745941043084	127.235702515
0.748843537415	127.30921936
0.751746031746	127.30921936
0.754648526077	127.382774353
0.757551020408	127.972770691
0.760453514739	128.565490723
0.76335600907	129.384979248
0.766258503401	130.059356689
0.769160997732	130.586303711
0.772063492063	131.191131592
0.774965986395	131.646591187
0.777868480726	132.027359009
0.780770975057	132.562271118
0.783673469388	132.868911743
0.786575963719	133.253204346
0.78947845805	133.63861084
0.792380952381	133.870391846
0.795283446712	134.10256958
0.798185941043	134.257583618
0.801088435374	133.947738647
0.803990929705	132.945678711
0.806893424036	131.95111084
0.809795918367	130.510894775
0.812698412698	128.417053223
0.815600907029	137.475082397
0.818503401361	138.992156982
0.821405895692	140.039794922
0.824308390023	140.201675415
0.827210884354	139.797332764
0.830113378685	140.444824219
0.833015873016	141.095321655
0.835918367347	141.503417969
0.838820861678	141.912689209
0.841723356009	142.40536499
0.84462585034	143.313064575
0.847528344671	144.060043335
0.850430839002	145.313644409
0.853333333333	146.155441284
0.856235827664	146.324386597
0.859138321995	146.578170776
0.862040816327	146.662857056
0.864943310658	146.662857056
0.867845804989	146.578170776
0.87074829932	146.324386597
0.873650793651	146.239883423
0.876553287982	146.071044922
0.879455782313	146.071044922
0.882358276644	145.818145752
0.885260770975	145.986694336
0.888163265306	146.324386597
0.891065759637	146.578170776
0.893968253968	146.578170776
0.896870748299	146.493515015
0.89977324263	146.324386597
0.902675736961	146.239883423
0.905578231293	146.239883423
0.908480725624	146.324386597
0.911383219955	146.578170776
0.914285714286	147.172027588
0.917188208617	147.342147827
0.920090702948	147.853683472
0.922993197279	147.939117432
0.92589569161	148.024597168
0.928798185941	148.024597168
0.931700680272	148.024597168
0.934603174603	147.853683472
0.937505668934	147.939117432
0.940408163265	147.853683472
0.943310657596	147.768310547
0.946213151927	147.853683472
0.949115646259	148.024597168
0.95201814059	148.624313354
0.954920634921	149.312698364
0.957823129252	149.658081055
0.960725623583	149.744552612
0.963628117914	149.658081055
0.966530612245	149.571655273
0.969433106576	149.398971558
0.972335600907	149.312698364
0.975238095238	149.398971558
0.978140589569	149.485290527
0.9810430839	149.571655273
0.983945578231	149.485290527
0.986848072562	149.398971558
0.989750566893	149.226470947
0.992653061224	149.140304565
0.995555555556	148.968109131
0.998458049887	148.882080078
1.00136054422	148.796112061
1.00426303855	148.624313354
1.00716553288	148.624313354
1.01006802721	148.538497925
1.01297052154	148.452713013
1.01587301587	148.452713013
1.0187755102	148.366989136
1.02167800454	148.538497925
1.02458049887	148.710189819
1.0274829932	148.882080078
1.03038548753	149.226470947
1.03328798186	149.398971558
1.03619047619	149.571655273
1.03909297052	149.658081055
1.04199546485	149.658081055
1.04489795918	149.658081055
1.04780045351	149.658081055
1.05070294785	149.744552612
1.05360544218	149.744552612
1.05650793651	149.744552612
1.05941043084	149.831069946
1.06231292517	150.004272461
1.0652154195	150.090942383
1.06811791383	150.177658081
1.07102040816	150.177658081
1.07392290249	150.177658081
1.07682539683	150.264434814
1.07972789116	150.351242065
1.08263038549	150.43812561
1.08553287982	150.612014771
1.08843537415	150.699035645
1.09133786848	150.43812561
1.09424036281	150.612014771
1.09714285714	150.090942383
1.10004535147	149.140304565
1.1029478458	147.939117432
1.10585034014	147.853683472
1.10875283447	152.89100647
1.1116553288	151.48449707
1.11455782313	152.010421753
1.11746031746	152.098251343
1.12036281179	152.89100647
1.12326530612	153.687896729
1.12616780045	154.578201294
1.12907029478	155.294158936
1.13197278912	155.923339844
1.13487528345	156.013427734
1.13777777778	156.284011841
1.14068027211	156.284011841
1.14358276644	156.374313354
1.14648526077	156.013427734
1.1493877551	155.204483032
1.15229024943	155.114852905
1.15519274376	154.935760498
1.1580952381	155.114852905
1.16099773243	155.653381348
1.16390022676	156.10357666
1.16680272109	156.917205811
1.16970521542	157.643997192
1.17260770975	158.465652466
1.17551020408	159.199615479
1.17841269841	159.660064697
1.18131519274	160.029388428
1.18421768707	160.121856689
1.18712018141	160.214370728
1.19002267574	160.306930542
1.19292517007	160.214370728
1.1958276644	160.214370728
1.19873015873	160.121856689
1.20163265306	160.121856689
1.20453514739	160.121856689
1.20743764172	160.029388428
1.21034013605	159.936981201
1.21324263039	159.660064697
1.21614512472	159.567871094
1.21904761905	159.383636475
1.22195011338	159.383636475
1.22485260771	157.552963257
1.22775510204	156.013427734
1.23065759637	156.10357666
1.2335600907	157.189361572
1.23646258503	158.740493774
1.23936507937	160.492233276
1.2422675737	160.306930542
1.24517006803	160.677749634
1.24807256236	160.956420898
1.25097505669	161.515228271
1.25387755102	162.075973511
1.25678004535	163.203292847
1.25968253968	164.909011841
1.26258503401	166.921539307
1.26548752834	166.536315918
1.26839002268	165.099624634
1.27129251701	164.433410645
1.27419501134	164.813781738
1.27709750567	164.718612671
1.28	163.769897461
1.28290249433	162.54473877
1.28580498866	161.982376099
1.28870748299	161.795349121
1.29160997732	161.795349121
1.29451247166	161.982376099
1.29741496599	162.263320923
1.30031746032	162.638656616
1.30321995465	163.109054565
1.30612244898	163.486343384
1.30902494331	163.486343384
1.31192743764	163.580810547
1.31482993197	163.864517212
1.3177324263	164.433410645
1.32063492063	165.00428772
1.32353741497	165.481521606
1.3264399093	166.056045532
1.32934240363	166.440155029
1.33224489796	166.632537842
1.33514739229	166.440155029
1.33804988662	166.151977539
1.34095238095	165.768539429
1.34385487528	165.290466309
1.34675736961	164.813781738
1.34965986395	164.528427124
1.35256235828	164.243560791
1.35546485261	164.148727417
1.35836734694	164.053939819
1.36126984127	164.053939819
1.3641723356	163.864517212
1.36707482993	163.769897461
1.36997732426	163.486343384
1.37287981859	163.580810547
1.37578231293	163.675323486
1.37868480726	163.959197998
1.38158730159	164.243560791
1.38448979592	164.433410645
1.38739229025	164.338470459
1.39029478458	164.62348938
1.39319727891	165.195022583
1.39609977324	166.24798584
1.39900226757	167.114486694
1.4019047619	168.082580566
1.40480725624	168.763565063
1.40770975057	169.251678467
1.4106122449	169.741210938
1.41351473923	169.741210938
1.41641723356	169.741210938
1.41931972789	169.741210938
1.42222222222	169.643188477
1.42512471655	169.545227051
1.42802721088	169.545227051
1.43092970522	169.545227051
1.43383219955	169.44732666
1.43673469388	169.349472046
1.43963718821	169.153945923
1.44253968254	169.056274414
1.44544217687	168.666122437
1.4483446712	168.471374512
1.45124716553	168.276870728
1.45414965986	168.1796875
1.4570521542	168.276870728
1.45995464853	168.471374512
1.46285714286	168.568725586
1.46575963719	168.568725586
1.46866213152	168.666122437
1.47156462585	168.666122437
1.47446712018	168.763565063
1.47736961451	168.861083984
1.48027210884	168.958648682
1.48317460317	169.056274414
1.48607709751	169.251678467
1.48897959184	169.251678467
1.49188208617	169.251678467
1.4947845805	169.056274414
1.49768707483	168.861083984
1.50058956916	168.666122437
1.50349206349	168.568725586
1.50639455782	168.471374512
1.50929705215	168.568725586
1.51219954649	168.763565063
1.51510204082	168.958648682
1.51800453515	169.056274414
1.52090702948	169.056274414
1.52380952381	169.153945923
1.52671201814	169.056274414
1.52961451247	169.056274414
1.5325170068	169.056274414
1.53541950113	169.056274414
1.53832199546	169.056274414
1.5412244898	169.056274414
1.54412698413	168.958648682
1.54702947846	168.958648682
1.54993197279	168.958648682
1.55283446712	168.958648682
1.55573696145	168.958648682
1.55863945578	168.958648682
1.56154195011	169.056274414
1.56444444444	169.349472046
1.56734693878	169.545227051
1.57024943311	169.741210938
1.57315192744	169.937408447
1.57605442177	170.035598755
1.5789569161	170.133850098
1.58185941043	170.133850098
1.58476190476	170.232147217
1.58766439909	170.232147217
1.59056689342	170.133850098
1.59346938776	170.133850098
1.59637188209	170.035598755
1.59927437642	169.741210938
1.60217687075	169.545227051
1.60507936508	169.251678467
1.60798185941	169.056274414
1.61088435374	168.763565063
1.61378684807	168.568725586
1.6166893424	168.471374512
1.61959183673	168.471374512
1.62249433107	168.471374512
1.6253968254	168.666122437
1.62829931973	168.763565063
1.63120181406	168.861083984
1.63410430839	168.958648682
1.63700680272	168.861083984
1.63990929705	168.763565063
1.64281179138	168.666122437
1.64571428571	168.568725586
1.64861678005	168.568725586
1.65151927438	168.666122437
1.65442176871	168.763565063
1.65732426304	168.958648682
1.66022675737	169.056274414
1.6631292517	169.056274414
1.66603174603	169.056274414
1.66893424036	168.861083984
1.67183673469	168.471374512
1.67473922902	167.888519287
1.67764172336	167.307662964
1.68054421769	166.632537842
1.68344671202	166.151977539
1.68634920635	165.768539429
1.68925170068	165.577148438
1.69215419501	165.195022583
1.69505668934	164.909011841
1.69795918367	164.433410645
1.700861678	163.769897461
1.70376417234	161.049423218
1.70666666667	158.740493774
1.709569161	158.191299438
1.71247165533	157.826217651
1.71537414966	157.552963257
1.71827664399	157.098587036
1.72117913832	156.736022949
1.72408163265	156.645523071
1.72698412698	156.284011841
1.72988662132	155.74331665
1.73278911565	155.74331665
1.73569160998	154.935760498
1.73859410431	155.563491821
1.74149659864	157.280181885
1.74439909297	157.917404175
1.7473015873	158.832214355
1.75020408163	158.282699585
1.75310657596	157.007873535
1.75600907029	156.013427734
1.75891156463	155.563491821
1.76181405896	155.47366333
1.76471655329	155.383880615
1.76761904762	155.383880615
1.77052154195	155.563491821
1.77342403628	155.923339844
1.77632653061	156.284011841
1.77922902494	156.645523071
1.78213151927	156.917205811
1.78503401361	157.189361572
1.78793650794	157.552963257
1.79083900227	157.735076904
1.7937414966	157.826217651
1.79664399093	157.552963257
1.79954648526	157.280181885
1.80244897959	157.098587036
1.80535147392	157.189361572
1.80825396825	157.552963257
1.81115646259	157.826217651
1.81405895692	158.191299438
1.81696145125	158.557220459
1.81986394558	158.923980713
1.82276643991	159.015808105
1.82566893424	159.199615479
1.82857142857	159.291595459
1.8314739229	159.291595459
1.83437641723	159.107681274
1.83727891156	158.648834229
1.8401814059	158.832214355
1.84308390023	159.107681274
1.84598639456	159.107681274
1.84888888889	159.107681274
1.85179138322	159.015808105
1.85469387755	158.923980713
1.85759637188	158.648834229
1.86049886621	158.374145508
1.86340136054	158.099945068
1.86630385488	157.735076904
1.86920634921	157.461975098
1.87210884354	157.189361572
1.87501133787	156.736022949
1.8779138322	156.374313354
1.88081632653	156.193771362
1.88371882086	156.013427734
1.88662131519	156.013427734
1.88952380952	156.10357666
1.89242630385	156.374313354
1.89532879819	156.736022949
1.89823129252	157.007873535
1.90113378685	157.280181885
1.90403628118	157.371047974
1.90693877551	157.371047974
1.90984126984	157.371047974
1.91274376417	157.461975098
1.9156462585	157.552963257
1.91854875283	157.371047974
1.92145124717	157.371047974
1.9243537415	157.643997192
1.92725623583	158.465652466
1.93015873016	158.648834229
1.93306122449	157.098587036
1.93596371882	154.667510986
1.93886621315	154.935760498
1.94176870748	157.007873535
1.94467120181	156.284011841
1.94757369615	155.74331665
1.95047619048	154.846298218
1.95337868481	148.710189819
1.95628117914	148.024597168
1.95918367347	148.19569397
1.9620861678	148.366989136
1.96498866213	148.538497925
1.96789115646	147.597702026
1.97079365079	147.257064819
1.97369614512	147.002105713
1.97659863946	147.172027588
1.97950113379	147.68296814
1.98240362812	147.939117432
1.98530612245	148.281326294
1.98820861678	148.624313354
1.99111111111	148.710189819
1.99401360544	148.452713013
1.99691609977	148.538497925
1.9998185941	148.538497925
2.00272108844	148.968109131
2.00562358277	149.485290527
2.0085260771	149.917648315
2.01142857143	149.658081055
2.01433106576	149.140304565
2.01723356009	148.796112061
2.02013605442	148.710189819
2.02303854875	148.796112061
2.02594104308	148.796112061
2.02884353741	148.710189819
2.03174603175	148.710189819
2.03464852608	148.968109131
2.03755102041	149.312698364
2.04045351474	149.485290527
2.04335600907	149.571655273
2.0462585034	149.485290527
2.04916099773	149.485290527
2.05206349206	149.398971558
2.05496598639	149.312698364
2.05786848073	149.398971558
2.06077097506	149.485290527
2.06367346939	149.485290527
2.06657596372	149.571655273
2.06947845805	149.485290527
2.07238095238	149.398971558
2.07528344671	149.398971558
2.07818594104	149.312698364
2.08108843537	149.312698364
2.08399092971	149.226470947
2.08689342404	149.140304565
2.08979591837	149.05418396
2.0926984127	149.05418396
2.09560090703	148.968109131
2.09850340136	148.968109131
2.10140589569	148.968109131
2.10430839002	148.968109131
2.10721088435	148.882080078
2.11011337868	148.968109131
2.11301587302	148.968109131
2.11591836735	149.05418396
2.11882086168	149.140304565
2.12172335601	149.140304565
2.12462585034	149.226470947
2.12752834467	149.226470947
2.130430839	149.05418396
2.13333333333	148.796112061
2.13623582766	148.366989136
2.139138322	148.024597168
2.14204081633	147.68296814
2.14494331066	147.597702026
2.14784580499	147.597702026
2.15074829932	147.768310547
2.15365079365	147.853683472
2.15655328798	148.024597168
2.15945578231	148.281326294
2.16235827664	148.538497925
2.16526077098	148.538497925
2.16816326531	147.853683472
2.17106575964	147.257064819
2.17396825397	146.832382202
2.1768707483	146.493515015
2.17977324263	146.408920288
2.18267573696	146.747589111
2.18557823129	147.342147827
2.18848072562	147.257064819
2.19138321995	147.087051392
2.19428571429	147.257064819
2.19718820862	146.662857056
2.20009070295	146.324386597
2.20299319728	145.902389526
2.20589569161	145.481613159
2.20879818594	0.0
2.21170068027	0.0
2.2146031746	0.0
2.21750566893	0.0
2.22040816327	0.0
2.2233106576	0.0
2.22621315193	0.0
2.22911564626	0.0
2.23201814059	0.0
2.23492063492	0.0
2.23782312925	0.0
2.24072562358	0.0
2.24362811791	0.0
2.24653061224	0.0
2.24943310658	0.0
2.25233560091	0.0
2.25523809524	0.0
2.25814058957	0.0
2.2610430839	0.0
2.26394557823	0.0
2.26684807256	0.0
2.26975056689	0.0
2.27265306122	0.0
2.27555555556	0.0
2.27845804989	0.0
2.28136054422	0.0
2.28426303855	0.0
2.28716553288	0.0
2.29006802721	0.0
2.29297052154	0.0
2.29587301587	0.0
2.2987755102	0.0
2.30167800454	0.0
2.30458049887	0.0
2.3074829932	0.0
2.31038548753	0.0
2.31328798186	0.0
2.31619047619	0.0
2.31909297052	0.0
2.32199546485	0.0
2.32489795918	0.0
2.32780045351	0.0
2.33070294785	0.0
2.33360544218	0.0
2.33650793651	0.0
2.33941043084	0.0
2.34231292517	0.0
2.3452154195	0.0
2.34811791383	0.0
2.35102040816	0.0
2.35392290249	0.0
2.35682539683	0.0
2.35972789116	0.0
2.36263038549	0.0
2.36553287982	0.0
2.36843537415	0.0
2.37133786848	0.0
2.37424036281	0.0
2.37714285714	0.0
2.38004535147	0.0
2.3829478458	0.0
2.38585034014	0.0
2.38875283447	0.0
2.3916553288	0.0
2.39455782313	0.0
2.39746031746	0.0
2.40036281179	0.0
2.40326530612	0.0
2.40616780045	0.0
2.40907029478	0.0
2.41197278912	0.0
2.41487528345	0.0
2.41777777778	0.0
2.42068027211	0.0
2.42358276644	0.0
2.42648526077	0.0
2.4293877551	0.0
2.43229024943	0.0
2.43519274376	0.0
2.4380952381	0.0
2.44099773243	0.0
2.44390022676	0.0
2.44680272109	0.0
2.44970521542	0.0
2.45260770975	0.0
2.45551020408	0.0
2.45841269841	0.0
2.46131519274	0.0
2.46421768707	0.0
2.46712018141	0.0
2.47002267574	0.0
2.47292517007	0.0
2.4758276644	0.0
2.47873015873	0.0
2.48163265306	0.0
2.48453514739	0.0
2.48743764172	0.0
2.49034013605	0.0
2.49324263039	0.0
2.49614512472	0.0
2.49904761905	0.0
2.50195011338	0.0
2.50485260771	0.0
2.50775510204	0.0
2.51065759637	0.0
2.5135600907	0.0
2.51646258503	0.0
2.51936507937	0.0
2.5222675737	0.0
2.52517006803	0.0
2.52807256236	0.0
2.53097505669	0.0
2.53387755102	0.0
2.53678004535	0.0
2.53968253968	0.0
2.54258503401	0.0
2.54548752834	0.0
2.54839002268	0.0
2.55129251701	0.0
2.55419501134	0.0
2.55709750567	0.0
2.56	0.0
2.56290249433	0.0
2.56580498866	0.0
2.56870748299	192.186035156
2.57160997732	193.522796631
2.57451247166	194.643859863
2.57741496599	195.658370972
2.58031746032	196.564605713
2.58321995465	197.247024536
2.58612244898	197.817520142
2.58902494331	198.73374939
2.59192743764	199.538925171
2.59482993197	200.231674194
2.5977324263	200.810806274
2.60063492063	202.090789795
2.60353741497	202.675292969
2.6064399093	203.144104004
2.60934240363	204.085006714
2.61224489796	204.438964844
2.61514739229	204.55708313
2.61804988662	205.030258179
2.62095238095	205.385864258
2.62385487528	205.623260498
2.62675736961	205.742080688
2.62965986395	206.933929443
2.63256235828	205.50453186
2.63546485261	207.292831421
2.63836734694	207.892379761
2.64126984127	207.892379761
2.6441723356	207.892379761
2.64707482993	208.012496948
2.64997732426	207.053497314
2.65287981859	206.337142944
2.65578231293	205.385864258
2.65868480726	203.967163086
2.66158730159	204.320907593
2.66448979592	207.892379761
2.66739229025	208.614120483
2.67029478458	209.096679688
2.67319727891	209.338378906
2.67609977324	208.614120483
2.67900226757	208.734664917
2.6819047619	209.096679688
2.68480725624	209.217498779
2.68770975057	208.97593689
2.6906122449	208.97593689
2.69351473923	208.97593689
2.69641723356	208.855270386
2.69931972789	208.855270386
2.70222222222	208.493667603
2.70512471655	208.373260498
2.70802721088	208.252944946
2.71092970522	208.252944946
2.71383219955	208.132675171
2.71673469388	207.892379761
2.71963718821	207.532440186
2.72253968254	207.053497314
2.72544217687	206.456359863
2.7283446712	205.860946655
2.73124716553	205.26725769
2.73414965986	204.67527771
2.7370521542	204.085006714
2.73995464853	203.614013672
2.74285714286	203.496429443
2.74575963719	203.496429443
2.74866213152	203.614013672
2.75156462585	203.731658936
2.75446712018	204.202926636
2.75736961451	204.55708313
2.76027210884	204.911865234
2.76317460317	205.030258179
2.76607709751	204.793533325
2.76897959184	204.438964844
2.77188208617	203.731658936
2.7747845805	202.792388916
2.77768707483	201.857452393
2.78058956916	201.275314331
2.78349206349	200.463119507
2.78639455782	200.231674194
2.78929705215	200.000488281
2.79219954649	200.231674194
2.79510204082	200.578948975
2.79800453515	200.926818848
2.80090702948	200.926818848
2.80380952381	200.810806274
2.80671201814	200.694839478
2.80961451247	200.463119507
2.8125170068	200.116043091
2.81541950113	199.884994507
2.81832199546	199.538925171
2.8212244898	199.538925171
2.82412698413	199.538925171
2.82702947846	199.654220581
2.82993197279	199.538925171
2.83283446712	199.538925171
2.83573696145	199.193450928
2.83863945578	198.963470459
2.84154195011	198.73374939
2.84444444444	198.50428772
2.84734693878	198.389663696
2.85024943311	198.389663696
2.85315192744	198.50428772
2.85605442177	198.848571777
2.8589569161	199.308532715
2.86185941043	199.538925171
2.86476190476	199.538925171
2.86766439909	199.769577026
2.87056689342	200.000488281
2.87346938776	200.116043091
2.87637188209	199.308532715
2.87927437642	199.308532715
2.88217687075	199.193450928
2.88507936508	198.963470459
2.88798185941	198.50428772
2.89088435374	199.423690796
2.89378684807	200.116043091
2.8966893424	200.231674194
2.89959183673	200.231674194
2.90249433107	200.000488281
2.9053968254	199.654220581
2.90829931973	199.423690796
2.91120181406	199.078414917
2.91410430839	198.73374939
2.91700680272	198.389663696
2.91990929705	198.275100708
2.92281179138	198.160614014
2.92571428571	198.275100708
2.92861678005	198.50428772
2.93151927438	198.73374939
2.93442176871	199.078414917
2.93732426304	199.193450928
2.94022675737	199.193450928
2.9431292517	199.193450928
2.94603174603	199.078414917
2.94893424036	198.963470459
2.95183673469	198.848571777
2.95473922902	198.73374939
2.95764172336	198.963470459
2.96054421769	199.193450928
2.96344671202	199.193450928
2.96634920635	199.078414917
2.96925170068	199.078414917
2.97215419501	199.078414917
2.97505668934	198.963470459
2.97795918367	198.963470459
2.980861678	198.963470459
2.98376417234	198.963470459
2.98666666667	199.078414917
2.989569161	199.193450928
2.99247165533	199.308532715
2.99537414966	199.193450928
2.99827664399	199.193450928
3.00117913832	199.078414917
3.00408163265	198.963470459
3.00698412698	198.848571777
3.00988662132	198.848571777
3.01278911565	198.848571777
3.01569160998	198.848571777
3.01859410431	198.963470459
3.02149659864	198.848571777
3.02439909297	198.73374939
3.0273015873	198.50428772
3.03020408163	198.275100708
3.03310657596	198.160614014
3.03600907029	198.046173096
3.03891156463	197.931808472
3.04181405896	197.931808472
3.04471655329	198.160614014
3.04761904762	198.50428772
3.05052154195	198.848571777
3.05342403628	199.193450928
3.05632653061	199.423690796
3.05922902494	199.538925171
3.06213151927	199.654220581
3.06503401361	199.654220581
3.06793650794	199.423690796
3.07083900227	199.423690796
3.0737414966	199.193450928
3.07664399093	198.963470459
3.07954648526	198.963470459
3.08244897959	198.848571777
3.08535147392	199.078414917
3.08825396825	199.308532715
3.09115646259	199.538925171
3.09405895692	199.884994507
3.09696145125	200.116043091
3.09986394558	200.347366333
3.10276643991	200.463119507
3.10566893424	200.347366333
3.10857142857	199.769577026
3.1114739229	199.308532715
3.11437641723	199.078414917
3.11727891156	198.963470459
3.1201814059	198.848571777
3.12308390023	198.848571777
3.12598639456	198.73374939
3.12888888889	198.963470459
3.13179138322	199.078414917
3.13469387755	199.078414917
3.13759637188	199.538925171
3.14049886621	199.654220581
3.14340136054	199.769577026
3.14630385488	199.654220581
3.14920634921	199.654220581
3.15210884354	199.654220581
3.15501133787	199.538925171
3.1579138322	199.078414917
3.16081632653	199.654220581
3.16371882086	199.769577026
3.16662131519	199.423690796
3.16952380952	198.618988037
3.17242630385	198.848571777
3.17532879819	198.73374939
3.17823129252	198.848571777
3.18113378685	198.963470459
3.18403628118	198.848571777
3.18693877551	199.654220581
3.18984126984	199.538925171
3.19274376417	199.538925171
3.1956462585	199.423690796
3.19854875283	159.291595459
3.20145124717	159.567871094
3.2043537415	159.936981201
3.20725623583	160.121856689
3.21015873016	158.740493774
3.21306122449	158.282699585
3.21596371882	159.291595459
3.21886621315	159.752319336
3.22176870748	160.956420898
3.22467120181	161.701919556
3.22757369615	162.357070923
3.23047619048	162.54473877
3.23337868481	162.450881958
3.23628117914	162.169616699
3.23918367347	161.795349121
3.2420861678	161.515228271
3.24498866213	161.049423218
3.24789115646	160.584976196
3.25079365079	160.39956665
3.25369614512	160.306930542
3.25659863946	160.306930542
3.25950113379	160.39956665
3.26240362812	160.584976196
3.26530612245	160.863479614
3.26820861678	161.235580444
3.27111111111	161.32875061
3.27401360544	161.515228271
3.27691609977	161.421966553
3.2798185941	161.421966553
3.28272108844	161.32875061
3.28562358277	161.142486572
3.2885260771	161.142486572
3.29142857143	161.235580444
3.29433106576	161.32875061
3.29723356009	161.421966553
3.30013605442	161.515228271
3.30303854875	161.701919556
3.30594104308	161.888839722
3.30884353741	161.888839722
3.31174603175	161.888839722
3.31464852608	161.982376099
3.31755102041	162.075973511
3.32045351474	162.169616699
3.32335600907	162.357070923
3.3262585034	162.263320923
3.32916099773	162.357070923
3.33206349206	162.638656616
3.33496598639	162.826644897
3.33786848073	162.826644897
3.34077097506	162.920730591
3.34367346939	163.014862061
3.34657596372	163.391937256
3.34947845805	163.580810547
3.35238095238	163.769897461
3.35528344671	163.959197998
3.35818594104	163.769897461
3.36108843537	163.864517212
3.36399092971	163.959197998
3.36689342404	164.053939819
3.36979591837	164.148727417
3.3726984127	164.148727417
3.37560090703	164.148727417
3.37850340136	164.053939819
3.38140589569	163.959197998
3.38430839002	163.769897461
3.38721088435	163.675323486
3.39011337868	163.675323486
3.39301587302	163.580810547
3.39591836735	163.486343384
3.39882086168	163.486343384
3.40172335601	163.486343384
3.40462585034	163.297592163
3.40752834467	163.675323486
3.410430839	163.864517212
3.41333333333	163.769897461
3.41623582766	163.675323486
3.419138322	163.580810547
3.42204081633	163.391937256
3.42494331066	163.109054565
3.42784580499	162.450881958
3.43074829932	161.608551025
3.43365079365	161.049423218
3.43655328798	159.567871094
3.43945578231	160.121856689
3.44235827664	160.214370728
3.44526077098	160.214370728
3.44816326531	160.584976196
3.45106575964	161.701919556
3.45396825397	162.169616699
3.4568707483	162.732620239
3.45977324263	163.486343384
3.46267573696	163.580810547
3.46557823129	163.580810547
3.46848072562	163.486343384
3.47138321995	142.65234375
3.47428571429	141.912689209
3.47718820862	142.323135376
3.48009070295	146.239883423
3.48299319728	148.452713013
3.48589569161	142.158813477
3.48879818594	142.076721191
3.49170068027	143.230316162
3.4946031746	142.982330322
3.49750566893	142.65234375
3.50040816327	142.899765015
3.5033106576	142.982330322
3.50621315193	143.893707275
3.50911564626	144.2265625
3.51201814059	144.309890747
3.51492063492	144.560180664
3.51782312925	144.810897827
3.52072562358	144.643707275
3.52362811791	144.143280029
3.52653061224	142.899765015
3.52943310658	142.076721191
3.53233560091	141.830734253
3.53523809524	141.666976929
3.53814058957	141.340042114
3.5410430839	141.176849365
3.54394557823	141.258422852
3.54684807256	141.421707153
3.54975056689	141.666976929
3.55265306122	141.994674683
3.55555555556	142.158813477
3.55845804989	142.323135376
3.56136054422	142.65234375
3.56426303855	142.40536499
3.56716553288	142.65234375
3.57006802721	142.240951538
3.57297052154	141.912689209
3.57587301587	141.666976929
3.5787755102	141.585174561
3.58167800454	141.585174561
3.58458049887	141.830734253
3.5874829932	142.158813477
3.59038548753	142.569976807
3.59328798186	142.899765015
3.59619047619	143.147598267
3.59909297052	143.147598267
3.60199546485	143.147598267
3.60489795918	143.064941406
3.60780045351	142.982330322
3.61070294785	142.899765015
3.61360544218	142.734771729
3.61650793651	142.734771729
3.61941043084	142.40536499
3.62231292517	142.240951538
3.6252154195	142.076721191
3.62811791383	141.994674683
3.63102040816	141.912689209
3.63392290249	141.748840332
3.63682539683	141.666976929
3.63972789116	141.830734253
3.64263038549	141.912689209
3.64553287982	141.912689209
3.64843537415	141.830734253
3.65133786848	141.666976929
3.65424036281	141.503417969
3.65714285714	141.421707153
3.66004535147	141.258422852
3.6629478458	141.340042114
3.66585034014	141.340042114
3.66875283447	141.585174561
3.6716553288	141.830734253
3.67455782313	142.158813477
3.67746031746	142.487640381
3.68036281179	142.734771729
3.68326530612	142.817245483
3.68616780045	142.899765015
3.68907029478	142.899765015
3.69197278912	142.817245483
3.69487528345	142.817245483
3.69777777778	142.817245483
3.70068027211	142.899765015
3.70358276644	142.899765015
3.70648526077	142.899765015
3.7093877551	142.817245483
3.71229024943	142.817245483
3.71519274376	142.65234375
3.7180952381	142.569976807
3.72099773243	142.40536499
3.72390022676	142.240951538
3.72680272109	142.076721191
3.72970521542	141.830734253
3.73260770975	141.585174561
3.73551020408	141.421707153
3.73841269841	141.340042114
3.74131519274	141.258422852
3.74421768707	141.176849365
3.74712018141	141.258422852
3.75002267574	141.340042114
3.75292517007	141.421707153
3.7558276644	141.503417969
3.75873015873	141.585174561
3.76163265306	141.503417969
3.76453514739	141.421707153
3.76743764172	141.340042114
3.77034013605	141.095321655
3.77324263039	140.851043701
3.77614512472	140.607177734
3.77904761905	140.201675415
3.78195011338	140.039794922
3.78485260771	139.797332764
3.78775510204	139.555297852
3.79065759637	139.474700928
3.7935600907	139.474700928
3.79646258503	139.474700928
3.79936507937	139.555297852
3.8022675737	139.71661377
3.80517006803	139.878112793
3.80807256236	139.95892334
3.81097505669	140.039794922
3.81387755102	140.039794922
3.81678004535	140.201675415
3.81968253968	140.282669067
3.82258503401	140.444824219
3.82548752834	140.363723755
3.82839002268	140.282669067
3.83129251701	140.282669067
3.83419501134	140.12071228
3.83709750567	140.12071228
3.84	140.201675415
3.84290249433	140.12071228
3.84580498866	140.12071228
3.84870748299	140.201675415
3.85160997732	140.201675415
3.85451247166	140.282669067
3.85741496599	140.282669067
3.86031746032	140.444824219
3.86321995465	140.525985718
3.86612244898	140.607177734
3.86902494331	140.688415527
3.87192743764	140.688415527
3.87482993197	140.688415527
3.8777324263	140.688415527
3.88063492063	140.607177734
3.88353741497	140.525985718
3.8864399093	140.363723755
3.88934240363	140.282669067
3.89224489796	140.201675415
3.89514739229	140.12071228
3.89804988662	140.12071228
3.90095238095	140.201675415
3.90385487528	140.12071228
3.90675736961	140.12071228
3.90965986395	140.039794922
3.91256235828	140.039794922
3.91546485261	140.039794922
3.91836734694	139.95892334
3.92126984127	139.878112793
3.9241723356	139.797332764
3.92707482993	139.71661377
3.92997732426	139.635925293
3.93287981859	139.555297852
3.93578231293	139.555297852
3.93868480726	139.555297852
3.94158730159	139.555297852
3.94448979592	139.555297852
3.94739229025	139.635925293
3.95029478458	139.635925293
3.95319727891	139.635925293
3.95609977324	139.635925293
3.95900226757	139.555297852
3.9619047619	139.635925293
3.96480725624	139.71661377
3.96770975057	139.878112793
3.9706122449	139.95892334
3.97351473923	139.878112793
3.97641723356	139.635925293
3.97931972789	139.233230591
3.98222222222	138.671386719
3.98512471655	138.351364136
3.98802721088	138.032073975
3.99092970522	137.872711182
3.99383219955	137.713516235
3.99673469388	137.634002686
3.99963718821	137.634002686
4.00253968254	137.475082397
4.00544217687	137.316360474
4.0083446712	137.157821655
4.01124716553	137.078613281
4.01414965986	137.316360474
4.0170521542	138.032073975
4.01995464853	138.032073975
4.02285714286	137.79309082
4.02575963719	136.920349121
4.02866213152	136.289093018
4.03156462585	135.347686768
4.03446712018	133.793075562
4.03736961451	133.253204346
4.04027210884	132.792175293
4.04317460317	131.95111084
4.04607709751	131.494598389
4.04897959184	131.191131592
4.05188208617	130.963989258
4.0547845805	130.888366699
4.05768707483	130.888366699
4.06058956916	131.115371704
4.06349206349	131.570571899
4.06639455782	132.179962158
4.06929705215	132.868911743
4.07219954649	133.715820312
4.07510204082	134.025131226
4.07800453515	133.793075562
4.08090702948	133.407226562
4.08380952381	132.103637695
4.08671201814	132.63885498
4.08961451247	129.684265137
4.0925170068	128.194717407
4.09541950113	127.015411377
4.09832199546	126.502876282
4.1012244898	125.339126587
4.10412698413	124.473350525
4.10702947846	124.186080933
4.10993197279	124.32963562
4.11283446712	124.40146637
4.11573696145	124.473350525
4.11863945578	124.114372253
4.12154195011	124.186080933
4.12444444444	124.042701721
4.12734693878	123.470825195
4.13024943311	122.759689331
4.13315192744	122.405654907
4.13605442177	122.617950439
4.1389569161	122.688796997
4.14185941043	123.043647766
4.14476190476	123.328269958
4.14766439909	123.75643158
4.15056689342	124.186080933
4.15346938776	124.833358765
4.15637188209	125.049865723
4.15927437642	124.833358765
4.16217687075	123.827941895
4.16507936508	123.827941895
4.16798185941	123.613548279
4.17088435374	123.684967041
4.17378684807	123.542167664
4.1766893424	123.399528503
4.17959183673	123.399528503
4.18249433107	123.684967041
4.1853968254	123.613548279
4.18829931973	123.684967041
4.19120181406	124.186080933
4.19410430839	124.761276245
4.19700680272	125.049865723
4.19990929705	125.266746521
4.20281179138	125.266746521
4.20571428571	125.194412231
4.20861678005	125.266746521
4.21151927438	125.266746521
4.21442176871	125.194412231
4.21732426304	125.194412231
4.22022675737	124.40146637
4.2231292517	123.613548279
4.22603174603	123.043647766
4.22893424036	122.90158844
4.23183673469	122.405654907
4.23473922902	122.617950439
4.23764172336	122.830612183
4.24054421769	122.052642822
4.24344671202	123.043647766
4.24634920635	124.40146637
4.24925170068	124.689231873
4.25215419501	124.689231873
4.25505668934	124.32963562
4.25795918367	124.257835388
4.260861678	124.257835388
4.26376417234	124.186080933
4.26666666667	124.042701721
4.269569161	123.899482727
4.27247165533	123.827941895
4.27537414966	123.899482727
4.27827664399	123.971069336
4.28117913832	124.114372253
4.28408163265	124.114372253
4.28698412698	124.114372253
4.28988662132	124.042701721
4.29278911565	123.827941895
4.29569160998	123.684967041
4.29859410431	123.328269958
4.30149659864	123.257049561
4.30439909297	122.972595215
4.3073015873	122.617950439
4.31020408163	122.476379395
4.31310657596	122.405654907
4.31600907029	122.264328003
4.31891156463	122.547142029
4.32181405896	122.688796997
4.32471655329	122.759689331
4.32761904762	122.759689331
4.33052154195	122.830612183
4.33342403628	122.830612183
4.33632653061	123.470825195
4.33922902494	123.899482727
4.34213151927	124.114372253
4.34503401361	124.32963562
4.34793650794	124.40146637
4.35083900227	124.40146637
4.3537414966	124.32963562
4.35664399093	124.186080933
4.35954648526	124.257835388
4.36244897959	124.473350525
4.36535147392	124.617225647
4.36825396825	125.049865723
4.37115646259	125.266746521
4.37405895692	125.266746521
4.37696145125	125.484008789
4.37986394558	125.919654846
4.38276643991	127.972770691
4.38566893424	129.235595703
4.38857142857	130.059356689
4.3914739229	130.737243652
4.39437641723	131.039657593
4.39727891156	131.418670654
4.4001814059	131.494598389
4.40308390023	131.570571899
4.40598639456	131.79876709
4.40888888889	132.027359009
4.41179138322	132.103637695
4.41469387755	132.179962158
4.41759637188	132.179962158
4.42049886621	132.027359009
4.42340136054	131.874923706
4.42630385488	131.570571899
4.42920634921	131.418670654
4.43210884354	131.191131592
4.43501133787	130.963989258
4.4379138322	130.888366699
4.44081632653	130.812789917
4.44371882086	130.888366699
4.44662131519	131.039657593
4.44952380952	131.191131592
4.45242630385	131.342773438
4.45532879819	131.570571899
4.45823129252	131.72265625
4.46113378685	131.95111084
4.46403628118	132.027359009
4.46693877551	132.103637695
4.46984126984	132.256332397
4.47274376417	132.256332397
4.4756462585	132.332748413
4.47854875283	132.256332397
4.48145124717	132.103637695
4.4843537415	132.027359009
4.48725623583	131.72265625
4.49015873016	131.494598389
4.49306122449	131.191131592
4.49596371882	130.888366699
4.49886621315	130.661743164
4.50176870748	130.510894775
4.50467120181	130.360198975
4.50757369615	130.360198975
4.51047619048	130.360198975
4.51337868481	130.510894775
4.51628117914	130.737243652
4.51918367347	131.039657593
4.5220861678	131.266937256
4.52498866213	131.494598389
4.52789115646	131.570571899
4.53079365079	131.494598389
4.53369614512	131.342773438
4.53659863946	131.115371704
4.53950113379	130.888366699
4.54240362812	130.661743164
4.54530612245	130.510894775
4.54820861678	130.435531616
4.55111111111	130.360198975
4.55401360544	130.360198975
4.55691609977	130.435531616
4.5598185941	130.510894775
4.56272108844	130.510894775
4.56562358277	130.586303711
4.5685260771	130.586303711
4.57142857143	130.586303711
4.57433106576	130.586303711
4.57723356009	130.510894775
4.58013605442	130.360198975
4.58303854875	130.435531616
4.58594104308	130.510894775
4.58884353741	130.661743164
4.59174603175	130.812789917
4.59464852608	130.963989258
4.59755102041	131.115371704
4.60045351474	131.191131592
4.60335600907	131.191131592
4.6062585034	131.266937256
4.60916099773	131.266937256
4.61206349206	131.266937256
4.61496598639	131.342773438
4.61786848073	131.266937256
4.62077097506	131.266937256
4.62367346939	131.266937256
4.62657596372	131.342773438
4.62947845805	131.342773438
4.63238095238	131.418670654
4.63528344671	131.418670654
4.63818594104	131.494598389
4.64108843537	131.494598389
4.64399092971	131.570571899
4.64689342404	131.494598389
4.64979591837	131.418670654
4.6526984127	131.342773438
4.65560090703	131.266937256
4.65850340136	131.191131592
4.66140589569	131.115371704
4.66430839002	131.115371704
4.66721088435	130.963989258
4.67011337868	130.888366699
4.67301587302	130.812789917
4.67591836735	130.737243652
4.67882086168	130.737243652
4.68172335601	130.737243652
4.68462585034	130.737243652
4.68752834467	130.661743164
4.690430839	130.661743164
4.69333333333	130.586303711
4.69623582766	130.510894775
4.699138322	130.435531616
4.70204081633	130.360198975
4.70494331066	130.435531616
4.70784580499	130.510894775
4.71074829932	130.586303711
4.71365079365	130.737243652
4.71655328798	130.661743164
4.71945578231	130.586303711
4.72235827664	130.435531616
4.72526077098	130.209686279
4.72816326531	130.059356689
4.73106575964	129.98425293
4.73396825397	129.98425293
4.7368707483	130.134506226
4.73977324263	130.209686279
4.74267573696	130.435531616
4.74557823129	130.510894775
4.74848072562	130.510894775
4.75138321995	130.586303711
4.75428571429	130.586303711
4.75718820862	130.510894775
4.76009070295	130.510894775
4.76299319728	130.510894775
4.76589569161	130.586303711
4.76879818594	130.661743164
4.77170068027	130.812789917
4.7746031746	130.963989258
4.77750566893	131.115371704
4.78040816327	131.191131592
4.7833106576	131.191131592
4.78621315193	131.266937256
4.78911564626	131.266937256
4.79201814059	131.342773438
4.79492063492	131.418670654
4.79782312925	131.494598389
4.80072562358	131.570571899
4.80362811791	0.0
4.80653061224	0.0
4.80943310658	0.0
4.81233560091	0.0
4.81523809524	0.0
4.81814058957	0.0
4.8210430839	0.0
4.82394557823	0.0
4.82684807256	0.0
4.82975056689	0.0
4.83265306122	0.0
4.83555555556	0.0
4.83845804989	0.0
4.84136054422	0.0
4.84426303855	0.0
4.84716553288	0.0
4.85006802721	0.0
4.85297052154	0.0
4.85587301587	0.0
4.8587755102	0.0
4.86167800454	0.0
4.86458049887	0.0
4.8674829932	0.0
4.87038548753	0.0
4.87328798186	0.0
4.87619047619	0.0
4.87909297052	0.0
4.88199546485	0.0
4.88489795918	0.0
4.88780045351	0.0
4.89070294785	0.0
4.89360544218	0.0
4.89650793651	0.0
4.89941043084	0.0
4.90231292517	0.0
4.9052154195	0.0
4.90811791383	0.0
4.91102040816	0.0
4.91392290249	0.0
4.91682539683	0.0
4.91972789116	0.0
4.92263038549	0.0
4.92553287982	0.0
4.92843537415	0.0
4.93133786848	0.0
4.93424036281	0.0
4.93714285714	0.0
4.94004535147	0.0
4.9429478458	0.0
4.94585034014	0.0
4.94875283447	0.0
4.9516553288	0.0
4.95455782313	0.0
4.95746031746	0.0
4.96036281179	0.0
4.96326530612	0.0
4.96616780045	0.0
4.96907029478	0.0
4.97197278912	0.0
4.97487528345	0.0
4.97777777778	0.0
4.98068027211	0.0
4.98358276644	0.0
4.98648526077	0.0
4.9893877551	0.0
4.99229024943	0.0
4.99519274376	0.0
4.9980952381	0.0
5.00099773243	0.0
5.00390022676	0.0
5.00680272109	0.0
5.00970521542	0.0
5.01260770975	0.0
5.01551020408	0.0
5.01841269841	0.0
5.02131519274	0.0
5.02421768707	0.0
5.02712018141	0.0
5.03002267574	0.0
5.03292517007	0.0
5.0358276644	0.0
