0.0	0.0
0.00290249433107	0.0
0.00580498866213	0.0
0.0087074829932	0.0
0.0116099773243	0.0
0.0145124716553	0.0
0.0174149659864	0.0
0.0203174603175	0.0
0.0232199546485	0.0
0.0261224489796	0.0
0.0290249433107	0.0
0.0319274376417	0.0
0.0348299319728	0.0
0.0377324263039	0.0
0.0406349206349	0.0
0.043537414966	0.0
0.0464399092971	0.0
0.0493424036281	0.0
0.0522448979592	0.0
0.0551473922902	0.0
0.0580498866213	0.0
0.0609523809524	0.0
0.0638548752834	0.0
0.0667573696145	0.0
0.0696598639456	0.0
0.0725623582766	0.0
0.0754648526077	0.0
0.0783673469388	0.0
0.0812698412698	0.0
0.0841723356009	0.0
0.087074829932	0.0
0.089977324263	0.0
0.0928798185941	0.0
0.0957823129252	0.0
0.0986848072562	0.0
0.101587301587	0.0
0.104489795918	0.0
0.107392290249	0.0
0.11029478458	0.0
0.113197278912	0.0
0.116099773243	0.0
0.119002267574	0.0
0.121904761905	0.0
0.124807256236	0.0
0.127709750567	0.0
0.130612244898	0.0
0.133514739229	0.0
0.13641723356	0.0
0.139319727891	0.0
0.142222222222	0.0
0.145124716553	0.0
0.148027210884	0.0
0.150929705215	0.0
0.153832199546	0.0
0.156734693878	0.0
0.159637188209	0.0
0.16253968254	0.0
0.165442176871	0.0
0.168344671202	448.985900879
0.171247165533	447.432556152
0.174149659864	446.399932861
0.177052154195	445.112548828
0.179954648526	444.085327148
0.182857142857	442.54888916
0.185759637188	441.527557373
0.188662131519	440.508605957
0.19156462585	439.238189697
0.194467120181	438.224517822
0.197369614512	437.971466064
0.200272108844	437.971466064
0.203174603175	438.224517822
0.206077097506	438.477722168
0.208979591837	439.238189697
0.211882086168	439.745910645
0.214784580499	440.254241943
0.21768707483	440.763122559
0.220589569161	441.017791748
0.223492063492	441.272613525
0.226394557823	441.272613525
0.229297052154	441.017791748
0.232199546485	440.763122559
0.235102040816	440.508605957
0.238004535147	440.508605957
0.240907029478	440.508605957
0.24380952381	440.508605957
0.246712018141	441.017791748
0.249614512472	441.527557373
0.252517006803	442.03793335
0.255419501134	442.54888916
0.258321995465	442.54888916
0.261224489796	442.54888916
0.264126984127	442.03793335
0.267029478458	441.782684326
0.269931972789	441.272613525
0.27283446712	440.763122559
0.275736961451	440.0
0.278639455782	439.745910645
0.281541950113	439.491973877
0.284444444444	439.238189697
0.287346938776	439.238189697
0.290249433107	439.238189697
0.293151927438	439.238189697
0.296054421769	439.238189697
0.2989569161	439.238189697
0.301859410431	439.491973877
0.304761904762	439.491973877
0.307664399093	439.745910645
0.310566893424	439.745910645
0.313469387755	439.745910645
0.316371882086	440.0
0.319274376417	440.0
0.322176870748	440.0
0.325079365079	440.0
0.32798185941	440.0
0.330884353741	439.745910645
0.333786848073	439.491973877
0.336689342404	439.238189697
0.339591836735	439.238189697
0.342494331066	438.984558105
0.345396825397	438.731048584
0.348299319728	438.477722168
0.351201814059	438.477722168
0.35410430839	438.731048584
0.357006802721	438.984558105
0.359909297052	439.238189697
0.362811791383	439.491973877
0.365714285714	439.745910645
0.368616780045	440.254241943
0.371519274376	440.254241943
0.374421768707	440.254241943
0.377324263039	440.254241943
0.38022675737	440.0
0.383129251701	440.0
0.386031746032	440.0
0.388934240363	440.0
0.391836734694	439.745910645
0.394739229025	439.745910645
0.397641723356	439.745910645
0.400544217687	440.0
0.403446712018	439.745910645
0.406349206349	439.745910645
0.40925170068	440.0
0.412154195011	440.0
0.415056689342	440.0
0.417959183673	440.0
0.420861678005	440.0
0.423764172336	440.0
0.426666666667	440.0
0.429569160998	440.0
0.432471655329	440.0
0.43537414966	440.0
0.438276643991	440.0
0.441179138322	440.0
0.444081632653	440.0
0.446984126984	439.745910645
0.449886621315	439.745910645
0.452789115646	440.0
0.455691609977	439.745910645
0.458594104308	440.0
0.461496598639	440.0
0.464399092971	440.254241943
0.467301587302	440.508605957
0.470204081633	440.763122559
0.473106575964	440.763122559
0.476009070295	440.763122559
0.478911564626	440.763122559
0.481814058957	441.017791748
0.484716553288	441.017791748
0.487619047619	441.017791748
0.49052154195	441.272613525
0.493424036281	441.527557373
0.496326530612	441.782684326
0.499229024943	442.03793335
0.502131519274	442.293334961
0.505034013605	442.293334961
0.507936507937	442.03793335
0.510839002268	442.03793335
0.513741496599	441.782684326
0.51664399093	441.782684326
0.519546485261	441.782684326
0.522448979592	441.782684326
0.525351473923	441.782684326
0.528253968254	441.527557373
0.531156462585	441.527557373
0.534058956916	441.527557373
0.536961451247	441.527557373
0.539863945578	441.272613525
0.542766439909	441.272613525
0.54566893424	441.017791748
0.548571428571	441.017791748
0.551473922902	441.017791748
0.554376417234	441.017791748
0.557278911565	441.272613525
0.560181405896	441.782684326
0.563083900227	441.782684326
0.565986394558	442.03793335
0.568888888889	442.293334961
0.57179138322	441.782684326
0.574693877551	442.03793335
0.577596371882	442.03793335
0.580498866213	441.527557373
0.583401360544	441.272613525
0.586303854875	440.508605957
0.589206349206	440.0
0.592108843537	439.238189697
0.595011337868	438.984558105
0.5979138322	439.491973877
0.600816326531	440.0
0.603718820862	441.017791748
0.606621315193	442.293334961
0.609523809524	442.804595947
0.612426303855	443.316436768
0.615328798186	443.828887939
0.618231292517	443.828887939
0.621133786848	443.828887939
0.624036281179	443.572570801
0.62693877551	443.572570801
0.629841269841	443.060455322
0.632743764172	442.804595947
0.635646258503	442.54888916
0.638548752834	442.03793335
0.641451247166	441.272613525
0.644353741497	440.254241943
0.647256235828	439.491973877
0.650158730159	438.731048584
0.65306122449	438.224517822
0.655963718821	437.971466064
0.658866213152	437.971466064
0.661768707483	438.477722168
0.664671201814	438.984558105
0.667573696145	439.491973877
0.670476190476	440.254241943
0.673378684807	440.508605957
0.676281179138	441.017791748
0.679183673469	441.527557373
0.6820861678	441.527557373
0.684988662132	442.03793335
0.687891156463	442.03793335
0.690793650794	442.03793335
0.693696145125	441.782684326
0.696598639456	441.782684326
0.699501133787	441.527557373
0.702403628118	441.272613525
0.705306122449	441.017791748
0.70820861678	440.763122559
0.711111111111	440.254241943
0.714013605442	440.254241943
0.716916099773	440.508605957
0.719818594104	440.763122559
0.722721088435	441.272613525
0.725623582766	441.527557373
0.728526077098	441.782684326
0.731428571429	442.03793335
0.73433106576	442.293334961
0.737233560091	442.03793335
0.740136054422	441.782684326
0.743038548753	441.782684326
0.745941043084	442.03793335
0.748843537415	442.03793335
0.751746031746	442.54888916
0.754648526077	443.060455322
0.757551020408	443.572570801
0.760453514739	445.112548828
0.76335600907	445.627075195
0.766258503401	445.369720459
0.769160997732	444.341888428
0.772063492063	443.060455322
0.774965986395	442.03793335
0.777868480726	441.017791748
0.780770975057	439.745910645
0.783673469388	438.984558105
0.786575963719	438.477722168
0.78947845805	438.477722168
0.792380952381	438.731048584
0.795283446712	438.984558105
0.798185941043	439.238189697
0.801088435374	440.0
0.803990929705	440.254241943
0.806893424036	440.508605957
0.809795918367	440.763122559
0.812698412698	441.017791748
0.815600907029	441.017791748
0.818503401361	440.763122559
0.821405895692	440.763122559
0.824308390023	440.763122559
0.827210884354	440.508605957
0.830113378685	440.508605957
0.833015873016	440.508605957
0.835918367347	441.017791748
0.838820861678	441.272613525
0.841723356009	441.782684326
0.84462585034	442.293334961
0.847528344671	442.54888916
0.850430839002	442.54888916
0.853333333333	442.293334961
0.856235827664	441.527557373
0.859138321995	441.272613525
0.862040816327	440.508605957
0.864943310658	440.0
0.867845804989	439.745910645
0.87074829932	439.238189697
0.873650793651	438.984558105
0.876553287982	438.984558105
0.879455782313	439.238189697
0.882358276644	438.984558105
0.885260770975	439.238189697
0.888163265306	439.238189697
0.891065759637	439.491973877
0.893968253968	439.491973877
0.896870748299	439.491973877
0.89977324263	439.745910645
0.902675736961	439.745910645
0.905578231293	439.745910645
0.908480725624	440.0
0.911383219955	440.0
0.914285714286	440.0
0.917188208617	439.745910645
0.920090702948	439.491973877
0.922993197279	439.238189697
0.92589569161	438.984558105
0.928798185941	438.984558105
0.931700680272	438.984558105
0.934603174603	438.731048584
0.937505668934	438.731048584
0.940408163265	438.731048584
0.943310657596	438.984558105
0.946213151927	439.238189697
0.949115646259	439.491973877
0.95201814059	439.491973877
0.954920634921	440.0
0.957823129252	440.0
0.960725623583	440.0
0.963628117914	440.0
0.966530612245	440.0
0.969433106576	440.0
0.972335600907	440.0
0.975238095238	440.0
0.978140589569	440.0
0.9810430839	440.0
0.983945578231	440.0
0.986848072562	440.0
0.989750566893	440.0
0.992653061224	439.745910645
0.995555555556	440.0
0.998458049887	440.0
1.00136054422	440.0
1.00426303855	440.0
1.00716553288	440.0
1.01006802721	440.0
1.01297052154	440.0
1.01587301587	440.0
1.0187755102	440.0
1.02167800454	440.0
1.02458049887	440.0
1.0274829932	439.745910645
1.03038548753	439.745910645
1.03328798186	439.745910645
1.03619047619	439.745910645
1.03909297052	439.745910645
1.04199546485	439.745910645
1.04489795918	439.745910645
1.04780045351	440.0
1.05070294785	440.0
1.05360544218	440.0
1.05650793651	439.745910645
1.05941043084	440.0
1.06231292517	440.0
1.0652154195	440.0
1.06811791383	440.508605957
1.07102040816	440.763122559
1.07392290249	440.508605957
1.07682539683	440.508605957
1.07972789116	440.763122559
1.08263038549	441.017791748
1.08553287982	442.03793335
1.08843537415	443.060455322
1.09133786848	443.828887939
1.09424036281	443.828887939
1.09714285714	443.316436768
1.10004535147	443.060455322
1.1029478458	442.804595947
1.10585034014	442.804595947
1.10875283447	442.804595947
1.1116553288	442.54888916
1.11455782313	441.782684326
1.11746031746	0.0
1.12036281179	0.0
1.12326530612	0.0
1.12616780045	0.0
1.12907029478	0.0
1.13197278912	0.0
1.13487528345	0.0
1.13777777778	0.0
1.14068027211	0.0
1.14358276644	0.0
1.14648526077	0.0
1.1493877551	0.0
1.15229024943	0.0
1.15519274376	0.0
1.1580952381	0.0
1.16099773243	0.0
1.16390022676	0.0
1.16680272109	0.0
1.16970521542	0.0
1.17260770975	0.0
1.17551020408	0.0
1.17841269841	0.0
1.18131519274	0.0
1.18421768707	0.0
1.18712018141	0.0
1.19002267574	0.0
1.19292517007	0.0
1.1958276644	0.0
1.19873015873	0.0
1.20163265306	0.0
1.20453514739	0.0
1.20743764172	0.0
1.21034013605	0.0
1.21324263039	0.0
1.21614512472	0.0
1.21904761905	0.0
1.22195011338	0.0
1.22485260771	0.0
1.22775510204	0.0
1.23065759637	0.0
1.2335600907	0.0
1.23646258503	0.0
1.23936507937	0.0
1.2422675737	0.0
1.24517006803	0.0
1.24807256236	0.0
1.25097505669	0.0
1.25387755102	0.0
1.25678004535	0.0
1.25968253968	0.0
1.26258503401	0.0
1.26548752834	0.0
1.26839002268	0.0
1.27129251701	0.0
1.27419501134	0.0
1.27709750567	0.0
1.28	0.0
1.28290249433	0.0
1.28580498866	0.0
1.28870748299	0.0
1.29160997732	0.0
1.29451247166	0.0
1.29741496599	0.0
1.30031746032	0.0
1.30321995465	0.0
1.30612244898	0.0
1.30902494331	0.0
1.31192743764	0.0
1.31482993197	0.0
1.3177324263	0.0
1.32063492063	0.0
1.32353741497	0.0
1.3264399093	0.0
1.32934240363	0.0
1.33224489796	0.0
1.33514739229	0.0
1.33804988662	0.0
1.34095238095	0.0
1.34385487528	0.0
1.34675736961	0.0
1.34965986395	0.0
1.35256235828	0.0
1.35546485261	0.0
1.35836734694	418.676757812
1.36126984127	416.505889893
1.3641723356	414.825195312
1.36707482993	413.867858887
1.36997732426	412.674285889
1.37287981859	411.721893311
1.37578231293	411.246520996
1.37868480726	411.721893311
1.38158730159	412.197814941
1.38448979592	413.628875732
1.38739229025	416.505889893
1.39029478458	418.193359375
1.39319727891	418.434997559
1.39609977324	418.676757812
1.39900226757	418.434997559
1.4019047619	416.746520996
1.40480725624	415.064880371
1.40770975057	413.867858887
1.4106122449	413.151306152
1.41351473923	413.151306152
1.41641723356	413.867858887
1.41931972789	414.585662842
1.42222222222	415.064880371
1.42512471655	415.064880371
1.42802721088	415.3046875
1.43092970522	415.3046875
1.43383219955	415.544647217
1.43673469388	415.544647217
1.43963718821	416.024993896
1.44253968254	416.265350342
1.44544217687	416.024993896
1.4483446712	415.544647217
1.45124716553	414.825195312
1.45414965986	413.867858887
1.4570521542	413.867858887
1.45995464853	414.106994629
1.46285714286	414.346252441
1.46575963719	415.064880371
1.46866213152	415.784759521
1.47156462585	416.024993896
1.47446712018	416.024993896
1.47736961451	415.784759521
1.48027210884	415.3046875
1.48317460317	415.064880371
1.48607709751	414.585662842
1.48897959184	414.106994629
1.49188208617	413.867858887
1.4947845805	413.867858887
1.49768707483	413.628875732
1.50058956916	413.628875732
1.50349206349	413.867858887
1.50639455782	414.585662842
1.50929705215	414.825195312
1.51219954649	415.3046875
1.51510204082	415.3046875
1.51800453515	415.3046875
1.52090702948	414.825195312
1.52380952381	414.585662842
1.52671201814	414.346252441
1.52961451247	414.346252441
1.5325170068	414.585662842
1.53541950113	414.825195312
1.53832199546	415.3046875
1.5412244898	415.784759521
1.54412698413	416.265350342
1.54702947846	416.265350342
1.54993197279	416.265350342
1.55283446712	416.265350342
1.55573696145	416.024993896
1.55863945578	415.784759521
1.56154195011	415.3046875
1.56444444444	415.064880371
1.56734693878	414.825195312
1.57024943311	414.825195312
1.57315192744	414.825195312
1.57605442177	414.825195312
1.5789569161	415.3046875
1.58185941043	415.3046875
1.58476190476	415.3046875
1.58766439909	415.3046875
1.59056689342	415.3046875
1.59346938776	415.064880371
1.59637188209	415.064880371
1.59927437642	415.3046875
1.60217687075	415.544647217
1.60507936508	416.024993896
1.60798185941	416.505889893
1.61088435374	416.505889893
1.61378684807	416.505889893
1.6166893424	415.784759521
1.61959183673	414.825195312
1.62249433107	414.106994629
1.6253968254	413.390014648
1.62829931973	413.151306152
1.63120181406	413.628875732
1.63410430839	413.867858887
1.63700680272	414.346252441
1.63990929705	414.825195312
1.64281179138	415.544647217
1.64571428571	416.024993896
1.64861678005	416.024993896
1.65151927438	415.784759521
1.65442176871	415.544647217
1.65732426304	415.3046875
1.66022675737	415.3046875
1.6631292517	415.064880371
1.66603174603	414.585662842
1.66893424036	413.628875732
1.67183673469	412.912719727
1.67473922902	413.628875732
1.67764172336	414.585662842
1.68054421769	415.544647217
1.68344671202	416.024993896
1.68634920635	416.505889893
1.68925170068	416.746520996
1.69215419501	416.987335205
1.69505668934	416.746520996
1.69795918367	416.024993896
1.700861678	415.064880371
1.70376417234	414.346252441
1.70666666667	414.825195312
1.709569161	415.3046875
1.71247165533	415.784759521
1.71537414966	415.064880371
1.71827664399	414.346252441
1.72117913832	413.867858887
1.72408163265	413.390014648
1.72698412698	413.390014648
1.72988662132	413.390014648
1.73278911565	413.867858887
1.73569160998	414.106994629
1.73859410431	414.346252441
1.74149659864	414.585662842
1.74439909297	414.825195312
1.7473015873	414.825195312
1.75020408163	353.082061768
1.75310657596	352.267211914
1.75600907029	351.45425415
1.75891156463	350.440673828
1.76181405896	349.228240967
1.76471655329	348.623596191
1.76761904762	348.221069336
1.77052154195	347.819030762
1.77342403628	347.417449951
1.77632653061	347.016326904
1.77922902494	346.815948486
1.78213151927	347.016326904
1.78503401361	347.417449951
1.78793650794	347.819030762
1.79083900227	347.819030762
1.7937414966	348.019989014
1.79664399093	348.623596191
1.79954648526	349.228240967
1.80244897959	349.430023193
1.80535147392	349.228240967
1.80825396825	349.228240967
1.81115646259	349.430023193
1.81405895692	349.83392334
1.81696145125	350.238311768
1.81986394558	350.03604126
1.82276643991	349.83392334
1.82566893424	350.03604126
1.82857142857	350.440673828
1.8314739229	350.643157959
1.83437641723	350.440673828
1.83727891156	350.03604126
1.8401814059	350.03604126
1.84308390023	350.238311768
1.84598639456	350.238311768
1.84888888889	349.83392334
1.85179138322	349.430023193
1.85469387755	349.228240967
1.85759637188	349.430023193
1.86049886621	349.631896973
1.86340136054	349.631896973
1.86630385488	349.430023193
1.86920634921	349.228240967
1.87210884354	349.430023193
1.87501133787	349.631896973
1.8779138322	349.631896973
1.88081632653	349.228240967
1.88371882086	349.026580811
1.88662131519	349.026580811
1.88952380952	349.026580811
1.89242630385	349.026580811
1.89532879819	348.825012207
1.89823129252	348.623596191
1.90113378685	349.026580811
1.90403628118	349.631896973
1.90693877551	349.631896973
1.90984126984	349.228240967
1.91274376417	348.623596191
1.9156462585	348.019989014
1.91854875283	347.618164062
1.92145124717	350.845733643
1.9243537415	354.103271484
1.92725623583	356.360351562
1.93015873016	357.391052246
1.93306122449	356.566253662
1.93596371882	355.53793335
1.93886621315	351.86050415
1.94176870748	340.07119751
1.94467120181	335.583129883
1.94757369615	333.265075684
1.95047619048	332.112091064
1.95337868481	331.345611572
1.95628117914	330.771942139
1.95918367347	330.390045166
1.9620861678	329.818023682
1.96498866213	329.24697876
1.96789115646	328.676940918
1.97079365079	328.107879639
1.97369614512	327.539794922
1.97659863946	327.350646973
1.97950113379	327.350646973
1.98240362812	327.729034424
1.98530612245	328.297454834
1.98820861678	328.866821289
1.99111111111	329.818023682
1.99401360544	330.199249268
1.99691609977	330.580932617
1.9998185941	330.580932617
2.00272108844	330.580932617
2.00562358277	330.390045166
2.0085260771	330.008575439
2.01142857143	329.437225342
2.01433106576	328.866821289
2.01723356009	328.487121582
2.02013605442	328.107879639
2.02303854875	328.107879639
2.02594104308	328.297454834
2.02884353741	328.676940918
2.03174603175	329.24697876
2.03464852608	329.818023682
2.03755102041	330.390045166
2.04045351474	330.771942139
2.04335600907	330.963043213
2.0462585034	331.154296875
2.04916099773	330.771942139
2.05206349206	330.390045166
2.05496598639	329.627563477
2.05786848073	329.056854248
2.06077097506	328.487121582
2.06367346939	328.297454834
2.06657596372	328.297454834
2.06947845805	328.866821289
2.07238095238	329.056854248
2.07528344671	329.627563477
2.07818594104	330.008575439
2.08108843537	330.199249268
2.08399092971	330.199249268
2.08689342404	330.199249268
2.08979591837	330.008575439
2.0926984127	329.818023682
2.09560090703	329.818023682
2.09850340136	329.627563477
2.10140589569	329.627563477
2.10430839002	329.24697876
2.10721088435	329.056854248
2.11011337868	328.866821289
2.11301587302	328.487121582
2.11591836735	328.297454834
2.11882086168	328.107879639
2.12172335601	328.107879639
2.12462585034	327.918395996
2.12752834467	328.107879639
2.130430839	328.107879639
2.13333333333	328.297454834
2.13623582766	328.487121582
2.139138322	328.866821289
2.14204081633	329.24697876
2.14494331066	329.437225342
2.14784580499	329.627563477
2.15074829932	329.818023682
2.15365079365	329.818023682
2.15655328798	329.627563477
2.15945578231	329.627563477
2.16235827664	329.437225342
2.16526077098	329.24697876
2.16816326531	329.056854248
2.17106575964	329.24697876
2.17396825397	329.437225342
2.1768707483	329.818023682
2.17977324263	330.199249268
2.18267573696	330.580932617
2.18557823129	330.771942139
2.18848072562	330.771942139
2.19138321995	330.580932617
2.19428571429	330.199249268
2.19718820862	329.627563477
2.20009070295	329.056854248
2.20299319728	328.676940918
2.20589569161	328.297454834
2.20879818594	328.107879639
2.21170068027	327.918395996
2.2146031746	327.918395996
2.21750566893	327.918395996
2.22040816327	327.918395996
2.2233106576	328.107879639
2.22621315193	328.107879639
2.22911564626	328.487121582
2.23201814059	328.676940918
2.23492063492	329.056854248
2.23782312925	329.437225342
2.24072562358	329.627563477
2.24362811791	329.818023682
2.24653061224	329.818023682
2.24943310658	329.818023682
2.25233560091	329.627563477
2.25523809524	329.24697876
2.25814058957	328.866821289
2.2610430839	328.487121582
2.26394557823	328.297454834
2.26684807256	328.487121582
2.26975056689	328.487121582
2.27265306122	328.866821289
2.27555555556	329.437225342
2.27845804989	329.818023682
2.28136054422	330.008575439
2.28426303855	330.199249268
2.28716553288	330.199249268
2.29006802721	330.199249268
2.29297052154	330.199249268
2.29587301587	330.199249268
2.2987755102	330.008575439
2.30167800454	329.818023682
2.30458049887	329.627563477
2.3074829932	329.24697876
2.31038548753	329.056854248
2.31328798186	328.676940918
2.31619047619	328.487121582
2.31909297052	328.487121582
2.32199546485	328.676940918
2.32489795918	328.866821289
2.32780045351	329.24697876
2.33070294785	329.627563477
2.33360544218	330.199249268
2.33650793651	330.580932617
2.33941043084	330.771942139
2.34231292517	331.154296875
2.3452154195	330.963043213
2.34811791383	330.771942139
2.35102040816	330.580932617
2.35392290249	330.199249268
2.35682539683	329.818023682
2.35972789116	329.627563477
2.36263038549	329.437225342
2.36553287982	329.437225342
2.36843537415	329.24697876
2.37133786848	329.437225342
2.37424036281	329.437225342
2.37714285714	329.437225342
2.38004535147	329.627563477
2.3829478458	329.437225342
2.38585034014	329.818023682
2.38875283447	329.818023682
2.3916553288	330.008575439
2.39455782313	330.199249268
2.39746031746	330.008575439
2.40036281179	330.008575439
2.40326530612	329.627563477
2.40616780045	329.437225342
2.40907029478	328.866821289
2.41197278912	328.487121582
2.41487528345	328.297454834
2.41777777778	328.487121582
2.42068027211	328.676940918
2.42358276644	329.056854248
2.42648526077	329.437225342
2.4293877551	329.627563477
2.43229024943	329.818023682
2.43519274376	330.008575439
2.4380952381	329.818023682
2.44099773243	329.818023682
2.44390022676	329.627563477
2.44680272109	329.437225342
2.44970521542	329.437225342
2.45260770975	329.437225342
2.45551020408	329.24697876
2.45841269841	329.056854248
2.46131519274	328.866821289
2.46421768707	329.056854248
2.46712018141	329.437225342
2.47002267574	330.199249268
2.47292517007	330.580932617
2.4758276644	330.390045166
2.47873015873	329.627563477
2.48163265306	328.866821289
2.48453514739	327.539794922
2.48743764172	325.841461182
2.49034013605	323.590698242
2.49324263039	321.169952393
2.49614512472	316.382598877
2.49904761905	314.378723145
2.50195011338	309.335021973
2.50485260771	305.076324463
2.50775510204	300.702484131
2.51065759637	297.420379639
2.5135600907	295.707366943
2.51646258503	294.684295654
2.51936507937	294.514129639
2.5222675737	294.344055176
2.52517006803	294.344055176
2.52807256236	294.514129639
2.53097505669	294.344055176
2.53387755102	294.004211426
2.53678004535	293.325714111
2.53968253968	292.648773193
2.54258503401	292.142089844
2.54548752834	292.310882568
2.54839002268	292.987030029
2.55129251701	293.664764404
2.55419501134	294.344055176
2.55709750567	294.854553223
2.56	295.195404053
2.56290249433	295.365936279
2.56580498866	295.195404053
2.56870748299	294.854553223
2.57160997732	294.854553223
2.57451247166	294.854553223
2.57741496599	294.854553223
2.58031746032	294.854553223
2.58321995465	294.854553223
2.58612244898	295.024932861
2.58902494331	295.024932861
2.59192743764	295.024932861
2.59482993197	295.024932861
2.5977324263	294.854553223
2.60063492063	294.684295654
2.60353741497	294.344055176
2.6064399093	294.174102783
2.60934240363	294.004211426
2.61224489796	294.004211426
2.61514739229	294.004211426
2.61804988662	294.004211426
2.62095238095	294.344055176
2.62385487528	294.344055176
2.62675736961	294.514129639
2.62965986395	294.684295654
2.63256235828	294.684295654
2.63546485261	294.684295654
2.63836734694	294.514129639
2.64126984127	294.344055176
2.6441723356	294.174102783
2.64707482993	294.174102783
2.64997732426	294.344055176
2.65287981859	294.514129639
2.65578231293	294.854553223
2.65868480726	294.854553223
2.66158730159	295.024932861
2.66448979592	295.024932861
2.66739229025	294.684295654
2.67029478458	294.344055176
2.67319727891	294.004211426
2.67609977324	293.834442139
2.67900226757	294.004211426
2.6819047619	294.004211426
2.68480725624	294.344055176
2.68770975057	294.514129639
2.6906122449	294.514129639
2.69351473923	294.344055176
2.69641723356	294.174102783
2.69931972789	293.834442139
2.70222222222	293.664764404
2.70512471655	293.664764404
2.70802721088	293.495178223
2.71092970522	293.664764404
2.71383219955	293.834442139
2.71673469388	293.834442139
2.71963718821	294.004211426
2.72253968254	294.004211426
2.72544217687	294.004211426
2.7283446712	294.004211426
2.73124716553	294.004211426
2.73414965986	293.834442139
2.7370521542	293.834442139
2.73995464853	293.834442139
2.74285714286	293.834442139
2.74575963719	293.834442139
2.74866213152	294.004211426
2.75156462585	294.174102783
2.75446712018	294.174102783
2.75736961451	294.004211426
2.76027210884	294.004211426
2.76317460317	293.834442139
2.76607709751	293.834442139
2.76897959184	293.834442139
2.77188208617	294.004211426
2.7747845805	294.174102783
2.77768707483	294.514129639
2.78058956916	294.684295654
2.78349206349	295.024932861
2.78639455782	295.365936279
2.78929705215	295.536621094
2.79219954649	295.536621094
2.79510204082	295.536621094
2.79800453515	295.195404053
2.80090702948	294.854553223
2.80380952381	294.344055176
2.80671201814	293.664764404
2.80961451247	0.0
2.8125170068	0.0
2.81541950113	0.0
2.81832199546	0.0
2.8212244898	0.0
2.82412698413	437.718536377
2.82702947846	438.477722168
2.82993197279	439.238189697
2.83283446712	440.0
2.83573696145	440.508605957
2.83863945578	441.017791748
2.84154195011	441.527557373
2.84444444444	441.782684326
2.84734693878	441.527557373
2.85024943311	441.272613525
2.85315192744	441.272613525
2.85605442177	441.017791748
2.8589569161	440.763122559
2.86185941043	440.763122559
2.86476190476	440.763122559
2.86766439909	441.272613525
2.87056689342	442.03793335
2.87346938776	442.804595947
2.87637188209	443.316436768
2.87927437642	443.316436768
2.88217687075	443.060455322
2.88507936508	442.54888916
2.88798185941	441.782684326
2.89088435374	441.017791748
2.89378684807	440.508605957
2.8966893424	440.0
2.89959183673	439.491973877
2.90249433107	439.238189697
2.9053968254	438.984558105
2.90829931973	438.984558105
2.91120181406	438.984558105
2.91410430839	439.238189697
2.91700680272	439.238189697
2.91990929705	439.238189697
2.92281179138	439.491973877
2.92571428571	439.491973877
2.92861678005	439.491973877
2.93151927438	439.491973877
2.93442176871	439.745910645
2.93732426304	440.0
2.94022675737	440.0
2.9431292517	440.0
2.94603174603	440.0
2.94893424036	439.745910645
2.95183673469	439.491973877
2.95473922902	439.238189697
2.95764172336	438.731048584
2.96054421769	438.731048584
2.96344671202	438.477722168
2.96634920635	438.224517822
2.96925170068	438.224517822
2.97215419501	438.224517822
2.97505668934	438.477722168
2.97795918367	438.984558105
2.980861678	439.238189697
2.98376417234	439.745910645
2.98666666667	440.0
2.989569161	440.254241943
2.99247165533	440.254241943
2.99537414966	440.254241943
2.99827664399	440.254241943
3.00117913832	440.254241943
3.00408163265	440.0
3.00698412698	439.745910645
3.00988662132	439.745910645
3.01278911565	439.745910645
3.01569160998	439.745910645
3.01859410431	439.745910645
3.02149659864	439.745910645
3.02439909297	439.745910645
3.0273015873	439.745910645
3.03020408163	440.0
3.03310657596	440.254241943
3.03600907029	440.254241943
3.03891156463	440.254241943
3.04181405896	440.254241943
3.04471655329	440.254241943
3.04761904762	440.0
3.05052154195	440.0
3.05342403628	440.0
3.05632653061	440.0
3.05922902494	440.0
3.06213151927	440.0
3.06503401361	440.0
3.06793650794	440.0
3.07083900227	440.0
3.0737414966	440.0
3.07664399093	440.0
3.07954648526	440.0
3.08244897959	440.0
3.08535147392	440.0
3.08825396825	440.0
3.09115646259	440.0
3.09405895692	439.745910645
3.09696145125	439.491973877
3.09986394558	439.491973877
3.10276643991	439.491973877
3.10566893424	439.238189697
3.10857142857	439.491973877
3.1114739229	439.491973877
3.11437641723	439.745910645
3.11727891156	440.0
3.1201814059	440.254241943
3.12308390023	440.254241943
3.12598639456	440.0
3.12888888889	440.0
3.13179138322	439.745910645
3.13469387755	439.745910645
3.13759637188	439.745910645
3.14049886621	439.745910645
3.14340136054	439.745910645
3.14630385488	440.0
3.14920634921	440.0
3.15210884354	440.0
3.15501133787	440.0
3.1579138322	440.0
3.16081632653	439.745910645
3.16371882086	439.491973877
3.16662131519	439.491973877
3.16952380952	439.238189697
3.17242630385	438.731048584
3.17532879819	438.477722168
3.17823129252	438.731048584
3.18113378685	438.731048584
3.18403628118	438.731048584
3.18693877551	438.984558105
3.18984126984	438.984558105
3.19274376417	439.238189697
3.1956462585	439.238189697
3.19854875283	439.238189697
3.20145124717	439.491973877
3.2043537415	439.491973877
3.20725623583	439.491973877
3.21015873016	439.491973877
3.21306122449	439.745910645
3.21596371882	439.745910645
3.21886621315	439.745910645
3.22176870748	439.745910645
3.22467120181	439.745910645
3.22757369615	440.0
3.23047619048	440.508605957
3.23337868481	441.017791748
3.23628117914	441.782684326
3.23918367347	442.293334961
3.2420861678	442.54888916
3.24498866213	442.804595947
3.24789115646	442.54888916
3.25079365079	442.293334961
3.25369614512	441.272613525
3.25659863946	440.0
3.25950113379	438.224517822
3.26240362812	436.456207275
3.26530612245	434.444000244
3.26820861678	432.940917969
3.27111111111	431.941772461
3.27401360544	431.443054199
3.27691609977	431.941772461
3.2798185941	433.942382812
3.28272108844	438.731048584
3.28562358277	441.527557373
3.2885260771	443.316436768
3.29142857143	444.341888428
3.29433106576	444.598632812
3.29723356009	443.572570801
3.30013605442	441.782684326
3.30303854875	439.745910645
3.30594104308	436.708374023
3.30884353741	434.695007324
3.31174603175	433.441375732
3.31464852608	432.441070557
3.31755102041	425.257537842
3.32045351474	415.064880371
3.32335600907	412.435974121
3.3262585034	411.484161377
3.32916099773	411.009063721
3.33206349206	410.771728516
3.33496598639	411.959777832
3.33786848073	414.825195312
3.34077097506	417.951873779
3.34367346939	419.645233154
3.34657596372	420.373046875
3.34947845805	420.373046875
3.35238095238	419.645233154
3.35528344671	418.193359375
3.35818594104	415.784759521
3.36108843537	413.628875732
3.36399092971	412.435974121
3.36689342404	412.197814941
3.36979591837	412.435974121
3.3726984127	413.151306152
3.37560090703	414.825195312
3.37850340136	416.987335205
3.38140589569	418.434997559
3.38430839002	418.434997559
3.38721088435	418.434997559
3.39011337868	417.951873779
3.39301587302	417.228240967
3.39591836735	416.746520996
3.39882086168	415.784759521
3.40172335601	413.628875732
3.40462585034	411.484161377
3.40752834467	410.534515381
3.410430839	411.009063721
3.41333333333	412.674285889
3.41623582766	414.346252441
3.419138322	415.784759521
3.42204081633	417.951873779
3.42494331066	419.402893066
3.42784580499	418.918670654
3.43074829932	416.024993896
3.43365079365	411.959777832
3.43655328798	409.35055542
3.43945578231	408.877929688
3.44235827664	409.823730469
3.44526077098	411.484161377
3.44816326531	413.867858887
3.45106575964	415.544647217
3.45396825397	416.505889893
3.4568707483	416.746520996
3.45977324263	417.951873779
3.46267573696	419.402893066
3.46557823129	420.615936279
3.46848072562	420.858978271
3.47138321995	419.645233154
3.47428571429	416.746520996
3.47718820862	413.867858887
3.48009070295	411.484161377
3.48299319728	355.743377686
3.48589569161	354.717407227
3.48879818594	352.674407959
3.49170068027	351.048461914
3.4946031746	350.03604126
3.49750566893	349.026580811
3.50040816327	348.422271729
3.5033106576	348.221069336
3.50621315193	348.221069336
3.50911564626	348.019989014
3.51201814059	347.819030762
3.51492063492	347.618164062
3.51782312925	347.618164062
3.52072562358	347.618164062
3.52362811791	347.819030762
3.52653061224	347.819030762
3.52943310658	348.019989014
3.53233560091	348.422271729
3.53523809524	349.026580811
3.53814058957	349.430023193
3.5410430839	349.631896973
3.54394557823	349.631896973
3.54684807256	350.03604126
3.54975056689	350.238311768
3.55265306122	350.440673828
3.55555555556	350.440673828
3.55845804989	350.03604126
3.56136054422	350.03604126
3.56426303855	350.03604126
3.56716553288	350.238311768
3.57006802721	350.238311768
3.57297052154	350.03604126
3.57587301587	349.83392334
3.5787755102	349.83392334
3.58167800454	349.83392334
3.58458049887	349.631896973
3.5874829932	349.430023193
3.59038548753	349.026580811
3.59328798186	349.228240967
3.59619047619	349.430023193
3.59909297052	349.631896973
3.60199546485	349.430023193
3.60489795918	349.228240967
3.60780045351	349.430023193
3.61070294785	349.83392334
3.61360544218	349.83392334
3.61650793651	349.83392334
3.61941043084	350.03604126
3.62231292517	350.03604126
3.6252154195	422.808258057
3.62811791383	423.296966553
3.63102040816	422.808258057
3.63392290249	422.320098877
3.63682539683	421.588897705
3.63972789116	420.373046875
3.64263038549	418.676757812
3.64553287982	416.987335205
3.64843537415	415.064880371
3.65133786848	413.628875732
3.65424036281	412.435974121
3.65714285714	411.721893311
3.66004535147	412.197814941
3.6629478458	413.151306152
3.66585034014	414.585662842
3.66875283447	416.024993896
3.6716553288	417.710540771
3.67455782313	418.676757812
3.67746031746	418.918670654
3.68036281179	418.434997559
3.68326530612	417.228240967
3.68616780045	415.3046875
3.68907029478	414.346252441
3.69197278912	414.106994629
3.69487528345	413.867858887
3.69777777778	414.106994629
3.70068027211	414.346252441
3.70358276644	415.064880371
3.70648526077	416.024993896
3.7093877551	416.265350342
3.71229024943	415.784759521
3.71519274376	415.544647217
3.7180952381	415.544647217
3.72099773243	415.784759521
3.72390022676	416.265350342
3.72680272109	416.265350342
3.72970521542	415.784759521
3.73260770975	415.3046875
3.73551020408	415.3046875
3.73841269841	415.3046875
3.74131519274	415.064880371
3.74421768707	414.825195312
3.74712018141	414.825195312
3.75002267574	415.3046875
3.75292517007	415.784759521
3.7558276644	416.024993896
3.75873015873	415.784759521
3.76163265306	415.064880371
3.76453514739	414.825195312
3.76743764172	414.825195312
3.77034013605	414.825195312
3.77324263039	414.585662842
3.77614512472	414.346252441
3.77904761905	414.106994629
3.78195011338	414.106994629
3.78485260771	414.346252441
3.78775510204	414.585662842
3.79065759637	414.585662842
3.7935600907	414.585662842
3.79646258503	414.825195312
3.79936507937	414.825195312
3.8022675737	414.585662842
3.80517006803	414.585662842
3.80807256236	414.346252441
3.81097505669	414.346252441
3.81387755102	414.585662842
3.81678004535	414.585662842
3.81968253968	415.064880371
3.82258503401	415.3046875
3.82548752834	415.544647217
3.82839002268	415.544647217
3.83129251701	415.544647217
3.83419501134	415.544647217
3.83709750567	415.3046875
3.84	415.3046875
3.84290249433	415.064880371
3.84580498866	414.825195312
3.84870748299	414.585662842
3.85160997732	414.346252441
3.85451247166	414.346252441
3.85741496599	414.585662842
3.86031746032	414.585662842
3.86321995465	415.064880371
3.86612244898	415.064880371
3.86902494331	415.3046875
3.87192743764	415.3046875
3.87482993197	415.064880371
3.8777324263	415.3046875
3.88063492063	415.3046875
3.88353741497	415.544647217
3.8864399093	415.3046875
3.88934240363	414.825195312
3.89224489796	414.346252441
3.89514739229	413.867858887
3.89804988662	413.867858887
3.90095238095	414.346252441
3.90385487528	414.585662842
3.90675736961	414.585662842
3.90965986395	414.825195312
3.91256235828	415.3046875
3.91546485261	415.784759521
3.91836734694	416.265350342
3.92126984127	416.024993896
3.9241723356	416.265350342
3.92707482993	416.265350342
3.92997732426	416.265350342
3.93287981859	416.024993896
3.93578231293	415.544647217
3.93868480726	414.346252441
3.94158730159	412.674285889
3.94448979592	412.197814941
3.94739229025	351.45425415
3.95029478458	351.45425415
3.95319727891	352.267211914
3.95609977324	353.286071777
3.95900226757	353.286071777
3.9619047619	352.267211914
3.96480725624	351.251281738
3.96770975057	350.440673828
3.9706122449	350.643157959
3.97351473923	350.845733643
3.97641723356	350.03604126
3.97931972789	349.631896973
3.98222222222	349.631896973
3.98512471655	350.643157959
3.98802721088	352.267211914
3.99092970522	353.490203857
3.99383219955	354.103271484
3.99673469388	354.307861328
3.99963718821	354.717407227
4.00253968254	355.332641602
4.00544217687	355.743377686
4.0083446712	355.948913574
4.01124716553	355.743377686
4.01414965986	355.743377686
4.0170521542	355.127441406
4.01995464853	354.512573242
4.02285714286	354.103271484
4.02575963719	353.286071777
4.02866213152	352.063781738
4.03156462585	350.440673828
4.03446712018	349.631896973
4.03736961451	349.228240967
4.04027210884	349.026580811
4.04317460317	348.623596191
4.04607709751	348.019989014
4.04897959184	347.417449951
4.05188208617	347.216827393
4.0547845805	347.417449951
4.05768707483	347.417449951
4.06058956916	347.819030762
4.06349206349	348.019989014
4.06639455782	348.221069336
4.06929705215	348.623596191
4.07219954649	349.228240967
4.07510204082	349.430023193
4.07800453515	349.430023193
4.08090702948	349.631896973
4.08380952381	350.03604126
4.08671201814	350.440673828
4.08961451247	350.440673828
4.0925170068	350.238311768
4.09541950113	350.03604126
4.09832199546	350.238311768
4.1012244898	350.238311768
4.10412698413	350.440673828
4.10702947846	350.03604126
4.10993197279	349.83392334
4.11283446712	349.83392334
4.11573696145	350.03604126
4.11863945578	350.03604126
4.12154195011	349.83392334
4.12444444444	349.430023193
4.12734693878	349.430023193
4.13024943311	349.430023193
4.13315192744	349.83392334
4.13605442177	349.631896973
4.1389569161	349.430023193
4.14185941043	349.430023193
4.14476190476	349.430023193
4.14766439909	349.631896973
4.15056689342	349.228240967
4.15346938776	348.825012207
4.15637188209	348.422271729
4.15927437642	348.221069336
4.16217687075	348.019989014
4.16507936508	348.221069336
4.16798185941	348.825012207
4.17088435374	350.03604126
4.17378684807	351.86050415
4.1766893424	352.674407959
4.17959183673	352.470733643
4.18249433107	350.643157959
4.1853968254	347.819030762
4.18829931973	343.823974609
4.19120181406	339.482421875
4.19410430839	335.971038818
4.19700680272	334.422088623
4.19990929705	333.072631836
4.20281179138	332.112091064
4.20571428571	331.154296875
4.20861678005	330.008575439
4.21151927438	328.297454834
4.21442176871	326.595184326
4.21732426304	325.277313232
4.22022675737	324.901763916
4.2231292517	325.089477539
4.22603174603	326.029724121
4.22893424036	327.918395996
4.23183673469	330.008575439
4.23473922902	331.920288086
4.23764172336	333.265075684
4.24054421769	333.843078613
4.24344671202	333.650299072
4.24634920635	333.457641602
4.24925170068	332.303955078
4.25215419501	330.390045166
4.25505668934	328.676940918
4.25795918367	326.783874512
4.260861678	325.841461182
4.26376417234	325.841461182
4.26666666667	326.218109131
4.269569161	327.350646973
4.27247165533	329.056854248
4.27537414966	331.154296875
4.27827664399	332.688079834
4.28117913832	333.265075684
4.28408163265	333.457641602
4.28698412698	333.072631836
4.28988662132	332.303955078
4.29278911565	331.345611572
4.29569160998	330.008575439
4.29859410431	328.866821289
4.30149659864	327.918395996
4.30439909297	327.350646973
4.3073015873	327.161621094
4.31020408163	327.539794922
4.31310657596	328.107879639
4.31600907029	328.866821289
4.31891156463	329.627563477
4.32181405896	330.199249268
4.32471655329	330.390045166
4.32761904762	330.390045166
4.33052154195	330.390045166
4.33342403628	330.580932617
4.33632653061	330.580932617
4.33922902494	330.771942139
4.34213151927	330.771942139
4.34503401361	330.963043213
4.34793650794	330.963043213
4.35083900227	331.154296875
4.3537414966	330.963043213
4.35664399093	330.771942139
4.35954648526	330.390045166
4.36244897959	329.627563477
4.36535147392	328.866821289
4.36825396825	328.297454834
4.37115646259	328.107879639
4.37405895692	328.297454834
4.37696145125	328.866821289
4.37986394558	330.199249268
4.38276643991	332.880310059
4.38566893424	336.942749023
4.38857142857	340.464294434
4.3914739229	342.832427979
4.39437641723	344.221405029
4.39727891156	344.420288086
4.4001814059	344.022644043
4.40308390023	341.843719482
4.40598639456	338.698944092
4.40888888889	335.777038574
4.41179138322	333.843078613
4.41469387755	333.265075684
4.41759637188	331.920288086
4.42049886621	330.580932617
4.42340136054	329.437225342
4.42630385488	328.676940918
4.42920634921	327.918395996
4.43210884354	327.918395996
4.43501133787	328.107879639
4.4379138322	329.056854248
4.44081632653	330.199249268
4.44371882086	331.728637695
4.44662131519	332.688079834
4.44952380952	333.072631836
4.45242630385	333.265075684
4.45532879819	333.072631836
4.45823129252	332.880310059
4.46113378685	332.688079834
4.46403628118	332.112091064
4.46693877551	331.154296875
4.46984126984	330.199249268
4.47274376417	329.24697876
4.4756462585	328.297454834
4.47854875283	327.350646973
4.48145124717	326.972686768
4.4843537415	327.161621094
4.48725623583	328.866821289
4.49015873016	331.728637695
4.49306122449	334.035980225
4.49596371882	335.583129883
4.49886621315	336.359375
4.50176870748	336.165161133
4.50467120181	335.195678711
4.50757369615	333.843078613
4.51047619048	332.49597168
4.51337868481	331.345611572
4.51628117914	330.390045166
4.51918367347	330.008575439
4.5220861678	329.437225342
4.52498866213	329.437225342
4.52789115646	329.24697876
4.53079365079	329.24697876
4.53369614512	329.056854248
4.53659863946	329.056854248
4.53950113379	329.056854248
4.54240362812	329.24697876
4.54530612245	329.24697876
4.54820861678	329.437225342
4.55111111111	329.437225342
4.55401360544	329.24697876
4.55691609977	329.056854248
4.5598185941	328.866821289
4.56272108844	328.487121582
4.56562358277	328.107879639
4.5685260771	327.918395996
4.57142857143	327.918395996
4.57433106576	328.297454834
4.57723356009	328.676940918
4.58013605442	329.056854248
4.58303854875	329.627563477
4.58594104308	330.199249268
4.58884353741	330.390045166
4.59174603175	330.390045166
4.59464852608	330.199249268
4.59755102041	329.818023682
4.60045351474	329.24697876
4.60335600907	328.866821289
4.6062585034	328.676940918
4.60916099773	328.487121582
4.61206349206	328.487121582
4.61496598639	328.866821289
4.61786848073	329.056854248
4.62077097506	329.24697876
4.62367346939	329.437225342
4.62657596372	329.818023682
4.62947845805	329.818023682
4.63238095238	330.199249268
4.63528344671	330.199249268
4.63818594104	330.390045166
4.64108843537	330.390045166
4.64399092971	330.199249268
4.64689342404	330.199249268
4.64979591837	330.008575439
4.6526984127	329.818023682
4.65560090703	329.627563477
4.65850340136	329.437225342
4.66140589569	329.24697876
4.66430839002	329.056854248
4.66721088435	328.676940918
4.67011337868	328.487121582
4.67301587302	328.297454834
4.67591836735	328.107879639
4.67882086168	327.918395996
4.68172335601	328.107879639
4.68462585034	328.107879639
4.68752834467	328.297454834
4.690430839	328.487121582
4.69333333333	328.297454834
4.69623582766	328.107879639
4.699138322	328.107879639
4.70204081633	327.918395996
4.70494331066	327.918395996
4.70784580499	327.918395996
4.71074829932	328.297454834
4.71365079365	328.487121582
4.71655328798	329.056854248
4.71945578231	329.437225342
4.72235827664	329.818023682
4.72526077098	330.008575439
4.72816326531	330.199249268
4.73106575964	330.390045166
4.73396825397	330.390045166
4.7368707483	330.390045166
4.73977324263	330.390045166
4.74267573696	330.580932617
4.74557823129	330.580932617
4.74848072562	330.580932617
4.75138321995	330.390045166
4.75428571429	330.199249268
4.75718820862	329.818023682
4.76009070295	329.24697876
4.76299319728	328.676940918
4.76589569161	328.297454834
4.76879818594	327.918395996
4.77170068027	327.729034424
4.7746031746	327.918395996
4.77750566893	327.918395996
4.78040816327	328.297454834
4.7833106576	328.487121582
4.78621315193	328.487121582
4.78911564626	328.297454834
4.79201814059	328.297454834
4.79492063492	328.297454834
4.79782312925	328.297454834
4.80072562358	328.297454834
4.80362811791	328.297454834
4.80653061224	328.487121582
4.80943310658	328.866821289
4.81233560091	329.24697876
4.81523809524	329.437225342
4.81814058957	329.627563477
4.8210430839	329.627563477
4.82394557823	329.818023682
4.82684807256	329.818023682
4.82975056689	329.627563477
4.83265306122	329.627563477
4.83555555556	329.627563477
4.83845804989	329.627563477
4.84136054422	329.818023682
4.84426303855	329.818023682
4.84716553288	329.818023682
4.85006802721	329.627563477
4.85297052154	329.627563477
4.85587301587	329.437225342
4.8587755102	329.437225342
4.86167800454	329.24697876
4.86458049887	329.437225342
4.8674829932	329.437225342
4.87038548753	329.437225342
4.87328798186	329.437225342
4.87619047619	329.437225342
4.87909297052	329.437225342
4.88199546485	329.24697876
4.88489795918	328.866821289
4.88780045351	328.866821289
4.89070294785	328.676940918
4.89360544218	328.676940918
4.89650793651	329.056854248
4.89941043084	329.24697876
4.90231292517	329.627563477
4.9052154195	330.008575439
4.90811791383	330.199249268
4.91102040816	330.580932617
4.91392290249	330.580932617
4.91682539683	330.580932617
4.91972789116	330.580932617
4.92263038549	330.390045166
4.92553287982	330.390045166
4.92843537415	330.199249268
4.93133786848	330.008575439
4.93424036281	330.008575439
4.93714285714	329.818023682
4.94004535147	329.818023682
4.9429478458	329.627563477
4.94585034014	329.437225342
4.94875283447	329.24697876
4.9516553288	328.866821289
4.95455782313	328.866821289
4.95746031746	328.866821289
4.96036281179	328.866821289
4.96326530612	329.056854248
4.96616780045	329.24697876
4.96907029478	329.24697876
4.97197278912	329.056854248
4.97487528345	329.056854248
4.97777777778	328.866821289
4.98068027211	328.866821289
4.98358276644	328.866821289
4.98648526077	328.676940918
4.9893877551	328.676940918
4.99229024943	328.676940918
4.99519274376	328.676940918
4.9980952381	328.866821289
5.00099773243	328.866821289
5.00390022676	329.056854248
5.00680272109	328.866821289
5.00970521542	329.056854248
5.01260770975	329.24697876
5.01551020408	329.24697876
5.01841269841	329.437225342
5.02131519274	329.437225342
5.02421768707	329.437225342
5.02712018141	329.24697876
5.03002267574	329.24697876
5.03292517007	329.056854248
5.0358276644	329.056854248
5.03873015873	329.056854248
5.04163265306	328.866821289
5.04453514739	328.676940918
5.04743764172	328.487121582
5.05034013605	328.297454834
5.05324263039	328.297454834
5.05614512472	327.918395996
5.05904761905	327.918395996
5.06195011338	328.107879639
5.06485260771	328.297454834
5.06775510204	328.487121582
5.07065759637	328.676940918
5.0735600907	329.056854248
5.07646258503	329.056854248
5.07936507937	329.056854248
5.0822675737	329.24697876
5.08517006803	329.24697876
5.08807256236	329.24697876
5.09097505669	329.056854248
5.09387755102	329.056854248
5.09678004535	329.056854248
5.09968253968	329.056854248
5.10258503401	329.24697876
5.10548752834	329.24697876
5.10839002268	329.437225342
5.11129251701	329.437225342
5.11419501134	329.437225342
5.11709750567	329.437225342
5.12	329.437225342
5.12290249433	329.437225342
5.12580498866	329.24697876
5.12870748299	329.24697876
5.13160997732	329.056854248
5.13451247166	329.056854248
5.13741496599	329.056854248
5.14031746032	329.056854248
5.14321995465	328.866821289
5.14612244898	328.866821289
5.14902494331	328.866821289
5.15192743764	328.866821289
5.15482993197	329.056854248
5.1577324263	329.056854248
5.16063492063	329.056854248
5.16353741497	329.056854248
5.1664399093	329.056854248
5.16934240363	329.056854248
5.17224489796	329.24697876
5.17514739229	329.24697876
5.17804988662	329.24697876
5.18095238095	329.056854248
5.18385487528	329.24697876
5.18675736961	329.24697876
5.18965986395	329.437225342
5.19256235828	329.627563477
5.19546485261	329.627563477
5.19836734694	329.627563477
5.20126984127	329.818023682
5.2041723356	329.818023682
5.20707482993	329.818023682
5.20997732426	329.627563477
5.21287981859	329.437225342
5.21578231293	329.437225342
5.21868480726	329.24697876
5.22158730159	329.24697876
5.22448979592	329.056854248
5.22739229025	329.056854248
5.23029478458	329.24697876
5.23319727891	329.24697876
5.23609977324	329.24697876
5.23900226757	329.24697876
5.2419047619	329.437225342
5.24480725624	329.437225342
5.24770975057	329.437225342
5.2506122449	329.24697876
5.25351473923	329.056854248
5.25641723356	329.24697876
5.25931972789	329.24697876
5.26222222222	329.24697876
5.26512471655	329.056854248
5.26802721088	329.056854248
5.27092970522	329.056854248
5.27383219955	329.056854248
5.27673469388	329.24697876
5.27963718821	329.24697876
5.28253968254	329.24697876
5.28544217687	329.24697876
5.2883446712	329.24697876
5.29124716553	329.24697876
5.29414965986	329.24697876
5.2970521542	329.24697876
5.29995464853	329.056854248
5.30285714286	329.24697876
5.30575963719	329.24697876
5.30866213152	329.437225342
5.31156462585	329.437225342
5.31446712018	329.627563477
5.31736961451	329.627563477
5.32027210884	329.818023682
5.32317460317	329.818023682
5.32607709751	330.199249268
5.32897959184	330.580932617
5.33188208617	331.154296875
5.3347845805	331.345611572
5.33768707483	331.920288086
5.34058956916	332.303955078
5.34349206349	332.688079834
5.34639455782	333.072631836
5.34929705215	332.880310059
5.35219954649	332.880310059
5.35510204082	332.49597168
5.35800453515	331.920288086
5.36090702948	331.537078857
5.36380952381	331.154296875
5.36671201814	331.345611572
5.36961451247	330.963043213
5.3725170068	331.154296875
5.37541950113	332.49597168
5.37832199546	332.688079834
5.3812244898	333.072631836
5.38412698413	332.49597168
5.38702947846	331.920288086
5.38993197279	331.154296875
5.39283446712	330.580932617
5.39573696145	330.580932617
5.39863945578	330.771942139
5.40154195011	331.154296875
5.40444444444	331.728637695
5.40734693878	332.303955078
5.41024943311	332.880310059
5.41315192744	333.265075684
5.41605442177	333.265075684
5.4189569161	333.072631836
5.42185941043	333.072631836
5.42476190476	332.688079834
5.42766439909	332.303955078
5.43056689342	331.537078857
5.43346938776	330.771942139
5.43637188209	330.199249268
5.43927437642	329.437225342
5.44217687075	329.056854248
5.44507936508	328.676940918
5.44798185941	328.676940918
5.45088435374	328.676940918
5.45378684807	328.866821289
5.4566893424	329.24697876
5.45959183673	329.627563477
5.46249433107	330.008575439
5.4653968254	330.390045166
5.46829931973	330.580932617
5.47120181406	330.963043213
5.47410430839	0.0
5.47700680272	0.0
5.47990929705	0.0
5.48281179138	0.0
5.48571428571	0.0
5.48861678005	0.0
5.49151927438	0.0
5.49442176871	0.0
5.49732426304	0.0
5.50022675737	0.0
5.5031292517	0.0
5.50603174603	0.0
5.50893424036	0.0
5.51183673469	0.0
5.51473922902	0.0
5.51764172336	0.0
5.52054421769	0.0
5.52344671202	0.0
5.52634920635	0.0
5.52925170068	0.0
5.53215419501	0.0
5.53505668934	0.0
5.53795918367	0.0
5.540861678	0.0
5.54376417234	0.0
5.54666666667	0.0
5.549569161	0.0
5.55247165533	0.0
5.55537414966	0.0
5.55827664399	0.0
5.56117913832	0.0
5.56408163265	0.0
5.56698412698	0.0
5.56988662132	0.0
5.57278911565	0.0
5.57569160998	0.0
5.57859410431	0.0
