0.0	0.0
0.00290249433107	0.0
0.00580498866213	0.0
0.0087074829932	0.0
0.0116099773243	0.0
0.0145124716553	0.0
0.0174149659864	0.0
0.0203174603175	0.0
0.0232199546485	0.0
0.0261224489796	0.0
0.0290249433107	0.0
0.0319274376417	0.0
0.0348299319728	0.0
0.0377324263039	0.0
0.0406349206349	0.0
0.043537414966	0.0
0.0464399092971	0.0
0.0493424036281	0.0
0.0522448979592	0.0
0.0551473922902	0.0
0.0580498866213	0.0
0.0609523809524	0.0
0.0638548752834	0.0
0.0667573696145	0.0
0.0696598639456	0.0
0.0725623582766	0.0
0.0754648526077	0.0
0.0783673469388	265.124542236
0.0812698412698	265.737823486
0.0841723356009	265.430999756
0.087074829932	264.665496826
0.089977324263	262.382263184
0.0928798185941	263.293182373
0.0957823129252	263.4453125
0.0986848072562	262.230743408
0.101587301587	261.474487305
0.104489795918	260.569854736
0.107392290249	260.118713379
0.11029478458	261.172607422
0.113197278912	261.625579834
0.116099773243	261.776733398
0.119002267574	261.625579834
0.121904761905	261.625579834
0.124807256236	261.474487305
0.127709750567	261.323486328
0.130612244898	261.474487305
0.133514739229	261.474487305
0.13641723356	261.474487305
0.139319727891	261.474487305
0.142222222222	261.474487305
0.145124716553	261.474487305
0.148027210884	261.474487305
0.150929705215	261.323486328
0.153832199546	261.323486328
0.156734693878	261.323486328
0.159637188209	261.625579834
0.16253968254	261.776733398
0.165442176871	261.776733398
0.168344671202	261.776733398
0.171247165533	261.625579834
0.174149659864	261.474487305
0.177052154195	261.172607422
0.179954648526	260.871063232
0.182857142857	260.419372559
0.185759637188	260.269012451
0.188662131519	260.419372559
0.19156462585	260.720397949
0.194467120181	261.172607422
0.197369614512	261.927978516
0.200272108844	262.533874512
0.203174603175	263.141143799
0.206077097506	263.59753418
0.208979591837	263.90222168
0.211882086168	263.90222168
0.214784580499	263.59753418
0.21768707483	263.293182373
0.220589569161	263.141143799
0.223492063492	262.989196777
0.226394557823	262.837341309
0.229297052154	262.685546875
0.232199546485	262.533874512
0.235102040816	262.230743408
0.238004535147	261.927978516
0.240907029478	261.776733398
0.24380952381	261.776733398
0.246712018141	261.776733398
0.249614512472	261.776733398
0.252517006803	261.927978516
0.255419501134	262.230743408
0.258321995465	262.382263184
0.261224489796	262.382263184
0.264126984127	262.382263184
0.267029478458	262.079315186
0.269931972789	261.927978516
0.27283446712	261.776733398
0.275736961451	261.474487305
0.278639455782	261.323486328
0.281541950113	261.021789551
0.284444444444	260.871063232
0.287346938776	260.569854736
0.290249433107	260.569854736
0.293151927438	260.269012451
0.296054421769	260.118713379
0.2989569161	259.818389893
0.301859410431	259.5184021
0.304761904762	259.218780518
0.307664399093	259.069091797
0.310566893424	258.919494629
0.313469387755	259.069091797
0.316371882086	259.368530273
0.319274376417	259.818389893
0.322176870748	260.269012451
0.325079365079	260.720397949
0.32798185941	261.021789551
0.330884353741	261.323486328
0.333786848073	261.474487305
0.336689342404	261.625579834
0.339591836735	261.776733398
0.342494331066	261.776733398
0.345396825397	261.776733398
0.348299319728	261.927978516
0.351201814059	261.927978516
0.35410430839	261.927978516
0.357006802721	262.079315186
0.359909297052	262.079315186
0.362811791383	262.079315186
0.365714285714	262.079315186
0.368616780045	262.079315186
0.371519274376	262.230743408
0.374421768707	262.382263184
0.377324263039	262.382263184
0.38022675737	262.533874512
0.383129251701	262.382263184
0.386031746032	262.382263184
0.388934240363	262.230743408
0.391836734694	261.927978516
0.394739229025	261.776733398
0.397641723356	261.474487305
0.400544217687	261.474487305
0.403446712018	261.323486328
0.406349206349	261.323486328
0.40925170068	261.323486328
0.412154195011	261.474487305
0.415056689342	261.625579834
0.417959183673	261.625579834
0.420861678005	261.625579834
0.423764172336	261.625579834
0.426666666667	261.625579834
0.429569160998	261.474487305
0.432471655329	261.474487305
0.43537414966	261.474487305
0.438276643991	261.474487305
0.441179138322	261.474487305
0.444081632653	261.474487305
0.446984126984	261.474487305
0.449886621315	261.625579834
0.452789115646	261.776733398
0.455691609977	261.625579834
0.458594104308	261.625579834
0.461496598639	261.625579834
0.464399092971	261.474487305
0.467301587302	261.474487305
0.470204081633	261.474487305
0.473106575964	261.474487305
0.476009070295	261.474487305
0.478911564626	261.474487305
0.481814058957	261.323486328
0.484716553288	261.323486328
0.487619047619	261.172607422
0.49052154195	261.021789551
0.493424036281	260.720397949
0.496326530612	260.569854736
0.499229024943	260.419372559
0.502131519274	260.419372559
0.505034013605	260.419372559
0.507936507937	260.569854736
0.510839002268	260.720397949
0.513741496599	260.871063232
0.51664399093	261.021789551
0.519546485261	261.172607422
0.522448979592	261.323486328
0.525351473923	261.323486328
0.528253968254	261.474487305
0.531156462585	261.474487305
0.534058956916	261.625579834
0.536961451247	261.474487305
0.539863945578	261.474487305
0.542766439909	261.474487305
0.54566893424	261.474487305
0.548571428571	261.323486328
0.551473922902	261.323486328
0.554376417234	261.323486328
0.557278911565	261.323486328
0.560181405896	261.323486328
0.563083900227	261.323486328
0.565986394558	261.474487305
0.568888888889	261.474487305
0.57179138322	261.474487305
0.574693877551	261.474487305
0.577596371882	261.323486328
0.580498866213	261.323486328
0.583401360544	261.172607422
0.586303854875	261.172607422
0.589206349206	261.172607422
0.592108843537	261.172607422
0.595011337868	261.323486328
0.5979138322	261.323486328
0.600816326531	261.474487305
0.603718820862	261.474487305
0.606621315193	261.776733398
0.609523809524	261.776733398
0.612426303855	261.776733398
0.615328798186	261.776733398
0.618231292517	261.625579834
0.621133786848	261.625579834
0.624036281179	261.474487305
0.62693877551	261.474487305
0.629841269841	261.323486328
0.632743764172	261.323486328
0.635646258503	261.323486328
0.638548752834	261.323486328
0.641451247166	261.323486328
0.644353741497	261.323486328
0.647256235828	261.474487305
0.650158730159	261.474487305
0.65306122449	261.474487305
0.655963718821	261.474487305
0.658866213152	261.625579834
0.661768707483	261.625579834
0.664671201814	261.776733398
0.667573696145	261.776733398
0.670476190476	261.776733398
0.673378684807	261.776733398
0.676281179138	261.625579834
0.679183673469	261.474487305
0.6820861678	261.323486328
0.684988662132	261.172607422
0.687891156463	261.021789551
0.690793650794	261.021789551
0.693696145125	260.871063232
0.696598639456	260.871063232
0.699501133787	260.871063232
0.702403628118	260.871063232
0.705306122449	261.021789551
0.70820861678	261.021789551
0.711111111111	261.625579834
0.714013605442	262.685546875
0.716916099773	264.054718018
0.719818594104	265.737823486
0.722721088435	267.740783691
0.725623582766	272.420806885
0.728526077098	266.198699951
0.731428571429	298.970581055
0.73433106576	298.797943115
0.737233560091	296.733978271
0.740136054422	295.024932861
0.743038548753	293.156341553
0.745941043084	290.627288818
0.748843537415	288.453125
0.751746031746	287.45513916
0.754648526077	287.787414551
0.757551020408	288.786529541
0.760453514739	290.12411499
0.76335600907	291.46786499
0.766258503401	292.479766846
0.769160997732	293.325714111
0.772063492063	294.004211426
0.774965986395	294.344055176
0.777868480726	294.514129639
0.780770975057	294.344055176
0.783673469388	294.004211426
0.786575963719	293.834442139
0.78947845805	294.004211426
0.792380952381	294.004211426
0.795283446712	294.344055176
0.798185941043	294.514129639
0.801088435374	294.514129639
0.803990929705	294.514129639
0.806893424036	294.344055176
0.809795918367	294.004211426
0.812698412698	293.495178223
0.815600907029	293.325714111
0.818503401361	293.325714111
0.821405895692	293.495178223
0.824308390023	293.664764404
0.827210884354	293.834442139
0.830113378685	293.834442139
0.833015873016	293.664764404
0.835918367347	293.495178223
0.838820861678	293.156341553
0.841723356009	292.648773193
0.84462585034	292.142089844
0.847528344671	291.804779053
0.850430839002	291.299560547
0.853333333333	291.299560547
0.856235827664	291.299560547
0.859138321995	291.46786499
0.862040816327	291.804779053
0.864943310658	292.310882568
0.867845804989	292.817840576
0.87074829932	293.156341553
0.873650793651	293.495178223
0.876553287982	293.495178223
0.879455782313	293.325714111
0.882358276644	293.156341553
0.885260770975	293.156341553
0.888163265306	292.987030029
0.891065759637	292.987030029
0.893968253968	292.987030029
0.896870748299	292.987030029
0.89977324263	292.987030029
0.902675736961	292.987030029
0.905578231293	292.817840576
0.908480725624	292.817840576
0.911383219955	292.817840576
0.914285714286	292.987030029
0.917188208617	293.156341553
0.920090702948	293.156341553
0.922993197279	293.156341553
0.92589569161	293.156341553
0.928798185941	293.325714111
0.931700680272	293.325714111
0.934603174603	293.325714111
0.937505668934	293.495178223
0.940408163265	293.664764404
0.943310657596	293.834442139
0.946213151927	294.174102783
0.949115646259	294.174102783
0.95201814059	294.174102783
0.954920634921	294.004211426
0.957823129252	294.004211426
0.960725623583	293.834442139
0.963628117914	293.664764404
0.966530612245	293.495178223
0.969433106576	293.495178223
0.972335600907	293.664764404
0.975238095238	293.664764404
0.978140589569	293.834442139
0.9810430839	294.004211426
0.983945578231	294.004211426
0.986848072562	294.004211426
0.989750566893	294.004211426
0.992653061224	294.004211426
0.995555555556	294.004211426
0.998458049887	293.834442139
1.00136054422	293.834442139
1.00426303855	293.834442139
1.00716553288	293.664764404
1.01006802721	293.664764404
1.01297052154	293.495178223
1.01587301587	293.325714111
1.0187755102	293.156341553
1.02167800454	292.987030029
1.02458049887	292.648773193
1.0274829932	292.479766846
1.03038548753	292.142089844
1.03328798186	291.973388672
1.03619047619	292.310882568
1.03909297052	292.817840576
1.04199546485	293.325714111
1.04489795918	293.834442139
1.04780045351	293.495178223
1.05070294785	292.142089844
1.05360544218	290.627288818
1.05650793651	289.956573486
1.05941043084	334.035980225
1.06231292517	334.228973389
1.0652154195	333.265075684
1.06811791383	328.866821289
1.07102040816	319.504638672
1.07392290249	324.339233398
1.07682539683	328.107879639
1.07972789116	330.390045166
1.08263038549	331.728637695
1.08553287982	332.49597168
1.08843537415	332.688079834
1.09133786848	332.49597168
1.09424036281	331.537078857
1.09714285714	330.199249268
1.10004535147	329.627563477
1.1029478458	329.818023682
1.10585034014	330.390045166
1.10875283447	331.154296875
1.1116553288	331.537078857
1.11455782313	331.728637695
1.11746031746	331.537078857
1.12036281179	330.963043213
1.12326530612	330.390045166
1.12616780045	329.818023682
1.12907029478	329.627563477
1.13197278912	329.437225342
1.13487528345	329.24697876
1.13777777778	329.056854248
1.14068027211	328.676940918
1.14358276644	328.107879639
1.14648526077	327.539794922
1.1493877551	327.539794922
1.15229024943	328.107879639
1.15519274376	329.056854248
1.1580952381	329.818023682
1.16099773243	330.580932617
1.16390022676	330.771942139
1.16680272109	330.580932617
1.16970521542	329.818023682
1.17260770975	328.676940918
1.17551020408	327.729034424
1.17841269841	327.161621094
1.18131519274	327.539794922
1.18421768707	328.297454834
1.18712018141	329.24697876
1.19002267574	330.199249268
1.19292517007	330.963043213
1.1958276644	331.154296875
1.19873015873	330.771942139
1.20163265306	330.199249268
1.20453514739	329.437225342
1.20743764172	329.056854248
1.21034013605	328.866821289
1.21324263039	329.24697876
1.21614512472	329.627563477
1.21904761905	330.008575439
1.22195011338	330.390045166
1.22485260771	330.771942139
1.22775510204	330.580932617
1.23065759637	330.199249268
1.2335600907	329.818023682
1.23646258503	329.24697876
1.23936507937	328.866821289
1.2422675737	328.676940918
1.24517006803	328.866821289
1.24807256236	329.056854248
1.25097505669	329.437225342
1.25387755102	329.437225342
1.25678004535	329.627563477
1.25968253968	329.627563477
1.26258503401	329.437225342
1.26548752834	329.24697876
1.26839002268	329.056854248
1.27129251701	329.24697876
1.27419501134	329.437225342
1.27709750567	329.818023682
1.28	330.199249268
1.28290249433	330.390045166
1.28580498866	330.390045166
1.28870748299	330.199249268
1.29160997732	330.008575439
1.29451247166	329.818023682
1.29741496599	329.627563477
1.30031746032	329.437225342
1.30321995465	329.437225342
1.30612244898	329.627563477
1.30902494331	329.627563477
1.31192743764	329.627563477
1.31482993197	329.818023682
1.3177324263	329.818023682
1.32063492063	329.818023682
1.32353741497	330.008575439
1.3264399093	330.008575439
1.32934240363	330.008575439
1.33224489796	330.199249268
1.33514739229	330.390045166
1.33804988662	330.580932617
1.34095238095	330.771942139
1.34385487528	330.771942139
1.34675736961	331.154296875
1.34965986395	331.345611572
1.35256235828	331.920288086
1.35546485261	331.920288086
1.35836734694	332.112091064
1.36126984127	332.112091064
1.3641723356	331.920288086
1.36707482993	331.154296875
1.36997732426	330.008575439
1.37287981859	328.676940918
1.37578231293	328.297454834
1.37868480726	328.297454834
1.38158730159	329.056854248
1.38448979592	330.199249268
1.38739229025	332.688079834
1.39029478458	335.777038574
1.39319727891	338.503356934
1.39609977324	339.874816895
1.39900226757	340.464294434
1.4019047619	341.054779053
1.40480725624	341.843719482
1.40770975057	343.427001953
1.4106122449	345.61605835
1.41351473923	349.026580811
1.41641723356	352.267211914
1.41931972789	353.69442749
1.42222222222	354.103271484
1.42512471655	353.898803711
1.42802721088	353.286071777
1.43092970522	352.267211914
1.43383219955	351.048461914
1.43673469388	350.03604126
1.43963718821	348.825012207
1.44253968254	348.221069336
1.44544217687	348.019989014
1.4483446712	347.819030762
1.45124716553	348.019989014
1.45414965986	348.825012207
1.4570521542	349.631896973
1.45995464853	350.440673828
1.46285714286	351.251281738
1.46575963719	351.45425415
1.46866213152	351.657318115
1.47156462585	351.251281738
1.47446712018	350.643157959
1.47736961451	349.83392334
1.48027210884	349.228240967
1.48317460317	348.422271729
1.48607709751	348.221069336
1.48897959184	347.819030762
1.49188208617	347.819030762
1.4947845805	347.819030762
1.49768707483	348.019989014
1.50058956916	348.422271729
1.50349206349	348.825012207
1.50639455782	349.430023193
1.50929705215	349.631896973
1.51219954649	349.83392334
1.51510204082	349.83392334
1.51800453515	350.03604126
1.52090702948	350.03604126
1.52380952381	350.03604126
1.52671201814	350.03604126
1.52961451247	350.03604126
1.5325170068	350.238311768
1.53541950113	350.03604126
1.53832199546	349.83392334
1.5412244898	349.631896973
1.54412698413	349.228240967
1.54702947846	349.228240967
1.54993197279	349.026580811
1.55283446712	349.026580811
1.55573696145	349.026580811
1.55863945578	349.026580811
1.56154195011	349.026580811
1.56444444444	348.825012207
1.56734693878	348.623596191
1.57024943311	348.422271729
1.57315192744	348.422271729
1.57605442177	348.623596191
1.5789569161	348.825012207
1.58185941043	348.825012207
1.58476190476	349.228240967
1.58766439909	349.631896973
1.59056689342	350.03604126
1.59346938776	350.440673828
1.59637188209	350.440673828
1.59927437642	350.440673828
1.60217687075	350.440673828
1.60507936508	350.03604126
1.60798185941	349.631896973
1.61088435374	349.228240967
1.61378684807	348.825012207
1.6166893424	348.422271729
1.61959183673	348.221069336
1.62249433107	348.019989014
1.6253968254	348.019989014
1.62829931973	348.221069336
1.63120181406	348.422271729
1.63410430839	348.825012207
1.63700680272	349.228240967
1.63990929705	349.631896973
1.64281179138	349.83392334
1.64571428571	350.03604126
1.64861678005	350.238311768
1.65151927438	350.238311768
1.65442176871	350.03604126
1.65732426304	349.631896973
1.66022675737	349.430023193
1.6631292517	349.228240967
1.66603174603	349.026580811
1.66893424036	348.825012207
1.67183673469	348.623596191
1.67473922902	348.623596191
1.67764172336	348.623596191
1.68054421769	348.825012207
1.68344671202	348.825012207
1.68634920635	348.825012207
1.68925170068	349.026580811
1.69215419501	349.228240967
1.69505668934	349.430023193
1.69795918367	349.430023193
1.700861678	349.430023193
1.70376417234	349.631896973
1.70666666667	349.631896973
1.709569161	349.631896973
1.71247165533	349.631896973
1.71537414966	349.430023193
1.71827664399	349.228240967
1.72117913832	349.228240967
1.72408163265	349.026580811
1.72698412698	348.825012207
1.72988662132	348.825012207
1.73278911565	348.825012207
1.73569160998	348.825012207
1.73859410431	348.825012207
1.74149659864	349.026580811
1.74439909297	349.026580811
1.7473015873	349.026580811
1.75020408163	349.026580811
1.75310657596	349.228240967
1.75600907029	349.228240967
1.75891156463	349.228240967
1.76181405896	349.228240967
1.76471655329	349.228240967
1.76761904762	349.228240967
1.77052154195	349.430023193
1.77342403628	349.430023193
1.77632653061	349.430023193
1.77922902494	349.430023193
1.78213151927	349.430023193
1.78503401361	349.430023193
1.78793650794	349.430023193
1.79083900227	349.228240967
1.7937414966	349.228240967
1.79664399093	349.026580811
1.79954648526	348.825012207
1.80244897959	348.825012207
1.80535147392	348.623596191
1.80825396825	348.623596191
1.81115646259	348.623596191
1.81405895692	348.623596191
1.81696145125	348.623596191
1.81986394558	348.825012207
1.82276643991	348.825012207
1.82566893424	348.825012207
1.82857142857	349.026580811
1.8314739229	349.228240967
1.83437641723	349.228240967
1.83727891156	349.430023193
1.8401814059	349.430023193
1.84308390023	349.430023193
1.84598639456	349.631896973
1.84888888889	349.430023193
1.85179138322	349.430023193
1.85469387755	349.430023193
1.85759637188	349.228240967
1.86049886621	349.026580811
1.86340136054	349.026580811
1.86630385488	348.825012207
1.86920634921	348.825012207
1.87210884354	348.825012207
1.87501133787	348.825012207
1.8779138322	348.825012207
1.88081632653	348.825012207
1.88371882086	349.026580811
1.88662131519	349.026580811
1.88952380952	349.228240967
1.89242630385	349.228240967
1.89532879819	349.228240967
1.89823129252	349.430023193
1.90113378685	349.430023193
1.90403628118	349.430023193
1.90693877551	349.228240967
1.90984126984	349.228240967
1.91274376417	349.228240967
1.9156462585	349.026580811
1.91854875283	349.026580811
1.92145124717	349.026580811
1.9243537415	349.026580811
1.92725623583	349.026580811
1.93015873016	349.026580811
1.93306122449	349.026580811
1.93596371882	349.026580811
1.93886621315	349.026580811
1.94176870748	349.026580811
1.94467120181	349.228240967
1.94757369615	349.228240967
1.95047619048	349.026580811
1.95337868481	349.026580811
1.95628117914	349.026580811
1.95918367347	349.026580811
1.9620861678	349.026580811
1.96498866213	349.026580811
1.96789115646	349.228240967
1.97079365079	349.228240967
1.97369614512	349.228240967
1.97659863946	349.228240967
1.97950113379	349.228240967
1.98240362812	349.228240967
1.98530612245	349.228240967
1.98820861678	349.026580811
1.99111111111	348.623596191
1.99401360544	348.221069336
1.99691609977	347.819030762
1.9998185941	347.216827393
2.00272108844	347.016326904
2.00562358277	346.815948486
2.0085260771	346.415496826
2.01142857143	346.615661621
2.01433106576	347.819030762
2.01723356009	350.845733643
2.02013605442	355.332641602
2.02303854875	359.461395264
2.02594104308	361.543731689
2.02884353741	359.87689209
2.03174603175	359.87689209
2.03464852608	355.743377686
2.03755102041	348.422271729
2.04045351474	340.857849121
2.04335600907	339.090454102
2.0462585034	338.503356934
2.04916099773	338.503356934
2.05206349206	338.503356934
2.05496598639	338.307891846
2.05786848073	337.722167969
2.06077097506	336.553741455
2.06367346939	335.195678711
2.06657596372	333.650299072
2.06947845805	332.303955078
2.07238095238	330.963043213
2.07528344671	329.627563477
2.07818594104	328.866821289
2.08108843537	328.107879639
2.08399092971	327.729034424
2.08689342404	327.729034424
2.08979591837	327.729034424
2.0926984127	328.297454834
2.09560090703	328.866821289
2.09850340136	329.627563477
2.10140589569	330.390045166
2.10430839002	330.771942139
2.10721088435	331.154296875
2.11011337868	331.154296875
2.11301587302	330.963043213
2.11591836735	330.390045166
2.11882086168	329.818023682
2.12172335601	329.056854248
2.12462585034	328.676940918
2.12752834467	328.107879639
2.130430839	327.729034424
2.13333333333	327.539794922
2.13623582766	327.729034424
2.139138322	328.107879639
2.14204081633	328.676940918
2.14494331066	329.24697876
2.14784580499	329.818023682
2.15074829932	330.199249268
2.15365079365	330.580932617
2.15655328798	330.771942139
2.15945578231	330.963043213
2.16235827664	330.771942139
2.16526077098	330.580932617
2.16816326531	330.199249268
2.17106575964	329.818023682
2.17396825397	329.818023682
2.1768707483	329.437225342
2.17977324263	329.24697876
2.18267573696	329.24697876
2.18557823129	329.437225342
2.18848072562	329.437225342
2.19138321995	329.627563477
2.19428571429	329.627563477
2.19718820862	329.818023682
2.20009070295	329.627563477
2.20299319728	329.627563477
2.20589569161	329.627563477
2.20879818594	329.627563477
2.21170068027	329.437225342
2.2146031746	329.437225342
2.21750566893	329.24697876
2.22040816327	329.24697876
2.2233106576	329.056854248
2.22621315193	328.866821289
2.22911564626	328.866821289
2.23201814059	329.056854248
2.23492063492	329.24697876
2.23782312925	329.627563477
2.24072562358	329.818023682
2.24362811791	330.008575439
2.24653061224	330.199249268
2.24943310658	330.199249268
2.25233560091	330.008575439
2.25523809524	329.818023682
2.25814058957	329.818023682
2.2610430839	329.818023682
2.26394557823	329.818023682
2.26684807256	330.008575439
2.26975056689	330.008575439
2.27265306122	330.008575439
2.27555555556	329.627563477
2.27845804989	329.627563477
2.28136054422	329.24697876
2.28426303855	329.24697876
2.28716553288	329.24697876
2.29006802721	329.24697876
2.29297052154	329.437225342
2.29587301587	329.627563477
2.2987755102	329.627563477
2.30167800454	329.818023682
2.30458049887	330.199249268
2.3074829932	330.580932617
2.31038548753	331.154296875
2.31328798186	331.728637695
2.31619047619	332.303955078
2.31909297052	332.303955078
2.32199546485	331.920288086
2.32489795918	331.345611572
2.32780045351	330.580932617
2.33070294785	330.580932617
2.33360544218	330.963043213
2.33650793651	331.728637695
2.33941043084	332.49597168
2.34231292517	332.688079834
2.3452154195	332.49597168
2.34811791383	331.537078857
2.35102040816	330.008575439
2.35392290249	327.539794922
2.35682539683	318.583190918
2.35972789116	296.049194336
2.36263038549	294.174102783
2.36553287982	293.325714111
2.36843537415	292.987030029
2.37133786848	292.987030029
2.37424036281	293.495178223
2.37714285714	294.344055176
2.38004535147	295.024932861
2.3829478458	295.195404053
2.38585034014	294.854553223
2.38875283447	294.514129639
2.3916553288	294.004211426
2.39455782313	293.834442139
2.39746031746	293.664764404
2.40036281179	293.495178223
2.40326530612	293.664764404
2.40616780045	293.664764404
2.40907029478	293.834442139
2.41197278912	294.174102783
2.41487528345	294.514129639
2.41777777778	294.684295654
2.42068027211	294.514129639
2.42358276644	293.834442139
2.42648526077	292.987030029
2.4293877551	292.479766846
2.43229024943	291.973388672
2.43519274376	291.804779053
2.4380952381	291.973388672
2.44099773243	292.142089844
2.44390022676	292.142089844
2.44680272109	292.142089844
2.44970521542	291.973388672
2.45260770975	291.804779053
2.45551020408	291.804779053
2.45841269841	291.973388672
2.46131519274	292.479766846
2.46421768707	293.156341553
2.46712018141	293.664764404
2.47002267574	293.834442139
2.47292517007	293.664764404
2.4758276644	293.325714111
2.47873015873	292.987030029
2.48163265306	292.648773193
2.48453514739	292.479766846
2.48743764172	292.310882568
2.49034013605	292.479766846
2.49324263039	292.648773193
2.49614512472	292.817840576
2.49904761905	293.156341553
2.50195011338	293.325714111
2.50485260771	293.664764404
2.50775510204	293.834442139
2.51065759637	293.664764404
2.5135600907	293.325714111
2.51646258503	292.987030029
2.51936507937	292.648773193
2.5222675737	292.479766846
2.52517006803	292.648773193
2.52807256236	292.817840576
2.53097505669	293.325714111
2.53387755102	293.664764404
2.53678004535	294.174102783
2.53968253968	294.174102783
2.54258503401	294.174102783
2.54548752834	294.174102783
2.54839002268	294.004211426
2.55129251701	293.834442139
2.55419501134	294.004211426
2.55709750567	294.004211426
2.56	294.004211426
2.56290249433	293.834442139
2.56580498866	293.664764404
2.56870748299	293.325714111
2.57160997732	292.987030029
2.57451247166	292.987030029
2.57741496599	293.156341553
2.58031746032	293.664764404
2.58321995465	294.174102783
2.58612244898	294.684295654
2.58902494331	295.195404053
2.59192743764	295.024932861
2.59482993197	294.514129639
2.5977324263	293.834442139
2.60063492063	293.156341553
2.60353741497	292.817840576
2.6064399093	292.479766846
2.60934240363	292.479766846
2.61224489796	292.817840576
2.61514739229	293.325714111
2.61804988662	293.834442139
2.62095238095	294.174102783
2.62385487528	294.344055176
2.62675736961	294.174102783
2.62965986395	293.664764404
2.63256235828	293.156341553
2.63546485261	293.156341553
2.63836734694	292.987030029
2.64126984127	292.648773193
2.6441723356	292.479766846
2.64707482993	292.142089844
2.64997732426	291.804779053
2.65287981859	290.963226318
2.65578231293	289.621795654
2.65868480726	288.12008667
2.66158730159	285.799530029
2.66448979592	265.891357422
2.66739229025	261.323486328
2.67029478458	259.5184021
2.67319727891	258.769958496
2.67609977324	258.769958496
2.67900226757	259.368530273
2.6819047619	260.871063232
2.68480725624	262.837341309
2.68770975057	264.054718018
2.6906122449	264.207275391
2.69351473923	263.59753418
2.69641723356	262.685546875
2.69931972789	261.474487305
2.70222222222	260.419372559
2.70512471655	259.668365479
2.70802721088	259.5184021
2.71092970522	260.118713379
2.71383219955	260.871063232
2.71673469388	262.079315186
2.71963718821	263.293182373
2.72253968254	264.512664795
2.72544217687	265.277709961
2.7283446712	265.277709961
2.73124716553	263.293182373
2.73414965986	260.269012451
2.7370521542	258.620544434
2.73995464853	257.874694824
2.74285714286	258.17276001
2.74575963719	259.5184021
2.74866213152	262.837341309
2.75156462585	269.136260986
2.75446712018	273.366577148
2.75736961451	273.050964355
2.76027210884	269.603057861
2.76317460317	265.737823486
2.76607709751	262.837341309
2.76897959184	261.172607422
2.77188208617	260.569854736
2.7747845805	260.569854736
2.77768707483	261.474487305
2.78058956916	262.837341309
2.78349206349	263.90222168
2.78639455782	264.359924316
2.78929705215	263.90222168
2.79219954649	262.837341309
2.79510204082	261.776733398
2.79800453515	261.172607422
2.80090702948	260.871063232
2.80380952381	260.871063232
2.80671201814	261.323486328
2.80961451247	261.927978516
2.8125170068	262.685546875
2.81541950113	263.141143799
2.81832199546	262.989196777
2.8212244898	262.533874512
2.82412698413	261.927978516
2.82702947846	261.323486328
2.82993197279	260.720397949
2.83283446712	260.419372559
2.83573696145	260.419372559
2.83863945578	260.569854736
2.84154195011	260.871063232
2.84444444444	260.720397949
2.84734693878	260.419372559
2.85024943311	259.818389893
2.85315192744	259.069091797
2.85605442177	258.471191406
2.8589569161	258.321929932
2.86185941043	258.17276001
2.86476190476	258.620544434
2.86766439909	259.218780518
2.87056689342	259.668365479
2.87346938776	260.118713379
2.87637188209	260.569854736
2.87927437642	260.720397949
2.88217687075	261.021789551
2.88507936508	261.323486328
2.88798185941	261.474487305
2.89088435374	261.776733398
2.89378684807	262.079315186
2.8966893424	262.079315186
2.89959183673	261.927978516
2.90249433107	261.927978516
2.9053968254	262.079315186
2.90829931973	262.230743408
2.91120181406	262.533874512
2.91410430839	262.685546875
2.91700680272	262.837341309
2.91990929705	262.837341309
2.92281179138	262.685546875
2.92571428571	262.382263184
2.92861678005	262.382263184
2.93151927438	262.685546875
2.93442176871	262.989196777
2.93732426304	262.837341309
2.94022675737	262.989196777
2.9431292517	262.989196777
2.94603174603	262.382263184
2.94893424036	261.021789551
2.95183673469	259.218780518
2.95473922902	258.471191406
2.95764172336	258.620544434
2.96054421769	335.195678711
2.96344671202	332.49597168
2.96634920635	330.963043213
2.96925170068	330.390045166
2.97215419501	330.580932617
2.97505668934	330.580932617
2.97795918367	330.580932617
2.980861678	330.963043213
2.98376417234	330.963043213
2.98666666667	330.963043213
2.989569161	330.390045166
2.99247165533	330.008575439
2.99537414966	330.390045166
2.99827664399	330.963043213
3.00117913832	331.537078857
3.00408163265	331.728637695
3.00698412698	331.345611572
3.00988662132	330.963043213
3.01278911565	330.963043213
3.01569160998	331.154296875
3.01859410431	331.345611572
3.02149659864	331.345611572
3.02439909297	331.345611572
3.0273015873	331.154296875
3.03020408163	330.580932617
3.03310657596	329.818023682
3.03600907029	329.24697876
3.03891156463	328.487121582
3.04181405896	328.297454834
3.04471655329	328.107879639
3.04761904762	328.297454834
3.05052154195	328.487121582
3.05342403628	328.866821289
3.05632653061	329.056854248
3.05922902494	329.24697876
3.06213151927	329.437225342
3.06503401361	329.437225342
3.06793650794	329.437225342
3.07083900227	329.437225342
3.0737414966	329.437225342
3.07664399093	329.24697876
3.07954648526	329.24697876
3.08244897959	329.24697876
3.08535147392	329.24697876
3.08825396825	329.056854248
3.09115646259	329.24697876
3.09405895692	329.437225342
3.09696145125	329.627563477
3.09986394558	329.818023682
3.10276643991	330.008575439
3.10566893424	330.008575439
3.10857142857	330.008575439
3.1114739229	330.008575439
3.11437641723	330.008575439
3.11727891156	330.008575439
3.1201814059	330.008575439
3.12308390023	330.008575439
3.12598639456	330.008575439
3.12888888889	329.818023682
3.13179138322	329.818023682
3.13469387755	329.818023682
3.13759637188	329.627563477
3.14049886621	329.437225342
3.14340136054	329.24697876
3.14630385488	329.24697876
3.14920634921	329.24697876
3.15210884354	329.056854248
3.15501133787	329.24697876
3.1579138322	329.24697876
3.16081632653	329.437225342
3.16371882086	329.437225342
3.16662131519	329.437225342
3.16952380952	329.437225342
3.17242630385	329.437225342
3.17532879819	329.437225342
3.17823129252	329.437225342
3.18113378685	329.627563477
3.18403628118	329.818023682
3.18693877551	330.008575439
3.18984126984	330.008575439
3.19274376417	330.008575439
3.1956462585	330.008575439
3.19854875283	329.818023682
3.20145124717	329.627563477
3.2043537415	329.627563477
3.20725623583	329.627563477
3.21015873016	329.627563477
3.21306122449	329.627563477
3.21596371882	329.627563477
3.21886621315	329.627563477
3.22176870748	329.627563477
3.22467120181	329.818023682
3.22757369615	329.818023682
3.23047619048	329.818023682
3.23337868481	329.627563477
3.23628117914	329.437225342
3.23918367347	329.24697876
3.2420861678	329.24697876
3.24498866213	329.437225342
3.24789115646	330.008575439
3.25079365079	330.771942139
3.25369614512	331.345611572
3.25659863946	331.345611572
3.25950113379	330.963043213
3.26240362812	330.199249268
3.26530612245	329.24697876
3.26820861678	329.437225342
3.27111111111	331.345611572
3.27401360544	292.479766846
3.27691609977	291.131347656
3.2798185941	290.963226318
3.28272108844	291.636291504
3.28562358277	292.987030029
3.2885260771	296.562652588
3.29142857143	305.076324463
3.29433106576	302.095245361
3.29723356009	298.625396729
3.30013605442	295.707366943
3.30303854875	293.834442139
3.30594104308	292.817840576
3.30884353741	292.310882568
3.31174603175	292.479766846
3.31464852608	293.325714111
3.31755102041	294.514129639
3.32045351474	295.365936279
3.32335600907	295.365936279
3.3262585034	295.024932861
3.32916099773	294.684295654
3.33206349206	294.004211426
3.33496598639	293.495178223
3.33786848073	293.156341553
3.34077097506	292.817840576
3.34367346939	292.648773193
3.34657596372	292.817840576
3.34947845805	293.156341553
3.35238095238	293.156341553
3.35528344671	293.156341553
3.35818594104	292.817840576
3.36108843537	292.142089844
3.36399092971	291.299560547
3.36689342404	290.963226318
3.36979591837	290.627288818
3.3726984127	291.131347656
3.37560090703	291.973388672
3.37850340136	292.987030029
3.38140589569	294.004211426
3.38430839002	294.344055176
3.38721088435	294.174102783
3.39011337868	293.664764404
3.39301587302	292.987030029
3.39591836735	292.479766846
3.39882086168	292.310882568
3.40172335601	292.310882568
3.40462585034	292.648773193
3.40752834467	292.817840576
3.410430839	293.156341553
3.41333333333	293.325714111
3.41623582766	293.325714111
3.419138322	293.156341553
3.42204081633	293.156341553
3.42494331066	293.156341553
3.42784580499	293.156341553
3.43074829932	293.156341553
3.43365079365	293.156341553
3.43655328798	293.325714111
3.43945578231	293.325714111
3.44235827664	293.325714111
3.44526077098	293.495178223
3.44816326531	293.495178223
3.45106575964	293.325714111
3.45396825397	293.325714111
3.4568707483	293.325714111
3.45977324263	293.495178223
3.46267573696	294.004211426
3.46557823129	294.174102783
3.46848072562	294.514129639
3.47138321995	294.684295654
3.47428571429	294.514129639
3.47718820862	294.174102783
3.48009070295	293.495178223
3.48299319728	292.987030029
3.48589569161	292.648773193
3.48879818594	292.648773193
3.49170068027	292.987030029
3.4946031746	293.664764404
3.49750566893	294.344055176
3.50040816327	294.854553223
3.5033106576	295.024932861
3.50621315193	295.024932861
3.50911564626	294.514129639
3.51201814059	294.004211426
3.51492063492	293.495178223
3.51782312925	293.156341553
3.52072562358	292.987030029
3.52362811791	292.817840576
3.52653061224	292.648773193
3.52943310658	292.479766846
3.53233560091	292.310882568
3.53523809524	291.973388672
3.53814058957	291.973388672
3.5410430839	292.142089844
3.54394557823	292.479766846
3.54684807256	293.664764404
3.54975056689	294.344055176
3.55265306122	295.365936279
3.55555555556	296.049194336
3.55845804989	296.733978271
3.56136054422	297.248626709
3.56426303855	297.07699585
3.56716553288	296.391387939
3.57006802721	295.365936279
3.57297052154	294.004211426
3.57587301587	292.142089844
3.5787755102	288.453125
3.58167800454	281.051971436
3.58458049887	270.5390625
3.5874829932	266.96862793
3.59038548753	264.359924316
3.59328798186	262.079315186
3.59619047619	260.419372559
3.59909297052	259.368530273
3.60199546485	258.919494629
3.60489795918	259.069091797
3.60780045351	260.118713379
3.61070294785	261.474487305
3.61360544218	263.293182373
3.61650793651	264.512664795
3.61941043084	265.430999756
3.62231292517	265.584350586
3.6252154195	264.971435547
3.62811791383	263.4453125
3.63102040816	261.021789551
3.63392290249	259.5184021
3.63682539683	258.620544434
3.63972789116	258.471191406
3.64263038549	259.069091797
3.64553287982	261.021789551
3.64843537415	265.277709961
3.65133786848	269.75881958
3.65424036281	271.478302002
3.65714285714	267.895477295
3.66004535147	263.293182373
3.6629478458	261.021789551
3.66585034014	260.118713379
3.66875283447	260.118713379
3.6716553288	260.720397949
3.67455782313	263.141143799
3.67746031746	267.431640625
3.68036281179	269.447387695
3.68326530612	268.825531006
3.68616780045	266.96862793
3.68907029478	264.665496826
3.69197278912	262.685546875
3.69487528345	261.172607422
3.69777777778	260.269012451
3.70068027211	260.118713379
3.70358276644	260.569854736
3.70648526077	261.625579834
3.7093877551	262.685546875
3.71229024943	263.59753418
3.71519274376	263.59753418
3.7180952381	263.141143799
3.72099773243	262.382263184
3.72390022676	261.474487305
3.72680272109	261.021789551
3.72970521542	260.871063232
3.73260770975	260.871063232
3.73551020408	261.172607422
3.73841269841	261.625579834
3.74131519274	261.927978516
3.74421768707	261.625579834
3.74712018141	261.021789551
3.75002267574	260.569854736
3.75292517007	259.968505859
3.7558276644	259.668365479
3.75873015873	259.368530273
3.76163265306	259.218780518
3.76453514739	259.218780518
3.76743764172	259.069091797
3.77034013605	258.919494629
3.77324263039	258.919494629
3.77614512472	258.919494629
3.77904761905	259.069091797
3.78195011338	259.5184021
3.78485260771	260.118713379
3.78775510204	260.871063232
3.79065759637	261.474487305
3.7935600907	261.776733398
3.79646258503	261.927978516
3.79936507937	261.927978516
3.8022675737	261.927978516
3.80517006803	261.927978516
3.80807256236	261.927978516
3.81097505669	262.230743408
3.81387755102	262.382263184
3.81678004535	262.382263184
3.81968253968	262.382263184
3.82258503401	261.927978516
3.82548752834	261.625579834
3.82839002268	261.172607422
3.83129251701	260.720397949
3.83419501134	260.419372559
3.83709750567	259.968505859
3.84	259.818389893
3.84290249433	259.5184021
3.84580498866	260.118713379
3.84870748299	260.419372559
3.85160997732	260.720397949
3.85451247166	261.625579834
3.85741496599	262.685546875
3.86031746032	263.749847412
3.86321995465	248.94670105
3.86612244898	248.802932739
3.86902494331	250.533493042
3.87192743764	253.591003418
3.87482993197	254.912750244
3.8777324263	260.419372559
3.88063492063	253.151931763
3.88353741497	253.737518311
3.8864399093	252.276092529
3.88934240363	250.968017578
3.89224489796	250.099731445
3.89514739229	250.8230896
3.89804988662	251.984832764
3.90095238095	252.421859741
3.90385487528	252.859649658
3.90675736961	252.276092529
3.90965986395	250.968017578
3.91256235828	250.099731445
3.91546485261	249.378463745
3.91836734694	249.234451294
3.92126984127	249.234451294
3.9241723356	250.244232178
3.92707482993	250.388824463
3.92997732426	249.955307007
3.93287981859	249.666717529
3.93578231293	248.94670105
3.93868480726	248.085403442
3.94158730159	247.084335327
3.94448979592	246.371749878
3.94739229025	245.94519043
3.95029478458	245.661224365
3.95319727891	245.661224365
3.95609977324	245.661224365
3.95900226757	245.94519043
3.9619047619	246.514099121
3.96480725624	246.799057007
3.96770975057	246.941650391
3.9706122449	246.941650391
3.97351473923	246.941650391
3.97641723356	246.656539917
3.97931972789	246.371749878
3.98222222222	246.087295532
3.98512471655	245.80317688
3.98802721088	245.519378662
3.99092970522	245.094284058
3.99383219955	244.811309814
3.99673469388	244.669937134
3.99963718821	244.669937134
4.00253968254	244.952758789
4.00544217687	245.519378662
4.0083446712	246.371749878
4.01124716553	246.941650391
4.01414965986	247.227096558
4.0170521542	247.227096558
4.01995464853	246.799057007
4.02285714286	246.229476929
4.02575963719	245.519378662
4.02866213152	244.811309814
4.03156462585	244.387451172
4.03446712018	244.246322632
4.03736961451	244.528656006
4.04027210884	244.811309814
4.04317460317	245.519378662
4.04607709751	245.94519043
4.04897959184	246.371749878
4.05188208617	246.799057007
4.0547845805	247.084335327
4.05768707483	247.084335327
4.06058956916	247.084335327
4.06349206349	246.799057007
4.06639455782	246.371749878
4.06929705215	245.661224365
4.07219954649	244.811309814
4.07510204082	244.105285645
4.07800453515	243.541931152
4.08090702948	243.401290894
4.08380952381	243.541931152
4.08671201814	244.105285645
4.08961451247	244.952758789
4.0925170068	245.661224365
4.09541950113	246.514099121
4.09832199546	246.941650391
4.1012244898	247.227096558
4.10412698413	246.941650391
4.10702947846	246.514099121
4.10993197279	245.94519043
4.11283446712	245.377593994
4.11573696145	244.811309814
4.11863945578	244.528656006
4.12154195011	244.669937134
4.12444444444	244.952758789
4.12734693878	245.377593994
4.13024943311	245.80317688
4.13315192744	246.229476929
4.13605442177	246.229476929
4.1389569161	246.371749878
4.14185941043	246.656539917
4.14476190476	246.799057007
4.14766439909	247.942138672
4.15056689342	296.562652588
4.15346938776	293.664764404
4.15637188209	290.627288818
4.15927437642	289.956573486
4.16217687075	289.956573486
4.16507936508	289.956573486
4.16798185941	290.291748047
4.17088435374	290.291748047
4.17378684807	290.291748047
4.1766893424	290.459472656
4.17959183673	291.299560547
4.18249433107	292.142089844
4.1853968254	293.325714111
4.18829931973	294.174102783
4.19120181406	294.854553223
4.19410430839	295.024932861
4.19700680272	294.854553223
4.19990929705	294.514129639
4.20281179138	294.174102783
4.20571428571	293.834442139
4.20861678005	293.664764404
4.21151927438	293.664764404
4.21442176871	293.834442139
4.21732426304	294.004211426
4.22022675737	294.174102783
4.2231292517	294.344055176
4.22603174603	294.344055176
4.22893424036	294.174102783
4.23183673469	294.004211426
4.23473922902	293.834442139
4.23764172336	293.834442139
4.24054421769	293.834442139
4.24344671202	293.834442139
4.24634920635	293.834442139
4.24925170068	293.664764404
4.25215419501	293.325714111
4.25505668934	292.817840576
4.25795918367	292.142089844
4.260861678	291.46786499
4.26376417234	291.131347656
4.26666666667	291.299560547
4.269569161	291.636291504
4.27247165533	291.804779053
4.27537414966	291.973388672
4.27827664399	292.310882568
4.28117913832	292.479766846
4.28408163265	292.987030029
4.28698412698	293.325714111
4.28988662132	293.664764404
4.29278911565	293.834442139
4.29569160998	293.664764404
4.29859410431	293.325714111
4.30149659864	292.987030029
4.30439909297	292.648773193
4.3073015873	292.310882568
4.31020408163	292.479766846
4.31310657596	292.479766846
4.31600907029	292.648773193
4.31891156463	292.987030029
4.32181405896	293.156341553
4.32471655329	293.325714111
4.32761904762	293.325714111
4.33052154195	293.325714111
4.33342403628	293.325714111
4.33632653061	293.325714111
4.33922902494	293.156341553
4.34213151927	293.156341553
4.34503401361	292.987030029
4.34793650794	293.156341553
4.35083900227	293.156341553
4.3537414966	293.156341553
4.35664399093	293.495178223
4.35954648526	293.664764404
4.36244897959	294.004211426
4.36535147392	294.174102783
4.36825396825	294.514129639
4.37115646259	294.514129639
4.37405895692	294.514129639
4.37696145125	294.514129639
4.37986394558	294.004211426
4.38276643991	293.664764404
4.38566893424	293.156341553
4.38857142857	292.987030029
4.3914739229	292.817840576
4.39437641723	293.156341553
4.39727891156	293.495178223
4.4001814059	293.834442139
4.40308390023	294.344055176
4.40598639456	294.514129639
4.40888888889	294.514129639
4.41179138322	294.514129639
4.41469387755	294.344055176
4.41759637188	294.004211426
4.42049886621	293.664764404
4.42340136054	293.325714111
4.42630385488	293.156341553
4.42920634921	293.156341553
4.43210884354	293.156341553
4.43501133787	293.156341553
4.4379138322	293.156341553
4.44081632653	293.156341553
4.44371882086	293.156341553
4.44662131519	293.156341553
4.44952380952	293.156341553
4.45242630385	293.325714111
4.45532879819	293.495178223
4.45823129252	293.834442139
4.46113378685	293.834442139
4.46403628118	293.834442139
4.46693877551	293.664764404
4.46984126984	294.004211426
4.47274376417	294.004211426
4.4756462585	293.834442139
4.47854875283	293.664764404
4.48145124717	293.156341553
4.4843537415	292.648773193
4.48725623583	291.804779053
4.49015873016	261.776733398
4.49306122449	261.625579834
4.49596371882	261.625579834
4.49886621315	264.207275391
4.50176870748	263.749847412
4.50467120181	261.323486328
4.50757369615	259.968505859
4.51047619048	259.218780518
4.51337868481	259.218780518
4.51628117914	259.818389893
4.51918367347	260.871063232
4.5220861678	262.230743408
4.52498866213	263.293182373
4.52789115646	263.749847412
4.53079365079	263.59753418
4.53369614512	262.989196777
4.53659863946	261.927978516
4.53950113379	260.871063232
4.54240362812	259.968505859
4.54530612245	259.668365479
4.54820861678	259.818389893
4.55111111111	260.419372559
4.55401360544	261.625579834
4.55691609977	262.989196777
4.5598185941	264.359924316
4.56272108844	265.277709961
4.56562358277	264.81842041
4.5685260771	262.533874512
4.57142857143	259.818389893
4.57433106576	258.471191406
4.57723356009	258.023681641
4.58013605442	258.471191406
4.58303854875	260.269012451
4.58594104308	263.749847412
4.58884353741	268.515167236
4.59174603175	270.5390625
4.59464852608	269.447387695
4.59755102041	266.96862793
4.60045351474	264.359924316
4.60335600907	262.533874512
4.6062585034	261.474487305
4.60916099773	261.172607422
4.61206349206	261.323486328
4.61496598639	262.230743408
4.61786848073	263.141143799
4.62077097506	263.59753418
4.62367346939	263.4453125
4.62657596372	262.837341309
4.62947845805	262.230743408
4.63238095238	261.474487305
4.63528344671	261.021789551
4.63818594104	260.871063232
4.64108843537	261.172607422
4.64399092971	261.776733398
4.64689342404	262.382263184
4.64979591837	262.989196777
4.6526984127	263.141143799
4.65560090703	262.837341309
4.65850340136	262.382263184
4.66140589569	261.776733398
4.66430839002	261.172607422
4.66721088435	260.871063232
4.67011337868	260.720397949
4.67301587302	260.720397949
4.67591836735	260.871063232
4.67882086168	260.720397949
4.68172335601	260.569854736
4.68462585034	260.269012451
4.68752834467	259.668365479
4.690430839	259.218780518
4.69333333333	258.769958496
4.69623582766	258.620544434
4.699138322	258.620544434
4.70204081633	258.769958496
4.70494331066	259.218780518
4.70784580499	259.5184021
4.71074829932	259.818389893
4.71365079365	260.118713379
4.71655328798	260.569854736
4.71945578231	261.021789551
4.72235827664	261.323486328
4.72526077098	261.776733398
4.72816326531	262.079315186
4.73106575964	262.079315186
4.73396825397	261.927978516
4.7368707483	261.927978516
4.73977324263	261.776733398
4.74267573696	261.927978516
4.74557823129	262.079315186
4.74848072562	262.230743408
4.75138321995	262.382263184
4.75428571429	262.382263184
4.75718820862	262.382263184
4.76009070295	262.230743408
4.76299319728	262.079315186
4.76589569161	261.927978516
4.76879818594	261.927978516
4.77170068027	262.079315186
4.7746031746	262.079315186
4.77750566893	262.382263184
4.78040816327	262.382263184
4.7833106576	262.382263184
4.78621315193	262.230743408
4.78911564626	261.776733398
4.79201814059	261.625579834
4.79492063492	261.323486328
4.79782312925	261.172607422
4.80072562358	261.172607422
4.80362811791	261.323486328
4.80653061224	261.625579834
4.80943310658	261.776733398
4.81233560091	261.776733398
4.81523809524	261.776733398
4.81814058957	261.625579834
4.8210430839	261.323486328
4.82394557823	261.021789551
4.82684807256	260.871063232
4.82975056689	260.871063232
4.83265306122	261.021789551
4.83555555556	261.172607422
4.83845804989	261.625579834
4.84136054422	261.776733398
4.84426303855	261.927978516
4.84716553288	261.625579834
4.85006802721	261.474487305
4.85297052154	261.323486328
4.85587301587	261.323486328
4.8587755102	261.323486328
4.86167800454	261.625579834
4.86458049887	261.776733398
4.8674829932	261.776733398
4.87038548753	261.625579834
4.87328798186	261.323486328
4.87619047619	261.021789551
4.87909297052	260.720397949
4.88199546485	260.569854736
4.88489795918	260.569854736
4.88780045351	260.569854736
4.89070294785	260.720397949
4.89360544218	260.871063232
4.89650793651	260.871063232
4.89941043084	260.871063232
4.90231292517	260.871063232
4.9052154195	260.871063232
4.90811791383	261.021789551
4.91102040816	261.172607422
4.91392290249	261.323486328
4.91682539683	261.625579834
4.91972789116	261.625579834
4.92263038549	261.625579834
4.92553287982	261.625579834
4.92843537415	261.474487305
4.93133786848	261.474487305
4.93424036281	261.474487305
4.93714285714	261.323486328
4.94004535147	261.323486328
4.9429478458	261.172607422
4.94585034014	261.323486328
4.94875283447	261.323486328
4.9516553288	261.474487305
4.95455782313	261.625579834
4.95746031746	261.625579834
4.96036281179	261.625579834
4.96326530612	261.474487305
4.96616780045	261.474487305
4.96907029478	261.172607422
4.97197278912	261.021789551
4.97487528345	260.871063232
4.97777777778	260.871063232
4.98068027211	261.021789551
4.98358276644	261.172607422
4.98648526077	261.474487305
4.9893877551	261.625579834
4.99229024943	261.776733398
4.99519274376	261.927978516
4.9980952381	261.927978516
5.00099773243	261.927978516
5.00390022676	261.927978516
5.00680272109	261.776733398
5.00970521542	261.625579834
5.01260770975	261.625579834
5.01551020408	261.323486328
5.01841269841	261.323486328
5.02131519274	261.323486328
5.02421768707	261.474487305
5.02712018141	261.474487305
5.03002267574	261.323486328
5.03292517007	261.172607422
5.0358276644	261.172607422
5.03873015873	261.172607422
5.04163265306	261.172607422
5.04453514739	261.172607422
5.04743764172	261.474487305
5.05034013605	261.625579834
5.05324263039	261.776733398
5.05614512472	261.927978516
5.05904761905	261.927978516
5.06195011338	261.776733398
5.06485260771	261.625579834
5.06775510204	261.474487305
5.07065759637	261.323486328
5.0735600907	261.172607422
5.07646258503	0.0
5.07936507937	0.0
5.0822675737	0.0
5.08517006803	0.0
5.08807256236	0.0
5.09097505669	0.0
5.09387755102	0.0
5.09678004535	0.0
5.09968253968	0.0
5.10258503401	0.0
5.10548752834	0.0
5.10839002268	0.0
5.11129251701	0.0
5.11419501134	0.0
5.11709750567	0.0
5.12	0.0
5.12290249433	0.0
5.12580498866	0.0
5.12870748299	0.0
5.13160997732	0.0
5.13451247166	0.0
5.13741496599	0.0
5.14031746032	0.0
5.14321995465	0.0
5.14612244898	0.0
5.14902494331	0.0
5.15192743764	0.0
5.15482993197	0.0
5.1577324263	0.0
5.16063492063	0.0
5.16353741497	0.0
5.1664399093	0.0
5.16934240363	0.0
5.17224489796	0.0
5.17514739229	0.0
5.17804988662	0.0
5.18095238095	0.0
5.18385487528	0.0
5.18675736961	0.0
5.18965986395	0.0
5.19256235828	0.0
5.19546485261	0.0
5.19836734694	0.0
5.20126984127	0.0
5.2041723356	0.0
5.20707482993	0.0
5.20997732426	0.0
5.21287981859	0.0
5.21578231293	0.0
5.21868480726	0.0
5.22158730159	0.0
5.22448979592	0.0
5.22739229025	0.0
5.23029478458	0.0
5.23319727891	0.0
5.23609977324	0.0
5.23900226757	0.0
5.2419047619	0.0
5.24480725624	0.0
5.24770975057	0.0
5.2506122449	0.0
5.25351473923	0.0
5.25641723356	0.0
5.25931972789	0.0
5.26222222222	0.0
5.26512471655	0.0
5.26802721088	0.0
5.27092970522	0.0
5.27383219955	0.0
5.27673469388	0.0
5.27963718821	0.0
5.28253968254	0.0
5.28544217687	0.0
5.2883446712	0.0
5.29124716553	0.0
5.29414965986	0.0
5.2970521542	0.0
5.29995464853	0.0
5.30285714286	0.0
5.30575963719	0.0
5.30866213152	0.0
5.31156462585	0.0
5.31446712018	0.0
5.31736961451	0.0
5.32027210884	0.0
5.32317460317	0.0
5.32607709751	0.0
5.32897959184	0.0
5.33188208617	0.0
5.3347845805	0.0
5.33768707483	0.0
5.34058956916	0.0
5.34349206349	0.0
5.34639455782	0.0
5.34929705215	0.0
5.35219954649	0.0
5.35510204082	0.0
5.35800453515	0.0
5.36090702948	0.0
5.36380952381	0.0
5.36671201814	0.0
5.36961451247	0.0
5.3725170068	0.0
5.37541950113	0.0
5.37832199546	0.0
5.3812244898	0.0
5.38412698413	0.0
5.38702947846	0.0
5.38993197279	0.0
5.39283446712	0.0
5.39573696145	0.0
5.39863945578	0.0
5.40154195011	0.0
5.40444444444	0.0
5.40734693878	0.0
5.41024943311	0.0
5.41315192744	0.0
5.41605442177	0.0
5.4189569161	0.0
5.42185941043	0.0
5.42476190476	0.0
5.42766439909	0.0
5.43056689342	0.0
5.43346938776	0.0
5.43637188209	0.0
5.43927437642	0.0
5.44217687075	0.0
5.44507936508	0.0
5.44798185941	0.0
5.45088435374	0.0
5.45378684807	0.0
5.4566893424	0.0
5.45959183673	0.0
5.46249433107	0.0
5.4653968254	0.0
5.46829931973	0.0
5.47120181406	0.0
5.47410430839	0.0
5.47700680272	0.0
5.47990929705	0.0
5.48281179138	0.0
5.48571428571	0.0
5.48861678005	0.0
5.49151927438	0.0
5.49442176871	0.0
5.49732426304	0.0
5.50022675737	0.0
5.5031292517	0.0
5.50603174603	0.0
5.50893424036	0.0
5.51183673469	0.0
5.51473922902	0.0
5.51764172336	0.0
5.52054421769	0.0
5.52344671202	0.0
5.52634920635	0.0
5.52925170068	0.0
5.53215419501	0.0
5.53505668934	0.0
5.53795918367	0.0
5.540861678	0.0
5.54376417234	0.0
5.54666666667	0.0
5.549569161	0.0
5.55247165533	0.0
5.55537414966	0.0
5.55827664399	0.0
5.56117913832	0.0
5.56408163265	0.0
5.56698412698	0.0
5.56988662132	0.0
5.57278911565	0.0
5.57569160998	0.0
5.57859410431	0.0
5.58149659864	0.0
5.58439909297	0.0
5.5873015873	0.0
5.59020408163	0.0
5.59310657596	0.0
5.59600907029	0.0
5.59891156463	0.0
5.60181405896	0.0
5.60471655329	0.0
5.60761904762	0.0
5.61052154195	0.0
5.61342403628	0.0
5.61632653061	0.0
5.61922902494	0.0
5.62213151927	0.0
5.62503401361	0.0
