0.0	0.0
0.00290249433107	0.0
0.00580498866213	0.0
0.0087074829932	0.0
0.0116099773243	0.0
0.0145124716553	0.0
0.0174149659864	0.0
0.0203174603175	0.0
0.0232199546485	0.0
0.0261224489796	0.0
0.0290249433107	0.0
0.0319274376417	0.0
0.0348299319728	0.0
0.0377324263039	0.0
0.0406349206349	0.0
0.043537414966	0.0
0.0464399092971	0.0
0.0493424036281	0.0
0.0522448979592	0.0
0.0551473922902	0.0
0.0580498866213	0.0
0.0609523809524	0.0
0.0638548752834	0.0
0.0667573696145	0.0
0.0696598639456	0.0
0.0725623582766	0.0
0.0754648526077	0.0
0.0783673469388	0.0
0.0812698412698	0.0
0.0841723356009	0.0
0.087074829932	0.0
0.089977324263	0.0
0.0928798185941	0.0
0.0957823129252	0.0
0.0986848072562	0.0
0.101587301587	0.0
0.104489795918	0.0
0.107392290249	0.0
0.11029478458	0.0
0.113197278912	0.0
0.116099773243	0.0
0.119002267574	0.0
0.121904761905	0.0
0.124807256236	0.0
0.127709750567	0.0
0.130612244898	0.0
0.133514739229	0.0
0.13641723356	0.0
0.139319727891	0.0
0.142222222222	0.0
0.145124716553	0.0
0.148027210884	0.0
0.150929705215	0.0
0.153832199546	0.0
0.156734693878	0.0
0.159637188209	0.0
0.16253968254	0.0
0.165442176871	0.0
0.168344671202	0.0
0.171247165533	265.584350586
0.174149659864	264.512664795
0.177052154195	263.749847412
0.179954648526	262.382263184
0.182857142857	261.625579834
0.185759637188	262.382263184
0.188662131519	262.837341309
0.19156462585	262.989196777
0.194467120181	262.989196777
0.197369614512	262.685546875
0.200272108844	262.382263184
0.203174603175	262.382263184
0.206077097506	262.079315186
0.208979591837	261.927978516
0.211882086168	262.382263184
0.214784580499	263.293182373
0.21768707483	264.207275391
0.220589569161	265.430999756
0.223492063492	266.352508545
0.226394557823	266.660400391
0.229297052154	266.352508545
0.232199546485	265.737823486
0.235102040816	264.665496826
0.238004535147	263.749847412
0.240907029478	262.837341309
0.24380952381	262.382263184
0.246712018141	262.382263184
0.249614512472	262.685546875
0.252517006803	263.293182373
0.255419501134	263.90222168
0.258321995465	264.665496826
0.261224489796	265.124542236
0.264126984127	265.430999756
0.267029478458	265.430999756
0.269931972789	265.124542236
0.27283446712	264.971435547
0.275736961451	264.665496826
0.278639455782	264.359924316
0.281541950113	264.207275391
0.284444444444	264.207275391
0.287346938776	264.054718018
0.290249433107	264.054718018
0.293151927438	263.90222168
0.296054421769	263.59753418
0.2989569161	263.4453125
0.301859410431	263.141143799
0.304761904762	262.989196777
0.307664399093	262.837341309
0.310566893424	262.837341309
0.313469387755	262.837341309
0.316371882086	262.837341309
0.319274376417	262.837341309
0.322176870748	262.837341309
0.325079365079	262.685546875
0.32798185941	262.685546875
0.330884353741	262.685546875
0.333786848073	262.685546875
0.336689342404	262.685546875
0.339591836735	262.837341309
0.342494331066	262.989196777
0.345396825397	262.989196777
0.348299319728	262.989196777
0.351201814059	262.837341309
0.35410430839	262.837341309
0.357006802721	262.685546875
0.359909297052	262.533874512
0.362811791383	262.382263184
0.365714285714	262.230743408
0.368616780045	262.382263184
0.371519274376	262.382263184
0.374421768707	262.533874512
0.377324263039	262.533874512
0.38022675737	262.533874512
0.383129251701	262.382263184
0.386031746032	262.382263184
0.388934240363	262.382263184
0.391836734694	262.382263184
0.394739229025	262.382263184
0.397641723356	262.533874512
0.400544217687	262.533874512
0.403446712018	262.533874512
0.406349206349	262.685546875
0.40925170068	262.685546875
0.412154195011	262.685546875
0.415056689342	262.685546875
0.417959183673	262.837341309
0.420861678005	262.685546875
0.423764172336	262.685546875
0.426666666667	262.685546875
0.429569160998	262.533874512
0.432471655329	262.382263184
0.43537414966	262.230743408
0.438276643991	262.230743408
0.441179138322	262.079315186
0.444081632653	262.079315186
0.446984126984	262.079315186
0.449886621315	262.230743408
0.452789115646	262.382263184
0.455691609977	262.533874512
0.458594104308	262.533874512
0.461496598639	262.533874512
0.464399092971	262.533874512
0.467301587302	262.533874512
0.470204081633	262.533874512
0.473106575964	262.382263184
0.476009070295	262.230743408
0.478911564626	262.230743408
0.481814058957	262.230743408
0.484716553288	262.230743408
0.487619047619	262.230743408
0.49052154195	262.382263184
0.493424036281	262.382263184
0.496326530612	262.230743408
0.499229024943	262.230743408
0.502131519274	262.230743408
0.505034013605	262.079315186
0.507936507937	262.079315186
0.510839002268	261.927978516
0.513741496599	261.927978516
0.51664399093	261.927978516
0.519546485261	261.927978516
0.522448979592	261.927978516
0.525351473923	261.776733398
0.528253968254	261.625579834
0.531156462585	261.625579834
0.534058956916	261.474487305
0.536961451247	261.474487305
0.539863945578	261.474487305
0.542766439909	261.474487305
0.54566893424	261.625579834
0.548571428571	261.625579834
0.551473922902	261.625579834
0.554376417234	261.776733398
0.557278911565	261.776733398
0.560181405896	261.776733398
0.563083900227	261.625579834
0.565986394558	261.625579834
0.568888888889	261.474487305
0.57179138322	261.474487305
0.574693877551	261.323486328
0.577596371882	261.323486328
0.580498866213	261.323486328
0.583401360544	261.172607422
0.586303854875	261.021789551
0.589206349206	260.871063232
0.592108843537	260.871063232
0.595011337868	260.871063232
0.5979138322	260.871063232
0.600816326531	261.021789551
0.603718820862	261.021789551
0.606621315193	261.172607422
0.609523809524	261.474487305
0.612426303855	261.625579834
0.615328798186	261.776733398
0.618231292517	261.927978516
0.621133786848	262.079315186
0.624036281179	262.079315186
0.62693877551	262.079315186
0.629841269841	261.927978516
0.632743764172	261.927978516
0.635646258503	261.776733398
0.638548752834	261.625579834
0.641451247166	261.625579834
0.644353741497	261.474487305
0.647256235828	261.323486328
0.650158730159	261.172607422
0.65306122449	261.172607422
0.655963718821	261.021789551
0.658866213152	261.021789551
0.661768707483	261.021789551
0.664671201814	260.871063232
0.667573696145	261.021789551
0.670476190476	261.021789551
0.673378684807	261.172607422
0.676281179138	261.323486328
0.679183673469	261.474487305
0.6820861678	261.776733398
0.684988662132	261.927978516
0.687891156463	262.079315186
0.690793650794	262.079315186
0.693696145125	262.079315186
0.696598639456	261.927978516
0.699501133787	261.776733398
0.702403628118	261.625579834
0.705306122449	261.474487305
0.70820861678	261.323486328
0.711111111111	261.172607422
0.714013605442	261.021789551
0.716916099773	261.021789551
0.719818594104	261.021789551
0.722721088435	261.172607422
0.725623582766	261.323486328
0.728526077098	261.323486328
0.731428571429	261.625579834
0.73433106576	261.776733398
0.737233560091	261.776733398
0.740136054422	261.927978516
0.743038548753	261.927978516
0.745941043084	262.079315186
0.748843537415	262.079315186
0.751746031746	261.927978516
0.754648526077	261.625579834
0.757551020408	261.474487305
0.760453514739	261.474487305
0.76335600907	261.927978516
0.766258503401	262.533874512
0.769160997732	262.989196777
0.772063492063	262.685546875
0.774965986395	261.625579834
0.777868480726	260.871063232
0.780770975057	260.720397949
0.783673469388	260.720397949
0.786575963719	261.625579834
0.78947845805	264.054718018
0.792380952381	300.528869629
0.795283446712	294.344055176
0.798185941043	291.299560547
0.801088435374	291.973388672
0.803990929705	294.004211426
0.806893424036	295.024932861
0.809795918367	295.195404053
0.812698412698	295.195404053
0.815600907029	295.195404053
0.818503401361	294.004211426
0.821405895692	290.963226318
0.824308390023	288.619781494
0.827210884354	288.786529541
0.830113378685	289.454559326
0.833015873016	290.627288818
0.835918367347	292.142089844
0.838820861678	293.834442139
0.841723356009	295.024932861
0.84462585034	295.707366943
0.847528344671	295.878234863
0.850430839002	295.707366943
0.853333333333	295.024932861
0.856235827664	294.174102783
0.859138321995	293.325714111
0.862040816327	292.987030029
0.864943310658	293.156341553
0.867845804989	293.834442139
0.87074829932	294.684295654
0.873650793651	295.365936279
0.876553287982	295.878234863
0.879455782313	295.878234863
0.882358276644	295.707366943
0.885260770975	295.024932861
0.888163265306	294.344055176
0.891065759637	293.495178223
0.893968253968	292.987030029
0.896870748299	292.987030029
0.89977324263	293.325714111
0.902675736961	294.004211426
0.905578231293	294.684295654
0.908480725624	295.195404053
0.911383219955	295.365936279
0.914285714286	295.195404053
0.917188208617	294.854553223
0.920090702948	294.344055176
0.922993197279	293.834442139
0.92589569161	293.495178223
0.928798185941	293.495178223
0.931700680272	293.834442139
0.934603174603	294.344055176
0.937505668934	295.024932861
0.940408163265	295.365936279
0.943310657596	295.536621094
0.946213151927	295.536621094
0.949115646259	295.024932861
0.95201814059	294.514129639
0.954920634921	293.834442139
0.957823129252	293.156341553
0.960725623583	293.156341553
0.963628117914	293.325714111
0.966530612245	293.834442139
0.969433106576	294.344055176
0.972335600907	294.854553223
0.975238095238	295.195404053
0.978140589569	295.024932861
0.9810430839	294.514129639
0.983945578231	293.834442139
0.986848072562	293.156341553
0.989750566893	292.648773193
0.992653061224	292.479766846
0.995555555556	292.648773193
0.998458049887	293.325714111
1.00136054422	293.834442139
1.00426303855	294.514129639
1.00716553288	294.854553223
1.01006802721	294.854553223
1.01297052154	294.514129639
1.01587301587	294.004211426
1.0187755102	293.325714111
1.02167800454	292.817840576
1.02458049887	292.648773193
1.0274829932	292.479766846
1.03038548753	292.817840576
1.03328798186	293.325714111
1.03619047619	293.664764404
1.03909297052	294.174102783
1.04199546485	294.514129639
1.04489795918	294.854553223
1.04780045351	295.536621094
1.05070294785	296.049194336
1.05360544218	296.905426025
1.05650793651	297.936218262
1.05941043084	298.452941895
1.06231292517	295.707366943
1.0652154195	329.056854248
1.06811791383	331.154296875
1.07102040816	331.920288086
1.07392290249	331.728637695
1.07682539683	330.580932617
1.07972789116	328.107879639
1.08263038549	324.151947021
1.08553287982	322.098846436
1.08843537415	322.843933105
1.09133786848	324.714141846
1.09424036281	327.539794922
1.09714285714	329.627563477
1.10004535147	330.771942139
1.1029478458	331.154296875
1.10585034014	330.771942139
1.10875283447	329.627563477
1.1116553288	327.729034424
1.11455782313	325.841461182
1.11746031746	325.089477539
1.12036281179	325.653289795
1.12326530612	327.161621094
1.12616780045	328.676940918
1.12907029478	330.008575439
1.13197278912	330.771942139
1.13487528345	330.963043213
1.13777777778	330.963043213
1.14068027211	330.390045166
1.14358276644	329.627563477
1.14648526077	329.056854248
1.1493877551	329.056854248
1.15229024943	329.056854248
1.15519274376	329.437225342
1.1580952381	329.437225342
1.16099773243	329.437225342
1.16390022676	329.24697876
1.16680272109	329.056854248
1.16970521542	328.866821289
1.17260770975	328.866821289
1.17551020408	328.676940918
1.17841269841	329.056854248
1.18131519274	329.24697876
1.18421768707	329.437225342
1.18712018141	329.627563477
1.19002267574	329.818023682
1.19292517007	330.008575439
1.1958276644	330.008575439
1.19873015873	330.199249268
1.20163265306	330.390045166
1.20453514739	330.580932617
1.20743764172	330.390045166
1.21034013605	330.199249268
1.21324263039	329.627563477
1.21614512472	328.866821289
1.21904761905	328.107879639
1.22195011338	327.350646973
1.22485260771	326.783874512
1.22775510204	327.161621094
1.23065759637	327.918395996
1.2335600907	328.866821289
1.23646258503	329.627563477
1.23936507937	330.008575439
1.2422675737	330.008575439
1.24517006803	329.24697876
1.24807256236	328.107879639
1.25097505669	326.406585693
1.25387755102	324.714141846
1.25678004535	324.151947021
1.25968253968	324.901763916
1.26258503401	327.161621094
1.26548752834	329.437225342
1.26839002268	330.771942139
1.27129251701	331.345611572
1.27419501134	331.154296875
1.27709750567	330.580932617
1.28	328.866821289
1.28290249433	326.406585693
1.28580498866	324.901763916
1.28870748299	324.901763916
1.29160997732	326.783874512
1.29451247166	329.818023682
1.29741496599	331.728637695
1.30031746032	332.303955078
1.30321995465	332.49597168
1.30612244898	331.728637695
1.30902494331	329.818023682
1.31192743764	325.653289795
1.31482993197	321.541168213
1.3177324263	320.058776855
1.32063492063	320.058776855
1.32353741497	322.098846436
1.3264399093	326.783874512
1.32934240363	330.008575439
1.33224489796	331.345611572
1.33514739229	331.728637695
1.33804988662	332.303955078
1.34095238095	332.880310059
1.34385487528	334.422088623
1.34675736961	337.527130127
1.34965986395	344.022644043
1.35256235828	348.825012207
1.35546485261	348.825012207
1.35836734694	350.03604126
1.36126984127	349.83392334
1.3641723356	350.643157959
1.36707482993	350.845733643
1.36997732426	351.048461914
1.37287981859	350.845733643
1.37578231293	350.238311768
1.37868480726	349.026580811
1.38158730159	347.819030762
1.38448979592	347.417449951
1.38739229025	347.618164062
1.39029478458	348.221069336
1.39319727891	349.430023193
1.39609977324	351.048461914
1.39900226757	352.674407959
1.4019047619	353.69442749
1.40480725624	354.307861328
1.40770975057	355.53793335
1.4106122449	355.53793335
1.41351473923	355.127441406
1.41641723356	354.512573242
1.41931972789	352.063781738
1.42222222222	349.430023193
1.42512471655	348.221069336
1.42802721088	348.623596191
1.43092970522	349.430023193
1.43383219955	350.845733643
1.43673469388	352.267211914
1.43963718821	353.286071777
1.44253968254	354.307861328
1.44544217687	355.127441406
1.4483446712	355.743377686
1.45124716553	355.743377686
1.45414965986	356.154571533
1.4570521542	356.360351562
1.45995464853	355.53793335
1.46285714286	355.53793335
1.46575963719	355.53793335
1.46866213152	353.286071777
1.47156462585	349.83392334
1.47446712018	348.019989014
1.47736961451	347.417449951
1.48027210884	347.618164062
1.48317460317	347.819030762
1.48607709751	347.819030762
1.48897959184	348.221069336
1.49188208617	348.623596191
1.4947845805	349.026580811
1.49768707483	349.228240967
1.50058956916	349.631896973
1.50349206349	349.83392334
1.50639455782	350.03604126
1.50929705215	350.238311768
1.51219954649	350.238311768
1.51510204082	349.83392334
1.51800453515	349.430023193
1.52090702948	348.825012207
1.52380952381	348.221069336
1.52671201814	347.819030762
1.52961451247	347.417449951
1.5325170068	347.216827393
1.53541950113	347.417449951
1.53832199546	347.819030762
1.5412244898	348.422271729
1.54412698413	349.228240967
1.54702947846	350.03604126
1.54993197279	351.048461914
1.55283446712	351.86050415
1.55573696145	352.470733643
1.55863945578	352.470733643
1.56154195011	352.267211914
1.56444444444	351.657318115
1.56734693878	350.643157959
1.57024943311	349.83392334
1.57315192744	349.026580811
1.57605442177	348.623596191
1.5789569161	348.422271729
1.58185941043	348.422271729
1.58476190476	348.623596191
1.58766439909	349.026580811
1.59056689342	349.026580811
1.59346938776	349.228240967
1.59637188209	349.430023193
1.59927437642	349.430023193
1.60217687075	349.430023193
1.60507936508	349.430023193
1.60798185941	349.228240967
1.61088435374	349.228240967
1.61378684807	349.026580811
1.6166893424	349.026580811
1.61959183673	349.026580811
1.62249433107	349.026580811
1.6253968254	349.228240967
1.62829931973	349.430023193
1.63120181406	349.83392334
1.63410430839	350.238311768
1.63700680272	350.440673828
1.63990929705	350.643157959
1.64281179138	350.845733643
1.64571428571	350.845733643
1.64861678005	350.845733643
1.65151927438	350.845733643
1.65442176871	350.440673828
1.65732426304	350.238311768
1.66022675737	350.03604126
1.6631292517	349.631896973
1.66603174603	349.631896973
1.66893424036	349.430023193
1.67183673469	349.430023193
1.67473922902	349.430023193
1.67764172336	349.631896973
1.68054421769	349.83392334
1.68344671202	350.03604126
1.68634920635	350.03604126
1.68925170068	350.03604126
1.69215419501	350.03604126
1.69505668934	350.03604126
1.69795918367	350.03604126
1.700861678	350.03604126
1.70376417234	350.03604126
1.70666666667	349.83392334
1.709569161	349.631896973
1.71247165533	349.631896973
1.71537414966	349.631896973
1.71827664399	349.430023193
1.72117913832	349.631896973
1.72408163265	349.83392334
1.72698412698	349.83392334
1.72988662132	350.03604126
1.73278911565	350.238311768
1.73569160998	350.238311768
1.73859410431	350.238311768
1.74149659864	350.238311768
1.74439909297	350.238311768
1.7473015873	349.83392334
1.75020408163	349.631896973
1.75310657596	349.631896973
1.75600907029	349.631896973
1.75891156463	349.631896973
1.76181405896	349.631896973
1.76471655329	349.83392334
1.76761904762	349.83392334
1.77052154195	350.03604126
1.77342403628	350.238311768
1.77632653061	350.238311768
1.77922902494	350.238311768
1.78213151927	350.238311768
1.78503401361	350.238311768
1.78793650794	350.238311768
1.79083900227	350.03604126
1.7937414966	349.83392334
1.79664399093	349.631896973
1.79954648526	349.430023193
1.80244897959	349.430023193
1.80535147392	349.228240967
1.80825396825	349.228240967
1.81115646259	349.228240967
1.81405895692	349.430023193
1.81696145125	349.631896973
1.81986394558	349.83392334
1.82276643991	350.03604126
1.82566893424	350.238311768
1.82857142857	350.238311768
1.8314739229	350.238311768
1.83437641723	350.03604126
1.83727891156	349.631896973
1.8401814059	349.631896973
1.84308390023	349.631896973
1.84598639456	349.430023193
1.84888888889	349.430023193
1.85179138322	349.430023193
1.85469387755	349.631896973
1.85759637188	349.83392334
1.86049886621	349.83392334
1.86340136054	350.03604126
1.86630385488	350.238311768
1.86920634921	350.238311768
1.87210884354	350.238311768
1.87501133787	350.238311768
1.8779138322	350.440673828
1.88081632653	350.238311768
1.88371882086	350.03604126
1.88662131519	349.631896973
1.88952380952	348.623596191
1.89242630385	346.015533447
1.89532879819	342.634429932
1.89823129252	336.359375
1.90113378685	330.390045166
1.90403628118	326.406585693
1.90693877551	323.590698242
1.90984126984	322.098846436
1.91274376417	322.843933105
1.9156462585	323.777679443
1.91854875283	325.277313232
1.92145124717	327.161621094
1.9243537415	328.676940918
1.92725623583	329.818023682
1.93015873016	330.390045166
1.93306122449	330.963043213
1.93596371882	330.963043213
1.93886621315	330.771942139
1.94176870748	330.390045166
1.94467120181	329.818023682
1.94757369615	329.056854248
1.95047619048	328.297454834
1.95337868481	327.539794922
1.95628117914	327.161621094
1.95918367347	326.972686768
1.9620861678	326.972686768
1.96498866213	327.539794922
1.96789115646	328.107879639
1.97079365079	329.056854248
1.97369614512	330.008575439
1.97659863946	330.963043213
1.97950113379	331.537078857
1.98240362812	331.728637695
1.98530612245	331.537078857
1.98820861678	331.345611572
1.99111111111	330.771942139
1.99401360544	329.818023682
1.99691609977	329.056854248
1.9998185941	328.297454834
2.00272108844	327.729034424
2.00562358277	327.539794922
2.0085260771	327.729034424
2.01142857143	328.107879639
2.01433106576	328.676940918
2.01723356009	329.437225342
2.02013605442	330.199249268
2.02303854875	330.580932617
2.02594104308	330.771942139
2.02884353741	330.580932617
2.03174603175	330.199249268
2.03464852608	330.008575439
2.03755102041	329.818023682
2.04045351474	329.818023682
2.04335600907	329.627563477
2.0462585034	329.627563477
2.04916099773	329.627563477
2.05206349206	329.627563477
2.05496598639	329.437225342
2.05786848073	329.24697876
2.06077097506	329.056854248
2.06367346939	329.056854248
2.06657596372	329.056854248
2.06947845805	329.24697876
2.07238095238	329.056854248
2.07528344671	329.24697876
2.07818594104	329.24697876
2.08108843537	329.437225342
2.08399092971	329.24697876
2.08689342404	329.24697876
2.08979591837	329.056854248
2.0926984127	328.676940918
2.09560090703	328.107879639
2.09850340136	327.539794922
2.10140589569	326.972686768
2.10430839002	326.783874512
2.10721088435	326.783874512
2.11011337868	327.161621094
2.11301587302	327.918395996
2.11591836735	328.676940918
2.11882086168	329.24697876
2.12172335601	329.818023682
2.12462585034	330.199249268
2.12752834467	330.390045166
2.130430839	330.390045166
2.13333333333	330.390045166
2.13623582766	330.199249268
2.139138322	329.818023682
2.14204081633	329.818023682
2.14494331066	329.627563477
2.14784580499	329.627563477
2.15074829932	329.627563477
2.15365079365	329.437225342
2.15655328798	329.437225342
2.15945578231	329.056854248
2.16235827664	328.676940918
2.16526077098	327.918395996
2.16816326531	326.218109131
2.17106575964	324.339233398
2.17396825397	322.471160889
2.1768707483	320.058776855
2.17977324263	310.588317871
2.18267573696	302.095245361
2.18557823129	296.905426025
2.18848072562	292.817840576
2.19138321995	293.156341553
2.19428571429	293.664764404
2.19718820862	294.514129639
2.20009070295	296.049194336
2.20299319728	297.420379639
2.20589569161	297.592224121
2.20879818594	296.905426025
2.21170068027	295.878234863
2.2146031746	294.514129639
2.21750566893	293.325714111
2.22040816327	292.479766846
2.2233106576	292.142089844
2.22621315193	291.804779053
2.22911564626	292.310882568
2.23201814059	292.987030029
2.23492063492	293.834442139
2.23782312925	294.344055176
2.24072562358	294.684295654
2.24362811791	294.854553223
2.24653061224	294.854553223
2.24943310658	294.684295654
2.25233560091	294.684295654
2.25523809524	294.514129639
2.25814058957	294.514129639
2.2610430839	294.344055176
2.26394557823	294.344055176
2.26684807256	294.514129639
2.26975056689	294.684295654
2.27265306122	294.854553223
2.27555555556	295.024932861
2.27845804989	295.195404053
2.28136054422	295.195404053
2.28426303855	295.024932861
2.28716553288	294.684295654
2.29006802721	294.174102783
2.29297052154	293.834442139
2.29587301587	293.495178223
2.2987755102	293.664764404
2.30167800454	294.004211426
2.30458049887	294.514129639
2.3074829932	294.854553223
2.31038548753	295.024932861
2.31328798186	295.024932861
2.31619047619	294.684295654
2.31909297052	294.344055176
2.32199546485	294.004211426
2.32489795918	293.834442139
2.32780045351	293.834442139
2.33070294785	294.174102783
2.33360544218	294.514129639
2.33650793651	295.024932861
2.33941043084	295.365936279
2.34231292517	295.365936279
2.3452154195	295.195404053
2.34811791383	294.684295654
2.35102040816	294.174102783
2.35392290249	293.834442139
2.35682539683	293.664764404
2.35972789116	293.664764404
2.36263038549	294.004211426
2.36553287982	294.344055176
2.36843537415	294.514129639
2.37133786848	294.514129639
2.37424036281	294.344055176
2.37714285714	294.174102783
2.38004535147	293.834442139
2.3829478458	293.495178223
2.38585034014	293.495178223
2.38875283447	293.495178223
2.3916553288	293.664764404
2.39455782313	293.834442139
2.39746031746	293.834442139
2.40036281179	294.004211426
2.40326530612	294.004211426
2.40616780045	294.004211426
2.40907029478	294.004211426
2.41197278912	293.834442139
2.41487528345	293.664764404
2.41777777778	293.664764404
2.42068027211	293.664764404
2.42358276644	293.834442139
2.42648526077	293.834442139
2.4293877551	294.004211426
2.43229024943	294.004211426
2.43519274376	294.174102783
2.4380952381	294.004211426
2.44099773243	293.834442139
2.44390022676	293.664764404
2.44680272109	294.004211426
2.44970521542	294.174102783
2.45260770975	294.684295654
2.45551020408	294.854553223
2.45841269841	294.854553223
2.46131519274	294.344055176
2.46421768707	293.325714111
2.46712018141	292.310882568
2.47002267574	290.963226318
2.47292517007	290.12411499
2.4758276644	291.131347656
2.47873015873	294.514129639
2.48163265306	296.733978271
2.48453514739	297.764160156
2.48743764172	297.764160156
2.49034013605	297.07699585
2.49324263039	294.684295654
2.49614512472	289.120361328
2.49904761905	286.791748047
2.50195011338	286.62612915
2.50485260771	287.123260498
2.50775510204	288.286560059
2.51065759637	290.12411499
2.5135600907	294.344055176
2.51646258503	297.420379639
2.51936507937	298.797943115
2.5222675737	298.970581055
2.52517006803	297.764160156
2.52807256236	295.536621094
2.53097505669	291.131347656
2.53387755102	285.634490967
2.53678004535	283.006835938
2.53968253968	281.539398193
2.54258503401	273.998931885
2.54548752834	269.75881958
2.54839002268	266.814453125
2.55129251701	264.054718018
2.55419501134	262.685546875
2.55709750567	262.382263184
2.56	262.382263184
2.56290249433	262.837341309
2.56580498866	264.054718018
2.56870748299	265.584350586
2.57160997732	266.198699951
2.57451247166	266.04498291
2.57741496599	265.277709961
2.58031746032	264.207275391
2.58321995465	263.141143799
2.58612244898	262.533874512
2.58902494331	262.079315186
2.59192743764	262.079315186
2.59482993197	262.230743408
2.5977324263	262.382263184
2.60063492063	262.837341309
2.60353741497	263.141143799
2.6064399093	263.293182373
2.60934240363	263.293182373
2.61224489796	263.293182373
2.61514739229	263.293182373
2.61804988662	263.293182373
2.62095238095	262.989196777
2.62385487528	262.837341309
2.62675736961	262.230743408
2.62965986395	262.079315186
2.63256235828	261.776733398
2.63546485261	261.776733398
2.63836734694	262.079315186
2.64126984127	262.382263184
2.6441723356	262.837341309
2.64707482993	263.141143799
2.64997732426	263.141143799
2.65287981859	262.837341309
2.65578231293	262.230743408
2.65868480726	261.927978516
2.66158730159	261.625579834
2.66448979592	261.776733398
2.66739229025	261.927978516
2.67029478458	262.382263184
2.67319727891	262.989196777
2.67609977324	263.4453125
2.67900226757	263.4453125
2.6819047619	263.293182373
2.68480725624	262.685546875
2.68770975057	262.079315186
2.6906122449	261.776733398
2.69351473923	261.625579834
2.69641723356	261.927978516
2.69931972789	262.533874512
2.70222222222	263.141143799
2.70512471655	263.59753418
2.70802721088	263.59753418
2.71092970522	263.141143799
2.71383219955	262.382263184
2.71673469388	261.474487305
2.71963718821	261.021789551
2.72253968254	260.871063232
2.72544217687	261.021789551
2.7283446712	261.776733398
2.73124716553	262.837341309
2.73414965986	263.90222168
2.7370521542	264.512664795
2.73995464853	263.90222168
2.74285714286	262.837341309
2.74575963719	262.079315186
2.74866213152	261.625579834
2.75156462585	261.323486328
2.75446712018	261.172607422
2.75736961451	261.474487305
2.76027210884	262.382263184
2.76317460317	328.676940918
2.76607709751	329.056854248
2.76897959184	329.437225342
2.77188208617	329.627563477
2.7747845805	329.627563477
2.77768707483	328.866821289
2.78058956916	328.107879639
2.78349206349	327.918395996
2.78639455782	328.297454834
2.78929705215	328.487121582
2.79219954649	328.487121582
2.79510204082	328.676940918
2.79800453515	328.487121582
2.80090702948	328.866821289
2.80380952381	329.056854248
2.80671201814	328.866821289
2.80961451247	328.487121582
2.8125170068	328.487121582
2.81541950113	329.24697876
2.81832199546	330.008575439
2.8212244898	330.390045166
2.82412698413	330.580932617
2.82702947846	330.390045166
2.82993197279	330.199249268
2.83283446712	330.008575439
2.83573696145	329.24697876
2.83863945578	328.297454834
2.84154195011	327.539794922
2.84444444444	327.729034424
2.84734693878	328.487121582
2.85024943311	329.056854248
2.85315192744	329.24697876
2.85605442177	329.437225342
2.8589569161	329.818023682
2.86185941043	330.008575439
2.86476190476	330.390045166
2.86766439909	330.199249268
2.87056689342	329.818023682
2.87346938776	329.627563477
2.87637188209	329.818023682
2.87927437642	330.008575439
2.88217687075	330.008575439
2.88507936508	329.818023682
2.88798185941	329.627563477
2.89088435374	329.627563477
2.89378684807	329.437225342
2.8966893424	329.056854248
2.89959183673	328.487121582
2.90249433107	327.729034424
2.9053968254	327.729034424
2.90829931973	328.107879639
2.91120181406	328.487121582
2.91410430839	328.487121582
2.91700680272	328.676940918
2.91990929705	328.866821289
2.92281179138	329.056854248
2.92571428571	329.056854248
2.92861678005	328.676940918
2.93151927438	327.918395996
2.93442176871	327.729034424
2.93732426304	327.729034424
2.94022675737	328.107879639
2.9431292517	328.487121582
2.94603174603	328.676940918
2.94893424036	329.056854248
2.95183673469	329.437225342
2.95473922902	330.008575439
2.95764172336	330.199249268
2.96054421769	330.199249268
2.96344671202	330.008575439
2.96634920635	330.008575439
2.96925170068	330.008575439
2.97215419501	330.199249268
2.97505668934	330.390045166
2.97795918367	330.390045166
2.980861678	330.580932617
2.98376417234	330.771942139
2.98666666667	331.154296875
2.989569161	331.345611572
2.99247165533	331.154296875
2.99537414966	330.390045166
2.99827664399	329.24697876
3.00117913832	327.729034424
3.00408163265	325.841461182
3.00698412698	323.964752197
3.00988662132	322.098846436
3.01278911565	320.799133301
3.01569160998	320.613861084
3.01859410431	323.030456543
3.02149659864	297.764160156
3.02439909297	292.648773193
3.0273015873	291.46786499
3.03020408163	291.636291504
3.03310657596	292.648773193
3.03600907029	294.344055176
3.03891156463	296.391387939
3.04181405896	296.562652588
3.04471655329	295.536621094
3.04761904762	293.834442139
3.05052154195	292.648773193
3.05342403628	292.142089844
3.05632653061	292.310882568
3.05922902494	292.987030029
3.06213151927	294.004211426
3.06503401361	295.024932861
3.06793650794	295.707366943
3.07083900227	296.220245361
3.0737414966	296.049194336
3.07664399093	295.536621094
3.07954648526	294.684295654
3.08244897959	294.004211426
3.08535147392	293.834442139
3.08825396825	294.004211426
3.09115646259	294.514129639
3.09405895692	295.024932861
3.09696145125	295.365936279
3.09986394558	295.536621094
3.10276643991	295.365936279
3.10566893424	294.854553223
3.10857142857	294.344055176
3.1114739229	293.834442139
3.11437641723	293.495178223
3.11727891156	293.495178223
3.1201814059	293.664764404
3.12308390023	294.174102783
3.12598639456	294.344055176
3.12888888889	294.684295654
3.13179138322	294.684295654
3.13469387755	294.854553223
3.13759637188	294.684295654
3.14049886621	294.514129639
3.14340136054	294.514129639
3.14630385488	294.344055176
3.14920634921	294.174102783
3.15210884354	294.174102783
3.15501133787	294.174102783
3.1579138322	294.174102783
3.16081632653	294.344055176
3.16371882086	294.344055176
3.16662131519	294.514129639
3.16952380952	294.854553223
3.17242630385	294.854553223
3.17532879819	294.684295654
3.17823129252	294.514129639
3.18113378685	294.174102783
3.18403628118	294.004211426
3.18693877551	293.834442139
3.18984126984	293.834442139
3.19274376417	294.004211426
3.1956462585	294.004211426
3.19854875283	294.004211426
3.20145124717	294.174102783
3.2043537415	293.834442139
3.20725623583	293.664764404
3.21015873016	293.495178223
3.21306122449	293.325714111
3.21596371882	293.495178223
3.21886621315	293.664764404
3.22176870748	293.834442139
3.22467120181	294.174102783
3.22757369615	294.174102783
3.23047619048	294.174102783
3.23337868481	294.004211426
3.23628117914	293.834442139
3.23918367347	293.834442139
3.2420861678	293.664764404
3.24498866213	293.834442139
3.24789115646	294.004211426
3.25079365079	294.174102783
3.25369614512	294.174102783
3.25659863946	294.344055176
3.25950113379	294.174102783
3.26240362812	293.664764404
3.26530612245	293.156341553
3.26820861678	292.479766846
3.27111111111	291.973388672
3.27401360544	291.636291504
3.27691609977	292.142089844
3.2798185941	294.004211426
3.28272108844	295.536621094
3.28562358277	296.562652588
3.2885260771	297.07699585
3.29142857143	296.733978271
3.29433106576	295.365936279
3.29723356009	292.817840576
3.30013605442	289.287414551
3.30303854875	287.289154053
3.30594104308	286.957458496
3.30884353741	288.12008667
3.31174603175	290.459472656
3.31464852608	293.495178223
3.31755102041	296.049194336
3.32045351474	261.927978516
3.32335600907	260.871063232
3.3262585034	260.569854736
3.32916099773	261.625579834
3.33206349206	260.569854736
3.33496598639	260.720397949
3.33786848073	260.720397949
3.34077097506	261.172607422
3.34367346939	261.776733398
3.34657596372	262.230743408
3.34947845805	267.895477295
3.35238095238	265.584350586
3.35528344671	263.59753418
3.35818594104	262.685546875
3.36108843537	262.382263184
3.36399092971	262.533874512
3.36689342404	263.4453125
3.36979591837	265.277709961
3.3726984127	266.96862793
3.37560090703	267.586151123
3.37850340136	267.12286377
3.38140589569	266.198699951
3.38430839002	264.971435547
3.38721088435	263.59753418
3.39011337868	262.533874512
3.39301587302	261.927978516
3.39591836735	261.474487305
3.39882086168	261.474487305
3.40172335601	261.927978516
3.40462585034	262.533874512
3.40752834467	262.989196777
3.410430839	263.293182373
3.41333333333	263.4453125
3.41623582766	263.293182373
3.419138322	263.141143799
3.42204081633	262.837341309
3.42494331066	262.533874512
3.42784580499	262.079315186
3.43074829932	261.776733398
3.43365079365	261.776733398
3.43655328798	261.927978516
3.43945578231	262.230743408
3.44235827664	262.685546875
3.44526077098	263.293182373
3.44816326531	263.4453125
3.45106575964	263.293182373
3.45396825397	262.837341309
3.4568707483	262.230743408
3.45977324263	261.625579834
3.46267573696	261.323486328
3.46557823129	261.323486328
3.46848072562	261.474487305
3.47138321995	262.079315186
3.47428571429	262.533874512
3.47718820862	262.989196777
3.48009070295	263.293182373
3.48299319728	262.989196777
3.48589569161	262.533874512
3.48879818594	261.776733398
3.49170068027	261.323486328
3.4946031746	261.172607422
3.49750566893	261.474487305
3.50040816327	262.079315186
3.5033106576	262.837341309
3.50621315193	263.59753418
3.50911564626	264.054718018
3.51201814059	263.90222168
3.51492063492	262.989196777
3.51782312925	262.079315186
3.52072562358	261.323486328
3.52362811791	260.871063232
3.52653061224	260.871063232
3.52943310658	261.625579834
3.53233560091	262.685546875
3.53523809524	263.749847412
3.53814058957	264.359924316
3.5410430839	264.207275391
3.54394557823	263.4453125
3.54684807256	262.382263184
3.54975056689	261.625579834
3.55265306122	261.172607422
3.55555555556	261.021789551
3.55845804989	261.323486328
3.56136054422	261.625579834
3.56426303855	261.625579834
3.56716553288	260.871063232
3.57006802721	259.5184021
3.57297052154	257.874694824
3.57587301587	255.060028076
3.5787755102	252.713638306
3.58167800454	250.8230896
3.58458049887	249.090530396
3.5874829932	247.369934082
3.59038548753	245.661224365
3.59328798186	243.823440552
3.59619047619	242.559188843
3.59909297052	242.13923645
3.60199546485	242.279144287
3.60489795918	242.839569092
3.60780045351	243.682647705
3.61070294785	244.811309814
3.61360544218	246.087295532
3.61650793651	247.227096558
3.61941043084	248.085403442
3.62231292517	248.65927124
3.6252154195	249.234451294
3.62811791383	249.666717529
3.63102040816	249.810974121
3.63392290249	249.955307007
3.63682539683	250.099731445
3.63972789116	250.099731445
3.64263038549	249.810974121
3.64553287982	249.52255249
3.64843537415	248.802932739
3.65133786848	247.655883789
3.65424036281	246.371749878
3.65714285714	245.661224365
3.66004535147	245.094284058
3.6629478458	245.094284058
3.66585034014	245.235900879
3.66875283447	245.377593994
3.6716553288	245.80317688
3.67455782313	246.514099121
3.67746031746	246.941650391
3.68036281179	247.369934082
3.68326530612	247.798965454
3.68616780045	248.085403442
3.68907029478	248.515670776
3.69197278912	248.515670776
3.69487528345	248.515670776
3.69777777778	248.515670776
3.70068027211	248.228744507
3.70358276644	247.798965454
3.70648526077	247.369934082
3.7093877551	246.941650391
3.71229024943	246.514099121
3.71519274376	246.229476929
3.7180952381	245.94519043
3.72099773243	245.94519043
3.72390022676	245.94519043
3.72680272109	246.087295532
3.72970521542	246.371749878
3.73260770975	246.656539917
3.73551020408	246.941650391
3.73841269841	247.227096558
3.74131519274	247.512863159
3.74421768707	247.798965454
3.74712018141	247.942138672
3.75002267574	248.085403442
3.75292517007	248.085403442
3.7558276644	248.085403442
3.75873015873	247.798965454
3.76163265306	247.512863159
3.76453514739	247.227096558
3.76743764172	246.941650391
3.77034013605	246.514099121
3.77324263039	246.371749878
3.77614512472	246.229476929
3.77904761905	246.087295532
3.78195011338	246.229476929
3.78485260771	246.229476929
3.78775510204	246.514099121
3.79065759637	246.656539917
3.7935600907	247.084335327
3.79646258503	247.227096558
3.79936507937	247.512863159
3.8022675737	247.798965454
3.80517006803	247.942138672
3.80807256236	248.085403442
3.81097505669	248.228744507
3.81387755102	248.228744507
3.81678004535	248.085403442
3.81968253968	247.798965454
3.82258503401	247.512863159
3.82548752834	247.227096558
3.82839002268	246.514099121
3.83129251701	245.519378662
3.83419501134	244.669937134
3.83709750567	244.528656006
3.84	244.528656006
3.84290249433	244.669937134
3.84580498866	245.094284058
3.84870748299	245.661224365
3.85160997732	246.514099121
3.85451247166	247.227096558
3.85741496599	247.655883789
3.86031746032	248.228744507
3.86321995465	248.802932739
3.86612244898	249.52255249
3.86902494331	250.8230896
3.87192743764	252.276092529
3.87482993197	252.859649658
3.8777324263	250.533493042
3.88063492063	292.310882568
3.88353741497	293.834442139
3.8864399093	294.514129639
3.88934240363	294.854553223
3.89224489796	294.854553223
3.89514739229	294.514129639
3.89804988662	294.174102783
3.90095238095	294.004211426
3.90385487528	294.174102783
3.90675736961	294.344055176
3.90965986395	294.514129639
3.91256235828	294.514129639
3.91546485261	294.684295654
3.91836734694	294.684295654
3.92126984127	294.684295654
3.9241723356	294.854553223
3.92707482993	295.024932861
3.92997732426	295.024932861
3.93287981859	294.854553223
3.93578231293	294.684295654
3.93868480726	294.344055176
3.94158730159	294.004211426
3.94448979592	294.004211426
3.94739229025	294.004211426
3.95029478458	294.174102783
3.95319727891	294.174102783
3.95609977324	294.174102783
3.95900226757	294.174102783
3.9619047619	294.174102783
3.96480725624	294.344055176
3.96770975057	294.514129639
3.9706122449	294.514129639
3.97351473923	294.514129639
3.97641723356	294.344055176
3.97931972789	294.174102783
3.98222222222	294.174102783
3.98512471655	294.344055176
3.98802721088	294.514129639
3.99092970522	294.854553223
3.99383219955	295.024932861
3.99673469388	295.024932861
3.99963718821	294.684295654
4.00253968254	294.344055176
4.00544217687	294.004211426
4.0083446712	293.664764404
4.01124716553	293.664764404
4.01414965986	293.664764404
4.0170521542	293.834442139
4.01995464853	294.004211426
4.02285714286	294.174102783
4.02575963719	294.174102783
4.02866213152	294.344055176
4.03156462585	294.344055176
4.03446712018	294.174102783
4.03736961451	294.004211426
4.04027210884	293.834442139
4.04317460317	293.495178223
4.04607709751	293.156341553
4.04897959184	293.156341553
4.05188208617	293.325714111
4.0547845805	293.664764404
4.05768707483	294.174102783
4.06058956916	294.514129639
4.06349206349	294.514129639
4.06639455782	294.174102783
4.06929705215	293.834442139
4.07219954649	293.325714111
4.07510204082	292.987030029
4.07800453515	293.156341553
4.08090702948	293.495178223
4.08380952381	293.834442139
4.08671201814	294.174102783
4.08961451247	294.344055176
4.0925170068	294.344055176
4.09541950113	294.344055176
4.09832199546	294.174102783
4.1012244898	294.174102783
4.10412698413	294.004211426
4.10702947846	293.834442139
4.10993197279	293.664764404
4.11283446712	293.664764404
4.11573696145	294.004211426
4.11863945578	294.344055176
4.12154195011	294.854553223
4.12444444444	295.024932861
4.12734693878	295.024932861
4.13024943311	295.024932861
4.13315192744	294.684295654
4.13605442177	294.344055176
4.1389569161	293.834442139
4.14185941043	293.495178223
4.14476190476	293.156341553
4.14766439909	292.817840576
4.15056689342	292.648773193
4.15346938776	292.817840576
4.15637188209	293.834442139
4.15927437642	295.195404053
4.16217687075	296.391387939
4.16507936508	296.905426025
4.16798185941	297.07699585
4.17088435374	296.562652588
4.17378684807	295.365936279
4.1766893424	293.495178223
4.17959183673	291.299560547
4.18249433107	290.291748047
4.1853968254	290.291748047
4.18829931973	290.963226318
4.19120181406	291.973388672
4.19410430839	293.664764404
4.19700680272	295.536621094
4.19990929705	296.733978271
4.20281179138	297.248626709
4.20571428571	297.07699585
4.20861678005	296.220245361
4.21151927438	294.684295654
4.21442176871	292.142089844
4.21732426304	288.953399658
4.22022675737	286.129882812
4.2231292517	284.317626953
4.22603174603	283.333953857
4.22893424036	263.4453125
4.23183673469	268.20513916
4.23473922902	263.749847412
4.23764172336	262.533874512
4.24054421769	262.230743408
4.24344671202	262.382263184
4.24634920635	263.293182373
4.24925170068	265.430999756
4.25215419501	267.27722168
4.25505668934	267.431640625
4.25795918367	266.352508545
4.260861678	264.971435547
4.26376417234	263.59753418
4.26666666667	262.382263184
4.269569161	261.776733398
4.27247165533	261.474487305
4.27537414966	261.474487305
4.27827664399	261.625579834
4.28117913832	262.079315186
4.28408163265	262.685546875
4.28698412698	263.141143799
4.28988662132	263.59753418
4.29278911565	263.90222168
4.29569160998	263.90222168
4.29859410431	263.90222168
4.30149659864	263.4453125
4.30439909297	262.837341309
4.3073015873	262.079315186
4.31020408163	261.625579834
4.31310657596	261.323486328
4.31600907029	261.474487305
4.31891156463	262.079315186
4.32181405896	262.685546875
4.32471655329	263.293182373
4.32761904762	263.4453125
4.33052154195	263.293182373
4.33342403628	262.533874512
4.33632653061	261.625579834
4.33922902494	261.172607422
4.34213151927	260.871063232
4.34503401361	261.021789551
4.34793650794	261.625579834
4.35083900227	262.533874512
4.3537414966	263.4453125
4.35664399093	264.207275391
4.35954648526	264.359924316
4.36244897959	263.749847412
4.36535147392	262.837341309
4.36825396825	261.776733398
4.37115646259	261.172607422
4.37405895692	260.871063232
4.37696145125	261.323486328
4.37986394558	262.230743408
4.38276643991	263.293182373
4.38566893424	264.207275391
4.38857142857	264.512664795
4.3914739229	263.59753418
4.39437641723	262.382263184
4.39727891156	261.172607422
4.4001814059	260.569854736
4.40308390023	260.419372559
4.40598639456	261.021789551
4.40888888889	262.230743408
4.41179138322	263.59753418
4.41469387755	264.81842041
4.41759637188	264.971435547
4.42049886621	264.207275391
4.42340136054	262.989196777
4.42630385488	261.776733398
4.42920634921	261.021789551
4.43210884354	260.720397949
4.43501133787	261.021789551
4.4379138322	261.776733398
4.44081632653	262.837341309
4.44371882086	263.90222168
4.44662131519	264.359924316
4.44952380952	263.749847412
4.45242630385	262.837341309
4.45532879819	261.625579834
4.45823129252	261.021789551
4.46113378685	260.720397949
4.46403628118	261.021789551
4.46693877551	261.776733398
4.46984126984	262.837341309
4.47274376417	263.90222168
4.4756462585	264.207275391
4.47854875283	263.749847412
4.48145124717	262.685546875
4.4843537415	261.625579834
4.48725623583	260.871063232
4.49015873016	260.419372559
4.49306122449	260.569854736
4.49596371882	261.021789551
4.49886621315	261.625579834
4.50176870748	262.382263184
4.50467120181	262.685546875
4.50757369615	262.533874512
4.51047619048	262.230743408
4.51337868481	261.474487305
4.51628117914	261.172607422
4.51918367347	261.021789551
4.5220861678	261.021789551
4.52498866213	261.323486328
4.52789115646	261.927978516
4.53079365079	262.685546875
4.53369614512	262.989196777
4.53659863946	263.141143799
4.53950113379	262.685546875
4.54240362812	262.079315186
4.54530612245	261.474487305
4.54820861678	261.021789551
4.55111111111	260.871063232
4.55401360544	260.871063232
4.55691609977	261.021789551
4.5598185941	261.172607422
4.56272108844	261.323486328
4.56562358277	261.323486328
4.5685260771	261.172607422
4.57142857143	260.871063232
4.57433106576	260.720397949
4.57723356009	260.720397949
4.58013605442	261.021789551
4.58303854875	261.323486328
4.58594104308	261.776733398
4.58884353741	262.230743408
4.59174603175	262.533874512
4.59464852608	262.533874512
4.59755102041	262.382263184
4.60045351474	262.079315186
4.60335600907	261.776733398
4.6062585034	261.474487305
4.60916099773	261.323486328
4.61206349206	261.323486328
4.61496598639	261.323486328
4.61786848073	261.474487305
4.62077097506	261.323486328
4.62367346939	261.172607422
4.62657596372	261.021789551
4.62947845805	261.021789551
4.63238095238	260.871063232
4.63528344671	261.021789551
4.63818594104	261.172607422
4.64108843537	261.474487305
4.64399092971	261.474487305
4.64689342404	261.474487305
4.64979591837	261.625579834
4.6526984127	261.474487305
4.65560090703	261.323486328
4.65850340136	261.474487305
4.66140589569	261.474487305
4.66430839002	261.625579834
4.66721088435	261.625579834
4.67011337868	261.625579834
4.67301587302	261.474487305
4.67591836735	261.474487305
4.67882086168	261.474487305
4.68172335601	261.474487305
4.68462585034	261.625579834
4.68752834467	261.625579834
4.690430839	261.776733398
4.69333333333	261.927978516
4.69623582766	261.927978516
4.699138322	261.776733398
4.70204081633	261.776733398
4.70494331066	261.776733398
4.70784580499	261.625579834
4.71074829932	261.625579834
4.71365079365	261.625579834
4.71655328798	261.625579834
4.71945578231	261.776733398
4.72235827664	261.927978516
4.72526077098	262.230743408
4.72816326531	262.382263184
4.73106575964	262.533874512
4.73396825397	262.685546875
4.7368707483	262.685546875
4.73977324263	262.382263184
4.74267573696	262.079315186
4.74557823129	261.625579834
4.74848072562	261.474487305
4.75138321995	261.172607422
4.75428571429	261.021789551
4.75718820862	261.021789551
4.76009070295	261.021789551
4.76299319728	261.172607422
4.76589569161	261.323486328
4.76879818594	261.323486328
4.77170068027	261.323486328
4.7746031746	261.323486328
4.77750566893	261.323486328
4.78040816327	261.172607422
4.7833106576	261.323486328
4.78621315193	261.625579834
4.78911564626	262.079315186
4.79201814059	262.533874512
4.79492063492	262.837341309
4.79782312925	263.141143799
4.80072562358	263.293182373
4.80362811791	263.293182373
4.80653061224	262.989196777
4.80943310658	262.685546875
4.81233560091	262.382263184
4.81523809524	262.079315186
4.81814058957	262.079315186
4.8210430839	261.927978516
4.82394557823	262.079315186
4.82684807256	262.079315186
4.82975056689	262.079315186
4.83265306122	261.927978516
4.83555555556	261.776733398
4.83845804989	261.474487305
4.84136054422	261.323486328
4.84426303855	0.0
4.84716553288	0.0
4.85006802721	0.0
4.85297052154	0.0
4.85587301587	0.0
4.8587755102	0.0
4.86167800454	0.0
4.86458049887	0.0
4.8674829932	0.0
4.87038548753	0.0
4.87328798186	0.0
4.87619047619	0.0
4.87909297052	0.0
4.88199546485	0.0
4.88489795918	0.0
4.88780045351	0.0
4.89070294785	0.0
4.89360544218	0.0
4.89650793651	0.0
4.89941043084	0.0
4.90231292517	0.0
4.9052154195	0.0
4.90811791383	0.0
4.91102040816	0.0
4.91392290249	0.0
4.91682539683	0.0
4.91972789116	0.0
4.92263038549	0.0
4.92553287982	0.0
4.92843537415	0.0
4.93133786848	0.0
4.93424036281	0.0
4.93714285714	0.0
4.94004535147	0.0
4.9429478458	0.0
4.94585034014	0.0
4.94875283447	0.0
4.9516553288	0.0
4.95455782313	0.0
4.95746031746	0.0
4.96036281179	0.0
4.96326530612	0.0
4.96616780045	0.0
4.96907029478	0.0
4.97197278912	0.0
4.97487528345	0.0
4.97777777778	0.0
4.98068027211	0.0
4.98358276644	0.0
4.98648526077	0.0
4.9893877551	0.0
4.99229024943	0.0
4.99519274376	0.0
4.9980952381	0.0
5.00099773243	0.0
