0.0	0.0
0.00290249433107	0.0
0.00580498866213	0.0
0.0087074829932	0.0
0.0116099773243	0.0
0.0145124716553	0.0
0.0174149659864	0.0
0.0203174603175	0.0
0.0232199546485	0.0
0.0261224489796	0.0
0.0290249433107	0.0
0.0319274376417	0.0
0.0348299319728	0.0
0.0377324263039	0.0
0.0406349206349	0.0
0.043537414966	0.0
0.0464399092971	0.0
0.0493424036281	0.0
0.0522448979592	0.0
0.0551473922902	0.0
0.0580498866213	267.740783691
0.0609523809524	265.277709961
0.0638548752834	263.749847412
0.0667573696145	263.4453125
0.0696598639456	263.4453125
0.0725623582766	263.59753418
0.0754648526077	263.90222168
0.0783673469388	263.90222168
0.0812698412698	263.59753418
0.0841723356009	263.293182373
0.087074829932	262.685546875
0.089977324263	262.079315186
0.0928798185941	261.776733398
0.0957823129252	261.776733398
0.0986848072562	262.079315186
0.101587301587	262.989196777
0.104489795918	264.054718018
0.107392290249	264.81842041
0.11029478458	265.430999756
0.113197278912	265.737823486
0.116099773243	265.737823486
0.119002267574	265.430999756
0.121904761905	264.81842041
0.124807256236	264.207275391
0.127709750567	263.749847412
0.130612244898	263.4453125
0.133514739229	263.141143799
0.13641723356	263.4453125
0.139319727891	263.749847412
0.142222222222	264.207275391
0.145124716553	264.512664795
0.148027210884	264.81842041
0.150929705215	264.81842041
0.153832199546	264.512664795
0.156734693878	264.207275391
0.159637188209	263.90222168
0.16253968254	263.59753418
0.165442176871	263.59753418
0.168344671202	263.59753418
0.171247165533	263.59753418
0.174149659864	263.749847412
0.177052154195	263.749847412
0.179954648526	263.749847412
0.182857142857	263.749847412
0.185759637188	263.59753418
0.188662131519	263.293182373
0.19156462585	262.989196777
0.194467120181	262.989196777
0.197369614512	262.989196777
0.200272108844	263.141143799
0.203174603175	263.293182373
0.206077097506	263.293182373
0.208979591837	263.293182373
0.211882086168	263.293182373
0.214784580499	263.293182373
0.21768707483	263.141143799
0.220589569161	262.989196777
0.223492063492	262.989196777
0.226394557823	262.989196777
0.229297052154	262.837341309
0.232199546485	262.837341309
0.235102040816	262.837341309
0.238004535147	262.837341309
0.240907029478	262.837341309
0.24380952381	262.837341309
0.246712018141	262.837341309
0.249614512472	262.989196777
0.252517006803	262.989196777
0.255419501134	262.989196777
0.258321995465	262.989196777
0.261224489796	262.989196777
0.264126984127	262.837341309
0.267029478458	262.837341309
0.269931972789	262.685546875
0.27283446712	262.685546875
0.275736961451	262.533874512
0.278639455782	262.533874512
0.281541950113	262.382263184
0.284444444444	262.533874512
0.287346938776	262.533874512
0.290249433107	262.533874512
0.293151927438	262.533874512
0.296054421769	262.533874512
0.2989569161	262.382263184
0.301859410431	262.533874512
0.304761904762	262.533874512
0.307664399093	262.685546875
0.310566893424	262.685546875
0.313469387755	262.837341309
0.316371882086	262.837341309
0.319274376417	262.685546875
0.322176870748	262.533874512
0.325079365079	262.230743408
0.32798185941	261.927978516
0.330884353741	261.776733398
0.333786848073	261.625579834
0.336689342404	261.474487305
0.339591836735	261.625579834
0.342494331066	261.776733398
0.345396825397	262.079315186
0.348299319728	262.230743408
0.351201814059	262.382263184
0.35410430839	262.533874512
0.357006802721	262.533874512
0.359909297052	262.533874512
0.362811791383	262.533874512
0.365714285714	262.382263184
0.368616780045	262.230743408
0.371519274376	262.079315186
0.374421768707	261.776733398
0.377324263039	261.625579834
0.38022675737	261.474487305
0.383129251701	261.323486328
0.386031746032	261.323486328
0.388934240363	261.474487305
0.391836734694	261.474487305
0.394739229025	261.323486328
0.397641723356	261.323486328
0.400544217687	261.172607422
0.403446712018	261.021789551
0.406349206349	261.021789551
0.40925170068	261.021789551
0.412154195011	261.021789551
0.415056689342	261.323486328
0.417959183673	261.474487305
0.420861678005	261.776733398
0.423764172336	261.927978516
0.426666666667	261.927978516
0.429569160998	261.776733398
0.432471655329	261.625579834
0.43537414966	261.474487305
0.438276643991	261.323486328
0.441179138322	261.172607422
0.444081632653	261.172607422
0.446984126984	261.172607422
0.449886621315	261.021789551
0.452789115646	261.172607422
0.455691609977	261.172607422
0.458594104308	261.172607422
0.461496598639	261.172607422
0.464399092971	261.172607422
0.467301587302	261.323486328
0.470204081633	261.323486328
0.473106575964	261.323486328
0.476009070295	261.474487305
0.478911564626	261.625579834
0.481814058957	261.776733398
0.484716553288	261.927978516
0.487619047619	261.927978516
0.49052154195	262.079315186
0.493424036281	262.230743408
0.496326530612	262.230743408
0.499229024943	262.382263184
0.502131519274	262.382263184
0.505034013605	262.230743408
0.507936507937	262.079315186
0.510839002268	262.079315186
0.513741496599	261.927978516
0.51664399093	261.776733398
0.519546485261	261.625579834
0.522448979592	261.625579834
0.525351473923	261.625579834
0.528253968254	261.625579834
0.531156462585	261.776733398
0.534058956916	261.927978516
0.536961451247	262.079315186
0.539863945578	262.230743408
0.542766439909	262.382263184
0.54566893424	262.230743408
0.548571428571	262.230743408
0.551473922902	262.230743408
0.554376417234	261.927978516
0.557278911565	261.927978516
0.560181405896	261.776733398
0.563083900227	261.625579834
0.565986394558	261.625579834
0.568888888889	261.474487305
0.57179138322	261.474487305
0.574693877551	261.474487305
0.577596371882	261.474487305
0.580498866213	261.474487305
0.583401360544	261.474487305
0.586303854875	261.474487305
0.589206349206	261.323486328
0.592108843537	261.323486328
0.595011337868	261.474487305
0.5979138322	261.474487305
0.600816326531	261.625579834
0.603718820862	261.776733398
0.606621315193	261.927978516
0.609523809524	261.927978516
0.612426303855	262.079315186
0.615328798186	262.079315186
0.618231292517	262.079315186
0.621133786848	261.927978516
0.624036281179	261.927978516
0.62693877551	261.927978516
0.629841269841	262.079315186
0.632743764172	262.230743408
0.635646258503	262.685546875
0.638548752834	263.59753418
0.641451247166	264.207275391
0.644353741497	264.665496826
0.647256235828	265.277709961
0.650158730159	266.04498291
0.65306122449	267.27722168
0.655963718821	268.20513916
0.658866213152	273.366577148
0.661768707483	307.731079102
0.664671201814	307.731079102
0.667573696145	304.548126221
0.670476190476	302.968994141
0.673378684807	300.702484131
0.676281179138	298.280609131
0.679183673469	295.878234863
0.6820861678	294.004211426
0.684988662132	293.156341553
0.687891156463	292.987030029
0.690793650794	293.325714111
0.693696145125	293.664764404
0.696598639456	294.004211426
0.699501133787	294.004211426
0.702403628118	293.664764404
0.705306122449	293.156341553
0.70820861678	292.479766846
0.711111111111	292.479766846
0.714013605442	292.987030029
0.716916099773	294.004211426
0.719818594104	294.854553223
0.722721088435	295.878234863
0.725623582766	296.562652588
0.728526077098	296.905426025
0.731428571429	296.562652588
0.73433106576	296.049194336
0.737233560091	295.195404053
0.740136054422	294.514129639
0.743038548753	294.174102783
0.745941043084	294.004211426
0.748843537415	294.174102783
0.751746031746	294.684295654
0.754648526077	295.536621094
0.757551020408	295.878234863
0.760453514739	296.049194336
0.76335600907	295.707366943
0.766258503401	295.365936279
0.769160997732	294.854553223
0.772063492063	294.344055176
0.774965986395	293.834442139
0.777868480726	293.664764404
0.780770975057	293.834442139
0.783673469388	294.004211426
0.786575963719	294.514129639
0.78947845805	294.684295654
0.792380952381	295.024932861
0.795283446712	295.195404053
0.798185941043	295.195404053
0.801088435374	295.024932861
0.803990929705	294.854553223
0.806893424036	294.344055176
0.809795918367	294.174102783
0.812698412698	294.004211426
0.815600907029	294.004211426
0.818503401361	294.004211426
0.821405895692	294.174102783
0.824308390023	294.344055176
0.827210884354	294.514129639
0.830113378685	294.344055176
0.833015873016	294.174102783
0.835918367347	293.834442139
0.838820861678	293.325714111
0.841723356009	293.156341553
0.84462585034	292.987030029
0.847528344671	293.156341553
0.850430839002	293.495178223
0.853333333333	294.004211426
0.856235827664	294.174102783
0.859138321995	294.514129639
0.862040816327	294.514129639
0.864943310658	294.344055176
0.867845804989	294.174102783
0.87074829932	293.664764404
0.873650793651	293.325714111
0.876553287982	293.156341553
0.879455782313	293.156341553
0.882358276644	293.495178223
0.885260770975	294.004211426
0.888163265306	294.344055176
0.891065759637	294.684295654
0.893968253968	294.854553223
0.896870748299	295.024932861
0.89977324263	294.854553223
0.902675736961	294.514129639
0.905578231293	294.174102783
0.908480725624	293.834442139
0.911383219955	293.495178223
0.914285714286	293.325714111
0.917188208617	293.156341553
0.920090702948	293.156341553
0.922993197279	293.495178223
0.92589569161	294.174102783
0.928798185941	295.024932861
0.931700680272	296.220245361
0.934603174603	297.248626709
0.937505668934	298.280609131
0.940408163265	298.280609131
0.943310657596	296.220245361
0.946213151927	292.987030029
0.949115646259	291.299560547
0.95201814059	290.963226318
0.954920634921	291.46786499
0.957823129252	293.156341553
0.960725623583	297.592224121
0.963628117914	309.692596436
0.966530612245	313.834411621
0.969433106576	317.114440918
0.972335600907	321.912841797
0.975238095238	327.539794922
0.978140589569	330.199249268
0.9810430839	331.537078857
0.983945578231	331.728637695
0.986848072562	331.154296875
0.989750566893	329.627563477
0.992653061224	326.218109131
0.995555555556	323.403839111
0.998458049887	323.403839111
1.00136054422	325.277313232
1.00426303855	328.107879639
1.00716553288	330.390045166
1.01006802721	331.920288086
1.01297052154	332.688079834
1.01587301587	332.688079834
1.0187755102	331.728637695
1.02167800454	330.008575439
1.02458049887	328.297454834
1.0274829932	327.350646973
1.03038548753	327.539794922
1.03328798186	328.487121582
1.03619047619	329.24697876
1.03909297052	330.008575439
1.04199546485	330.390045166
1.04489795918	330.390045166
1.04780045351	330.199249268
1.05070294785	329.627563477
1.05360544218	329.056854248
1.05650793651	328.676940918
1.05941043084	328.866821289
1.06231292517	329.056854248
1.0652154195	329.627563477
1.06811791383	330.199249268
1.07102040816	330.963043213
1.07392290249	331.728637695
1.07682539683	332.112091064
1.07972789116	331.920288086
1.08263038549	331.728637695
1.08553287982	331.345611572
1.08843537415	330.771942139
1.09133786848	330.008575439
1.09424036281	329.437225342
1.09714285714	329.24697876
1.10004535147	329.24697876
1.1029478458	329.627563477
1.10585034014	330.008575439
1.10875283447	330.199249268
1.1116553288	330.390045166
1.11455782313	330.199249268
1.11746031746	329.627563477
1.12036281179	329.056854248
1.12326530612	328.297454834
1.12616780045	327.539794922
1.12907029478	327.350646973
1.13197278912	327.539794922
1.13487528345	328.297454834
1.13777777778	329.24697876
1.14068027211	330.008575439
1.14358276644	330.580932617
1.14648526077	330.963043213
1.1493877551	330.771942139
1.15229024943	330.199249268
1.15519274376	329.437225342
1.1580952381	328.866821289
1.16099773243	328.107879639
1.16390022676	328.107879639
1.16680272109	328.107879639
1.16970521542	328.676940918
1.17260770975	329.24697876
1.17551020408	329.818023682
1.17841269841	330.008575439
1.18131519274	330.008575439
1.18421768707	329.818023682
1.18712018141	329.437225342
1.19002267574	328.866821289
1.19292517007	328.297454834
1.1958276644	327.918395996
1.19873015873	327.539794922
1.20163265306	327.350646973
1.20453514739	327.539794922
1.20743764172	328.107879639
1.21034013605	328.866821289
1.21324263039	329.818023682
1.21614512472	330.963043213
1.21904761905	331.920288086
1.22195011338	333.457641602
1.22485260771	338.307891846
1.22775510204	351.657318115
1.23065759637	355.743377686
1.2335600907	357.597564697
1.23646258503	359.461395264
1.23936507937	359.461395264
1.2422675737	357.597564697
1.24517006803	352.267211914
1.24807256236	351.048461914
1.25097505669	349.430023193
1.25387755102	348.221069336
1.25678004535	346.615661621
1.25968253968	344.619293213
1.26258503401	344.81842041
1.26548752834	343.823974609
1.26839002268	343.625427246
1.27129251701	343.823974609
1.27419501134	343.22869873
1.27709750567	343.030487061
1.28	352.470733643
1.28290249433	352.267211914
1.28580498866	351.251281738
1.28870748299	350.643157959
1.29160997732	351.048461914
1.29451247166	350.03604126
1.29741496599	350.643157959
1.30031746032	351.251281738
1.30321995465	351.251281738
1.30612244898	351.048461914
1.30902494331	350.643157959
1.31192743764	350.238311768
1.31482993197	349.83392334
1.3177324263	349.83392334
1.32063492063	344.221405029
1.32353741497	343.625427246
1.3264399093	345.217010498
1.32934240363	346.815948486
1.33224489796	348.221069336
1.33514739229	349.026580811
1.33804988662	349.631896973
1.34095238095	350.238311768
1.34385487528	350.643157959
1.34675736961	351.251281738
1.34965986395	351.657318115
1.35256235828	351.657318115
1.35546485261	351.45425415
1.35836734694	350.845733643
1.36126984127	350.03604126
1.3641723356	349.026580811
1.36707482993	347.819030762
1.36997732426	346.815948486
1.37287981859	345.815734863
1.37578231293	345.61605835
1.37868480726	345.416473389
1.38158730159	345.61605835
1.38448979592	346.215484619
1.38739229025	346.815948486
1.39029478458	347.618164062
1.39319727891	348.825012207
1.39609977324	350.03604126
1.39900226757	351.45425415
1.4019047619	352.674407959
1.40480725624	353.490203857
1.40770975057	353.490203857
1.4106122449	352.878173828
1.41351473923	352.267211914
1.41641723356	351.657318115
1.41931972789	351.048461914
1.42222222222	350.440673828
1.42512471655	350.440673828
1.42802721088	350.643157959
1.43092970522	351.048461914
1.43383219955	351.251281738
1.43673469388	351.45425415
1.43963718821	351.45425415
1.44253968254	351.048461914
1.44544217687	350.643157959
1.4483446712	350.238311768
1.45124716553	349.631896973
1.45414965986	349.026580811
1.4570521542	348.422271729
1.45995464853	348.019989014
1.46285714286	347.819030762
1.46575963719	347.819030762
1.46866213152	348.019989014
1.47156462585	348.221069336
1.47446712018	348.623596191
1.47736961451	349.026580811
1.48027210884	349.430023193
1.48317460317	349.631896973
1.48607709751	349.83392334
1.48897959184	349.83392334
1.49188208617	350.03604126
1.4947845805	350.238311768
1.49768707483	350.440673828
1.50058956916	350.440673828
1.50349206349	350.238311768
1.50639455782	350.238311768
1.50929705215	350.03604126
1.51219954649	350.03604126
1.51510204082	350.03604126
1.51800453515	349.83392334
1.52090702948	349.631896973
1.52380952381	349.430023193
1.52671201814	349.430023193
1.52961451247	349.430023193
1.5325170068	349.430023193
1.53541950113	349.631896973
1.53832199546	349.83392334
1.5412244898	350.03604126
1.54412698413	350.238311768
1.54702947846	350.643157959
1.54993197279	350.643157959
1.55283446712	350.643157959
1.55573696145	350.643157959
1.55863945578	350.440673828
1.56154195011	350.238311768
1.56444444444	350.238311768
1.56734693878	350.238311768
1.57024943311	350.238311768
1.57315192744	350.440673828
1.57605442177	350.643157959
1.5789569161	350.845733643
1.58185941043	350.845733643
1.58476190476	351.048461914
1.58766439909	350.845733643
1.59056689342	350.440673828
1.59346938776	350.03604126
1.59637188209	349.430023193
1.59927437642	349.026580811
1.60217687075	348.825012207
1.60507936508	348.623596191
1.60798185941	348.623596191
1.61088435374	348.422271729
1.61378684807	348.422271729
1.6166893424	348.422271729
1.61959183673	348.221069336
1.62249433107	348.422271729
1.6253968254	348.623596191
1.62829931973	349.026580811
1.63120181406	349.430023193
1.63410430839	349.83392334
1.63700680272	350.238311768
1.63990929705	350.440673828
1.64281179138	350.440673828
1.64571428571	350.238311768
1.64861678005	350.03604126
1.65151927438	349.631896973
1.65442176871	349.228240967
1.65732426304	349.026580811
1.66022675737	348.825012207
1.6631292517	348.623596191
1.66603174603	348.422271729
1.66893424036	348.221069336
1.67183673469	348.422271729
1.67473922902	348.422271729
1.67764172336	348.825012207
1.68054421769	349.430023193
1.68344671202	350.03604126
1.68634920635	350.643157959
1.68925170068	351.048461914
1.69215419501	351.251281738
1.69505668934	351.45425415
1.69795918367	351.251281738
1.700861678	351.251281738
1.70376417234	351.048461914
1.70666666667	351.048461914
1.709569161	351.251281738
1.71247165533	351.048461914
1.71537414966	350.643157959
1.71827664399	350.238311768
1.72117913832	349.83392334
1.72408163265	349.631896973
1.72698412698	349.228240967
1.72988662132	349.228240967
1.73278911565	349.430023193
1.73569160998	349.631896973
1.73859410431	350.03604126
1.74149659864	350.03604126
1.74439909297	350.238311768
1.7473015873	350.03604126
1.75020408163	349.83392334
1.75310657596	349.83392334
1.75600907029	349.631896973
1.75891156463	349.83392334
1.76181405896	350.238311768
1.76471655329	351.048461914
1.76761904762	351.657318115
1.77052154195	351.86050415
1.77342403628	351.251281738
1.77632653061	349.228240967
1.77922902494	344.81842041
1.78213151927	342.832427979
1.78503401361	338.503356934
1.78793650794	335.195678711
1.79083900227	333.072631836
1.7937414966	331.537078857
1.79664399093	330.580932617
1.79954648526	330.008575439
1.80244897959	329.24697876
1.80535147392	328.866821289
1.80825396825	328.676940918
1.81115646259	328.866821289
1.81405895692	328.866821289
1.81696145125	329.056854248
1.81986394558	329.056854248
1.82276643991	329.056854248
1.82566893424	329.24697876
1.82857142857	329.437225342
1.8314739229	329.437225342
1.83437641723	329.627563477
1.83727891156	329.818023682
1.8401814059	330.008575439
1.84308390023	330.199249268
1.84598639456	330.199249268
1.84888888889	330.008575439
1.85179138322	329.818023682
1.85469387755	329.24697876
1.85759637188	328.676940918
1.86049886621	328.487121582
1.86340136054	328.297454834
1.86630385488	328.487121582
1.86920634921	329.056854248
1.87210884354	329.818023682
1.87501133787	330.771942139
1.8779138322	331.345611572
1.88081632653	331.920288086
1.88371882086	331.920288086
1.88662131519	331.728637695
1.88952380952	331.154296875
1.89242630385	330.390045166
1.89532879819	329.627563477
1.89823129252	329.056854248
1.90113378685	328.676940918
1.90403628118	328.487121582
1.90693877551	328.487121582
1.90984126984	328.676940918
1.91274376417	329.056854248
1.9156462585	329.24697876
1.91854875283	329.818023682
1.92145124717	330.199249268
1.9243537415	330.580932617
1.92725623583	330.771942139
1.93015873016	330.963043213
1.93306122449	330.963043213
1.93596371882	330.963043213
1.93886621315	330.771942139
1.94176870748	330.771942139
1.94467120181	330.771942139
1.94757369615	330.771942139
1.95047619048	330.771942139
1.95337868481	330.771942139
1.95628117914	330.580932617
1.95918367347	330.580932617
1.9620861678	330.390045166
1.96498866213	330.199249268
1.96789115646	330.008575439
1.97079365079	329.818023682
1.97369614512	329.627563477
1.97659863946	329.437225342
1.97950113379	329.24697876
1.98240362812	329.056854248
1.98530612245	329.056854248
1.98820861678	328.676940918
1.99111111111	328.676940918
1.99401360544	328.676940918
1.99691609977	328.676940918
1.9998185941	329.056854248
2.00272108844	329.24697876
2.00562358277	329.627563477
2.0085260771	329.818023682
2.01142857143	330.008575439
2.01433106576	330.199249268
2.01723356009	330.199249268
2.02013605442	330.008575439
2.02303854875	329.627563477
2.02594104308	329.437225342
2.02884353741	329.24697876
2.03174603175	329.056854248
2.03464852608	329.056854248
2.03755102041	329.056854248
2.04045351474	329.24697876
2.04335600907	329.24697876
2.0462585034	329.24697876
2.04916099773	329.24697876
2.05206349206	329.056854248
2.05496598639	328.866821289
2.05786848073	328.676940918
2.06077097506	328.297454834
2.06367346939	328.297454834
2.06657596372	328.297454834
2.06947845805	328.297454834
2.07238095238	328.487121582
2.07528344671	328.676940918
2.07818594104	329.056854248
2.08108843537	329.818023682
2.08399092971	330.771942139
2.08689342404	331.537078857
2.08979591837	332.112091064
2.0926984127	331.920288086
2.09560090703	331.154296875
2.09850340136	330.008575439
2.10140589569	328.487121582
2.10430839002	326.595184326
2.10721088435	325.653289795
2.11011337868	327.729034424
2.11301587302	330.963043213
2.11591836735	332.49597168
2.11882086168	289.956573486
2.12172335601	288.953399658
2.12462585034	289.120361328
2.12752834467	291.46786499
2.130430839	300.355316162
2.13333333333	303.845275879
2.13623582766	301.57220459
2.139138322	298.970581055
2.14204081633	296.733978271
2.14494331066	295.195404053
2.14784580499	294.344055176
2.15074829932	293.834442139
2.15365079365	294.004211426
2.15655328798	295.024932861
2.15945578231	296.562652588
2.16235827664	297.764160156
2.16526077098	297.764160156
2.16816326531	296.905426025
2.17106575964	295.878234863
2.17396825397	294.684295654
2.1768707483	294.174102783
2.17977324263	293.834442139
2.18267573696	294.004211426
2.18557823129	294.344055176
2.18848072562	295.195404053
2.19138321995	295.707366943
2.19428571429	295.707366943
2.19718820862	295.195404053
2.20009070295	294.684295654
2.20299319728	294.174102783
2.20589569161	293.834442139
2.20879818594	293.834442139
2.21170068027	294.344055176
2.2146031746	294.854553223
2.21750566893	295.536621094
2.22040816327	295.878234863
2.2233106576	295.878234863
2.22621315193	295.365936279
2.22911564626	294.684295654
2.23201814059	294.004211426
2.23492063492	293.664764404
2.23782312925	293.664764404
2.24072562358	293.834442139
2.24362811791	294.174102783
2.24653061224	294.514129639
2.24943310658	294.514129639
2.25233560091	294.174102783
2.25523809524	293.664764404
2.25814058957	293.156341553
2.2610430839	292.987030029
2.26394557823	292.987030029
2.26684807256	293.325714111
2.26975056689	293.834442139
2.27265306122	294.174102783
2.27555555556	294.514129639
2.27845804989	294.344055176
2.28136054422	294.344055176
2.28426303855	294.004211426
2.28716553288	293.664764404
2.29006802721	293.495178223
2.29297052154	293.495178223
2.29587301587	293.495178223
2.2987755102	293.664764404
2.30167800454	293.834442139
2.30458049887	294.004211426
2.3074829932	294.174102783
2.31038548753	294.344055176
2.31328798186	294.344055176
2.31619047619	294.344055176
2.31909297052	294.344055176
2.32199546485	294.174102783
2.32489795918	294.174102783
2.32780045351	294.174102783
2.33070294785	294.174102783
2.33360544218	294.344055176
2.33650793651	294.344055176
2.33941043084	294.344055176
2.34231292517	294.174102783
2.3452154195	294.174102783
2.34811791383	294.004211426
2.35102040816	294.004211426
2.35392290249	294.004211426
2.35682539683	294.004211426
2.35972789116	293.664764404
2.36263038549	293.325714111
2.36553287982	292.817840576
2.36843537415	292.648773193
2.37133786848	292.987030029
2.37424036281	294.174102783
2.37714285714	295.707366943
2.38004535147	296.905426025
2.3829478458	297.420379639
2.38585034014	297.420379639
2.38875283447	296.562652588
2.3916553288	295.024932861
2.39455782313	292.817840576
2.39746031746	290.627288818
2.40036281179	289.454559326
2.40326530612	289.287414551
2.40616780045	290.291748047
2.40907029478	292.479766846
2.41197278912	295.536621094
2.41487528345	297.936218262
2.41777777778	299.143310547
2.42068027211	299.316162109
2.42358276644	298.797943115
2.42648526077	296.220245361
2.4293877551	291.804779053
2.43229024943	286.62612915
2.43519274376	283.497680664
2.4380952381	280.889648438
2.44099773243	275.745422363
2.44390022676	266.660400391
2.44680272109	262.685546875
2.44970521542	260.871063232
2.45260770975	260.419372559
2.45551020408	261.021789551
2.45841269841	262.685546875
2.46131519274	265.277709961
2.46421768707	267.895477295
2.46712018141	268.050262451
2.47002267574	266.660400391
2.47292517007	264.81842041
2.4758276644	263.141143799
2.47873015873	262.382263184
2.48163265306	262.079315186
2.48453514739	262.230743408
2.48743764172	262.685546875
2.49034013605	263.293182373
2.49324263039	263.749847412
2.49614512472	263.59753418
2.49904761905	263.293182373
2.50195011338	262.837341309
2.50485260771	262.533874512
2.50775510204	262.685546875
2.51065759637	263.141143799
2.5135600907	263.749847412
2.51646258503	264.207275391
2.51936507937	263.90222168
2.5222675737	263.141143799
2.52517006803	262.382263184
2.52807256236	261.927978516
2.53097505669	261.776733398
2.53387755102	262.079315186
2.53678004535	262.685546875
2.53968253968	263.749847412
2.54258503401	264.81842041
2.54548752834	265.430999756
2.54839002268	264.81842041
2.55129251701	263.749847412
2.55419501134	262.685546875
2.55709750567	261.927978516
2.56	261.625579834
2.56290249433	261.474487305
2.56580498866	261.776733398
2.56870748299	262.533874512
2.57160997732	263.293182373
2.57451247166	263.59753418
2.57741496599	263.4453125
2.58031746032	262.685546875
2.58321995465	262.079315186
2.58612244898	261.474487305
2.58902494331	261.323486328
2.59192743764	261.323486328
2.59482993197	261.927978516
2.5977324263	262.382263184
2.60063492063	262.837341309
2.60353741497	263.141143799
2.6064399093	262.685546875
2.60934240363	262.230743408
2.61224489796	262.079315186
2.61514739229	261.927978516
2.61804988662	261.927978516
2.62095238095	262.079315186
2.62385487528	262.079315186
2.62675736961	261.927978516
2.62965986395	261.474487305
2.63256235828	261.172607422
2.63546485261	261.021789551
2.63836734694	261.323486328
2.64126984127	261.776733398
2.6441723356	262.685546875
2.64707482993	263.90222168
2.64997732426	264.971435547
2.65287981859	265.124542236
2.65578231293	263.90222168
2.65868480726	262.382263184
2.66158730159	261.474487305
2.66448979592	261.323486328
2.66739229025	261.323486328
2.67029478458	261.172607422
2.67319727891	261.021789551
2.67609977324	261.021789551
2.67900226757	261.625579834
2.6819047619	329.818023682
2.68480725624	330.390045166
2.68770975057	330.580932617
2.6906122449	330.580932617
2.69351473923	330.199249268
2.69641723356	329.627563477
2.69931972789	329.437225342
2.70222222222	328.866821289
2.70512471655	328.866821289
2.70802721088	328.866821289
2.71092970522	328.866821289
2.71383219955	328.866821289
2.71673469388	329.24697876
2.71963718821	329.627563477
2.72253968254	329.818023682
2.72544217687	329.627563477
2.7283446712	329.437225342
2.73124716553	329.437225342
2.73414965986	329.24697876
2.7370521542	329.056854248
2.73995464853	328.676940918
2.74285714286	328.676940918
2.74575963719	328.866821289
2.74866213152	329.627563477
2.75156462585	330.199249268
2.75446712018	330.771942139
2.75736961451	331.154296875
2.76027210884	331.345611572
2.76317460317	331.345611572
2.76607709751	331.154296875
2.76897959184	330.580932617
2.77188208617	329.818023682
2.7747845805	329.24697876
2.77768707483	329.056854248
2.78058956916	328.866821289
2.78349206349	329.056854248
2.78639455782	329.056854248
2.78929705215	329.24697876
2.79219954649	329.437225342
2.79510204082	329.627563477
2.79800453515	329.818023682
2.80090702948	329.818023682
2.80380952381	330.008575439
2.80671201814	330.008575439
2.80961451247	330.390045166
2.8125170068	330.771942139
2.81541950113	330.963043213
2.81832199546	331.154296875
2.8212244898	331.154296875
2.82412698413	331.154296875
2.82702947846	331.154296875
2.82993197279	331.154296875
2.83283446712	330.963043213
2.83573696145	330.771942139
2.83863945578	330.771942139
2.84154195011	330.580932617
2.84444444444	330.390045166
2.84734693878	330.199249268
2.85024943311	329.818023682
2.85315192744	329.437225342
2.85605442177	329.056854248
2.8589569161	329.056854248
2.86185941043	328.866821289
2.86476190476	328.866821289
2.86766439909	328.866821289
2.87056689342	329.056854248
2.87346938776	329.24697876
2.87637188209	329.24697876
2.87927437642	329.24697876
2.88217687075	329.056854248
2.88507936508	329.24697876
2.88798185941	329.437225342
2.89088435374	329.627563477
2.89378684807	329.818023682
2.8966893424	329.818023682
2.89959183673	330.008575439
2.90249433107	330.008575439
2.9053968254	329.818023682
2.90829931973	329.627563477
2.91120181406	329.437225342
2.91410430839	329.056854248
2.91700680272	329.056854248
2.91990929705	329.056854248
2.92281179138	329.056854248
2.92571428571	329.056854248
2.92861678005	328.866821289
2.93151927438	329.056854248
2.93442176871	329.056854248
2.93732426304	329.056854248
2.94022675737	328.866821289
2.9431292517	328.866821289
2.94603174603	328.487121582
2.94893424036	328.297454834
2.95183673469	327.918395996
2.95473922902	327.729034424
2.95764172336	327.350646973
2.96054421769	326.972686768
2.96344671202	326.972686768
2.96634920635	327.161621094
2.96925170068	328.297454834
2.97215419501	329.818023682
2.97505668934	331.728637695
2.97795918367	332.688079834
2.980861678	332.880310059
2.98376417234	332.49597168
2.98666666667	331.345611572
2.989569161	329.24697876
2.99247165533	326.218109131
2.99537414966	323.964752197
2.99827664399	327.539794922
3.00117913832	293.664764404
3.00408163265	290.795227051
3.00698412698	289.454559326
3.00988662132	289.454559326
3.01278911565	290.459472656
3.01569160998	292.987030029
3.01859410431	297.592224121
3.02149659864	300.181884766
3.02439909297	299.835296631
3.0273015873	298.625396729
3.03020408163	296.905426025
3.03310657596	295.365936279
3.03600907029	294.174102783
3.03891156463	293.834442139
3.04181405896	293.834442139
3.04471655329	294.684295654
3.04761904762	295.878234863
3.05052154195	297.07699585
3.05342403628	297.248626709
3.05632653061	296.905426025
3.05922902494	296.049194336
3.06213151927	295.195404053
3.06503401361	294.514129639
3.06793650794	294.004211426
3.07083900227	294.004211426
3.0737414966	294.344055176
3.07664399093	294.854553223
3.07954648526	295.195404053
3.08244897959	295.365936279
3.08535147392	295.024932861
3.08825396825	294.514129639
3.09115646259	294.174102783
3.09405895692	293.834442139
3.09696145125	293.834442139
3.09986394558	294.174102783
3.10276643991	294.514129639
3.10566893424	295.195404053
3.10857142857	295.707366943
3.1114739229	295.707366943
3.11437641723	295.195404053
3.11727891156	294.684295654
3.1201814059	294.344055176
3.12308390023	293.834442139
3.12598639456	293.664764404
3.12888888889	293.664764404
3.13179138322	293.664764404
3.13469387755	293.834442139
3.13759637188	294.004211426
3.14049886621	293.834442139
3.14340136054	293.664764404
3.14630385488	293.664764404
3.14920634921	293.495178223
3.15210884354	293.664764404
3.15501133787	293.664764404
3.1579138322	293.664764404
3.16081632653	293.664764404
3.16371882086	293.664764404
3.16662131519	293.664764404
3.16952380952	293.664764404
3.17242630385	293.834442139
3.17532879819	294.004211426
3.17823129252	294.004211426
3.18113378685	294.004211426
3.18403628118	294.004211426
3.18693877551	294.004211426
3.18984126984	293.834442139
3.19274376417	293.834442139
3.1956462585	294.004211426
3.19854875283	294.174102783
3.20145124717	294.174102783
3.2043537415	294.174102783
3.20725623583	294.004211426
3.21015873016	293.834442139
3.21306122449	293.664764404
3.21596371882	293.664764404
3.21886621315	294.004211426
3.22176870748	294.684295654
3.22467120181	295.365936279
3.22757369615	295.878234863
3.23047619048	295.878234863
3.23337868481	295.365936279
3.23628117914	294.514129639
3.23918367347	293.325714111
3.2420861678	292.142089844
3.24498866213	291.46786499
3.24789115646	291.46786499
3.25079365079	292.310882568
3.25369614512	294.174102783
3.25659863946	296.220245361
3.25950113379	297.592224121
3.26240362812	298.10836792
3.26530612245	297.592224121
3.26820861678	296.220245361
3.27111111111	294.344055176
3.27401360544	291.804779053
3.27691609977	289.287414551
3.2798185941	287.289154053
3.28272108844	286.295196533
3.28562358277	285.634490967
3.2885260771	286.791748047
3.29142857143	264.665496826
3.29433106576	261.323486328
3.29723356009	259.818389893
3.30013605442	259.5184021
3.30303854875	260.269012451
3.30594104308	263.293182373
3.30884353741	268.670288086
3.31174603175	270.851776123
3.31464852608	269.603057861
3.31755102041	267.431640625
3.32045351474	264.971435547
3.32335600907	263.293182373
3.3262585034	262.382263184
3.32916099773	261.927978516
3.33206349206	262.079315186
3.33496598639	262.382263184
3.33786848073	262.989196777
3.34077097506	263.4453125
3.34367346939	263.4453125
3.34657596372	263.293182373
3.34947845805	262.989196777
3.35238095238	262.837341309
3.35528344671	262.989196777
3.35818594104	263.4453125
3.36108843537	263.749847412
3.36399092971	263.90222168
3.36689342404	263.59753418
3.36979591837	262.989196777
3.3726984127	262.382263184
3.37560090703	261.927978516
3.37850340136	261.625579834
3.38140589569	261.927978516
3.38430839002	262.685546875
3.38721088435	263.749847412
3.39011337868	264.512664795
3.39301587302	264.81842041
3.39591836735	264.359924316
3.39882086168	263.293182373
3.40172335601	262.382263184
3.40462585034	261.776733398
3.40752834467	261.625579834
3.410430839	261.776733398
3.41333333333	262.533874512
3.41623582766	263.4453125
3.419138322	264.359924316
3.42204081633	264.512664795
3.42494331066	264.054718018
3.42784580499	263.141143799
3.43074829932	262.079315186
3.43365079365	261.474487305
3.43655328798	261.323486328
3.43945578231	261.323486328
3.44235827664	261.776733398
3.44526077098	262.382263184
3.44816326531	262.989196777
3.45106575964	263.293182373
3.45396825397	262.989196777
3.4568707483	262.685546875
3.45977324263	262.382263184
3.46267573696	262.230743408
3.46557823129	262.230743408
3.46848072562	262.382263184
3.47138321995	262.382263184
3.47428571429	262.079315186
3.47718820862	261.625579834
3.48009070295	261.172607422
3.48299319728	261.021789551
3.48589569161	261.172607422
3.48879818594	261.474487305
3.49170068027	262.079315186
3.4946031746	262.837341309
3.49750566893	263.293182373
3.50040816327	262.989196777
3.5033106576	261.776733398
3.50621315193	260.269012451
3.50911564626	258.769958496
3.51201814059	257.279571533
3.51492063492	256.241394043
3.51782312925	255.354858398
3.52072562358	254.618438721
3.52362811791	253.151931763
3.52653061224	250.968017578
3.52943310658	249.666717529
3.53233560091	247.369934082
3.53523809524	245.377593994
3.53814058957	243.260742188
3.5410430839	241.440917969
3.54394557823	242.979873657
3.54684807256	246.514099121
3.54975056689	245.519378662
3.55265306122	243.964324951
3.55555555556	244.246322632
3.55845804989	245.235900879
3.56136054422	246.799057007
3.56426303855	247.942138672
3.56716553288	248.802932739
3.57006802721	249.378463745
3.57297052154	249.955307007
3.57587301587	250.244232178
3.5787755102	250.533493042
3.58167800454	250.8230896
3.58458049887	250.678253174
3.5874829932	250.388824463
3.59038548753	249.810974121
3.59328798186	248.94670105
3.59619047619	247.655883789
3.59909297052	245.94519043
3.60199546485	244.952758789
3.60489795918	244.669937134
3.60780045351	244.811309814
3.61070294785	245.235900879
3.61360544218	245.94519043
3.61650793651	247.084335327
3.61941043084	247.942138672
3.62231292517	248.515670776
3.6252154195	248.802932739
3.62811791383	248.94670105
3.63102040816	249.090530396
3.63392290249	248.94670105
3.63682539683	249.090530396
3.63972789116	248.94670105
3.64263038549	248.802932739
3.64553287982	248.65927124
3.64843537415	248.372161865
3.65133786848	247.942138672
3.65424036281	247.227096558
3.65714285714	246.371749878
3.66004535147	245.661224365
3.6629478458	245.377593994
3.66585034014	245.235900879
3.66875283447	245.377593994
3.6716553288	245.377593994
3.67455782313	245.94519043
3.67746031746	246.799057007
3.68036281179	247.512863159
3.68326530612	248.228744507
3.68616780045	248.65927124
3.68907029478	248.94670105
3.69197278912	249.090530396
3.69487528345	249.234451294
3.69777777778	249.234451294
3.70068027211	249.090530396
3.70358276644	248.802932739
3.70648526077	248.228744507
3.7093877551	247.655883789
3.71229024943	246.941650391
3.71519274376	246.229476929
3.7180952381	245.80317688
3.72099773243	245.661224365
3.72390022676	245.80317688
3.72680272109	246.087295532
3.72970521542	246.371749878
3.73260770975	246.941650391
3.73551020408	247.798965454
3.73841269841	248.372161865
3.74131519274	248.515670776
3.74421768707	248.515670776
3.74712018141	248.65927124
3.75002267574	248.65927124
3.75292517007	248.515670776
3.7558276644	248.515670776
3.75873015873	248.372161865
3.76163265306	248.228744507
3.76453514739	248.085403442
3.76743764172	247.942138672
3.77034013605	247.655883789
3.77324263039	247.227096558
3.77614512472	246.941650391
3.77904761905	246.514099121
3.78195011338	246.371749878
3.78485260771	246.229476929
3.78775510204	246.229476929
3.79065759637	246.229476929
3.7935600907	246.229476929
3.79646258503	246.514099121
3.79936507937	247.227096558
3.8022675737	247.798965454
3.80517006803	248.085403442
3.80807256236	248.372161865
3.81097505669	248.65927124
3.81387755102	248.802932739
3.81678004535	248.65927124
3.81968253968	248.085403442
3.82258503401	247.084335327
3.82548752834	246.656539917
3.82839002268	246.514099121
3.83129251701	246.656539917
3.83419501134	247.084335327
3.83709750567	247.512863159
3.84	247.798965454
3.84290249433	247.512863159
3.84580498866	247.369934082
3.84870748299	247.512863159
3.85160997732	248.085403442
3.85451247166	248.94670105
3.85741496599	292.479766846
3.86031746032	290.963226318
3.86321995465	290.627288818
3.86612244898	291.299560547
3.86902494331	292.648773193
3.87192743764	293.495178223
3.87482993197	294.514129639
3.8777324263	295.195404053
3.88063492063	295.878234863
3.88353741497	296.562652588
3.8864399093	296.562652588
3.88934240363	296.733978271
3.89224489796	296.391387939
3.89514739229	295.878234863
3.89804988662	295.195404053
3.90095238095	294.684295654
3.90385487528	294.514129639
3.90675736961	294.344055176
3.90965986395	294.854553223
3.91256235828	295.365936279
3.91546485261	295.707366943
3.91836734694	295.878234863
3.92126984127	295.707366943
3.9241723356	295.195404053
3.92707482993	294.684295654
3.92997732426	294.174102783
3.93287981859	294.004211426
3.93578231293	294.004211426
3.93868480726	294.174102783
3.94158730159	294.344055176
3.94448979592	294.684295654
3.94739229025	294.684295654
3.95029478458	294.684295654
3.95319727891	294.854553223
3.95609977324	294.684295654
3.95900226757	294.854553223
3.9619047619	294.684295654
3.96480725624	294.684295654
3.96770975057	294.514129639
3.9706122449	294.514129639
3.97351473923	294.514129639
3.97641723356	294.344055176
3.97931972789	294.174102783
3.98222222222	294.004211426
3.98512471655	293.834442139
3.98802721088	293.834442139
3.99092970522	293.664764404
3.99383219955	293.664764404
3.99673469388	293.495178223
3.99963718821	293.664764404
4.00253968254	293.664764404
4.00544217687	293.664764404
4.0083446712	293.834442139
4.01124716553	293.834442139
4.01414965986	293.834442139
4.0170521542	293.834442139
4.01995464853	293.834442139
4.02285714286	293.834442139
4.02575963719	294.004211426
4.02866213152	294.004211426
4.03156462585	294.004211426
4.03446712018	294.004211426
4.03736961451	294.004211426
4.04027210884	294.004211426
4.04317460317	293.834442139
4.04607709751	293.834442139
4.04897959184	293.834442139
4.05188208617	294.004211426
4.0547845805	294.004211426
4.05768707483	294.004211426
4.06058956916	294.174102783
4.06349206349	294.514129639
4.06639455782	294.684295654
4.06929705215	294.684295654
4.07219954649	294.684295654
4.07510204082	294.514129639
4.07800453515	294.344055176
4.08090702948	293.834442139
4.08380952381	293.664764404
4.08671201814	293.664764404
4.08961451247	293.834442139
4.0925170068	294.174102783
4.09541950113	294.514129639
4.09832199546	294.514129639
4.1012244898	294.514129639
4.10412698413	294.174102783
4.10702947846	294.004211426
4.10993197279	293.664764404
4.11283446712	293.664764404
4.11573696145	294.004211426
4.11863945578	294.684295654
4.12154195011	295.536621094
4.12444444444	296.391387939
4.12734693878	296.905426025
4.13024943311	296.562652588
4.13315192744	295.878234863
4.13605442177	294.344055176
4.1389569161	292.817840576
4.14185941043	290.795227051
4.14476190476	289.454559326
4.14766439909	289.454559326
4.15056689342	291.636291504
4.15346938776	295.024932861
4.15637188209	297.248626709
4.15927437642	298.452941895
4.16217687075	298.797943115
4.16507936508	297.936218262
4.16798185941	295.707366943
4.17088435374	292.142089844
4.17378684807	289.287414551
4.1766893424	287.787414551
4.17959183673	286.791748047
4.18249433107	286.295196533
4.1853968254	286.791748047
4.18829931973	264.359924316
4.19120181406	261.323486328
4.19410430839	259.968505859
4.19700680272	260.118713379
4.19990929705	261.021789551
4.20281179138	263.4453125
4.20571428571	268.050262451
4.20861678005	270.5390625
4.21151927438	269.75881958
4.21442176871	267.431640625
4.21732426304	264.971435547
4.22022675737	263.4453125
4.2231292517	262.837341309
4.22603174603	262.837341309
4.22893424036	263.141143799
4.23183673469	263.59753418
4.23473922902	264.359924316
4.23764172336	264.665496826
4.24054421769	264.207275391
4.24344671202	263.4453125
4.24634920635	262.837341309
4.24925170068	262.685546875
4.25215419501	262.685546875
4.25505668934	263.141143799
4.25795918367	263.749847412
4.260861678	263.90222168
4.26376417234	263.59753418
4.26666666667	262.989196777
4.269569161	262.230743408
4.27247165533	261.776733398
4.27537414966	261.474487305
4.27827664399	261.776733398
4.28117913832	262.685546875
4.28408163265	263.749847412
4.28698412698	264.81842041
4.28988662132	265.430999756
4.29278911565	264.971435547
4.29569160998	263.90222168
4.29859410431	262.837341309
4.30149659864	262.079315186
4.30439909297	261.776733398
4.3073015873	261.776733398
4.31020408163	262.382263184
4.31310657596	263.293182373
4.31600907029	264.207275391
4.31891156463	264.665496826
4.32181405896	264.207275391
4.32471655329	263.4453125
4.32761904762	262.533874512
4.33052154195	261.776733398
4.33342403628	261.474487305
4.33632653061	261.323486328
4.33922902494	261.474487305
4.34213151927	261.927978516
4.34503401361	262.230743408
4.34793650794	262.533874512
4.35083900227	262.382263184
4.3537414966	262.230743408
4.35664399093	262.079315186
4.35954648526	262.230743408
4.36244897959	262.533874512
4.36535147392	262.837341309
4.36825396825	263.141143799
4.37115646259	263.141143799
4.37405895692	262.989196777
4.37696145125	262.382263184
4.37986394558	261.927978516
4.38276643991	261.625579834
4.38566893424	261.625579834
4.38857142857	261.776733398
4.3914739229	262.230743408
4.39437641723	262.685546875
4.39727891156	262.685546875
4.4001814059	262.230743408
4.40308390023	261.625579834
4.40598639456	261.323486328
4.40888888889	261.172607422
4.41179138322	261.323486328
4.41469387755	261.927978516
4.41759637188	262.685546875
4.42049886621	263.59753418
4.42340136054	264.054718018
4.42630385488	264.054718018
4.42920634921	263.293182373
4.43210884354	262.382263184
4.43501133787	261.625579834
4.4379138322	261.021789551
4.44081632653	260.871063232
4.44371882086	261.172607422
4.44662131519	261.474487305
4.44952380952	261.927978516
4.45242630385	262.079315186
4.45532879819	261.927978516
4.45823129252	261.474487305
4.46113378685	261.021789551
4.46403628118	260.720397949
4.46693877551	260.569854736
4.46984126984	260.720397949
4.47274376417	261.021789551
4.4756462585	261.474487305
4.47854875283	261.776733398
4.48145124717	261.927978516
4.4843537415	261.776733398
4.48725623583	261.625579834
4.49015873016	261.474487305
4.49306122449	261.474487305
4.49596371882	261.474487305
4.49886621315	261.625579834
4.50176870748	261.625579834
4.50467120181	261.474487305
4.50757369615	261.172607422
4.51047619048	261.021789551
4.51337868481	260.871063232
4.51628117914	260.871063232
4.51918367347	261.021789551
4.5220861678	261.172607422
4.52498866213	261.474487305
4.52789115646	261.474487305
4.53079365079	261.172607422
4.53369614512	261.021789551
4.53659863946	260.720397949
4.53950113379	260.720397949
4.54240362812	260.871063232
4.54530612245	261.323486328
4.54820861678	261.776733398
4.55111111111	262.533874512
4.55401360544	263.141143799
4.55691609977	263.4453125
4.5598185941	263.4453125
4.56272108844	262.989196777
4.56562358277	262.382263184
4.5685260771	261.776733398
4.57142857143	261.172607422
4.57433106576	260.871063232
4.57723356009	260.871063232
4.58013605442	261.021789551
4.58303854875	261.323486328
4.58594104308	261.776733398
4.58884353741	262.079315186
4.59174603175	262.079315186
4.59464852608	262.079315186
4.59755102041	261.927978516
4.60045351474	261.776733398
4.60335600907	261.625579834
4.6062585034	261.776733398
4.60916099773	262.230743408
4.61206349206	262.533874512
4.61496598639	262.837341309
4.61786848073	262.989196777
4.62077097506	262.837341309
4.62367346939	262.533874512
4.62657596372	261.927978516
4.62947845805	261.323486328
4.63238095238	261.021789551
4.63528344671	260.871063232
4.63818594104	261.021789551
4.64108843537	261.323486328
4.64399092971	261.625579834
4.64689342404	262.079315186
4.64979591837	262.230743408
4.6526984127	262.230743408
4.65560090703	262.079315186
4.65850340136	261.776733398
4.66140589569	261.776733398
4.66430839002	261.625579834
4.66721088435	261.776733398
4.67011337868	262.079315186
4.67301587302	262.382263184
4.67591836735	262.533874512
4.67882086168	262.685546875
4.68172335601	262.533874512
4.68462585034	262.382263184
4.68752834467	262.079315186
4.690430839	261.927978516
4.69333333333	261.927978516
4.69623582766	261.927978516
4.699138322	262.230743408
4.70204081633	262.382263184
4.70494331066	262.533874512
4.70784580499	262.685546875
4.71074829932	262.685546875
4.71365079365	262.079315186
4.71655328798	261.625579834
4.71945578231	261.172607422
4.72235827664	260.720397949
4.72526077098	260.569854736
4.72816326531	260.569854736
4.73106575964	260.720397949
4.73396825397	261.172607422
4.7368707483	261.474487305
4.73977324263	261.776733398
4.74267573696	261.927978516
4.74557823129	262.079315186
4.74848072562	262.079315186
4.75138321995	261.776733398
4.75428571429	261.625579834
4.75718820862	261.625579834
4.76009070295	261.625579834
4.76299319728	261.776733398
4.76589569161	261.927978516
4.76879818594	262.079315186
4.77170068027	262.230743408
4.7746031746	262.230743408
4.77750566893	261.927978516
4.78040816327	261.625579834
4.7833106576	261.172607422
4.78621315193	260.871063232
4.78911564626	260.871063232
4.79201814059	260.871063232
4.79492063492	261.323486328
4.79782312925	261.625579834
4.80072562358	261.927978516
4.80362811791	262.079315186
4.80653061224	262.079315186
4.80943310658	261.927978516
4.81233560091	261.474487305
4.81523809524	261.323486328
4.81814058957	261.172607422
4.8210430839	261.474487305
4.82394557823	261.776733398
4.82684807256	262.382263184
4.82975056689	262.685546875
4.83265306122	262.989196777
4.83555555556	263.293182373
4.83845804989	263.293182373
4.84136054422	262.989196777
4.84426303855	262.837341309
4.84716553288	262.837341309
4.85006802721	262.685546875
4.85297052154	262.533874512
4.85587301587	262.533874512
4.8587755102	262.533874512
4.86167800454	262.533874512
4.86458049887	262.533874512
4.8674829932	262.382263184
4.87038548753	262.230743408
4.87328798186	262.230743408
4.87619047619	262.230743408
4.87909297052	262.382263184
4.88199546485	262.382263184
4.88489795918	0.0
4.88780045351	0.0
4.89070294785	0.0
4.89360544218	0.0
4.89650793651	0.0
4.89941043084	0.0
4.90231292517	0.0
4.9052154195	0.0
4.90811791383	0.0
4.91102040816	0.0
4.91392290249	0.0
4.91682539683	0.0
4.91972789116	0.0
4.92263038549	0.0
4.92553287982	0.0
4.92843537415	0.0
4.93133786848	0.0
4.93424036281	0.0
4.93714285714	0.0
4.94004535147	0.0
4.9429478458	0.0
4.94585034014	0.0
4.94875283447	0.0
4.9516553288	0.0
4.95455782313	0.0
4.95746031746	0.0
4.96036281179	0.0
4.96326530612	0.0
4.96616780045	0.0
4.96907029478	0.0
4.97197278912	0.0
4.97487528345	0.0
4.97777777778	0.0
4.98068027211	0.0
4.98358276644	0.0
4.98648526077	0.0
4.9893877551	0.0
4.99229024943	0.0
4.99519274376	0.0
4.9980952381	0.0
5.00099773243	0.0
5.00390022676	0.0
5.00680272109	0.0
5.00970521542	0.0
5.01260770975	0.0
5.01551020408	0.0
5.01841269841	0.0
5.02131519274	0.0
5.02421768707	0.0
5.02712018141	0.0
5.03002267574	0.0
5.03292517007	0.0
5.0358276644	0.0
5.03873015873	0.0
5.04163265306	0.0
5.04453514739	0.0
5.04743764172	0.0
5.05034013605	0.0
5.05324263039	0.0
5.05614512472	0.0
5.05904761905	0.0
5.06195011338	0.0
5.06485260771	0.0
5.06775510204	0.0
5.07065759637	0.0
5.0735600907	0.0
5.07646258503	0.0
5.07936507937	0.0
5.0822675737	0.0
5.08517006803	0.0
5.08807256236	0.0
5.09097505669	0.0
5.09387755102	0.0
5.09678004535	0.0
5.09968253968	0.0
5.10258503401	0.0
5.10548752834	0.0
5.10839002268	0.0
5.11129251701	0.0
5.11419501134	0.0
5.11709750567	0.0
5.12	0.0
5.12290249433	0.0
5.12580498866	0.0
5.12870748299	0.0
5.13160997732	0.0
5.13451247166	0.0
5.13741496599	0.0
5.14031746032	0.0
5.14321995465	0.0
5.14612244898	0.0
5.14902494331	0.0
5.15192743764	0.0
5.15482993197	0.0
5.1577324263	0.0
5.16063492063	0.0
5.16353741497	0.0
5.1664399093	0.0
5.16934240363	0.0
5.17224489796	0.0
5.17514739229	0.0
5.17804988662	0.0
5.18095238095	0.0
5.18385487528	0.0
5.18675736961	0.0
5.18965986395	0.0
5.19256235828	0.0
5.19546485261	0.0
5.19836734694	0.0
5.20126984127	0.0
5.2041723356	0.0
5.20707482993	0.0
5.20997732426	0.0
5.21287981859	0.0
5.21578231293	0.0
5.21868480726	0.0
5.22158730159	0.0
5.22448979592	0.0
5.22739229025	0.0
5.23029478458	0.0
5.23319727891	0.0
5.23609977324	0.0
5.23900226757	0.0
5.2419047619	0.0
5.24480725624	0.0
5.24770975057	0.0
5.2506122449	0.0
5.25351473923	0.0
5.25641723356	0.0
5.25931972789	0.0
5.26222222222	0.0
5.26512471655	0.0
5.26802721088	0.0
5.27092970522	0.0
5.27383219955	0.0
5.27673469388	0.0
5.27963718821	0.0
5.28253968254	0.0
5.28544217687	0.0
5.2883446712	0.0
5.29124716553	0.0
5.29414965986	0.0
5.2970521542	0.0
5.29995464853	0.0
5.30285714286	0.0
5.30575963719	0.0
5.30866213152	0.0
5.31156462585	0.0
5.31446712018	0.0
5.31736961451	0.0
5.32027210884	0.0
5.32317460317	0.0
5.32607709751	0.0
5.32897959184	0.0
5.33188208617	0.0
5.3347845805	0.0
5.33768707483	0.0
5.34058956916	0.0
5.34349206349	0.0
5.34639455782	0.0
5.34929705215	0.0
5.35219954649	0.0
5.35510204082	0.0
5.35800453515	0.0
5.36090702948	0.0
5.36380952381	0.0
5.36671201814	0.0
5.36961451247	0.0
5.3725170068	0.0
5.37541950113	0.0
5.37832199546	0.0
5.3812244898	0.0
5.38412698413	0.0
5.38702947846	0.0
5.38993197279	0.0
5.39283446712	0.0
5.39573696145	0.0
5.39863945578	0.0
5.40154195011	0.0
5.40444444444	0.0
5.40734693878	0.0
5.41024943311	0.0
5.41315192744	0.0
5.41605442177	0.0
5.4189569161	0.0
5.42185941043	0.0
