0.0	0.0
0.00290249433107	0.0
0.00580498866213	0.0
0.0087074829932	0.0
0.0116099773243	0.0
0.0145124716553	0.0
0.0174149659864	0.0
0.0203174603175	0.0
0.0232199546485	0.0
0.0261224489796	0.0
0.0290249433107	0.0
0.0319274376417	0.0
0.0348299319728	0.0
0.0377324263039	0.0
0.0406349206349	0.0
0.043537414966	0.0
0.0464399092971	0.0
0.0493424036281	0.0
0.0522448979592	0.0
0.0551473922902	0.0
0.0580498866213	0.0
0.0609523809524	0.0
0.0638548752834	0.0
0.0667573696145	0.0
0.0696598639456	0.0
0.0725623582766	0.0
0.0754648526077	0.0
0.0783673469388	0.0
0.0812698412698	0.0
0.0841723356009	348.825012207
0.087074829932	348.422271729
0.089977324263	348.623596191
0.0928798185941	347.819030762
0.0957823129252	346.015533447
0.0986848072562	342.041229248
0.101587301587	338.503356934
0.104489795918	335.971038818
0.107392290249	334.228973389
0.11029478458	332.880310059
0.113197278912	331.920288086
0.116099773243	331.728637695
0.119002267574	331.537078857
0.121904761905	331.537078857
0.124807256236	331.920288086
0.127709750567	331.728637695
0.130612244898	331.728637695
0.133514739229	331.537078857
0.13641723356	331.537078857
0.139319727891	332.112091064
0.142222222222	332.303955078
0.145124716553	332.49597168
0.148027210884	332.112091064
0.150929705215	331.920288086
0.153832199546	331.537078857
0.156734693878	331.537078857
0.159637188209	331.920288086
0.16253968254	332.303955078
0.165442176871	332.49597168
0.168344671202	332.49597168
0.171247165533	332.112091064
0.174149659864	331.537078857
0.177052154195	330.963043213
0.179954648526	330.008575439
0.182857142857	329.24697876
0.185759637188	328.676940918
0.188662131519	328.297454834
0.19156462585	328.487121582
0.194467120181	328.866821289
0.197369614512	329.437225342
0.200272108844	329.627563477
0.203174603175	329.818023682
0.206077097506	329.818023682
0.208979591837	329.818023682
0.211882086168	329.627563477
0.214784580499	329.437225342
0.21768707483	329.24697876
0.220589569161	329.24697876
0.223492063492	329.437225342
0.226394557823	329.627563477
0.229297052154	330.008575439
0.232199546485	330.199249268
0.235102040816	330.008575439
0.238004535147	330.008575439
0.240907029478	330.008575439
0.24380952381	330.008575439
0.246712018141	330.199249268
0.249614512472	330.580932617
0.252517006803	330.771942139
0.255419501134	330.963043213
0.258321995465	330.771942139
0.261224489796	330.580932617
0.264126984127	330.390045166
0.267029478458	330.008575439
0.269931972789	329.818023682
0.27283446712	329.818023682
0.275736961451	330.008575439
0.278639455782	330.008575439
0.281541950113	330.199249268
0.284444444444	330.008575439
0.287346938776	329.627563477
0.290249433107	329.24697876
0.293151927438	328.866821289
0.296054421769	328.866821289
0.2989569161	328.676940918
0.301859410431	328.866821289
0.304761904762	329.056854248
0.307664399093	329.24697876
0.310566893424	329.437225342
0.313469387755	329.437225342
0.316371882086	329.437225342
0.319274376417	329.437225342
0.322176870748	329.818023682
0.325079365079	330.008575439
0.32798185941	330.390045166
0.330884353741	330.390045166
0.333786848073	330.390045166
0.336689342404	330.390045166
0.339591836735	330.008575439
0.342494331066	330.008575439
0.345396825397	329.818023682
0.348299319728	329.818023682
0.351201814059	330.008575439
0.35410430839	330.199249268
0.357006802721	330.390045166
0.359909297052	330.580932617
0.362811791383	330.771942139
0.365714285714	330.771942139
0.368616780045	330.580932617
0.371519274376	330.580932617
0.374421768707	330.199249268
0.377324263039	330.008575439
0.38022675737	329.818023682
0.383129251701	329.818023682
0.386031746032	329.627563477
0.388934240363	329.818023682
0.391836734694	330.008575439
0.394739229025	330.008575439
0.397641723356	330.199249268
0.400544217687	330.199249268
0.403446712018	329.818023682
0.406349206349	329.818023682
0.40925170068	329.627563477
0.412154195011	329.627563477
0.415056689342	329.627563477
0.417959183673	329.818023682
0.420861678005	329.627563477
0.423764172336	329.627563477
0.426666666667	329.818023682
0.429569160998	329.818023682
0.432471655329	329.818023682
0.43537414966	330.008575439
0.438276643991	330.008575439
0.441179138322	330.199249268
0.444081632653	330.390045166
0.446984126984	330.390045166
0.449886621315	330.390045166
0.452789115646	330.390045166
0.455691609977	330.390045166
0.458594104308	330.390045166
0.461496598639	330.580932617
0.464399092971	330.580932617
0.467301587302	330.580932617
0.470204081633	330.390045166
0.473106575964	330.199249268
0.476009070295	330.008575439
0.478911564626	329.818023682
0.481814058957	329.818023682
0.484716553288	329.627563477
0.487619047619	329.627563477
0.49052154195	329.627563477
0.493424036281	329.627563477
0.496326530612	329.627563477
0.499229024943	329.818023682
0.502131519274	330.008575439
0.505034013605	330.008575439
0.507936507937	330.008575439
0.510839002268	330.008575439
0.513741496599	330.008575439
0.51664399093	329.818023682
0.519546485261	329.818023682
0.522448979592	329.627563477
0.525351473923	329.627563477
0.528253968254	329.818023682
0.531156462585	329.818023682
0.534058956916	330.008575439
0.536961451247	330.008575439
0.539863945578	330.008575439
0.542766439909	330.008575439
0.54566893424	330.008575439
0.548571428571	329.818023682
0.551473922902	329.818023682
0.554376417234	329.818023682
0.557278911565	329.818023682
0.560181405896	329.818023682
0.563083900227	329.818023682
0.565986394558	329.818023682
0.568888888889	329.627563477
0.57179138322	329.627563477
0.574693877551	329.627563477
0.577596371882	329.627563477
0.580498866213	329.627563477
0.583401360544	329.627563477
0.586303854875	329.818023682
0.589206349206	329.818023682
0.592108843537	329.818023682
0.595011337868	329.818023682
0.5979138322	330.008575439
0.600816326531	329.818023682
0.603718820862	329.818023682
0.606621315193	329.627563477
0.609523809524	329.437225342
0.612426303855	329.437225342
0.615328798186	329.24697876
0.618231292517	329.24697876
0.621133786848	329.24697876
0.624036281179	329.437225342
0.62693877551	329.627563477
0.629841269841	329.818023682
0.632743764172	329.818023682
0.635646258503	330.008575439
0.638548752834	330.008575439
0.641451247166	330.008575439
0.644353741497	329.818023682
0.647256235828	329.627563477
0.650158730159	329.627563477
0.65306122449	329.437225342
0.655963718821	329.437225342
0.658866213152	329.627563477
0.661768707483	329.627563477
0.664671201814	329.627563477
0.667573696145	329.627563477
0.670476190476	329.627563477
0.673378684807	329.627563477
0.676281179138	329.437225342
0.679183673469	329.437225342
0.6820861678	329.437225342
0.684988662132	329.24697876
0.687891156463	329.24697876
0.690793650794	329.24697876
0.693696145125	329.437225342
0.696598639456	329.437225342
0.699501133787	329.627563477
0.702403628118	329.627563477
0.705306122449	329.437225342
0.70820861678	329.437225342
0.711111111111	329.627563477
0.714013605442	330.199249268
0.716916099773	331.154296875
0.719818594104	330.771942139
0.722721088435	329.056854248
0.725623582766	325.465240479
0.728526077098	323.590698242
0.731428571429	322.843933105
0.73433106576	321.726959229
0.737233560091	323.590698242
0.740136054422	326.218109131
0.743038548753	329.818023682
0.745941043084	333.457641602
0.748843537415	334.422088623
0.751746031746	334.808654785
0.754648526077	334.808654785
0.757551020408	338.503356934
0.760453514739	335.389343262
0.76335600907	332.112091064
0.766258503401	331.537078857
0.769160997732	331.728637695
0.772063492063	331.728637695
0.774965986395	332.303955078
0.777868480726	336.165161133
0.780770975057	339.286376953
0.783673469388	339.090454102
0.786575963719	337.917297363
0.78947845805	335.389343262
0.792380952381	333.265075684
0.795283446712	331.537078857
0.798185941043	330.771942139
0.801088435374	330.771942139
0.803990929705	331.345611572
0.806893424036	332.303955078
0.809795918367	333.650299072
0.812698412698	334.615325928
0.815600907029	335.195678711
0.818503401361	335.002105713
0.821405895692	334.615325928
0.824308390023	334.228973389
0.827210884354	333.843078613
0.830113378685	333.650299072
0.833015873016	333.843078613
0.835918367347	334.035980225
0.838820861678	334.422088623
0.841723356009	334.615325928
0.84462585034	334.422088623
0.847528344671	441.272613525
0.850430839002	439.238189697
0.853333333333	438.224517822
0.856235827664	439.238189697
0.859138321995	440.763122559
0.862040816327	442.03793335
0.864943310658	443.060455322
0.867845804989	443.316436768
0.87074829932	443.572570801
0.873650793651	443.316436768
0.876553287982	443.060455322
0.879455782313	442.804595947
0.882358276644	442.293334961
0.885260770975	442.03793335
0.888163265306	441.782684326
0.891065759637	441.017791748
0.893968253968	440.0
0.896870748299	438.731048584
0.89977324263	437.213165283
0.902675736961	436.456207275
0.905578231293	435.700531006
0.908480725624	435.700531006
0.911383219955	434.444000244
0.914285714286	432.940917969
0.917188208617	430.944915771
0.920090702948	430.944915771
0.922993197279	432.690917969
0.92589569161	435.700531006
0.928798185941	437.718536377
0.931700680272	439.238189697
0.934603174603	440.254241943
0.937505668934	440.763122559
0.940408163265	440.763122559
0.943310657596	440.508605957
0.946213151927	439.745910645
0.949115646259	438.984558105
0.95201814059	438.984558105
0.954920634921	439.238189697
0.957823129252	439.745910645
0.960725623583	440.0
0.963628117914	440.508605957
0.966530612245	440.763122559
0.969433106576	440.763122559
0.972335600907	440.763122559
0.975238095238	440.254241943
0.978140589569	439.745910645
0.9810430839	439.491973877
0.983945578231	439.491973877
0.986848072562	439.491973877
0.989750566893	440.254241943
0.992653061224	441.017791748
0.995555555556	441.782684326
0.998458049887	442.03793335
1.00136054422	442.03793335
1.00426303855	441.527557373
1.00716553288	440.763122559
1.01006802721	439.491973877
1.01297052154	438.477722168
1.01587301587	438.224517822
1.0187755102	438.731048584
1.02167800454	440.254241943
1.02458049887	441.782684326
1.0274829932	442.804595947
1.03038548753	443.316436768
1.03328798186	443.060455322
1.03619047619	442.03793335
1.03909297052	440.0
1.04199546485	438.731048584
1.04489795918	437.718536377
1.04780045351	437.465789795
1.05070294785	437.465789795
1.05360544218	438.224517822
1.05650793651	438.731048584
1.05941043084	438.984558105
1.06231292517	438.984558105
1.0652154195	438.224517822
1.06811791383	437.465789795
1.07102040816	436.456207275
1.07392290249	435.952270508
1.07682539683	436.204162598
1.07972789116	437.718536377
1.08263038549	439.491973877
1.08553287982	441.017791748
1.08843537415	442.03793335
1.09133786848	443.060455322
1.09424036281	443.316436768
1.09714285714	442.54888916
1.10004535147	441.527557373
1.1029478458	440.254241943
1.10585034014	440.0
1.10875283447	439.491973877
1.1116553288	439.491973877
1.11455782313	439.491973877
1.11746031746	440.0
1.12036281179	440.508605957
1.12326530612	441.017791748
1.12616780045	441.017791748
1.12907029478	440.508605957
1.13197278912	438.984558105
1.13487528345	435.700531006
1.13777777778	427.721038818
1.14068027211	416.505889893
1.14358276644	408.877929688
1.14648526077	402.783203125
1.1493877551	398.156829834
1.15229024943	397.467498779
1.15519274376	397.926940918
1.1580952381	399.077850342
1.16099773243	400.232086182
1.16390022676	397.697143555
1.16680272109	417.228240967
1.16970521542	421.102142334
1.17260770975	422.564086914
1.17551020408	423.05255127
1.17841269841	422.808258057
1.18131519274	421.588897705
1.18421768707	419.160705566
1.18712018141	417.710540771
1.19002267574	417.951873779
1.19292517007	419.160705566
1.1958276644	419.645233154
1.19873015873	419.645233154
1.20163265306	418.676757812
1.20453514739	417.469329834
1.20743764172	416.024993896
1.21034013605	414.825195312
1.21324263039	414.346252441
1.21614512472	414.346252441
1.21904761905	414.825195312
1.22195011338	414.825195312
1.22485260771	414.346252441
1.22775510204	413.628875732
1.23065759637	413.151306152
1.2335600907	412.674285889
1.23646258503	412.674285889
1.23936507937	413.151306152
1.2422675737	413.867858887
1.24517006803	414.825195312
1.24807256236	415.3046875
1.25097505669	415.544647217
1.25387755102	415.064880371
1.25678004535	414.346252441
1.25968253968	413.628875732
1.26258503401	412.674285889
1.26548752834	412.197814941
1.26839002268	411.721893311
1.27129251701	411.959777832
1.27419501134	412.435974121
1.27709750567	413.151306152
1.28	414.106994629
1.28290249433	414.825195312
1.28580498866	415.544647217
1.28870748299	416.024993896
1.29160997732	416.987335205
1.29451247166	418.193359375
1.29741496599	420.130310059
1.30031746032	421.102142334
1.30321995465	421.832489014
1.30612244898	421.345428467
1.30902494331	420.373046875
1.31192743764	418.434997559
1.31482993197	351.86050415
1.3177324263	349.83392334
1.32063492063	348.422271729
1.32353741497	347.618164062
1.3264399093	347.016326904
1.32934240363	346.615661621
1.33224489796	347.216827393
1.33514739229	348.825012207
1.33804988662	351.45425415
1.34095238095	353.490203857
1.34385487528	354.307861328
1.34675736961	354.103271484
1.34965986395	353.490203857
1.35256235828	352.878173828
1.35546485261	352.063781738
1.35836734694	350.643157959
1.36126984127	349.228240967
1.3641723356	348.623596191
1.36707482993	348.623596191
1.36997732426	349.026580811
1.37287981859	349.228240967
1.37578231293	349.026580811
1.37868480726	348.825012207
1.38158730159	348.825012207
1.38448979592	349.228240967
1.38739229025	349.631896973
1.39029478458	349.83392334
1.39319727891	349.430023193
1.39609977324	349.430023193
1.39900226757	349.430023193
1.4019047619	349.631896973
1.40480725624	349.228240967
1.40770975057	348.825012207
1.4106122449	348.422271729
1.41351473923	348.623596191
1.41641723356	348.422271729
1.41931972789	348.623596191
1.42222222222	348.825012207
1.42512471655	349.026580811
1.42802721088	349.228240967
1.43092970522	349.430023193
1.43383219955	349.631896973
1.43673469388	349.631896973
1.43963718821	349.631896973
1.44253968254	349.631896973
1.44544217687	349.83392334
1.4483446712	350.03604126
1.45124716553	350.03604126
1.45414965986	350.238311768
1.4570521542	350.238311768
1.45995464853	350.440673828
1.46285714286	350.238311768
1.46575963719	350.238311768
1.46866213152	350.03604126
1.47156462585	349.83392334
1.47446712018	349.631896973
1.47736961451	349.430023193
1.48027210884	349.026580811
1.48317460317	348.825012207
1.48607709751	348.623596191
1.48897959184	348.422271729
1.49188208617	348.221069336
1.4947845805	348.422271729
1.49768707483	348.623596191
1.50058956916	348.825012207
1.50349206349	349.026580811
1.50639455782	349.228240967
1.50929705215	349.430023193
1.51219954649	349.631896973
1.51510204082	349.631896973
1.51800453515	349.83392334
1.52090702948	349.631896973
1.52380952381	349.631896973
1.52671201814	349.631896973
1.52961451247	349.430023193
1.5325170068	349.228240967
1.53541950113	348.825012207
1.53832199546	348.825012207
1.5412244898	348.825012207
1.54412698413	348.825012207
1.54702947846	348.825012207
1.54993197279	348.623596191
1.55283446712	348.623596191
1.55573696145	348.825012207
1.55863945578	349.026580811
1.56154195011	349.026580811
1.56444444444	349.228240967
1.56734693878	349.430023193
1.57024943311	349.631896973
1.57315192744	349.83392334
1.57605442177	350.03604126
1.5789569161	350.238311768
1.58185941043	350.440673828
1.58476190476	350.643157959
1.58766439909	350.845733643
1.59056689342	351.251281738
1.59346938776	351.45425415
1.59637188209	351.45425415
1.59927437642	351.251281738
1.60217687075	350.845733643
1.60507936508	350.643157959
1.60798185941	350.238311768
1.61088435374	349.430023193
1.61378684807	348.221069336
1.6166893424	346.615661621
1.61959183673	345.416473389
1.62249433107	344.022644043
1.6253968254	342.832427979
1.62829931973	342.041229248
1.63120181406	341.64630127
1.63410430839	341.64630127
1.63700680272	342.634429932
1.63990929705	346.215484619
1.64281179138	354.307861328
1.64571428571	359.253814697
1.64861678005	361.334960938
1.65151927438	361.334960938
1.65442176871	359.87689209
1.65732426304	356.566253662
1.66022675737	350.643157959
1.6631292517	343.22869873
1.66603174603	341.054779053
1.66893424036	339.874816895
1.67183673469	338.89465332
1.67473922902	338.112548828
1.67764172336	337.332244873
1.68054421769	337.137451172
1.68344671202	336.553741455
1.68634920635	336.165161133
1.68925170068	335.777038574
1.69215419501	335.195678711
1.69505668934	332.303955078
1.69795918367	326.972686768
1.700861678	324.714141846
1.70376417234	324.151947021
1.70666666667	324.339233398
1.709569161	325.465240479
1.71247165533	328.676940918
1.71537414966	334.422088623
1.71827664399	336.553741455
1.72117913832	337.332244873
1.72408163265	337.722167969
1.72698412698	337.527130127
1.72988662132	337.137451172
1.73278911565	336.165161133
1.73569160998	335.002105713
1.73859410431	333.072631836
1.74149659864	330.963043213
1.74439909297	328.866821289
1.7473015873	327.539794922
1.75020408163	326.783874512
1.75310657596	326.595184326
1.75600907029	327.161621094
1.75891156463	327.918395996
1.76181405896	329.056854248
1.76471655329	330.390045166
1.76761904762	331.537078857
1.77052154195	332.303955078
1.77342403628	332.880310059
1.77632653061	332.880310059
1.77922902494	332.303955078
1.78213151927	331.537078857
1.78503401361	330.199249268
1.78793650794	329.056854248
1.79083900227	328.487121582
1.7937414966	327.918395996
1.79664399093	327.918395996
1.79954648526	328.297454834
1.80244897959	328.676940918
1.80535147392	329.24697876
1.80825396825	329.437225342
1.81115646259	329.627563477
1.81405895692	329.627563477
1.81696145125	329.627563477
1.81986394558	329.818023682
1.82276643991	330.008575439
1.82566893424	330.390045166
1.82857142857	330.580932617
1.8314739229	330.580932617
1.83437641723	330.580932617
1.83727891156	330.199249268
1.8401814059	330.199249268
1.84308390023	330.199249268
1.84598639456	330.390045166
1.84888888889	330.771942139
1.85179138322	330.963043213
1.85469387755	331.154296875
1.85759637188	331.154296875
1.86049886621	330.580932617
1.86340136054	330.199249268
1.86630385488	329.627563477
1.86920634921	329.24697876
1.87210884354	329.056854248
1.87501133787	329.24697876
1.8779138322	329.818023682
1.88081632653	330.580932617
1.88371882086	331.345611572
1.88662131519	332.112091064
1.88952380952	332.880310059
1.89242630385	333.457641602
1.89532879819	334.615325928
1.89823129252	336.165161133
1.90113378685	337.917297363
1.90403628118	342.436584473
1.90693877551	352.470733643
1.90984126984	360.501068115
1.91274376417	365.533477783
1.9156462585	367.86340332
1.91854875283	367.86340332
1.92145124717	364.900604248
1.9243537415	357.804168701
1.92725623583	350.845733643
1.93015873016	346.615661621
1.93306122449	344.619293213
1.93596371882	343.823974609
1.93886621315	343.823974609
1.94176870748	344.619293213
1.94467120181	345.815734863
1.94757369615	347.216827393
1.95047619048	348.422271729
1.95337868481	349.430023193
1.95628117914	349.631896973
1.95918367347	350.03604126
1.9620861678	350.238311768
1.96498866213	350.643157959
1.96789115646	351.45425415
1.97079365079	351.86050415
1.97369614512	352.267211914
1.97659863946	352.267211914
1.97950113379	351.657318115
1.98240362812	350.845733643
1.98530612245	349.430023193
1.98820861678	348.623596191
1.99111111111	348.019989014
1.99401360544	347.819030762
1.99691609977	347.819030762
1.9998185941	347.819030762
2.00272108844	348.019989014
2.00562358277	348.019989014
2.0085260771	348.221069336
2.01142857143	348.221069336
2.01433106576	348.422271729
2.01723356009	348.422271729
2.02013605442	348.623596191
2.02303854875	348.825012207
2.02594104308	349.228240967
2.02884353741	349.430023193
2.03174603175	349.631896973
2.03464852608	349.631896973
2.03755102041	349.631896973
2.04045351474	349.430023193
2.04335600907	349.228240967
2.0462585034	349.026580811
2.04916099773	348.825012207
2.05206349206	349.026580811
2.05496598639	349.026580811
2.05786848073	349.228240967
2.06077097506	349.83392334
2.06367346939	350.238311768
2.06657596372	350.643157959
2.06947845805	351.048461914
2.07238095238	351.251281738
2.07528344671	351.251281738
2.07818594104	351.048461914
2.08108843537	350.643157959
2.08399092971	350.238311768
2.08689342404	349.83392334
2.08979591837	349.228240967
2.0926984127	348.825012207
2.09560090703	348.221069336
2.09850340136	347.819030762
2.10140589569	347.618164062
2.10430839002	347.618164062
2.10721088435	347.618164062
2.11011337868	348.019989014
2.11301587302	348.422271729
2.11591836735	349.026580811
2.11882086168	349.631896973
2.12172335601	350.238311768
2.12462585034	350.643157959
2.12752834467	350.845733643
2.130430839	350.845733643
2.13333333333	350.440673828
2.13623582766	350.03604126
2.139138322	349.631896973
2.14204081633	349.026580811
2.14494331066	348.623596191
2.14784580499	348.221069336
2.15074829932	347.819030762
2.15365079365	347.819030762
2.15655328798	347.819030762
2.15945578231	347.819030762
2.16235827664	348.221069336
2.16526077098	348.623596191
2.16816326531	349.026580811
2.17106575964	349.228240967
2.17396825397	349.83392334
2.1768707483	350.03604126
2.17977324263	350.238311768
2.18267573696	350.238311768
2.18557823129	350.238311768
2.18848072562	350.238311768
2.19138321995	350.03604126
2.19428571429	349.83392334
2.19718820862	349.631896973
2.20009070295	349.430023193
2.20299319728	349.228240967
2.20589569161	349.026580811
2.20879818594	348.825012207
2.21170068027	348.825012207
2.2146031746	348.623596191
2.21750566893	348.825012207
2.22040816327	348.825012207
2.2233106576	348.825012207
2.22621315193	349.026580811
2.22911564626	349.026580811
2.23201814059	349.228240967
2.23492063492	349.228240967
2.23782312925	349.430023193
2.24072562358	349.430023193
2.24362811791	349.430023193
2.24653061224	349.228240967
2.24943310658	349.026580811
2.25233560091	348.825012207
2.25523809524	348.623596191
2.25814058957	348.422271729
2.2610430839	348.221069336
2.26394557823	348.221069336
2.26684807256	348.422271729
2.26975056689	348.623596191
2.27265306122	348.825012207
2.27555555556	349.228240967
2.27845804989	349.430023193
2.28136054422	349.631896973
2.28426303855	349.631896973
2.28716553288	349.83392334
2.29006802721	349.83392334
2.29297052154	349.631896973
2.29587301587	349.631896973
2.2987755102	349.430023193
2.30167800454	349.430023193
2.30458049887	349.228240967
2.3074829932	349.228240967
2.31038548753	349.026580811
2.31328798186	349.026580811
2.31619047619	349.026580811
2.31909297052	349.026580811
2.32199546485	349.026580811
2.32489795918	349.026580811
2.32780045351	349.026580811
2.33070294785	349.026580811
2.33360544218	349.026580811
2.33650793651	349.228240967
2.33941043084	349.228240967
2.34231292517	349.026580811
2.3452154195	349.026580811
2.34811791383	349.026580811
2.35102040816	349.026580811
2.35392290249	349.026580811
2.35682539683	349.026580811
2.35972789116	349.026580811
2.36263038549	349.026580811
2.36553287982	349.026580811
2.36843537415	349.026580811
2.37133786848	349.026580811
2.37424036281	349.026580811
2.37714285714	349.026580811
2.38004535147	349.026580811
2.3829478458	349.026580811
2.38585034014	349.026580811
2.38875283447	349.026580811
2.3916553288	349.228240967
2.39455782313	349.228240967
2.39746031746	349.228240967
2.40036281179	349.228240967
2.40326530612	349.228240967
2.40616780045	349.228240967
2.40907029478	349.228240967
2.41197278912	349.026580811
2.41487528345	349.026580811
2.41777777778	349.026580811
2.42068027211	349.026580811
2.42358276644	349.026580811
2.42648526077	348.825012207
2.4293877551	348.825012207
2.43229024943	348.825012207
2.43519274376	348.825012207
2.4380952381	348.825012207
2.44099773243	349.026580811
2.44390022676	349.631896973
2.44680272109	350.643157959
2.44970521542	351.86050415
2.45260770975	352.878173828
2.45551020408	352.878173828
2.45841269841	352.267211914
2.46131519274	350.440673828
2.46421768707	348.623596191
2.46712018141	347.016326904
2.47002267574	346.415496826
2.47292517007	346.815948486
2.4758276644	348.623596191
2.47873015873	351.657318115
2.48163265306	355.127441406
2.48453514739	356.772277832
2.48743764172	356.154571533
2.49034013605	354.922363281
2.49324263039	352.470733643
2.49614512472	415.784759521
2.49904761905	418.434997559
2.50195011338	419.887695312
2.50485260771	420.373046875
2.50775510204	419.645233154
2.51065759637	418.193359375
2.5135600907	416.505889893
2.51646258503	414.825195312
2.51936507937	413.390014648
2.5222675737	412.197814941
2.52517006803	411.959777832
2.52807256236	412.674285889
2.53097505669	413.628875732
2.53387755102	413.867858887
2.53678004535	413.867858887
2.53968253968	414.106994629
2.54258503401	414.585662842
2.54548752834	414.825195312
2.54839002268	415.064880371
2.55129251701	414.825195312
2.55419501134	414.106994629
2.55709750567	413.628875732
2.56	413.390014648
2.56290249433	413.151306152
2.56580498866	412.674285889
2.56870748299	411.959777832
2.57160997732	411.721893311
2.57451247166	411.959777832
2.57741496599	412.674285889
2.58031746032	413.151306152
2.58321995465	413.867858887
2.58612244898	414.346252441
2.58902494331	414.825195312
2.59192743764	415.784759521
2.59482993197	416.746520996
2.5977324263	417.228240967
2.60063492063	417.469329834
2.60353741497	417.228240967
2.6064399093	417.228240967
2.60934240363	417.228240967
2.61224489796	416.987335205
2.61514739229	416.265350342
2.61804988662	415.784759521
2.62095238095	415.544647217
2.62385487528	415.3046875
2.62675736961	415.544647217
2.62965986395	415.544647217
2.63256235828	415.544647217
2.63546485261	415.544647217
2.63836734694	415.3046875
2.64126984127	415.064880371
2.6441723356	414.585662842
2.64707482993	414.106994629
2.64997732426	413.628875732
2.65287981859	413.390014648
2.65578231293	413.390014648
2.65868480726	413.628875732
2.66158730159	413.867858887
2.66448979592	414.346252441
2.66739229025	414.585662842
2.67029478458	414.825195312
2.67319727891	414.825195312
2.67609977324	414.825195312
2.67900226757	414.825195312
2.6819047619	414.825195312
2.68480725624	414.825195312
2.68770975057	415.064880371
2.6906122449	415.3046875
2.69351473923	415.544647217
2.69641723356	415.784759521
2.69931972789	416.024993896
2.70222222222	416.024993896
2.70512471655	416.024993896
2.70802721088	416.024993896
2.71092970522	415.784759521
2.71383219955	415.784759521
2.71673469388	415.544647217
2.71963718821	415.3046875
2.72253968254	415.3046875
2.72544217687	415.3046875
2.7283446712	415.544647217
2.73124716553	416.024993896
2.73414965986	416.265350342
2.7370521542	416.746520996
2.73995464853	417.228240967
2.74285714286	417.710540771
2.74575963719	417.951873779
2.74866213152	418.193359375
2.75156462585	418.193359375
2.75446712018	418.193359375
2.75736961451	418.193359375
2.76027210884	417.951873779
2.76317460317	417.710540771
2.76607709751	418.193359375
2.76897959184	419.160705566
2.77188208617	420.858978271
2.7747845805	422.076202393
2.77768707483	423.541564941
2.78058956916	425.503265381
2.78349206349	429.950378418
2.78639455782	438.984558105
2.78929705215	442.804595947
2.79219954649	444.598632812
2.79510204082	444.855529785
2.79800453515	444.085327148
2.80090702948	442.293334961
2.80380952381	438.224517822
2.80671201814	434.193115234
2.80961451247	431.443054199
2.8125170068	429.70211792
2.81541950113	428.958129883
2.81832199546	427.474060059
2.8212244898	425.257537842
2.82412698413	421.832489014
2.82702947846	417.228240967
2.82993197279	413.867858887
2.83283446712	413.151306152
2.83573696145	413.867858887
2.83863945578	416.265350342
2.84154195011	425.011993408
2.84444444444	437.971466064
2.84734693878	443.060455322
2.85024943311	445.627075195
2.85315192744	446.657867432
2.85605442177	447.432556152
2.8589569161	447.691070557
2.86185941043	447.432556152
2.86476190476	446.91595459
2.86766439909	446.657867432
2.87056689342	446.657867432
2.87346938776	446.657867432
2.87637188209	446.657867432
2.87927437642	446.399932861
2.88217687075	446.399932861
2.88507936508	446.399932861
2.88798185941	446.142181396
2.89088435374	444.598632812
2.89378684807	443.060455322
2.8966893424	440.508605957
2.89959183673	438.477722168
2.90249433107	436.960693359
2.9053968254	436.456207275
2.90829931973	437.213165283
2.91120181406	440.0
2.91410430839	443.060455322
2.91700680272	444.598632812
2.91990929705	445.627075195
2.92281179138	445.627075195
2.92571428571	445.369720459
2.92861678005	444.341888428
2.93151927438	442.03793335
2.93442176871	439.745910645
2.93732426304	437.718536377
2.94022675737	435.700531006
2.9431292517	434.695007324
2.94603174603	432.940917969
2.94893424036	431.692352295
2.95183673469	431.193939209
2.95473922902	430.198822021
2.95764172336	429.70211792
2.96054421769	428.958129883
2.96344671202	426.980499268
2.96634920635	425.257537842
2.96925170068	423.05255127
2.97215419501	418.193359375
2.97505668934	412.435974121
2.97795918367	408.405853271
2.980861678	405.584777832
2.98376417234	405.350585938
2.98666666667	407.463317871
2.989569161	410.060516357
2.99247165533	413.867858887
2.99537414966	423.05255127
2.99827664399	426.980499268
3.00117913832	428.462860107
3.00408163265	429.205993652
3.00698412698	430.198822021
3.00988662132	431.692352295
3.01278911565	0.0
3.01569160998	0.0
3.01859410431	0.0
3.02149659864	0.0
3.02439909297	0.0
3.0273015873	0.0
3.03020408163	0.0
3.03310657596	0.0
3.03600907029	0.0
3.03891156463	0.0
3.04181405896	0.0
3.04471655329	0.0
3.04761904762	0.0
3.05052154195	0.0
3.05342403628	0.0
3.05632653061	0.0
3.05922902494	0.0
3.06213151927	0.0
3.06503401361	0.0
3.06793650794	0.0
3.07083900227	0.0
3.0737414966	0.0
3.07664399093	0.0
3.07954648526	0.0
3.08244897959	0.0
3.08535147392	0.0
3.08825396825	0.0
3.09115646259	0.0
3.09405895692	0.0
3.09696145125	0.0
3.09986394558	0.0
3.10276643991	0.0
3.10566893424	0.0
3.10857142857	0.0
3.1114739229	0.0
3.11437641723	0.0
3.11727891156	0.0
3.1201814059	0.0
3.12308390023	0.0
3.12598639456	0.0
3.12888888889	0.0
3.13179138322	0.0
3.13469387755	0.0
3.13759637188	0.0
3.14049886621	0.0
3.14340136054	0.0
3.14630385488	0.0
3.14920634921	0.0
3.15210884354	0.0
3.15501133787	0.0
3.1579138322	0.0
3.16081632653	0.0
3.16371882086	0.0
3.16662131519	0.0
3.16952380952	0.0
3.17242630385	0.0
3.17532879819	0.0
3.17823129252	0.0
3.18113378685	0.0
3.18403628118	0.0
3.18693877551	0.0
3.18984126984	0.0
3.19274376417	0.0
3.1956462585	0.0
3.19854875283	0.0
3.20145124717	0.0
3.2043537415	0.0
3.20725623583	0.0
3.21015873016	0.0
3.21306122449	0.0
3.21596371882	0.0
3.21886621315	0.0
3.22176870748	0.0
3.22467120181	0.0
3.22757369615	0.0
3.23047619048	0.0
3.23337868481	0.0
3.23628117914	0.0
3.23918367347	0.0
3.2420861678	0.0
3.24498866213	0.0
3.24789115646	0.0
3.25079365079	0.0
3.25369614512	0.0
3.25659863946	0.0
3.25950113379	0.0
3.26240362812	0.0
3.26530612245	0.0
3.26820861678	0.0
3.27111111111	0.0
3.27401360544	0.0
3.27691609977	0.0
3.2798185941	0.0
3.28272108844	0.0
3.28562358277	0.0
3.2885260771	0.0
3.29142857143	0.0
3.29433106576	0.0
3.29723356009	0.0
3.30013605442	0.0
3.30303854875	0.0
3.30594104308	0.0
3.30884353741	0.0
3.31174603175	0.0
3.31464852608	0.0
3.31755102041	0.0
3.32045351474	0.0
3.32335600907	0.0
3.3262585034	0.0
3.32916099773	0.0
3.33206349206	0.0
3.33496598639	0.0
3.33786848073	0.0
3.34077097506	0.0
3.34367346939	0.0
3.34657596372	0.0
3.34947845805	0.0
3.35238095238	400.000976562
3.35528344671	403.015930176
3.35818594104	404.648773193
3.36108843537	406.757843018
3.36399092971	418.193359375
3.36689342404	421.588897705
3.36979591837	422.564086914
3.3726984127	422.808258057
3.37560090703	422.076202393
3.37850340136	419.887695312
3.38140589569	416.746520996
3.38430839002	413.390014648
3.38721088435	413.867858887
3.39011337868	416.265350342
3.39301587302	418.434997559
3.39591836735	419.887695312
3.39882086168	420.615936279
3.40172335601	420.373046875
3.40462585034	419.160705566
3.40752834467	417.469329834
3.410430839	415.3046875
3.41333333333	413.867858887
3.41623582766	412.912719727
3.419138322	412.674285889
3.42204081633	412.435974121
3.42494331066	412.674285889
3.42784580499	412.912719727
3.43074829932	413.151306152
3.43365079365	413.867858887
3.43655328798	414.106994629
3.43945578231	414.585662842
3.44235827664	414.825195312
3.44526077098	414.825195312
3.44816326531	414.825195312
3.45106575964	414.346252441
3.45396825397	413.867858887
3.4568707483	413.390014648
3.45977324263	412.912719727
3.46267573696	412.435974121
3.46557823129	412.197814941
3.46848072562	412.435974121
3.47138321995	412.674285889
3.47428571429	413.151306152
3.47718820862	413.867858887
3.48009070295	414.825195312
3.48299319728	415.544647217
3.48589569161	416.265350342
3.48879818594	416.987335205
3.49170068027	417.469329834
3.4946031746	417.469329834
3.49750566893	417.228240967
3.50040816327	416.987335205
3.5033106576	416.505889893
3.50621315193	416.265350342
3.50911564626	416.024993896
3.51201814059	415.784759521
3.51492063492	415.544647217
3.51782312925	415.544647217
3.52072562358	415.784759521
3.52362811791	415.784759521
3.52653061224	415.544647217
3.52943310658	415.544647217
3.53233560091	415.064880371
3.53523809524	414.825195312
3.53814058957	414.346252441
3.5410430839	414.106994629
3.54394557823	413.867858887
3.54684807256	413.628875732
3.54975056689	413.867858887
3.55265306122	413.867858887
3.55555555556	414.106994629
3.55845804989	414.585662842
3.56136054422	414.825195312
3.56426303855	414.825195312
3.56716553288	414.825195312
3.57006802721	414.825195312
3.57297052154	414.825195312
3.57587301587	414.585662842
3.5787755102	414.585662842
3.58167800454	414.585662842
3.58458049887	415.064880371
3.5874829932	415.3046875
3.59038548753	415.544647217
3.59328798186	415.784759521
3.59619047619	416.024993896
3.59909297052	416.024993896
3.60199546485	416.265350342
3.60489795918	416.265350342
3.60780045351	416.024993896
3.61070294785	416.265350342
3.61360544218	416.265350342
3.61650793651	416.265350342
3.61941043084	416.505889893
3.62231292517	416.987335205
3.6252154195	417.228240967
3.62811791383	417.710540771
3.63102040816	417.951873779
3.63392290249	417.951873779
3.63682539683	417.951873779
3.63972789116	417.710540771
3.64263038549	417.951873779
3.64553287982	418.193359375
3.64843537415	418.193359375
3.65133786848	418.193359375
3.65424036281	418.434997559
3.65714285714	417.710540771
3.66004535147	417.228240967
3.6629478458	416.987335205
3.66585034014	416.265350342
3.66875283447	409.58706665
3.6716553288	438.984558105
3.67455782313	443.828887939
3.67746031746	446.399932861
3.68036281179	447.174163818
3.68326530612	446.657867432
3.68616780045	445.112548828
3.68907029478	440.508605957
3.69197278912	435.448913574
3.69487528345	431.941772461
3.69777777778	429.453979492
3.70068027211	426.980499268
3.70358276644	424.521270752
3.70648526077	421.832489014
3.7093877551	419.645233154
3.71229024943	418.676757812
3.71519274376	418.676757812
3.7180952381	419.645233154
3.72099773243	422.320098877
3.72390022676	426.980499268
3.72680272109	432.940917969
3.72970521542	438.477722168
3.73260770975	441.782684326
3.73551020408	444.341888428
3.73841269841	445.369720459
3.74131519274	446.657867432
3.74421768707	447.432556152
3.74712018141	448.208557129
3.75002267574	448.208557129
3.75292517007	447.691070557
3.7558276644	446.142181396
3.75873015873	445.369720459
3.76163265306	444.855529785
3.76453514739	445.112548828
3.76743764172	446.399932861
3.77034013605	446.399932861
3.77324263039	445.884552002
3.77614512472	444.855529785
3.77904761905	443.060455322
3.78195011338	440.508605957
3.78485260771	436.456207275
3.78775510204	436.204162598
3.79065759637	437.718536377
3.7935600907	439.745910645
3.79646258503	441.017791748
3.79936507937	442.03793335
3.8022675737	442.54888916
3.80517006803	443.060455322
3.80807256236	444.341888428
3.81097505669	0.0
3.81387755102	0.0
3.81678004535	0.0
3.81968253968	0.0
3.82258503401	0.0
3.82548752834	0.0
3.82839002268	0.0
3.83129251701	0.0
3.83419501134	0.0
3.83709750567	420.130310059
3.84	420.858978271
3.84290249433	421.588897705
3.84580498866	421.832489014
3.84870748299	421.832489014
3.85160997732	422.320098877
3.85451247166	423.05255127
3.85741496599	424.766571045
3.86031746032	427.227203369
3.86321995465	431.941772461
3.86612244898	439.491973877
3.86902494331	442.293334961
3.87192743764	443.316436768
3.87482993197	444.085327148
3.8777324263	443.572570801
3.88063492063	441.272613525
3.88353741497	437.718536377
3.8864399093	436.204162598
3.88934240363	435.700531006
3.89224489796	435.700531006
3.89514739229	436.204162598
3.89804988662	436.960693359
3.90095238095	438.224517822
3.90385487528	439.491973877
3.90675736961	440.763122559
3.90965986395	441.527557373
3.91256235828	442.03793335
3.91546485261	442.293334961
3.91836734694	442.03793335
3.92126984127	441.527557373
3.9241723356	440.508605957
3.92707482993	439.491973877
3.92997732426	438.477722168
3.93287981859	437.465789795
3.93578231293	436.708374023
3.93868480726	436.204162598
3.94158730159	436.456207275
3.94448979592	437.465789795
3.94739229025	438.477722168
3.95029478458	437.718536377
3.95319727891	436.204162598
3.95609977324	432.940917969
3.95900226757	422.320098877
3.9619047619	0.0
3.96480725624	0.0
3.96770975057	0.0
3.9706122449	0.0
3.97351473923	0.0
3.97641723356	0.0
3.97931972789	417.710540771
3.98222222222	419.645233154
3.98512471655	420.373046875
3.98802721088	420.615936279
3.99092970522	420.130310059
3.99383219955	417.951873779
3.99673469388	416.024993896
3.99963718821	417.228240967
4.00253968254	419.645233154
4.00544217687	421.588897705
4.0083446712	422.808258057
4.01124716553	423.541564941
4.01414965986	422.564086914
4.0170521542	420.130310059
4.01995464853	417.228240967
4.02285714286	414.585662842
4.02575963719	413.151306152
4.02866213152	412.674285889
4.03156462585	412.912719727
4.03446712018	413.628875732
4.03736961451	414.585662842
4.04027210884	415.064880371
4.04317460317	414.825195312
4.04607709751	414.346252441
4.04897959184	413.628875732
4.05188208617	413.390014648
4.0547845805	413.151306152
4.05768707483	412.912719727
4.06058956916	413.390014648
4.06349206349	413.867858887
4.06639455782	414.106994629
4.06929705215	414.106994629
4.07219954649	413.867858887
4.07510204082	413.390014648
4.07800453515	412.912719727
4.08090702948	412.674285889
4.08380952381	412.912719727
4.08671201814	413.390014648
4.08961451247	414.106994629
4.0925170068	414.585662842
4.09541950113	415.064880371
4.09832199546	415.3046875
4.1012244898	415.3046875
4.10412698413	415.544647217
4.10702947846	416.024993896
4.10993197279	416.265350342
4.11283446712	416.746520996
4.11573696145	417.228240967
4.11863945578	417.710540771
4.12154195011	417.710540771
4.12444444444	417.469329834
4.12734693878	416.987335205
4.13024943311	416.024993896
4.13315192744	415.3046875
4.13605442177	414.825195312
4.1389569161	414.585662842
4.14185941043	414.585662842
4.14476190476	414.585662842
4.14766439909	414.825195312
4.15056689342	415.064880371
4.15346938776	415.064880371
4.15637188209	414.825195312
4.15927437642	414.346252441
4.16217687075	414.106994629
4.16507936508	413.867858887
4.16798185941	413.867858887
4.17088435374	413.867858887
4.17378684807	414.106994629
4.1766893424	414.106994629
4.17959183673	414.346252441
4.18249433107	414.585662842
4.1853968254	414.825195312
4.18829931973	414.825195312
4.19120181406	415.064880371
4.19410430839	414.825195312
4.19700680272	415.064880371
4.19990929705	415.064880371
4.20281179138	415.3046875
4.20571428571	415.3046875
4.20861678005	415.3046875
4.21151927438	415.544647217
4.21442176871	415.544647217
4.21732426304	415.544647217
4.22022675737	415.784759521
4.2231292517	415.784759521
4.22603174603	415.784759521
4.22893424036	415.784759521
4.23183673469	415.784759521
4.23473922902	416.024993896
4.23764172336	416.024993896
4.24054421769	416.265350342
4.24344671202	416.505889893
4.24634920635	417.228240967
4.24925170068	418.918670654
4.25215419501	420.615936279
4.25505668934	421.102142334
4.25795918367	420.615936279
4.260861678	355.948913574
4.26376417234	355.127441406
4.26666666667	353.082061768
4.269569161	350.845733643
4.27247165533	349.026580811
4.27537414966	347.417449951
4.27827664399	346.615661621
4.28117913832	346.415496826
4.28408163265	346.615661621
4.28698412698	347.618164062
4.28988662132	349.83392334
4.29278911565	352.267211914
4.29569160998	353.898803711
4.29859410431	354.307861328
4.30149659864	353.898803711
4.30439909297	353.286071777
4.3073015873	352.470733643
4.31020408163	351.657318115
4.31310657596	350.643157959
4.31600907029	349.83392334
4.31891156463	349.430023193
4.32181405896	349.228240967
4.32471655329	349.228240967
4.32761904762	349.228240967
4.33052154195	348.623596191
4.33342403628	348.623596191
4.33632653061	348.422271729
4.33922902494	348.623596191
4.34213151927	349.026580811
4.34503401361	349.228240967
4.34793650794	349.430023193
4.35083900227	349.430023193
4.3537414966	349.228240967
4.35664399093	349.228240967
4.35954648526	349.228240967
4.36244897959	349.026580811
4.36535147392	348.825012207
4.36825396825	348.623596191
4.37115646259	348.623596191
4.37405895692	348.825012207
4.37696145125	349.026580811
4.37986394558	349.228240967
4.38276643991	349.228240967
4.38566893424	349.430023193
4.38857142857	349.631896973
4.3914739229	349.631896973
4.39437641723	349.631896973
4.39727891156	349.631896973
4.4001814059	349.631896973
4.40308390023	349.83392334
4.40598639456	350.03604126
4.40888888889	350.238311768
4.41179138322	350.440673828
4.41469387755	350.440673828
4.41759637188	350.238311768
4.42049886621	350.238311768
4.42340136054	349.83392334
4.42630385488	349.631896973
4.42920634921	349.228240967
4.43210884354	349.228240967
4.43501133787	349.228240967
4.4379138322	349.026580811
4.44081632653	348.825012207
4.44371882086	348.623596191
4.44662131519	348.422271729
4.44952380952	348.422271729
4.45242630385	348.623596191
4.45532879819	348.623596191
4.45823129252	349.026580811
4.46113378685	349.228240967
4.46403628118	349.430023193
4.46693877551	349.83392334
4.46984126984	350.03604126
4.47274376417	350.03604126
4.4756462585	349.83392334
4.47854875283	349.631896973
4.48145124717	349.430023193
4.4843537415	349.228240967
4.48725623583	349.026580811
4.49015873016	348.825012207
4.49306122449	348.623596191
4.49596371882	348.623596191
4.49886621315	348.623596191
4.50176870748	348.623596191
4.50467120181	348.623596191
4.50757369615	348.825012207
4.51047619048	349.026580811
4.51337868481	349.228240967
4.51628117914	349.228240967
4.51918367347	349.430023193
4.5220861678	349.430023193
4.52498866213	349.631896973
4.52789115646	349.631896973
4.53079365079	349.631896973
4.53369614512	349.631896973
4.53659863946	349.430023193
4.53950113379	349.430023193
4.54240362812	349.430023193
4.54530612245	349.430023193
4.54820861678	349.430023193
4.55111111111	349.430023193
4.55401360544	349.430023193
4.55691609977	349.430023193
4.5598185941	349.430023193
4.56272108844	349.430023193
4.56562358277	349.631896973
4.5685260771	349.83392334
4.57142857143	350.845733643
4.57433106576	351.86050415
4.57723356009	352.674407959
4.58013605442	353.286071777
4.58303854875	353.286071777
4.58594104308	352.470733643
4.58884353741	350.643157959
4.59174603175	348.221069336
4.59464852608	345.217010498
4.59755102041	343.030487061
4.60045351474	341.64630127
4.60335600907	340.464294434
4.6062585034	339.67855835
4.60916099773	338.89465332
4.61206349206	338.503356934
4.61496598639	337.917297363
4.61786848073	336.165161133
4.62077097506	333.072631836
4.62367346939	329.437225342
4.62657596372	327.350646973
4.62947845805	326.406585693
4.63238095238	326.406585693
4.63528344671	327.161621094
4.63818594104	329.24697876
4.64108843537	331.728637695
4.64399092971	333.650299072
4.64689342404	334.422088623
4.64979591837	334.422088623
4.6526984127	334.422088623
4.65560090703	334.035980225
4.65850340136	333.650299072
4.66140589569	333.650299072
4.66430839002	333.650299072
4.66721088435	333.843078613
4.67011337868	333.265075684
4.67301587302	332.112091064
4.67591836735	330.199249268
4.67882086168	328.487121582
4.68172335601	326.972686768
4.68462585034	326.029724121
4.68752834467	325.653289795
4.690430839	326.218109131
4.69333333333	327.729034424
4.69623582766	329.818023682
4.699138322	331.920288086
4.70204081633	333.072631836
4.70494331066	333.650299072
4.70784580499	333.650299072
4.71074829932	333.457641602
4.71365079365	332.880310059
4.71655328798	332.112091064
4.71945578231	331.345611572
4.72235827664	330.390045166
4.72526077098	329.627563477
4.72816326531	328.866821289
4.73106575964	328.297454834
4.73396825397	328.107879639
4.7368707483	328.107879639
4.73977324263	328.297454834
4.74267573696	328.866821289
4.74557823129	329.437225342
4.74848072562	330.580932617
4.75138321995	331.345611572
4.75428571429	331.920288086
4.75718820862	331.728637695
4.76009070295	331.345611572
4.76299319728	330.580932617
4.76589569161	329.627563477
4.76879818594	329.056854248
4.77170068027	328.676940918
4.7746031746	328.676940918
4.77750566893	328.866821289
4.78040816327	329.24697876
4.7833106576	329.818023682
4.78621315193	330.008575439
4.78911564626	329.818023682
4.79201814059	329.627563477
4.79492063492	329.627563477
4.79782312925	329.627563477
4.80072562358	329.818023682
4.80362811791	330.199249268
4.80653061224	330.580932617
4.80943310658	330.771942139
4.81233560091	330.771942139
4.81523809524	330.580932617
4.81814058957	330.580932617
4.8210430839	330.390045166
4.82394557823	330.390045166
4.82684807256	330.390045166
4.82975056689	330.771942139
4.83265306122	330.963043213
4.83555555556	331.154296875
4.83845804989	330.963043213
4.84136054422	330.580932617
4.84426303855	330.199249268
4.84716553288	329.818023682
4.85006802721	329.627563477
4.85297052154	329.627563477
4.85587301587	329.627563477
4.8587755102	330.008575439
4.86167800454	330.390045166
4.86458049887	330.580932617
4.8674829932	330.771942139
4.87038548753	330.580932617
4.87328798186	330.199249268
4.87619047619	329.818023682
4.87909297052	329.627563477
4.88199546485	329.24697876
4.88489795918	329.24697876
4.88780045351	329.24697876
4.89070294785	329.627563477
4.89360544218	329.627563477
4.89650793651	329.818023682
4.89941043084	329.818023682
4.90231292517	329.818023682
4.9052154195	329.818023682
4.90811791383	329.627563477
4.91102040816	329.627563477
4.91392290249	329.627563477
4.91682539683	329.818023682
4.91972789116	329.818023682
4.92263038549	330.199249268
4.92553287982	330.390045166
4.92843537415	330.580932617
4.93133786848	330.580932617
4.93424036281	330.771942139
4.93714285714	330.580932617
4.94004535147	330.580932617
4.9429478458	330.580932617
4.94585034014	330.580932617
4.94875283447	330.390045166
4.9516553288	330.390045166
4.95455782313	330.199249268
4.95746031746	330.008575439
4.96036281179	329.627563477
4.96326530612	329.627563477
4.96616780045	329.437225342
4.96907029478	329.24697876
4.97197278912	329.437225342
4.97487528345	329.627563477
4.97777777778	330.008575439
4.98068027211	330.199249268
4.98358276644	330.390045166
4.98648526077	330.390045166
4.9893877551	330.390045166
4.99229024943	330.390045166
4.99519274376	330.008575439
4.9980952381	329.818023682
5.00099773243	329.627563477
5.00390022676	329.627563477
5.00680272109	329.627563477
5.00970521542	329.627563477
5.01260770975	329.627563477
5.01551020408	329.437225342
5.01841269841	329.437225342
5.02131519274	329.437225342
5.02421768707	329.437225342
5.02712018141	329.627563477
5.03002267574	329.818023682
5.03292517007	329.818023682
5.0358276644	330.008575439
5.03873015873	330.199249268
5.04163265306	330.199249268
5.04453514739	330.199249268
5.04743764172	330.008575439
5.05034013605	329.627563477
5.05324263039	329.627563477
5.05614512472	329.627563477
5.05904761905	329.437225342
5.06195011338	329.437225342
5.06485260771	329.627563477
5.06775510204	329.627563477
5.07065759637	329.818023682
5.0735600907	330.008575439
5.07646258503	330.008575439
5.07936507937	330.008575439
5.0822675737	330.008575439
5.08517006803	329.818023682
5.08807256236	329.818023682
5.09097505669	329.627563477
5.09387755102	329.627563477
5.09678004535	329.437225342
5.09968253968	329.437225342
5.10258503401	329.437225342
5.10548752834	329.24697876
5.10839002268	329.24697876
5.11129251701	329.24697876
5.11419501134	329.437225342
5.11709750567	329.437225342
5.12	329.627563477
5.12290249433	329.818023682
5.12580498866	330.008575439
5.12870748299	330.008575439
5.13160997732	330.008575439
5.13451247166	330.008575439
5.13741496599	330.008575439
5.14031746032	329.818023682
5.14321995465	329.818023682
5.14612244898	329.627563477
5.14902494331	329.627563477
5.15192743764	329.437225342
5.15482993197	329.24697876
5.1577324263	329.056854248
5.16063492063	328.866821289
5.16353741497	328.676940918
5.1664399093	328.487121582
5.16934240363	328.676940918
5.17224489796	328.866821289
5.17514739229	329.24697876
5.17804988662	330.008575439
5.18095238095	330.390045166
5.18385487528	330.963043213
5.18675736961	331.537078857
5.18965986395	331.728637695
5.19256235828	331.920288086
5.19546485261	331.920288086
5.19836734694	331.920288086
5.20126984127	332.112091064
5.2041723356	332.112091064
5.20707482993	332.112091064
5.20997732426	332.112091064
5.21287981859	331.920288086
5.21578231293	332.112091064
5.21868480726	332.303955078
5.22158730159	332.303955078
5.22448979592	332.49597168
5.22739229025	332.49597168
5.23029478458	332.688079834
5.23319727891	332.880310059
5.23609977324	333.072631836
5.23900226757	333.072631836
5.2419047619	333.265075684
5.24480725624	333.072631836
5.24770975057	333.457641602
5.2506122449	333.650299072
5.25351473923	333.650299072
5.25641723356	333.650299072
5.25931972789	333.457641602
5.26222222222	333.265075684
5.26512471655	332.880310059
5.26802721088	332.688079834
5.27092970522	332.49597168
5.27383219955	332.49597168
5.27673469388	0.0
5.27963718821	0.0
5.28253968254	0.0
5.28544217687	0.0
5.2883446712	0.0
5.29124716553	0.0
5.29414965986	0.0
5.2970521542	0.0
5.29995464853	0.0
5.30285714286	0.0
5.30575963719	0.0
5.30866213152	0.0
5.31156462585	0.0
5.31446712018	0.0
5.31736961451	0.0
5.32027210884	0.0
5.32317460317	0.0
5.32607709751	0.0
5.32897959184	0.0
5.33188208617	0.0
5.3347845805	0.0
5.33768707483	0.0
5.34058956916	0.0
5.34349206349	0.0
5.34639455782	0.0
5.34929705215	0.0
5.35219954649	0.0
5.35510204082	0.0
5.35800453515	0.0
5.36090702948	0.0
5.36380952381	0.0
5.36671201814	0.0
5.36961451247	0.0
5.3725170068	0.0
5.37541950113	0.0
5.37832199546	0.0
5.3812244898	0.0
5.38412698413	0.0
5.38702947846	0.0
5.38993197279	0.0
5.39283446712	0.0
5.39573696145	0.0
