0.0	0.0
0.00290249433107	0.0
0.00580498866213	0.0
0.0087074829932	0.0
0.0116099773243	0.0
0.0145124716553	157.371047974
0.0174149659864	157.280181885
0.0203174603175	157.189361572
0.0232199546485	157.280181885
0.0261224489796	157.643997192
0.0290249433107	157.643997192
0.0319274376417	157.552963257
0.0348299319728	157.552963257
0.0377324263039	157.461975098
0.0406349206349	157.371047974
0.043537414966	157.371047974
0.0464399092971	157.280181885
0.0493424036281	157.189361572
0.0522448979592	157.007873535
0.0551473922902	156.736022949
0.0580498866213	156.284011841
0.0609523809524	155.833297729
0.0638548752834	155.47366333
0.0667573696145	155.294158936
0.0696598639456	155.294158936
0.0725623582766	155.383880615
0.0754648526077	155.563491821
0.0783673469388	155.923339844
0.0812698412698	156.193771362
0.0841723356009	156.55506897
0.087074829932	156.826583862
0.089977324263	156.917205811
0.0928798185941	156.917205811
0.0957823129252	156.736022949
0.0986848072562	156.374313354
0.101587301587	156.013427734
0.104489795918	155.653381348
0.107392290249	155.653381348
0.11029478458	155.653381348
0.113197278912	155.74331665
0.116099773243	156.013427734
0.119002267574	156.284011841
0.121904761905	156.464660645
0.124807256236	156.826583862
0.127709750567	156.917205811
0.130612244898	157.098587036
0.133514739229	157.280181885
0.13641723356	157.461975098
0.139319727891	157.461975098
0.142222222222	157.280181885
0.145124716553	157.280181885
0.148027210884	157.371047974
0.150929705215	157.280181885
0.153832199546	157.371047974
0.156734693878	157.552963257
0.159637188209	157.826217651
0.16253968254	158.374145508
0.165442176871	158.923980713
0.168344671202	159.475723267
0.171247165533	159.844619751
0.174149659864	160.121856689
0.177052154195	159.936981201
0.179954648526	159.936981201
0.182857142857	159.752319336
0.185759637188	159.567871094
0.188662131519	159.660064697
0.19156462585	159.844619751
0.194467120181	160.214370728
0.197369614512	160.584976196
0.200272108844	160.863479614
0.203174603175	161.049423218
0.206077097506	161.049423218
0.208979591837	160.863479614
0.211882086168	160.584976196
0.214784580499	160.306930542
0.21768707483	160.029388428
0.220589569161	159.844619751
0.223492063492	159.660064697
0.226394557823	159.660064697
0.229297052154	159.752319336
0.232199546485	159.844619751
0.235102040816	160.029388428
0.238004535147	160.214370728
0.240907029478	160.39956665
0.24380952381	160.584976196
0.246712018141	160.677749634
0.249614512472	160.770584106
0.252517006803	160.770584106
0.255419501134	160.770584106
0.258321995465	160.770584106
0.261224489796	160.863479614
0.264126984127	160.956420898
0.267029478458	161.142486572
0.269931972789	161.421966553
0.27283446712	161.701919556
0.275736961451	161.795349121
0.278639455782	161.795349121
0.281541950113	161.795349121
0.284444444444	161.795349121
0.287346938776	161.701919556
0.290249433107	161.795349121
0.293151927438	161.795349121
0.296054421769	161.982376099
0.2989569161	162.263320923
0.301859410431	162.263320923
0.304761904762	162.263320923
0.307664399093	162.169616699
0.310566893424	162.075973511
0.313469387755	161.982376099
0.316371882086	161.795349121
0.319274376417	161.888839722
0.322176870748	161.888839722
0.325079365079	161.982376099
0.32798185941	161.982376099
0.330884353741	162.075973511
0.333786848073	162.169616699
0.336689342404	162.263320923
0.339591836735	162.450881958
0.342494331066	162.450881958
0.345396825397	162.54473877
0.348299319728	162.732620239
0.351201814059	162.826644897
0.35410430839	163.014862061
0.357006802721	163.109054565
0.359909297052	163.203292847
0.362811791383	163.297592163
0.365714285714	163.391937256
0.368616780045	163.486343384
0.371519274376	163.391937256
0.374421768707	163.391937256
0.377324263039	163.486343384
0.38022675737	163.580810547
0.383129251701	163.675323486
0.386031746032	163.675323486
0.388934240363	163.675323486
0.391836734694	163.580810547
0.394739229025	163.675323486
0.397641723356	163.580810547
0.400544217687	163.580810547
0.403446712018	163.486343384
0.406349206349	163.486343384
0.40925170068	163.486343384
0.412154195011	163.580810547
0.415056689342	163.580810547
0.417959183673	163.675323486
0.420861678005	163.769897461
0.423764172336	164.053939819
0.426666666667	164.338470459
0.429569160998	164.62348938
0.432471655329	164.718612671
0.43537414966	164.813781738
0.438276643991	164.813781738
0.441179138322	164.813781738
0.444081632653	164.718612671
0.446984126984	164.718612671
0.449886621315	164.718612671
0.452789115646	164.813781738
0.455691609977	164.909011841
0.458594104308	165.195022583
0.461496598639	165.577148438
0.464399092971	165.768539429
0.467301587302	165.864318848
0.470204081633	165.672805786
0.473106575964	165.481521606
0.476009070295	165.290466309
0.478911564626	165.099624634
0.481814058957	164.909011841
0.484716553288	164.909011841
0.487619047619	165.00428772
0.49052154195	165.195022583
0.493424036281	165.481521606
0.496326530612	165.672805786
0.499229024943	165.864318848
0.502131519274	165.960144043
0.505034013605	166.151977539
0.507936507937	166.24798584
0.510839002268	166.24798584
0.513741496599	166.344039917
0.51664399093	166.440155029
0.519546485261	166.632537842
0.522448979592	166.728820801
0.525351473923	166.728820801
0.528253968254	166.728820801
0.531156462585	166.728820801
0.534058956916	166.632537842
0.536961451247	166.536315918
0.539863945578	166.440155029
0.542766439909	166.151977539
0.54566893424	165.960144043
0.548571428571	166.151977539
0.551473922902	166.344039917
0.554376417234	165.960144043
0.557278911565	165.00428772
0.560181405896	164.62348938
0.563083900227	164.243560791
0.565986394558	171.911987305
0.568888888889	190.858505249
0.57179138322	192.630599976
0.574693877551	193.41104126
0.577596371882	193.634613037
0.580498866213	193.746490479
0.583401360544	193.634613037
0.586303854875	200.694839478
0.589206349206	201.507965088
0.592108843537	202.792388916
0.595011337868	202.909561157
0.5979138322	203.496429443
0.600816326531	203.849380493
0.603718820862	204.202926636
0.606621315193	205.030258179
0.609523809524	205.385864258
0.612426303855	205.742080688
0.615328798186	206.098907471
0.618231292517	207.053497314
0.621133786848	208.132675171
0.624036281179	209.338378906
0.62693877551	210.429489136
0.629841269841	206.933929443
0.632743764172	208.493667603
0.635646258503	210.916244507
0.638548752834	211.160049438
0.641451247166	211.8931427
0.644353741497	212.383285522
0.647256235828	212.874557495
0.650158730159	213.120620728
0.65306122449	213.243759155
0.655963718821	212.75163269
0.658866213152	213.120620728
0.661768707483	213.120620728
0.664671201814	211.770782471
0.667573696145	212.383285522
0.670476190476	213.120620728
0.673378684807	213.737030029
0.676281179138	213.984085083
0.679183673469	213.984085083
0.6820861678	214.107727051
0.684988662132	213.984085083
0.687891156463	214.479064941
0.690793650794	214.726989746
0.693696145125	214.85105896
0.696598639456	214.479064941
0.699501133787	214.602996826
0.702403628118	214.975189209
0.705306122449	215.223678589
0.70820861678	215.7215271
0.711111111111	215.846176147
0.714013605442	215.846176147
0.716916099773	215.596969604
0.719818594104	215.7215271
0.722721088435	215.846176147
0.725623582766	215.846176147
0.728526077098	215.97088623
0.731428571429	215.97088623
0.73433106576	216.095672607
0.737233560091	216.220535278
0.740136054422	216.345458984
0.743038548753	216.470458984
0.745941043084	216.845901489
0.748843537415	216.845901489
0.751746031746	216.845901489
0.754648526077	216.845901489
0.757551020408	216.720687866
0.760453514739	216.845901489
0.76335600907	216.845901489
0.766258503401	216.720687866
0.769160997732	216.595535278
0.772063492063	216.345458984
0.774965986395	216.220535278
0.777868480726	215.97088623
0.780770975057	216.095672607
0.783673469388	216.220535278
0.786575963719	216.470458984
0.78947845805	216.971191406
0.792380952381	217.222000122
0.795283446712	217.347503662
0.798185941043	217.473083496
0.801088435374	217.347503662
0.803990929705	217.347503662
0.806893424036	217.222000122
0.809795918367	216.971191406
0.812698412698	216.971191406
0.815600907029	216.720687866
0.818503401361	216.595535278
0.821405895692	216.720687866
0.824308390023	216.845901489
0.827210884354	216.845901489
0.830113378685	217.096557617
0.833015873016	217.096557617
0.835918367347	217.096557617
0.838820861678	216.720687866
0.841723356009	216.470458984
0.84462585034	216.345458984
0.847528344671	216.095672607
0.850430839002	215.97088623
0.853333333333	216.095672607
0.856235827664	216.095672607
0.859138321995	216.095672607
0.862040816327	216.095672607
0.864943310658	215.97088623
0.867845804989	215.97088623
0.87074829932	215.846176147
0.873650793651	216.095672607
0.876553287982	216.345458984
0.879455782313	216.470458984
0.882358276644	216.470458984
0.885260770975	216.595535278
0.888163265306	216.845901489
0.891065759637	217.096557617
0.893968253968	217.347503662
0.896870748299	217.473083496
0.89977324263	217.473083496
0.902675736961	217.222000122
0.905578231293	216.971191406
0.908480725624	216.845901489
0.911383219955	216.720687866
0.914285714286	216.470458984
0.917188208617	216.595535278
0.920090702948	216.720687866
0.922993197279	216.845901489
0.92589569161	216.845901489
0.928798185941	216.845901489
0.931700680272	216.845901489
0.934603174603	216.845901489
0.937505668934	216.971191406
0.940408163265	216.971191406
0.943310657596	216.971191406
0.946213151927	216.971191406
0.949115646259	216.845901489
0.95201814059	216.720687866
0.954920634921	216.595535278
0.957823129252	216.470458984
0.960725623583	216.470458984
0.963628117914	216.470458984
0.966530612245	216.595535278
0.969433106576	216.470458984
0.972335600907	216.470458984
0.975238095238	216.345458984
0.978140589569	216.220535278
0.9810430839	216.095672607
0.983945578231	215.97088623
0.986848072562	215.7215271
0.989750566893	215.472457886
0.992653061224	215.099411011
0.995555555556	214.726989746
0.998458049887	214.231430054
1.00136054422	213.737030029
1.00426303855	213.243759155
1.00716553288	212.874557495
1.01006802721	212.628768921
1.01297052154	212.383285522
1.01587301587	212.260635376
1.0187755102	211.770782471
1.02167800454	210.551071167
1.02458049887	211.282043457
1.0274829932	210.30796814
1.03038548753	209.580352783
1.03328798186	209.217498779
1.03619047619	208.252944946
1.03909297052	208.614120483
1.04199546485	208.734664917
1.04489795918	208.855270386
1.04780045351	208.855270386
1.05070294785	208.614120483
1.05360544218	208.252944946
1.05650793651	207.532440186
1.05941043084	207.053497314
1.06231292517	206.933929443
1.0652154195	206.933929443
1.06811791383	206.814437866
1.07102040816	206.933929443
1.07392290249	207.292831421
1.07682539683	207.772323608
1.07972789116	208.132675171
1.08263038549	208.493667603
1.08553287982	208.734664917
1.08843537415	208.855270386
1.09133786848	208.97593689
1.09424036281	209.217498779
1.09714285714	209.217498779
1.10004535147	209.096679688
1.1029478458	208.97593689
1.10585034014	208.373260498
1.10875283447	208.493667603
1.1116553288	208.012496948
1.11455782313	207.412597656
1.11746031746	206.933929443
1.12036281179	206.337142944
1.12326530612	206.575653076
1.12616780045	206.217987061
1.12907029478	205.860946655
1.13197278912	205.26725769
1.13487528345	204.438964844
1.13777777778	203.144104004
1.14068027211	202.558258057
1.14358276644	201.624389648
1.14648526077	201.159072876
1.1493877551	201.507965088
1.15229024943	204.67527771
1.15519274376	205.030258179
1.1580952381	205.26725769
1.16099773243	177.974456787
1.16390022676	176.541030884
1.16680272109	176.031890869
1.16970521542	176.133605957
1.17260770975	176.235366821
1.17551020408	175.625640869
1.17841269841	171.317214966
1.18131519274	171.119430542
1.18421768707	171.51524353
1.18712018141	171.812713623
1.19002267574	171.812713623
1.19292517007	172.508834839
1.1958276644	172.907867432
1.19873015873	173.007766724
1.20163265306	172.708236694
1.20453514739	172.309646606
1.20743764172	171.812713623
1.21034013605	171.317214966
1.21324263039	170.724502563
1.21614512472	170.035598755
1.21904761905	169.349472046
1.22195011338	169.44732666
1.22485260771	169.153945923
1.22775510204	169.153945923
1.23065759637	169.643188477
1.2335600907	170.035598755
1.23646258503	170.625930786
1.23936507937	171.218292236
1.2422675737	170.823150635
1.24517006803	170.527389526
1.24807256236	169.937408447
1.25097505669	169.643188477
1.25387755102	169.44732666
1.25678004535	169.44732666
1.25968253968	169.839279175
1.26258503401	170.428924561
1.26548752834	170.527389526
1.26839002268	169.44732666
1.27129251701	169.251678467
1.27419501134	168.471374512
1.27709750567	168.666122437
1.28	168.861083984
1.28290249433	168.763565063
1.28580498866	168.666122437
1.28870748299	169.44732666
1.29160997732	169.741210938
1.29451247166	170.232147217
1.29741496599	172.011322021
1.30031746032	172.011322021
1.30321995465	171.614349365
1.30612244898	171.51524353
1.30902494331	171.51524353
1.31192743764	171.416213989
1.31482993197	171.614349365
1.3177324263	171.812713623
1.32063492063	172.110702515
1.32353741497	172.011322021
1.3264399093	171.51524353
1.32934240363	171.317214966
1.33224489796	171.218292236
1.33514739229	171.218292236
1.33804988662	171.317214966
1.34095238095	171.51524353
1.34385487528	171.713500977
1.34675736961	171.812713623
1.34965986395	171.713500977
1.35256235828	171.614349365
1.35546485261	171.614349365
1.35836734694	171.713500977
1.36126984127	171.911987305
1.3641723356	172.210144043
1.36707482993	172.508834839
1.36997732426	172.508834839
1.37287981859	172.210144043
1.37578231293	172.110702515
1.37868480726	172.011322021
1.38158730159	171.812713623
1.38448979592	171.614349365
1.38739229025	171.317214966
1.39029478458	171.020614624
1.39319727891	170.921859741
1.39609977324	170.823150635
1.39900226757	170.921859741
1.4019047619	170.823150635
1.40480725624	170.724502563
1.40770975057	170.527389526
1.4106122449	170.428924561
1.41351473923	170.330505371
1.41641723356	170.133850098
1.41931972789	170.035598755
1.42222222222	169.839279175
1.42512471655	169.741210938
1.42802721088	169.545227051
1.43092970522	169.349472046
1.43383219955	169.056274414
1.43673469388	168.666122437
1.43963718821	168.568725586
1.44253968254	168.568725586
1.44544217687	168.471374512
1.4483446712	168.568725586
1.45124716553	168.568725586
1.45414965986	167.694671631
1.4570521542	166.921539307
1.45995464853	166.24798584
1.46285714286	165.577148438
1.46575963719	165.099624634
1.46866213152	164.718612671
1.47156462585	164.433410645
1.47446712018	164.243560791
1.47736961451	164.243560791
1.48027210884	164.243560791
1.48317460317	164.528427124
1.48607709751	164.909011841
1.48897959184	165.099624634
1.49188208617	165.290466309
1.4947845805	165.385971069
1.49768707483	165.290466309
1.50058956916	165.099624634
1.50349206349	164.813781738
1.50639455782	164.433410645
1.50929705215	164.053939819
1.51219954649	163.769897461
1.51510204082	163.486343384
1.51800453515	163.486343384
1.52090702948	163.580810547
1.52380952381	163.580810547
1.52671201814	163.864517212
1.52961451247	164.243560791
1.5325170068	164.433410645
1.53541950113	164.62348938
1.53832199546	164.62348938
1.5412244898	164.62348938
1.54412698413	164.62348938
1.54702947846	164.62348938
1.54993197279	164.528427124
1.55283446712	164.338470459
1.55573696145	164.243560791
1.55863945578	163.959197998
1.56154195011	163.769897461
1.56444444444	163.580810547
1.56734693878	163.486343384
1.57024943311	163.297592163
1.57315192744	163.297592163
1.57605442177	163.297592163
1.5789569161	163.675323486
1.58185941043	163.959197998
1.58476190476	164.338470459
1.58766439909	164.62348938
1.59056689342	164.62348938
1.59346938776	164.718612671
1.59637188209	164.718612671
1.59927437642	164.813781738
1.60217687075	164.813781738
1.60507936508	164.909011841
1.60798185941	164.718612671
1.61088435374	164.62348938
1.61378684807	164.433410645
1.6166893424	164.338470459
1.61959183673	164.148727417
1.62249433107	164.053939819
1.6253968254	164.148727417
1.62829931973	164.338470459
1.63120181406	164.528427124
1.63410430839	164.718612671
1.63700680272	164.813781738
1.63990929705	164.813781738
1.64281179138	164.718612671
1.64571428571	164.718612671
1.64861678005	164.62348938
1.65151927438	164.62348938
1.65442176871	164.62348938
1.65732426304	164.528427124
1.66022675737	164.528427124
1.6631292517	164.528427124
1.66603174603	164.528427124
1.66893424036	164.718612671
1.67183673469	165.00428772
1.67473922902	165.290466309
1.67764172336	165.672805786
1.68054421769	165.960144043
1.68344671202	166.151977539
1.68634920635	166.24798584
1.68925170068	166.24798584
1.69215419501	166.151977539
1.69505668934	166.056045532
1.69795918367	166.151977539
1.700861678	166.440155029
1.70376417234	166.825149536
1.70666666667	167.211044312
1.709569161	167.985519409
1.71247165533	167.791564941
1.71537414966	168.082580566
1.71827664399	168.276870728
1.72117913832	168.763565063
1.72408163265	169.056274414
1.72698412698	169.741210938
1.72988662132	171.119430542
1.73278911565	173.10774231
1.73569160998	174.009994507
1.73859410431	174.91696167
1.74149659864	175.422866821
1.74439909297	175.727127075
1.7473015873	175.524230957
1.75020408163	175.119155884
1.75310657596	174.715011597
1.75600907029	174.513290405
1.75891156463	174.715011597
1.76181405896	174.91696167
1.76471655329	175.220336914
1.76761904762	175.625640869
1.77052154195	175.828659058
1.77342403628	175.930252075
1.77632653061	175.930252075
1.77922902494	175.727127075
1.78213151927	175.321578979
1.78503401361	175.01802063
1.78793650794	174.815948486
1.79083900227	174.715011597
1.7937414966	174.815948486
1.79664399093	174.815948486
1.79954648526	174.91696167
1.80244897959	174.91696167
1.80535147392	174.715011597
1.80825396825	174.614120483
1.81115646259	174.311798096
1.81405895692	174.110534668
1.81696145125	174.009994507
1.81986394558	174.110534668
1.82276643991	174.211135864
1.82566893424	174.211135864
1.82857142857	174.311798096
1.8314739229	174.311798096
1.83437641723	174.110534668
1.83727891156	173.909515381
1.8401814059	173.708724976
1.84308390023	173.508163452
1.84598639456	173.508163452
1.84888888889	173.608413696
1.85179138322	173.608413696
1.85469387755	173.708724976
1.85759637188	173.608413696
1.86049886621	173.508163452
1.86340136054	173.307830811
1.86630385488	173.207748413
1.86920634921	173.10774231
1.87210884354	173.007766724
1.87501133787	172.907867432
1.8779138322	172.907867432
1.88081632653	172.808029175
1.88371882086	172.808029175
1.88662131519	172.808029175
1.88952380952	172.907867432
1.89242630385	173.007766724
1.89532879819	173.10774231
1.89823129252	173.207748413
1.90113378685	173.10774231
1.90403628118	173.007766724
1.90693877551	172.808029175
1.90984126984	172.608505249
1.91274376417	172.508834839
1.9156462585	172.409210205
1.91854875283	172.409210205
1.92145124717	172.409210205
1.9243537415	172.508834839
1.92725623583	172.708236694
1.93015873016	172.808029175
1.93306122449	173.007766724
1.93596371882	173.10774231
1.93886621315	173.10774231
1.94176870748	173.10774231
1.94467120181	173.10774231
1.94757369615	173.007766724
1.95047619048	173.007766724
1.95337868481	173.007766724
1.95628117914	173.007766724
1.95918367347	172.907867432
1.9620861678	172.907867432
1.96498866213	172.808029175
1.96789115646	172.708236694
1.97079365079	172.708236694
1.97369614512	172.808029175
1.97659863946	172.808029175
1.97950113379	172.907867432
1.98240362812	173.007766724
1.98530612245	173.10774231
1.98820861678	173.207748413
1.99111111111	173.207748413
1.99401360544	173.207748413
1.99691609977	173.307830811
1.9998185941	173.307830811
2.00272108844	173.407974243
2.00562358277	173.407974243
2.0085260771	173.508163452
2.01142857143	173.508163452
2.01433106576	173.508163452
2.01723356009	173.508163452
2.02013605442	173.508163452
2.02303854875	173.608413696
2.02594104308	173.608413696
2.02884353741	173.608413696
2.03174603175	173.608413696
2.03464852608	173.508163452
2.03755102041	173.407974243
2.04045351474	173.307830811
2.04335600907	173.207748413
2.0462585034	173.207748413
2.04916099773	173.307830811
2.05206349206	173.307830811
2.05496598639	173.307830811
2.05786848073	173.307830811
2.06077097506	173.307830811
2.06367346939	173.207748413
2.06657596372	173.10774231
2.06947845805	173.007766724
2.07238095238	173.007766724
2.07528344671	172.907867432
2.07818594104	172.907867432
2.08108843537	173.10774231
2.08399092971	173.10774231
2.08689342404	173.007766724
2.08979591837	172.808029175
2.0926984127	172.508834839
2.09560090703	172.210144043
2.09850340136	171.911987305
2.10140589569	171.713500977
2.10430839002	171.614349365
2.10721088435	171.812713623
2.11011337868	172.011322021
2.11301587302	172.210144043
2.11591836735	172.309646606
2.11882086168	172.309646606
2.12172335601	172.309646606
2.12462585034	172.309646606
2.12752834467	172.309646606
2.130430839	172.409210205
2.13333333333	172.508834839
2.13623582766	172.708236694
2.139138322	172.708236694
2.14204081633	172.808029175
2.14494331066	172.608505249
2.14784580499	172.508834839
2.15074829932	172.409210205
2.15365079365	172.309646606
2.15655328798	172.309646606
2.15945578231	172.309646606
2.16235827664	172.409210205
2.16526077098	172.508834839
2.16816326531	172.508834839
2.17106575964	172.708236694
2.17396825397	172.708236694
2.1768707483	172.808029175
2.17977324263	172.808029175
2.18267573696	172.808029175
2.18557823129	172.808029175
2.18848072562	172.708236694
2.19138321995	172.409210205
2.19428571429	172.309646606
2.19718820862	172.210144043
2.20009070295	172.309646606
2.20299319728	172.508834839
2.20589569161	172.708236694
2.20879818594	173.007766724
2.21170068027	173.407974243
2.2146031746	173.608413696
2.21750566893	173.909515381
2.22040816327	174.110534668
2.2233106576	174.211135864
2.22621315193	174.311798096
2.22911564626	174.412506104
2.23201814059	174.412506104
2.23492063492	174.513290405
2.23782312925	174.412506104
2.24072562358	174.412506104
2.24362811791	174.311798096
2.24653061224	174.311798096
2.24943310658	174.311798096
2.25233560091	174.513290405
2.25523809524	174.715011597
2.25814058957	174.815948486
2.2610430839	175.01802063
2.26394557823	175.220336914
2.26684807256	175.422866821
2.26975056689	175.422866821
2.27265306122	175.422866821
2.27555555556	175.524230957
2.27845804989	175.524230957
2.28136054422	175.625640869
2.28426303855	175.727127075
2.28716553288	175.828659058
2.29006802721	175.930252075
2.29297052154	176.031890869
2.29587301587	176.031890869
2.2987755102	176.133605957
2.30167800454	176.337203979
2.30458049887	176.439086914
2.3074829932	176.541030884
2.31038548753	176.643035889
2.31328798186	176.745101929
2.31619047619	176.745101929
2.31909297052	176.745101929
2.32199546485	176.847213745
2.32489795918	176.847213745
2.32780045351	176.847213745
2.33070294785	176.847213745
2.33360544218	176.847213745
2.33650793651	176.847213745
2.33941043084	176.745101929
2.34231292517	176.847213745
2.3452154195	176.847213745
2.34811791383	176.847213745
2.35102040816	176.949401855
2.35392290249	176.949401855
2.35682539683	176.847213745
2.35972789116	176.643035889
2.36263038549	176.439086914
2.36553287982	176.235366821
2.36843537415	175.930252075
2.37133786848	175.930252075
2.37424036281	175.727127075
2.37714285714	175.625640869
2.38004535147	175.524230957
2.3829478458	175.422866821
2.38585034014	175.321578979
2.38875283447	175.321578979
2.3916553288	175.220336914
2.39455782313	175.220336914
2.39746031746	175.119155884
2.40036281179	175.01802063
2.40326530612	174.815948486
2.40616780045	174.715011597
2.40907029478	174.614120483
2.41197278912	174.614120483
2.41487528345	174.815948486
2.41777777778	174.91696167
2.42068027211	175.01802063
2.42358276644	175.220336914
2.42648526077	175.422866821
2.4293877551	175.727127075
2.43229024943	175.930252075
2.43519274376	176.031890869
2.4380952381	176.031890869
2.44099773243	175.828659058
2.44390022676	175.524230957
2.44680272109	175.01802063
2.44970521542	174.614120483
2.45260770975	174.311798096
2.45551020408	174.211135864
2.45841269841	174.614120483
2.46131519274	175.01802063
2.46421768707	174.815948486
2.46712018141	175.422866821
2.47002267574	176.337203979
2.47292517007	177.666320801
2.4758276644	180.458892822
2.47873015873	182.134414673
2.48163265306	182.872329712
2.48453514739	183.401260376
2.48743764172	187.471359253
2.49034013605	189.211990356
2.49324263039	189.430709839
2.49614512472	189.649673462
2.49904761905	190.638153076
2.50195011338	190.858505249
2.50485260771	191.410522461
2.50775510204	191.410522461
2.51065759637	191.189529419
2.5135600907	191.189529419
2.51646258503	190.528060913
2.51936507937	215.099411011
2.5222675737	215.34803772
2.52517006803	216.345458984
2.52807256236	216.595535278
2.53097505669	216.720687866
2.53387755102	216.470458984
2.53678004535	216.220535278
2.53968253968	216.220535278
2.54258503401	216.595535278
2.54548752834	216.720687866
2.54839002268	216.971191406
2.55129251701	217.096557617
2.55419501134	217.347503662
2.55709750567	217.473083496
2.56	218.228103638
2.56290249433	217.724456787
2.56580498866	218.102081299
2.56870748299	218.354187012
2.57160997732	218.606582642
2.57451247166	218.606582642
2.57741496599	218.228103638
2.58031746032	217.976135254
2.58321995465	217.976135254
2.58612244898	219.365524292
2.58902494331	220.0
2.59192743764	219.619094849
2.59482993197	219.619094849
2.5977324263	219.619094849
2.60063492063	219.238861084
2.60353741497	218.859268188
2.6064399093	218.48034668
2.60934240363	218.228103638
2.61224489796	217.976135254
2.61514739229	217.598739624
2.61804988662	217.347503662
2.62095238095	217.222000122
2.62385487528	217.096557617
2.62675736961	216.845901489
2.62965986395	216.595535278
2.63256235828	216.595535278
2.63546485261	216.720687866
2.63836734694	217.347503662
2.64126984127	217.850265503
2.6441723356	216.845901489
2.64707482993	216.220535278
2.64997732426	216.470458984
2.65287981859	216.720687866
2.65578231293	216.845901489
2.65868480726	216.971191406
2.66158730159	216.971191406
2.66448979592	216.971191406
2.66739229025	216.845901489
2.67029478458	216.720687866
2.67319727891	216.345458984
2.67609977324	216.095672607
2.67900226757	215.846176147
2.6819047619	215.7215271
2.68480725624	215.7215271
2.68770975057	215.34803772
2.6906122449	215.34803772
2.69351473923	215.223678589
2.69641723356	215.223678589
2.69931972789	215.223678589
2.70222222222	214.975189209
2.70512471655	214.85105896
2.70802721088	214.85105896
2.71092970522	214.726989746
2.71383219955	214.726989746
2.71673469388	214.726989746
2.71963718821	214.726989746
2.72253968254	214.726989746
2.72544217687	214.726989746
2.7283446712	214.726989746
2.73124716553	214.726989746
2.73414965986	214.85105896
2.7370521542	214.975189209
2.73995464853	214.975189209
2.74285714286	214.975189209
2.74575963719	214.975189209
2.74866213152	215.099411011
2.75156462585	215.223678589
2.75446712018	215.223678589
2.75736961451	215.099411011
2.76027210884	214.975189209
2.76317460317	214.602996826
2.76607709751	214.231430054
2.76897959184	213.613601685
2.77188208617	212.997558594
2.7747845805	212.505996704
2.77768707483	212.015563965
2.78058956916	212.015563965
2.78349206349	212.260635376
2.78639455782	211.770782471
2.78929705215	211.8931427
2.79219954649	211.648483276
2.79510204082	211.282043457
2.79800453515	210.429489136
2.80090702948	208.97593689
2.80380952381	208.855270386
2.80671201814	208.493667603
2.80961451247	208.132675171
2.8125170068	207.532440186
2.81541950113	207.292831421
2.81832199546	207.173126221
2.8212244898	207.173126221
2.82412698413	207.412597656
2.82702947846	207.532440186
2.82993197279	207.412597656
2.83283446712	207.65234375
2.83573696145	207.65234375
2.83863945578	207.532440186
2.84154195011	207.532440186
2.84444444444	207.292831421
2.84734693878	206.814437866
2.85024943311	206.695007324
2.85315192744	206.456359863
2.85605442177	206.217987061
2.8589569161	206.098907471
2.86185941043	205.742080688
2.86476190476	205.50453186
2.86766439909	205.148727417
2.87056689342	204.793533325
2.87346938776	204.55708313
2.87637188209	204.438964844
2.87927437642	204.320907593
2.88217687075	204.202926636
2.88507936508	204.202926636
2.88798185941	204.085006714
2.89088435374	204.085006714
2.89378684807	203.967163086
2.8966893424	203.967163086
2.89959183673	203.849380493
2.90249433107	203.731658936
2.9053968254	203.614013672
2.90829931973	203.378921509
2.91120181406	203.261489868
2.91410430839	203.261489868
2.91700680272	203.378921509
2.91990929705	203.614013672
2.92281179138	203.967163086
2.92571428571	204.438964844
2.92861678005	204.793533325
2.93151927438	205.030258179
2.93442176871	205.26725769
2.93732426304	205.26725769
2.94022675737	205.148727417
2.9431292517	204.793533325
2.94603174603	204.438964844
2.94893424036	204.085006714
2.95183673469	203.849380493
2.95473922902	203.614013672
2.95764172336	203.496429443
2.96054421769	203.378921509
2.96344671202	203.378921509
2.96634920635	203.378921509
2.96925170068	203.378921509
2.97215419501	203.261489868
2.97505668934	203.261489868
2.97795918367	203.144104004
2.980861678	203.026794434
2.98376417234	202.909561157
2.98666666667	202.792388916
2.989569161	203.026794434
2.99247165533	203.026794434
2.99537414966	203.496429443
2.99827664399	204.085006714
3.00117913832	203.614013672
3.00408163265	203.026794434
3.00698412698	203.614013672
3.00988662132	203.967163086
3.01278911565	204.55708313
3.01569160998	206.337142944
3.01859410431	205.979888916
3.02149659864	204.793533325
3.02439909297	202.44128418
3.0273015873	200.694839478
3.03020408163	199.884994507
3.03310657596	203.261489868
3.03600907029	202.909561157
3.03891156463	202.207550049
3.04181405896	201.974090576
3.04471655329	202.207550049
3.04761904762	176.847213745
3.05052154195	176.745101929
3.05342403628	176.439086914
3.05632653061	176.235366821
3.05922902494	175.930252075
3.06213151927	175.625640869
3.06503401361	174.513290405
3.06793650794	174.009994507
3.07083900227	173.708724976
3.0737414966	173.407974243
3.07664399093	173.307830811
3.07954648526	173.007766724
3.08244897959	172.608505249
3.08535147392	172.210144043
3.08825396825	171.614349365
3.09115646259	171.51524353
3.09405895692	171.713500977
3.09696145125	172.309646606
3.09986394558	172.409210205
3.10276643991	172.210144043
3.10566893424	171.911987305
3.10857142857	171.416213989
3.1114739229	171.218292236
3.11437641723	171.119430542
3.11727891156	171.218292236
3.1201814059	171.416213989
3.12308390023	171.614349365
3.12598639456	171.614349365
3.12888888889	171.713500977
3.13179138322	171.51524353
3.13469387755	171.119430542
3.13759637188	170.724502563
3.14049886621	170.428924561
3.14340136054	170.232147217
3.14630385488	170.823150635
3.14920634921	171.317214966
3.15210884354	171.614349365
3.15501133787	171.614349365
3.1579138322	170.823150635
3.16081632653	171.911987305
3.16371882086	171.317214966
3.16662131519	171.416213989
3.16952380952	171.317214966
3.17242630385	171.416213989
3.17532879819	171.614349365
3.17823129252	171.614349365
3.18113378685	171.614349365
3.18403628118	171.614349365
3.18693877551	171.51524353
3.18984126984	171.218292236
3.19274376417	171.317214966
3.1956462585	171.51524353
3.19854875283	171.713500977
3.20145124717	171.911987305
3.2043537415	172.011322021
3.20725623583	172.011322021
3.21015873016	172.011322021
3.21306122449	172.110702515
3.21596371882	172.110702515
3.21886621315	171.812713623
3.22176870748	171.812713623
3.22467120181	171.812713623
3.22757369615	171.713500977
3.23047619048	171.812713623
3.23337868481	172.110702515
3.23628117914	171.911987305
3.23918367347	172.110702515
3.2420861678	172.110702515
3.24498866213	172.309646606
3.24789115646	172.508834839
3.25079365079	172.409210205
3.25369614512	172.011322021
3.25659863946	171.51524353
3.25950113379	171.119430542
3.26240362812	170.724502563
3.26530612245	170.428924561
3.26820861678	170.232147217
3.27111111111	170.232147217
3.27401360544	170.330505371
3.27691609977	170.527389526
3.2798185941	170.527389526
3.28272108844	170.527389526
3.28562358277	170.330505371
3.2885260771	170.133850098
3.29142857143	170.232147217
3.29433106576	170.527389526
3.29723356009	170.625930786
3.30013605442	170.428924561
3.30303854875	170.035598755
3.30594104308	169.741210938
3.30884353741	169.741210938
3.31174603175	169.643188477
3.31464852608	169.545227051
3.31755102041	169.056274414
3.32045351474	168.763565063
3.32335600907	168.471374512
3.3262585034	168.276870728
3.32916099773	168.374099731
3.33206349206	168.568725586
3.33496598639	168.763565063
3.33786848073	168.958648682
3.34077097506	168.958648682
3.34367346939	168.763565063
3.34657596372	168.568725586
3.34947845805	168.1796875
3.35238095238	167.791564941
3.35528344671	167.501052856
3.35818594104	167.307662964
3.36108843537	167.211044312
3.36399092971	167.307662964
3.36689342404	167.404327393
3.36979591837	167.404327393
3.3726984127	167.307662964
3.37560090703	167.017990112
3.37850340136	166.440155029
3.38140589569	165.864318848
3.38430839002	165.672805786
3.38721088435	165.960144043
3.39011337868	166.440155029
3.39301587302	166.921539307
3.39591836735	166.921539307
3.39882086168	166.632537842
3.40172335601	166.056045532
3.40462585034	165.481521606
3.40752834467	164.909011841
3.410430839	164.528427124
3.41333333333	164.148727417
3.41623582766	164.148727417
3.419138322	164.243560791
3.42204081633	164.718612671
3.42494331066	165.195022583
3.42784580499	165.577148438
3.43074829932	165.577148438
3.43365079365	165.960144043
3.43655328798	166.056045532
3.43945578231	166.151977539
3.44235827664	166.056045532
3.44526077098	165.960144043
3.44816326531	165.864318848
3.45106575964	165.768539429
3.45396825397	165.577148438
3.4568707483	165.385971069
3.45977324263	165.099624634
3.46267573696	164.718612671
3.46557823129	164.053939819
3.46848072562	163.580810547
3.47138321995	163.297592163
3.47428571429	163.109054565
3.47718820862	163.109054565
3.48009070295	163.297592163
3.48299319728	163.675323486
3.48589569161	163.864517212
3.48879818594	164.243560791
3.49170068027	164.338470459
3.4946031746	164.338470459
3.49750566893	164.243560791
3.50040816327	164.148727417
3.5033106576	163.959197998
3.50621315193	164.053939819
3.50911564626	164.148727417
3.51201814059	164.148727417
3.51492063492	164.053939819
3.51782312925	163.864517212
3.52072562358	163.769897461
3.52362811791	163.580810547
3.52653061224	163.486343384
3.52943310658	163.486343384
3.53233560091	163.580810547
3.53523809524	163.580810547
3.53814058957	163.580810547
3.5410430839	163.580810547
3.54394557823	163.580810547
3.54684807256	163.580810547
3.54975056689	163.580810547
3.55265306122	163.769897461
3.55555555556	163.959197998
3.55845804989	164.148727417
3.56136054422	164.338470459
3.56426303855	164.338470459
3.56716553288	164.148727417
3.57006802721	163.959197998
3.57297052154	163.864517212
3.57587301587	163.675323486
3.5787755102	163.675323486
3.58167800454	163.864517212
3.58458049887	164.053939819
3.5874829932	164.148727417
3.59038548753	164.148727417
3.59328798186	164.053939819
3.59619047619	163.959197998
3.59909297052	163.864517212
3.60199546485	163.675323486
3.60489795918	163.675323486
3.60780045351	163.675323486
3.61070294785	163.864517212
3.61360544218	163.959197998
3.61650793651	164.148727417
3.61941043084	164.148727417
3.62231292517	164.148727417
3.6252154195	164.053939819
3.62811791383	164.148727417
3.63102040816	164.053939819
3.63392290249	164.053939819
3.63682539683	164.148727417
3.63972789116	164.148727417
3.64263038549	164.148727417
3.64553287982	164.148727417
3.64843537415	164.148727417
3.65133786848	164.148727417
3.65424036281	164.053939819
3.65714285714	163.864517212
3.66004535147	163.769897461
3.6629478458	163.769897461
3.66585034014	163.580810547
3.66875283447	163.580810547
3.6716553288	163.580810547
3.67455782313	163.580810547
3.67746031746	163.675323486
3.68036281179	163.769897461
3.68326530612	163.864517212
3.68616780045	163.959197998
3.68907029478	163.769897461
3.69197278912	163.580810547
3.69487528345	163.203292847
3.69777777778	162.732620239
3.70068027211	162.450881958
3.70358276644	162.357070923
3.70648526077	162.54473877
3.7093877551	162.732620239
3.71229024943	163.109054565
3.71519274376	163.580810547
3.7180952381	164.148727417
3.72099773243	164.718612671
3.72390022676	164.909011841
3.72680272109	164.909011841
3.72970521542	164.62348938
3.73260770975	164.243560791
3.73551020408	163.864517212
3.73841269841	163.675323486
3.74131519274	163.580810547
3.74421768707	163.580810547
3.74712018141	163.580810547
3.75002267574	163.486343384
3.75292517007	163.769897461
3.7558276644	163.769897461
3.75873015873	163.580810547
3.76163265306	163.580810547
3.76453514739	163.675323486
3.76743764172	163.675323486
3.77034013605	163.675323486
3.77324263039	163.675323486
3.77614512472	163.675323486
3.77904761905	163.580810547
3.78195011338	163.580810547
3.78485260771	163.486343384
3.78775510204	163.580810547
3.79065759637	164.053939819
3.7935600907	164.528427124
3.79646258503	164.813781738
3.79936507937	164.813781738
3.8022675737	164.62348938
3.80517006803	164.148727417
3.80807256236	163.675323486
3.81097505669	164.053939819
3.81387755102	162.826644897
3.81678004535	162.638656616
3.81968253968	162.450881958
3.82258503401	162.920730591
3.82548752834	163.014862061
3.82839002268	163.769897461
3.83129251701	163.203292847
3.83419501134	162.263320923
3.83709750567	162.169616699
3.84	162.263320923
3.84290249433	162.54473877
3.84580498866	162.450881958
3.84870748299	161.421966553
3.85160997732	161.142486572
3.85451247166	161.888839722
3.85741496599	162.638656616
3.86031746032	163.297592163
3.86321995465	164.338470459
3.86612244898	165.290466309
3.86902494331	166.151977539
3.87192743764	166.728820801
3.87482993197	166.056045532
3.8777324263	164.909011841
3.88063492063	161.608551025
3.88353741497	161.235580444
3.8864399093	162.450881958
3.88934240363	162.450881958
3.89224489796	162.732620239
3.89514739229	163.014862061
3.89804988662	163.486343384
3.90095238095	163.864517212
3.90385487528	164.433410645
3.90675736961	164.718612671
3.90965986395	165.00428772
3.91256235828	165.481521606
3.91546485261	165.864318848
3.91836734694	166.151977539
3.92126984127	164.909011841
3.9241723356	163.959197998
3.92707482993	163.486343384
3.92997732426	162.263320923
3.93287981859	161.235580444
3.93578231293	159.844619751
3.93868480726	158.832214355
3.94158730159	156.193771362
3.94448979592	157.007873535
3.94739229025	157.917404175
3.95029478458	157.826217651
3.95319727891	157.189361572
3.95609977324	157.007873535
3.95900226757	157.461975098
3.9619047619	156.826583862
3.96480725624	156.284011841
3.96770975057	156.013427734
3.9706122449	156.645523071
3.97351473923	160.39956665
3.97641723356	158.648834229
3.97931972789	156.10357666
3.98222222222	153.865539551
3.98512471655	153.510452271
3.98802721088	154.846298218
3.99092970522	155.563491821
3.99383219955	156.10357666
3.99673469388	156.645523071
3.99963718821	157.371047974
4.00253968254	157.917404175
4.00544217687	157.826217651
4.0083446712	157.189361572
4.01124716553	156.193771362
4.01414965986	155.383880615
4.0170521542	154.846298218
4.01995464853	154.756881714
4.02285714286	153.421798706
4.02575963719	154.846298218
4.02866213152	155.74331665
4.03156462585	160.306930542
4.03446712018	158.008651733
4.03736961451	158.374145508
4.04027210884	158.191299438
4.04317460317	158.191299438
4.04607709751	158.191299438
4.04897959184	158.008651733
4.05188208617	157.643997192
4.0547845805	156.374313354
4.05768707483	154.399719238
4.06058956916	152.626296997
4.06349206349	152.362045288
4.06639455782	151.48449707
4.06929705215	151.659606934
4.07219954649	152.010421753
4.07510204082	152.538162231
4.07800453515	152.89100647
4.08090702948	152.9793396
4.08380952381	155.114852905
4.08671201814	156.736022949
4.08961451247	156.193771362
4.0925170068	156.826583862
4.09541950113	156.55506897
4.09832199546	154.578201294
4.1012244898	153.333206177
4.10412698413	151.397018433
4.10702947846	150.960403442
4.10993197279	157.371047974
4.11283446712	156.284011841
4.11573696145	156.736022949
4.11863945578	154.488937378
4.12154195011	155.563491821
4.12444444444	149.140304565
4.12734693878	154.043395996
4.13024943311	149.744552612
4.13315192744	149.658081055
4.13605442177	149.140304565
4.1389569161	147.342147827
4.14185941043	144.476699829
4.14476190476	138.191619873
4.14766439909	137.078613281
4.15056689342	136.131744385
4.15346938776	134.645889282
4.15637188209	134.257583618
4.15927437642	134.180053711
4.16217687075	133.484313965
4.16507936508	133.176254272
4.16798185941	132.179962158
4.17088435374	132.103637695
4.17378684807	132.63885498
4.1766893424	131.874923706
4.17959183673	132.945678711
4.18249433107	132.103637695
4.1853968254	132.179962158
4.18829931973	132.256332397
4.19120181406	132.562271118
4.19410430839	132.409210205
4.19700680272	132.256332397
4.19990929705	132.103637695
4.20281179138	131.266937256
4.20571428571	130.888366699
4.20861678005	0.0
4.21151927438	0.0
4.21442176871	0.0
4.21732426304	0.0
4.22022675737	0.0
4.2231292517	0.0
4.22603174603	0.0
4.22893424036	0.0
4.23183673469	0.0
4.23473922902	0.0
4.23764172336	0.0
4.24054421769	0.0
4.24344671202	0.0
4.24634920635	0.0
4.24925170068	0.0
4.25215419501	0.0
4.25505668934	0.0
4.25795918367	0.0
4.260861678	0.0
4.26376417234	0.0
4.26666666667	0.0
4.269569161	0.0
4.27247165533	0.0
4.27537414966	0.0
4.27827664399	0.0
4.28117913832	0.0
4.28408163265	0.0
4.28698412698	0.0
4.28988662132	0.0
4.29278911565	0.0
4.29569160998	0.0
4.29859410431	0.0
4.30149659864	0.0
4.30439909297	0.0
4.3073015873	0.0
4.31020408163	0.0
4.31310657596	0.0
4.31600907029	0.0
4.31891156463	0.0
4.32181405896	0.0
4.32471655329	0.0
4.32761904762	0.0
4.33052154195	0.0
4.33342403628	0.0
4.33632653061	0.0
4.33922902494	0.0
4.34213151927	0.0
4.34503401361	0.0
4.34793650794	0.0
4.35083900227	0.0
4.3537414966	0.0
4.35664399093	0.0
4.35954648526	0.0
4.36244897959	0.0
4.36535147392	0.0
4.36825396825	0.0
4.37115646259	0.0
4.37405895692	0.0
4.37696145125	0.0
4.37986394558	0.0
4.38276643991	0.0
4.38566893424	0.0
4.38857142857	0.0
4.3914739229	0.0
4.39437641723	0.0
4.39727891156	0.0
4.4001814059	0.0
4.40308390023	0.0
4.40598639456	0.0
4.40888888889	0.0
4.41179138322	0.0
4.41469387755	0.0
4.41759637188	0.0
4.42049886621	0.0
4.42340136054	0.0
4.42630385488	0.0
4.42920634921	0.0
4.43210884354	0.0
4.43501133787	0.0
4.4379138322	0.0
4.44081632653	0.0
4.44371882086	0.0
4.44662131519	0.0
4.44952380952	0.0
4.45242630385	0.0
4.45532879819	0.0
4.45823129252	0.0
4.46113378685	0.0
4.46403628118	0.0
4.46693877551	0.0
4.46984126984	0.0
4.47274376417	0.0
4.4756462585	0.0
4.47854875283	0.0
4.48145124717	0.0
4.4843537415	0.0
4.48725623583	0.0
4.49015873016	0.0
4.49306122449	0.0
4.49596371882	0.0
4.49886621315	0.0
4.50176870748	0.0
4.50467120181	0.0
4.50757369615	0.0
4.51047619048	0.0
4.51337868481	0.0
4.51628117914	0.0
4.51918367347	0.0
4.5220861678	0.0
4.52498866213	0.0
4.52789115646	0.0
4.53079365079	0.0
4.53369614512	0.0
4.53659863946	0.0
4.53950113379	0.0
4.54240362812	0.0
4.54530612245	0.0
4.54820861678	0.0
4.55111111111	0.0
4.55401360544	0.0
4.55691609977	0.0
4.5598185941	0.0
4.56272108844	0.0
4.56562358277	0.0
4.5685260771	0.0
4.57142857143	0.0
4.57433106576	0.0
4.57723356009	0.0
4.58013605442	0.0
4.58303854875	0.0
