0.0	0.0
0.00290249433107	0.0
0.00580498866213	0.0
0.0087074829932	0.0
0.0116099773243	0.0
0.0145124716553	0.0
0.0174149659864	0.0
0.0203174603175	0.0
0.0232199546485	0.0
0.0261224489796	0.0
0.0290249433107	0.0
0.0319274376417	0.0
0.0348299319728	0.0
0.0377324263039	0.0
0.0406349206349	0.0
0.043537414966	0.0
0.0464399092971	0.0
0.0493424036281	0.0
0.0522448979592	0.0
0.0551473922902	0.0
0.0580498866213	0.0
0.0609523809524	0.0
0.0638548752834	0.0
0.0667573696145	0.0
0.0696598639456	0.0
0.0725623582766	0.0
0.0754648526077	0.0
0.0783673469388	0.0
0.0812698412698	0.0
0.0841723356009	0.0
0.087074829932	0.0
0.089977324263	0.0
0.0928798185941	0.0
0.0957823129252	277.50302124
0.0986848072562	273.208709717
0.101587301587	269.291778564
0.104489795918	267.12286377
0.107392290249	265.277709961
0.11029478458	263.293182373
0.113197278912	261.474487305
0.116099773243	260.419372559
0.119002267574	259.818389893
0.121904761905	259.5184021
0.124807256236	259.069091797
0.127709750567	258.620544434
0.130612244898	258.919494629
0.133514739229	259.818389893
0.13641723356	260.419372559
0.139319727891	260.720397949
0.142222222222	260.720397949
0.145124716553	260.720397949
0.148027210884	260.269012451
0.150929705215	259.968505859
0.153832199546	259.5184021
0.156734693878	259.069091797
0.159637188209	258.769958496
0.16253968254	258.471191406
0.165442176871	258.620544434
0.168344671202	258.919494629
0.171247165533	259.368530273
0.174149659864	260.118713379
0.177052154195	260.720397949
0.179954648526	261.021789551
0.182857142857	261.172607422
0.185759637188	261.323486328
0.188662131519	261.323486328
0.19156462585	261.474487305
0.194467120181	261.474487305
0.197369614512	261.323486328
0.200272108844	261.172607422
0.203174603175	260.871063232
0.206077097506	260.419372559
0.208979591837	260.419372559
0.211882086168	260.569854736
0.214784580499	261.323486328
0.21768707483	262.230743408
0.220589569161	262.989196777
0.223492063492	263.59753418
0.226394557823	264.207275391
0.229297052154	264.359924316
0.232199546485	264.207275391
0.235102040816	263.59753418
0.238004535147	262.989196777
0.240907029478	262.533874512
0.24380952381	262.230743408
0.246712018141	262.079315186
0.249614512472	262.079315186
0.252517006803	262.382263184
0.255419501134	262.685546875
0.258321995465	262.837341309
0.261224489796	262.837341309
0.264126984127	262.989196777
0.267029478458	262.989196777
0.269931972789	262.989196777
0.27283446712	262.989196777
0.275736961451	263.141143799
0.278639455782	263.293182373
0.281541950113	263.293182373
0.284444444444	263.293182373
0.287346938776	263.141143799
0.290249433107	262.989196777
0.293151927438	262.533874512
0.296054421769	262.079315186
0.2989569161	261.474487305
0.301859410431	261.021789551
0.304761904762	260.569854736
0.307664399093	260.269012451
0.310566893424	260.118713379
0.313469387755	259.968505859
0.316371882086	259.818389893
0.319274376417	259.5184021
0.322176870748	259.218780518
0.325079365079	259.069091797
0.32798185941	259.069091797
0.330884353741	259.218780518
0.333786848073	259.5184021
0.336689342404	259.968505859
0.339591836735	260.269012451
0.342494331066	260.569854736
0.345396825397	260.871063232
0.348299319728	261.021789551
0.351201814059	261.323486328
0.35410430839	261.474487305
0.357006802721	261.625579834
0.359909297052	261.776733398
0.362811791383	261.927978516
0.365714285714	262.230743408
0.368616780045	262.230743408
0.371519274376	262.230743408
0.374421768707	262.230743408
0.377324263039	262.079315186
0.38022675737	261.776733398
0.383129251701	261.474487305
0.386031746032	261.323486328
0.388934240363	261.172607422
0.391836734694	261.323486328
0.394739229025	261.474487305
0.397641723356	261.776733398
0.400544217687	262.230743408
0.403446712018	262.382263184
0.406349206349	262.533874512
0.40925170068	262.685546875
0.412154195011	262.685546875
0.415056689342	262.533874512
0.417959183673	262.533874512
0.420861678005	262.685546875
0.423764172336	263.141143799
0.426666666667	262.837341309
0.429569160998	261.474487305
0.432471655329	259.968505859
0.43537414966	259.069091797
0.438276643991	335.389343262
0.441179138322	333.843078613
0.444081632653	332.112091064
0.446984126984	331.345611572
0.449886621315	331.345611572
0.452789115646	331.345611572
0.455691609977	331.537078857
0.458594104308	331.537078857
0.461496598639	331.728637695
0.464399092971	331.920288086
0.467301587302	331.920288086
0.470204081633	332.112091064
0.473106575964	332.49597168
0.476009070295	332.688079834
0.478911564626	332.112091064
0.481814058957	331.345611572
0.484716553288	330.771942139
0.487619047619	330.390045166
0.49052154195	330.963043213
0.493424036281	331.537078857
0.496326530612	332.112091064
0.499229024943	332.303955078
0.502131519274	331.920288086
0.505034013605	331.537078857
0.507936507937	330.771942139
0.510839002268	330.008575439
0.513741496599	329.24697876
0.51664399093	328.676940918
0.519546485261	328.487121582
0.522448979592	328.676940918
0.525351473923	328.866821289
0.528253968254	328.866821289
0.531156462585	329.24697876
0.534058956916	329.627563477
0.536961451247	329.818023682
0.539863945578	330.008575439
0.542766439909	330.008575439
0.54566893424	330.199249268
0.548571428571	330.008575439
0.551473922902	329.627563477
0.554376417234	329.24697876
0.557278911565	329.24697876
0.560181405896	329.437225342
0.563083900227	329.437225342
0.565986394558	329.627563477
0.568888888889	329.818023682
0.57179138322	330.008575439
0.574693877551	330.199249268
0.577596371882	330.580932617
0.580498866213	330.771942139
0.583401360544	330.771942139
0.586303854875	330.580932617
0.589206349206	330.580932617
0.592108843537	330.580932617
0.595011337868	330.580932617
0.5979138322	330.390045166
0.600816326531	330.580932617
0.603718820862	330.580932617
0.606621315193	330.771942139
0.609523809524	330.580932617
0.612426303855	330.390045166
0.615328798186	329.818023682
0.618231292517	329.627563477
0.621133786848	329.627563477
0.624036281179	329.627563477
0.62693877551	329.627563477
0.629841269841	329.627563477
0.632743764172	329.627563477
0.635646258503	329.627563477
0.638548752834	329.437225342
0.641451247166	329.24697876
0.644353741497	329.056854248
0.647256235828	329.056854248
0.650158730159	329.24697876
0.65306122449	329.437225342
0.655963718821	329.627563477
0.658866213152	329.818023682
0.661768707483	329.818023682
0.664671201814	329.818023682
0.667573696145	329.627563477
0.670476190476	329.437225342
0.673378684807	329.056854248
0.676281179138	329.056854248
0.679183673469	329.056854248
0.6820861678	329.24697876
0.684988662132	329.24697876
0.687891156463	329.437225342
0.690793650794	329.437225342
0.693696145125	329.437225342
0.696598639456	329.437225342
0.699501133787	329.24697876
0.702403628118	329.056854248
0.705306122449	329.056854248
0.70820861678	329.056854248
0.711111111111	329.24697876
0.714013605442	329.437225342
0.716916099773	329.627563477
0.719818594104	329.818023682
0.722721088435	330.008575439
0.725623582766	330.390045166
0.728526077098	330.580932617
0.731428571429	330.963043213
0.73433106576	331.154296875
0.737233560091	331.345611572
0.740136054422	331.728637695
0.743038548753	331.920288086
0.745941043084	331.920288086
0.748843537415	332.112091064
0.751746031746	331.920288086
0.754648526077	331.728637695
0.757551020408	330.963043213
0.760453514739	330.771942139
0.76335600907	330.771942139
0.766258503401	331.537078857
0.769160997732	332.49597168
0.772063492063	332.880310059
0.774965986395	331.920288086
0.777868480726	388.613739014
0.780770975057	387.045593262
0.783673469388	387.045593262
0.786575963719	387.045593262
0.78947845805	387.492980957
0.792380952381	387.492980957
0.795283446712	387.045593262
0.798185941043	386.598724365
0.801088435374	386.152374268
0.803990929705	386.375488281
0.806893424036	386.82208252
0.809795918367	387.269226074
0.812698412698	387.940887451
0.815600907029	388.389312744
0.818503401361	389.062927246
0.821405895692	389.512664795
0.824308390023	390.413665771
0.827210884354	391.090789795
0.830113378685	391.54284668
0.833015873016	391.995422363
0.835918367347	392.221923828
0.838820861678	392.448547363
0.841723356009	392.675292969
0.84462585034	392.448547363
0.847528344671	391.995422363
0.850430839002	391.54284668
0.853333333333	391.316741943
0.856235827664	390.864929199
0.859138321995	390.413665771
0.862040816327	389.962890625
0.864943310658	389.737701416
0.867845804989	389.512664795
0.87074829932	389.512664795
0.873650793651	389.737701416
0.876553287982	389.962890625
0.879455782313	390.413665771
0.882358276644	390.864929199
0.885260770975	391.316741943
0.888163265306	391.769073486
0.891065759637	391.995422363
0.893968253968	392.221923828
0.896870748299	392.221923828
0.89977324263	392.448547363
0.902675736961	392.448547363
0.905578231293	392.902191162
0.908480725624	392.902191162
0.911383219955	393.129211426
0.914285714286	393.129211426
0.917188208617	393.35635376
0.920090702948	393.129211426
0.922993197279	392.902191162
0.92589569161	392.448547363
0.928798185941	391.995422363
0.931700680272	391.769073486
0.934603174603	391.769073486
0.937505668934	391.769073486
0.940408163265	391.769073486
0.943310657596	391.769073486
0.946213151927	392.221923828
0.949115646259	392.448547363
0.95201814059	392.675292969
0.954920634921	392.902191162
0.957823129252	392.902191162
0.960725623583	392.902191162
0.963628117914	392.902191162
0.966530612245	392.902191162
0.969433106576	392.675292969
0.972335600907	392.448547363
0.975238095238	392.221923828
0.978140589569	391.769073486
0.9810430839	391.769073486
0.983945578231	391.769073486
0.986848072562	391.769073486
0.989750566893	391.995422363
0.992653061224	391.995422363
0.995555555556	392.448547363
0.998458049887	392.675292969
1.00136054422	393.129211426
1.00426303855	392.902191162
1.00716553288	392.221923828
1.01006802721	391.316741943
1.01297052154	390.413665771
1.01587301587	389.737701416
1.0187755102	388.613739014
1.02167800454	387.492980957
1.02458049887	386.82208252
1.0274829932	386.598724365
1.03038548753	386.375488281
1.03328798186	386.598724365
1.03619047619	387.045593262
1.03909297052	387.269226074
1.04199546485	387.716888428
1.04489795918	388.389312744
1.04780045351	389.062927246
1.05070294785	389.737701416
1.05360544218	390.188201904
1.05650793651	390.639221191
1.05941043084	390.639221191
1.06231292517	390.639221191
1.0652154195	390.864929199
1.06811791383	391.090789795
1.07102040816	391.54284668
1.07392290249	391.54284668
1.07682539683	391.54284668
1.07972789116	391.54284668
1.08263038549	391.54284668
1.08553287982	391.769073486
1.08843537415	391.769073486
1.09133786848	391.54284668
1.09424036281	391.090789795
1.09714285714	390.639221191
1.10004535147	390.413665771
1.1029478458	389.962890625
1.10585034014	389.512664795
1.10875283447	389.062927246
1.1116553288	389.062927246
1.11455782313	389.062927246
1.11746031746	389.062927246
1.12036281179	389.737701416
1.12326530612	389.737701416
1.12616780045	389.962890625
1.12907029478	390.188201904
1.13197278912	390.188201904
1.13487528345	390.188201904
1.13777777778	390.188201904
1.14068027211	390.188201904
1.14358276644	390.413665771
1.14648526077	390.413665771
1.1493877551	390.639221191
1.15229024943	391.090789795
1.15519274376	391.769073486
1.1580952381	392.221923828
1.16099773243	392.902191162
1.16390022676	393.35635376
1.16680272109	394.038574219
1.16970521542	394.494049072
1.17260770975	394.494049072
1.17551020408	394.266235352
1.17841269841	393.811035156
1.18131519274	393.129211426
1.18421768707	392.448547363
1.18712018141	391.995422363
1.19002267574	391.316741943
1.19292517007	391.090789795
1.1958276644	390.864929199
1.19873015873	391.090789795
1.20163265306	391.316741943
1.20453514739	391.54284668
1.20743764172	391.995422363
1.21034013605	392.221923828
1.21324263039	392.448547363
1.21614512472	392.675292969
1.21904761905	392.902191162
1.22195011338	392.902191162
1.22485260771	392.902191162
1.22775510204	393.129211426
1.23065759637	392.902191162
1.2335600907	392.902191162
1.23646258503	392.902191162
1.23936507937	392.448547363
1.2422675737	392.448547363
1.24517006803	391.995422363
1.24807256236	391.995422363
1.25097505669	391.54284668
1.25387755102	391.54284668
1.25678004535	391.090789795
1.25968253968	391.090789795
1.26258503401	391.090789795
1.26548752834	391.54284668
1.26839002268	391.769073486
1.27129251701	391.769073486
1.27419501134	392.221923828
1.27709750567	392.221923828
1.28	392.675292969
1.28290249433	392.902191162
1.28580498866	393.35635376
1.28870748299	393.35635376
1.29160997732	0.0
1.29451247166	0.0
1.29741496599	0.0
1.30031746032	0.0
1.30321995465	0.0
1.30612244898	0.0
1.30902494331	0.0
1.31192743764	0.0
1.31482993197	0.0
1.3177324263	0.0
1.32063492063	0.0
1.32353741497	0.0
1.3264399093	0.0
1.32934240363	0.0
1.33224489796	0.0
1.33514739229	0.0
1.33804988662	0.0
1.34095238095	0.0
1.34385487528	0.0
1.34675736961	0.0
1.34965986395	0.0
1.35256235828	0.0
1.35546485261	0.0
1.35836734694	0.0
1.36126984127	0.0
1.3641723356	0.0
1.36707482993	0.0
1.36997732426	0.0
1.37287981859	0.0
1.37578231293	0.0
1.37868480726	0.0
1.38158730159	0.0
1.38448979592	0.0
1.38739229025	0.0
1.39029478458	0.0
1.39319727891	0.0
1.39609977324	0.0
1.39900226757	398.156829834
1.4019047619	395.635040283
1.40480725624	392.902191162
1.40770975057	390.864929199
1.4106122449	389.737701416
1.41351473923	389.287719727
1.41641723356	389.062927246
1.41931972789	388.613739014
1.42222222222	388.613739014
1.42512471655	388.389312744
1.42802721088	388.165039062
1.43092970522	387.716888428
1.43383219955	387.269226074
1.43673469388	386.82208252
1.43963718821	386.598724365
1.44253968254	386.598724365
1.44544217687	386.82208252
1.4483446712	387.269226074
1.45124716553	387.716888428
1.45414965986	388.389312744
1.4570521542	389.062927246
1.45995464853	389.512664795
1.46285714286	390.188201904
1.46575963719	390.864929199
1.46866213152	391.316741943
1.47156462585	391.769073486
1.47446712018	392.221923828
1.47736961451	392.448547363
1.48027210884	392.448547363
1.48317460317	392.448547363
1.48607709751	392.221923828
1.48897959184	391.769073486
1.49188208617	391.316741943
1.4947845805	391.090789795
1.49768707483	390.639221191
1.50058956916	390.188201904
1.50349206349	389.962890625
1.50639455782	389.737701416
1.50929705215	389.737701416
1.51219954649	389.737701416
1.51510204082	389.962890625
1.51800453515	390.413665771
1.52090702948	390.864929199
1.52380952381	391.090789795
1.52671201814	391.54284668
1.52961451247	391.769073486
1.5325170068	391.769073486
1.53541950113	391.995422363
1.53832199546	391.995422363
1.5412244898	392.221923828
1.54412698413	392.448547363
1.54702947846	392.902191162
1.54993197279	392.902191162
1.55283446712	393.129211426
1.55573696145	393.35635376
1.55863945578	393.129211426
1.56154195011	392.902191162
1.56444444444	392.448547363
1.56734693878	392.221923828
1.57024943311	391.769073486
1.57315192744	391.54284668
1.57605442177	391.54284668
1.5789569161	391.54284668
1.58185941043	391.769073486
1.58476190476	391.995422363
1.58766439909	392.221923828
1.59056689342	392.675292969
1.59346938776	392.675292969
1.59637188209	392.902191162
1.59927437642	392.902191162
1.60217687075	393.129211426
1.60507936508	392.902191162
1.60798185941	392.675292969
1.61088435374	392.675292969
1.61378684807	392.448547363
1.6166893424	392.221923828
1.61959183673	391.995422363
1.62249433107	391.769073486
1.6253968254	391.769073486
1.62829931973	391.769073486
1.63120181406	391.995422363
1.63410430839	392.221923828
1.63700680272	392.221923828
1.63990929705	392.448547363
1.64281179138	392.221923828
1.64571428571	391.995422363
1.64861678005	391.316741943
1.65151927438	390.639221191
1.65442176871	389.737701416
1.65732426304	389.062927246
1.66022675737	388.389312744
1.6631292517	387.716888428
1.66603174603	387.269226074
1.66893424036	387.045593262
1.67183673469	386.82208252
1.67473922902	387.045593262
1.67764172336	387.269226074
1.68054421769	387.492980957
1.68344671202	388.165039062
1.68634920635	388.613739014
1.68925170068	389.062927246
1.69215419501	389.512664795
1.69505668934	389.962890625
1.69795918367	390.188201904
1.700861678	390.413665771
1.70376417234	390.639221191
1.70666666667	391.090789795
1.709569161	391.316741943
1.71247165533	391.316741943
1.71537414966	391.54284668
1.71827664399	391.54284668
1.72117913832	391.54284668
1.72408163265	391.54284668
1.72698412698	391.54284668
1.72988662132	391.54284668
1.73278911565	391.316741943
1.73569160998	391.54284668
1.73859410431	391.769073486
1.74149659864	391.995422363
1.74439909297	391.54284668
1.7473015873	388.838256836
1.75020408163	387.492980957
1.75310657596	387.940887451
1.75600907029	389.062927246
1.75891156463	390.639221191
1.76181405896	394.266235352
1.76471655329	395.406585693
1.76761904762	394.950042725
1.77052154195	394.038574219
1.77342403628	397.008575439
1.77632653061	394.494049072
1.77922902494	393.35635376
1.78213151927	391.769073486
1.78503401361	390.413665771
1.78793650794	389.512664795
1.79083900227	389.737701416
1.7937414966	390.188201904
1.79664399093	389.512664795
1.79954648526	388.389312744
1.80244897959	387.940887451
1.80535147392	388.613739014
1.80825396825	390.413665771
1.81115646259	393.35635376
1.81405895692	397.008575439
1.81696145125	400.926239014
1.81986394558	404.415100098
1.82276643991	396.550201416
1.82566893424	392.675292969
1.82857142857	391.316741943
1.8314739229	390.639221191
1.83437641723	390.413665771
1.83727891156	391.090789795
1.8401814059	393.129211426
1.84308390023	394.038574219
1.84598639456	393.129211426
1.84888888889	392.448547363
1.85179138322	391.769073486
1.85469387755	391.316741943
1.85759637188	391.316741943
1.86049886621	391.769073486
1.86340136054	392.221923828
1.86630385488	392.448547363
1.86920634921	391.995422363
1.87210884354	391.54284668
1.87501133787	391.090789795
1.8779138322	390.864929199
1.88081632653	391.316741943
1.88371882086	392.448547363
1.88662131519	393.129211426
1.88952380952	392.448547363
1.89242630385	391.090789795
1.89532879819	390.413665771
1.89823129252	0.0
1.90113378685	0.0
1.90403628118	0.0
1.90693877551	0.0
1.90984126984	0.0
1.91274376417	0.0
1.9156462585	0.0
1.91854875283	0.0
1.92145124717	0.0
1.9243537415	0.0
1.92725623583	0.0
1.93015873016	0.0
1.93306122449	0.0
1.93596371882	0.0
1.93886621315	0.0
1.94176870748	0.0
1.94467120181	0.0
1.94757369615	0.0
1.95047619048	0.0
1.95337868481	0.0
1.95628117914	0.0
1.95918367347	0.0
1.9620861678	0.0
1.96498866213	0.0
1.96789115646	0.0
1.97079365079	0.0
1.97369614512	0.0
1.97659863946	0.0
1.97950113379	0.0
1.98240362812	0.0
1.98530612245	0.0
1.98820861678	0.0
1.99111111111	0.0
1.99401360544	0.0
1.99691609977	0.0
1.9998185941	0.0
2.00272108844	0.0
2.00562358277	0.0
2.0085260771	0.0
2.01142857143	0.0
2.01433106576	0.0
2.01723356009	0.0
2.02013605442	0.0
2.02303854875	0.0
2.02594104308	0.0
2.02884353741	0.0
2.03174603175	0.0
2.03464852608	0.0
2.03755102041	0.0
2.04045351474	0.0
2.04335600907	0.0
2.0462585034	0.0
2.04916099773	0.0
2.05206349206	0.0
2.05496598639	376.896972656
2.05786848073	385.483795166
2.06077097506	384.372070312
2.06367346939	386.82208252
2.06657596372	387.492980957
2.06947845805	387.716888428
2.07238095238	387.940887451
2.07528344671	387.716888428
2.07818594104	387.716888428
2.08108843537	387.716888428
2.08399092971	387.492980957
2.08689342404	387.045593262
2.08979591837	386.598724365
2.0926984127	386.375488281
2.09560090703	386.375488281
2.09850340136	386.82208252
2.10140589569	387.492980957
2.10430839002	387.940887451
2.10721088435	388.613739014
2.11011337868	389.287719727
2.11301587302	389.737701416
2.11591836735	390.639221191
2.11882086168	391.090789795
2.12172335601	391.54284668
2.12462585034	391.995422363
2.12752834467	392.221923828
2.130430839	392.448547363
2.13333333333	392.221923828
2.13623582766	392.221923828
2.139138322	391.769073486
2.14204081633	391.316741943
2.14494331066	391.090789795
2.14784580499	390.864929199
2.15074829932	390.413665771
2.15365079365	390.188201904
2.15655328798	390.188201904
2.15945578231	389.962890625
2.16235827664	389.962890625
2.16526077098	390.188201904
2.16816326531	390.413665771
2.17106575964	390.639221191
2.17396825397	391.090789795
2.1768707483	391.54284668
2.17977324263	391.769073486
2.18267573696	391.769073486
2.18557823129	391.995422363
2.18848072562	392.221923828
2.19138321995	392.448547363
2.19428571429	392.675292969
2.19718820862	392.902191162
2.20009070295	392.902191162
2.20299319728	392.902191162
2.20589569161	393.129211426
2.20879818594	393.129211426
2.21170068027	392.902191162
2.2146031746	392.675292969
2.21750566893	392.448547363
2.22040816327	391.995422363
2.2233106576	391.769073486
2.22621315193	391.54284668
2.22911564626	391.54284668
2.23201814059	391.769073486
2.23492063492	391.769073486
2.23782312925	392.221923828
2.24072562358	392.448547363
2.24362811791	392.448547363
2.24653061224	392.675292969
2.24943310658	392.902191162
2.25233560091	393.129211426
2.25523809524	392.902191162
2.25814058957	392.902191162
2.2610430839	392.675292969
2.26394557823	392.221923828
2.26684807256	391.995422363
2.26975056689	391.54284668
2.27265306122	391.316741943
2.27555555556	391.316741943
2.27845804989	391.316741943
2.28136054422	391.54284668
2.28426303855	391.769073486
2.28716553288	391.995422363
2.29006802721	391.995422363
2.29297052154	392.221923828
2.29587301587	391.995422363
2.2987755102	391.316741943
2.30167800454	390.639221191
2.30458049887	389.737701416
2.3074829932	389.062927246
2.31038548753	388.389312744
2.31328798186	387.716888428
2.31619047619	387.269226074
2.31909297052	386.82208252
2.32199546485	386.82208252
2.32489795918	386.82208252
2.32780045351	387.045593262
2.33070294785	387.269226074
2.33360544218	387.716888428
2.33650793651	388.165039062
2.33941043084	388.838256836
2.34231292517	389.287719727
2.3452154195	389.512664795
2.34811791383	389.737701416
2.35102040816	390.188201904
2.35392290249	390.413665771
2.35682539683	390.864929199
2.35972789116	391.54284668
2.36263038549	392.221923828
2.36553287982	392.448547363
2.36843537415	392.448547363
2.37133786848	391.769073486
2.37424036281	390.188201904
2.37714285714	387.716888428
2.38004535147	384.372070312
2.3829478458	380.61618042
2.38585034014	375.810028076
2.38875283447	367.014434814
2.3916553288	351.86050415
2.39455782313	347.618164062
2.39746031746	345.61605835
2.40036281179	345.017669678
2.40326530612	345.61605835
2.40616780045	347.417449951
2.40907029478	350.03604126
2.41197278912	352.674407959
2.41487528345	354.103271484
2.41777777778	353.69442749
2.42068027211	352.878173828
2.42358276644	352.063781738
2.42648526077	351.657318115
2.4293877551	351.45425415
2.43229024943	351.45425415
2.43519274376	351.251281738
2.4380952381	350.643157959
2.44099773243	349.83392334
2.44390022676	349.228240967
2.44680272109	348.623596191
2.44970521542	348.623596191
2.45260770975	349.026580811
2.45551020408	349.631896973
2.45841269841	350.238311768
2.46131519274	350.643157959
2.46421768707	350.440673828
2.46712018141	350.238311768
2.47002267574	349.631896973
2.47292517007	349.228240967
2.4758276644	349.026580811
2.47873015873	349.026580811
2.48163265306	349.026580811
2.48453514739	349.026580811
2.48743764172	348.825012207
2.49034013605	348.623596191
2.49324263039	348.623596191
2.49614512472	348.825012207
2.49904761905	348.825012207
2.50195011338	349.228240967
2.50485260771	349.430023193
2.50775510204	349.430023193
2.51065759637	349.430023193
2.5135600907	349.430023193
2.51646258503	349.430023193
2.51936507937	349.631896973
2.5222675737	349.83392334
2.52517006803	350.238311768
2.52807256236	350.440673828
2.53097505669	350.643157959
2.53387755102	350.440673828
2.53678004535	350.03604126
2.53968253968	349.83392334
2.54258503401	349.631896973
2.54548752834	349.430023193
2.54839002268	349.430023193
2.55129251701	349.228240967
2.55419501134	349.228240967
2.55709750567	349.026580811
2.56	348.623596191
2.56290249433	348.623596191
2.56580498866	348.623596191
2.56870748299	349.026580811
2.57160997732	349.430023193
2.57451247166	349.83392334
2.57741496599	350.238311768
2.58031746032	350.238311768
2.58321995465	350.03604126
2.58612244898	349.83392334
2.58902494331	349.430023193
2.59192743764	349.228240967
2.59482993197	349.026580811
2.5977324263	349.026580811
2.60063492063	348.825012207
2.60353741497	348.825012207
2.6064399093	348.825012207
2.60934240363	348.825012207
2.61224489796	349.026580811
2.61514739229	349.228240967
2.61804988662	349.228240967
2.62095238095	349.430023193
2.62385487528	349.430023193
2.62675736961	349.430023193
2.62965986395	349.430023193
2.63256235828	349.228240967
2.63546485261	349.228240967
2.63836734694	349.228240967
2.64126984127	349.228240967
2.6441723356	349.228240967
2.64707482993	349.228240967
2.64997732426	349.026580811
2.65287981859	349.026580811
2.65578231293	349.026580811
2.65868480726	349.026580811
2.66158730159	349.026580811
2.66448979592	349.228240967
2.66739229025	349.228240967
2.67029478458	349.228240967
2.67319727891	349.228240967
2.67609977324	349.228240967
2.67900226757	349.228240967
2.6819047619	349.026580811
2.68480725624	348.825012207
2.68770975057	348.422271729
2.6906122449	348.221069336
2.69351473923	348.221069336
2.69641723356	348.221069336
2.69931972789	348.422271729
2.70222222222	348.422271729
2.70512471655	349.83392334
2.70802721088	351.657318115
2.71092970522	353.898803711
2.71383219955	356.566253662
2.71673469388	357.597564697
2.71963718821	357.184661865
2.72253968254	355.743377686
2.72544217687	353.286071777
2.7283446712	350.440673828
2.73124716553	347.618164062
2.73414965986	345.815734863
2.7370521542	345.61605835
2.73995464853	345.416473389
2.74285714286	345.017669678
2.74575963719	344.221405029
2.74866213152	342.634429932
2.75156462585	340.464294434
2.75446712018	338.698944092
2.75736961451	336.748199463
2.76027210884	334.615325928
2.76317460317	332.688079834
2.76607709751	330.771942139
2.76897959184	329.056854248
2.77188208617	327.539794922
2.7747845805	326.595184326
2.77768707483	326.218109131
2.78058956916	326.595184326
2.78349206349	327.350646973
2.78639455782	328.676940918
2.78929705215	329.818023682
2.79219954649	330.963043213
2.79510204082	331.728637695
2.79800453515	332.112091064
2.80090702948	332.49597168
2.80380952381	332.49597168
2.80671201814	332.112091064
2.80961451247	331.920288086
2.8125170068	331.154296875
2.81541950113	330.580932617
2.81832199546	329.627563477
2.8212244898	328.676940918
2.82412698413	327.918395996
2.82702947846	327.539794922
2.82993197279	327.539794922
2.83283446712	328.107879639
2.83573696145	328.866821289
2.83863945578	330.008575439
2.84154195011	330.771942139
2.84444444444	331.345611572
2.84734693878	331.920288086
2.85024943311	331.920288086
2.85315192744	331.537078857
2.85605442177	330.771942139
2.8589569161	330.199249268
2.86185941043	329.818023682
2.86476190476	329.437225342
2.86766439909	329.437225342
2.87056689342	329.627563477
2.87346938776	330.008575439
2.87637188209	330.580932617
2.87927437642	331.154296875
2.88217687075	331.537078857
2.88507936508	331.728637695
2.88798185941	331.345611572
2.89088435374	330.963043213
2.89378684807	330.390045166
2.8966893424	329.818023682
2.89959183673	329.24697876
2.90249433107	328.676940918
2.9053968254	328.487121582
2.90829931973	328.297454834
2.91120181406	328.297454834
2.91410430839	328.487121582
2.91700680272	328.866821289
2.91990929705	329.437225342
2.92281179138	330.008575439
2.92571428571	330.580932617
2.92861678005	331.154296875
2.93151927438	331.345611572
2.93442176871	331.345611572
2.93732426304	330.963043213
2.94022675737	330.199249268
2.9431292517	329.627563477
2.94603174603	328.866821289
2.94893424036	328.487121582
2.95183673469	328.297454834
2.95473922902	328.297454834
2.95764172336	328.297454834
2.96054421769	328.676940918
2.96344671202	329.056854248
2.96634920635	329.24697876
2.96925170068	329.437225342
2.97215419501	329.627563477
2.97505668934	329.818023682
2.97795918367	330.008575439
2.980861678	330.199249268
2.98376417234	330.390045166
2.98666666667	330.390045166
2.989569161	330.390045166
2.99247165533	330.008575439
2.99537414966	329.818023682
2.99827664399	329.24697876
3.00117913832	328.866821289
3.00408163265	328.676940918
3.00698412698	328.487121582
3.00988662132	328.487121582
3.01278911565	328.866821289
3.01569160998	329.437225342
3.01859410431	329.818023682
3.02149659864	330.199249268
3.02439909297	330.580932617
3.0273015873	330.771942139
3.03020408163	330.771942139
3.03310657596	330.580932617
3.03600907029	330.390045166
3.03891156463	330.008575439
3.04181405896	329.437225342
3.04471655329	329.056854248
3.04761904762	328.676940918
3.05052154195	328.297454834
3.05342403628	328.107879639
3.05632653061	328.107879639
3.05922902494	328.297454834
3.06213151927	328.487121582
3.06503401361	329.056854248
3.06793650794	329.24697876
3.07083900227	329.818023682
3.0737414966	330.008575439
3.07664399093	330.199249268
3.07954648526	330.199249268
3.08244897959	330.008575439
3.08535147392	329.627563477
3.08825396825	329.437225342
3.09115646259	329.24697876
3.09405895692	329.056854248
3.09696145125	329.056854248
3.09986394558	329.056854248
3.10276643991	329.24697876
3.10566893424	329.437225342
3.10857142857	329.437225342
3.1114739229	329.437225342
3.11437641723	329.437225342
3.11727891156	329.437225342
3.1201814059	329.627563477
3.12308390023	329.627563477
3.12598639456	329.627563477
3.12888888889	329.437225342
3.13179138322	329.24697876
3.13469387755	329.056854248
3.13759637188	329.056854248
3.14049886621	328.866821289
3.14340136054	329.056854248
3.14630385488	329.24697876
3.14920634921	329.437225342
3.15210884354	329.627563477
3.15501133787	329.818023682
3.1579138322	330.008575439
3.16081632653	330.008575439
3.16371882086	330.008575439
3.16662131519	329.818023682
3.16952380952	329.627563477
3.17242630385	329.437225342
3.17532879819	329.24697876
3.17823129252	329.24697876
3.18113378685	329.24697876
3.18403628118	329.24697876
3.18693877551	329.24697876
3.18984126984	329.437225342
3.19274376417	329.437225342
3.1956462585	329.627563477
3.19854875283	329.627563477
3.20145124717	329.818023682
3.2043537415	329.818023682
3.20725623583	329.818023682
3.21015873016	329.818023682
3.21306122449	329.818023682
3.21596371882	329.627563477
3.21886621315	329.437225342
3.22176870748	329.437225342
3.22467120181	329.24697876
3.22757369615	329.24697876
3.23047619048	329.24697876
3.23337868481	329.24697876
3.23628117914	329.24697876
3.23918367347	329.437225342
3.2420861678	329.437225342
3.24498866213	329.627563477
3.24789115646	329.627563477
3.25079365079	329.627563477
3.25369614512	329.627563477
3.25659863946	329.627563477
3.25950113379	329.437225342
3.26240362812	329.437225342
3.26530612245	329.437225342
3.26820861678	329.24697876
3.27111111111	329.24697876
3.27401360544	329.24697876
3.27691609977	329.24697876
3.2798185941	329.437225342
3.28272108844	329.437225342
3.28562358277	329.627563477
3.2885260771	329.627563477
3.29142857143	329.818023682
3.29433106576	329.818023682
3.29723356009	329.818023682
3.30013605442	329.627563477
3.30303854875	329.627563477
3.30594104308	329.437225342
3.30884353741	329.437225342
3.31174603175	329.24697876
3.31464852608	329.24697876
3.31755102041	329.24697876
3.32045351474	329.24697876
3.32335600907	329.24697876
3.3262585034	329.24697876
3.32916099773	329.24697876
3.33206349206	329.056854248
3.33496598639	328.676940918
3.33786848073	329.24697876
3.34077097506	330.390045166
3.34367346939	331.537078857
3.34657596372	332.49597168
3.34947845805	333.072631836
3.35238095238	332.688079834
3.35528344671	331.345611572
3.35818594104	329.056854248
3.36108843537	324.526641846
3.36399092971	303.494476318
3.36689342404	295.365936279
3.36979591837	292.648773193
3.3726984127	290.963226318
3.37560090703	289.956573486
3.37850340136	289.789123535
3.38140589569	290.459472656
3.38430839002	291.973388672
3.38721088435	293.834442139
3.39011337868	294.854553223
3.39301587302	295.024932861
3.39591836735	294.684295654
3.39882086168	293.834442139
3.40172335601	293.325714111
3.40462585034	292.817840576
3.40752834467	292.987030029
3.410430839	293.325714111
3.41333333333	293.834442139
3.41623582766	294.174102783
3.419138322	294.174102783
3.42204081633	294.004211426
3.42494331066	293.495178223
3.42784580499	292.817840576
3.43074829932	292.310882568
3.43365079365	292.310882568
3.43655328798	292.479766846
3.43945578231	292.817840576
3.44235827664	293.495178223
3.44526077098	294.004211426
3.44816326531	294.004211426
3.45106575964	293.834442139
3.45396825397	293.156341553
3.4568707483	292.648773193
3.45977324263	292.310882568
3.46267573696	292.310882568
3.46557823129	292.479766846
3.46848072562	292.987030029
3.47138321995	293.495178223
3.47428571429	293.834442139
3.47718820862	293.834442139
3.48009070295	293.664764404
3.48299319728	293.325714111
3.48589569161	292.987030029
3.48879818594	292.817840576
3.49170068027	292.987030029
3.4946031746	293.325714111
3.49750566893	293.664764404
3.50040816327	293.834442139
3.5033106576	293.834442139
3.50621315193	293.495178223
3.50911564626	293.156341553
3.51201814059	292.648773193
3.51492063492	292.479766846
3.51782312925	292.310882568
3.52072562358	292.479766846
3.52362811791	292.987030029
3.52653061224	293.495178223
3.52943310658	294.004211426
3.53233560091	294.174102783
3.53523809524	294.344055176
3.53814058957	293.834442139
3.5410430839	293.495178223
3.54394557823	293.325714111
3.54684807256	293.156341553
3.54975056689	293.325714111
3.55265306122	293.495178223
3.55555555556	293.834442139
3.55845804989	294.174102783
3.56136054422	294.344055176
3.56426303855	294.174102783
3.56716553288	293.834442139
3.57006802721	293.495178223
3.57297052154	293.325714111
3.57587301587	293.325714111
3.5787755102	293.495178223
3.58167800454	293.664764404
3.58458049887	293.834442139
3.5874829932	293.834442139
3.59038548753	293.834442139
3.59328798186	293.325714111
3.59619047619	293.156341553
3.59909297052	292.987030029
3.60199546485	292.987030029
3.60489795918	293.156341553
3.60780045351	293.495178223
3.61070294785	294.004211426
3.61360544218	294.174102783
3.61650793651	294.344055176
3.61941043084	294.174102783
3.62231292517	293.834442139
3.6252154195	293.495178223
3.62811791383	293.156341553
3.63102040816	293.156341553
3.63392290249	293.325714111
3.63682539683	293.834442139
3.63972789116	294.004211426
3.64263038549	293.834442139
3.64553287982	293.156341553
3.64843537415	292.817840576
3.65133786848	292.479766846
3.65424036281	292.817840576
3.65714285714	293.156341553
3.66004535147	293.495178223
3.6629478458	293.325714111
3.66585034014	293.156341553
3.66875283447	293.156341553
3.6716553288	293.495178223
3.67455782313	293.495178223
3.67746031746	349.83392334
3.68036281179	352.674407959
3.68326530612	354.922363281
3.68616780045	355.53793335
3.68907029478	354.307861328
3.69197278912	352.878173828
3.69487528345	351.86050415
3.69777777778	350.845733643
3.70068027211	349.83392334
3.70358276644	348.623596191
3.70648526077	348.019989014
3.7093877551	348.221069336
3.71229024943	349.026580811
3.71519274376	349.83392334
3.7180952381	350.238311768
3.72099773243	350.03604126
3.72390022676	350.03604126
3.72680272109	350.238311768
3.72970521542	350.643157959
3.73260770975	351.048461914
3.73551020408	351.048461914
3.73841269841	350.440673828
3.74131519274	349.430023193
3.74421768707	348.825012207
3.74712018141	348.422271729
3.75002267574	348.422271729
3.75292517007	348.422271729
3.7558276644	348.422271729
3.75873015873	348.422271729
3.76163265306	348.623596191
3.76453514739	348.825012207
3.76743764172	349.026580811
3.77034013605	349.026580811
3.77324263039	349.228240967
3.77614512472	349.430023193
3.77904761905	349.430023193
3.78195011338	349.631896973
3.78485260771	349.83392334
3.78775510204	350.03604126
3.79065759637	350.238311768
3.7935600907	350.238311768
3.79646258503	350.238311768
3.79936507937	350.238311768
3.8022675737	350.03604126
3.80517006803	350.03604126
3.80807256236	349.83392334
3.81097505669	349.430023193
3.81387755102	349.228240967
3.81678004535	349.228240967
3.81968253968	349.026580811
3.82258503401	349.026580811
3.82548752834	348.825012207
3.82839002268	348.825012207
3.83129251701	348.825012207
3.83419501134	349.026580811
3.83709750567	349.228240967
3.84	349.631896973
3.84290249433	349.83392334
3.84580498866	350.03604126
3.84870748299	350.03604126
3.85160997732	349.83392334
3.85451247166	349.631896973
3.85741496599	349.430023193
3.86031746032	349.026580811
3.86321995465	349.026580811
3.86612244898	348.623596191
3.86902494331	348.623596191
3.87192743764	348.623596191
3.87482993197	348.825012207
3.8777324263	349.026580811
3.88063492063	349.228240967
3.88353741497	349.430023193
3.8864399093	349.430023193
3.88934240363	349.430023193
3.89224489796	349.430023193
3.89514739229	349.228240967
3.89804988662	349.228240967
3.90095238095	349.228240967
3.90385487528	349.228240967
3.90675736961	349.228240967
3.90965986395	349.026580811
3.91256235828	349.026580811
3.91546485261	349.026580811
3.91836734694	349.026580811
3.92126984127	349.026580811
3.9241723356	349.228240967
3.92707482993	349.228240967
3.92997732426	349.228240967
3.93287981859	349.228240967
3.93578231293	349.228240967
3.93868480726	349.228240967
3.94158730159	349.228240967
3.94448979592	349.228240967
3.94739229025	349.228240967
3.95029478458	349.228240967
3.95319727891	349.228240967
3.95609977324	348.825012207
3.95900226757	348.422271729
3.9619047619	348.019989014
3.96480725624	347.819030762
3.96770975057	347.618164062
3.9706122449	347.417449951
3.97351473923	347.819030762
3.97641723356	348.019989014
3.97931972789	348.825012207
3.98222222222	350.03604126
3.98512471655	351.657318115
3.98802721088	352.878173828
3.99092970522	353.490203857
3.99383219955	354.307861328
3.99673469388	353.69442749
3.99963718821	353.082061768
4.00253968254	352.267211914
4.00544217687	351.251281738
4.0083446712	350.440673828
4.01124716553	349.631896973
4.01414965986	349.026580811
4.0170521542	348.019989014
4.01995464853	346.815948486
4.02285714286	345.017669678
4.02575963719	343.427001953
4.02866213152	341.64630127
4.03156462585	339.874816895
4.03446712018	338.307891846
4.03736961451	336.359375
4.04027210884	334.228973389
4.04317460317	331.537078857
4.04607709751	328.487121582
4.04897959184	326.218109131
4.05188208617	324.901763916
4.0547845805	324.714141846
4.05768707483	325.277313232
4.06058956916	326.783874512
4.06349206349	329.056854248
4.06639455782	331.154296875
4.06929705215	332.49597168
4.07219954649	333.265075684
4.07510204082	333.457641602
4.07800453515	333.457641602
4.08090702948	333.265075684
4.08380952381	332.880310059
4.08671201814	332.303955078
4.08961451247	331.537078857
4.0925170068	330.580932617
4.09541950113	329.437225342
4.09832199546	328.487121582
4.1012244898	327.539794922
4.10412698413	326.972686768
4.10702947846	327.161621094
4.10993197279	327.539794922
4.11283446712	328.487121582
4.11573696145	329.437225342
4.11863945578	330.580932617
4.12154195011	331.537078857
4.12444444444	332.303955078
4.12734693878	332.688079834
4.13024943311	332.688079834
4.13315192744	332.112091064
4.13605442177	331.345611572
4.1389569161	330.390045166
4.14185941043	329.627563477
4.14476190476	329.24697876
4.14766439909	329.056854248
4.15056689342	329.24697876
4.15346938776	329.818023682
4.15637188209	330.580932617
4.15927437642	331.154296875
4.16217687075	331.537078857
4.16507936508	331.345611572
4.16798185941	330.963043213
4.17088435374	330.390045166
4.17378684807	329.627563477
4.1766893424	329.056854248
4.17959183673	328.676940918
4.18249433107	328.297454834
4.1853968254	328.297454834
4.18829931973	328.297454834
4.19120181406	328.487121582
4.19410430839	329.056854248
4.19700680272	329.437225342
4.19990929705	330.008575439
4.20281179138	330.580932617
4.20571428571	330.963043213
4.20861678005	331.345611572
4.21151927438	331.154296875
4.21442176871	330.771942139
4.21732426304	330.008575439
4.22022675737	329.24697876
4.2231292517	328.487121582
4.22603174603	328.107879639
4.22893424036	327.918395996
4.23183673469	327.729034424
4.23473922902	328.297454834
4.23764172336	328.676940918
4.24054421769	329.24697876
4.24344671202	329.818023682
4.24634920635	330.008575439
4.24925170068	330.199249268
4.25215419501	330.199249268
4.25505668934	330.008575439
4.25795918367	330.008575439
4.260861678	330.008575439
4.26376417234	330.008575439
4.26666666667	330.008575439
4.269569161	329.818023682
4.27247165533	329.627563477
4.27537414966	329.24697876
4.27827664399	328.676940918
4.28117913832	328.297454834
4.28408163265	328.107879639
4.28698412698	328.866821289
4.28988662132	330.199249268
4.29278911565	331.920288086
4.29569160998	332.880310059
4.29859410431	333.457641602
4.30149659864	333.265075684
4.30439909297	332.303955078
4.3073015873	330.390045166
4.31020408163	328.107879639
4.31310657596	327.729034424
4.31600907029	295.365936279
4.31891156463	292.142089844
4.32181405896	290.963226318
4.32471655329	290.795227051
4.32761904762	291.299560547
4.33052154195	292.987030029
4.33342403628	295.365936279
4.33632653061	297.248626709
4.33922902494	297.07699585
4.34213151927	295.707366943
4.34503401361	294.174102783
4.34793650794	292.817840576
4.35083900227	292.142089844
4.3537414966	291.973388672
4.35664399093	292.310882568
4.35954648526	292.987030029
4.36244897959	293.834442139
4.36535147392	294.344055176
4.36825396825	294.344055176
4.37115646259	293.834442139
4.37405895692	293.156341553
4.37696145125	292.648773193
4.37986394558	292.479766846
4.38276643991	292.479766846
4.38566893424	292.648773193
4.38857142857	293.156341553
4.3914739229	293.495178223
4.39437641723	294.004211426
4.39727891156	293.834442139
4.4001814059	293.664764404
4.40308390023	293.156341553
4.40598639456	292.648773193
4.40888888889	292.310882568
4.41179138322	292.310882568
4.41469387755	292.479766846
4.41759637188	293.156341553
4.42049886621	293.664764404
4.42340136054	294.174102783
4.42630385488	294.344055176
4.42920634921	294.174102783
4.43210884354	293.834442139
4.43501133787	293.325714111
4.4379138322	292.817840576
4.44081632653	292.648773193
4.44371882086	292.648773193
4.44662131519	292.817840576
4.44952380952	293.156341553
4.45242630385	293.325714111
4.45532879819	293.495178223
4.45823129252	293.325714111
4.46113378685	293.156341553
4.46403628118	292.987030029
4.46693877551	292.817840576
4.46984126984	292.817840576
4.47274376417	293.156341553
4.4756462585	293.495178223
4.47854875283	293.834442139
4.48145124717	294.174102783
4.4843537415	294.344055176
4.48725623583	294.004211426
4.49015873016	293.834442139
4.49306122449	293.325714111
4.49596371882	293.156341553
4.49886621315	293.156341553
4.50176870748	293.325714111
4.50467120181	293.834442139
4.50757369615	294.174102783
4.51047619048	294.514129639
4.51337868481	294.514129639
4.51628117914	294.174102783
4.51918367347	293.664764404
4.5220861678	293.156341553
4.52498866213	292.648773193
4.52789115646	292.648773193
4.53079365079	292.987030029
4.53369614512	293.495178223
4.53659863946	294.004211426
4.53950113379	294.174102783
4.54240362812	294.174102783
4.54530612245	293.834442139
4.54820861678	293.325714111
4.55111111111	293.156341553
4.55401360544	293.156341553
4.55691609977	293.495178223
4.5598185941	293.834442139
4.56272108844	294.344055176
4.56562358277	294.514129639
4.5685260771	294.514129639
4.57142857143	294.174102783
4.57433106576	293.664764404
4.57723356009	293.156341553
4.58013605442	292.987030029
4.58303854875	293.156341553
4.58594104308	293.664764404
4.58884353741	294.004211426
4.59174603175	294.344055176
4.59464852608	294.344055176
4.59755102041	294.344055176
4.60045351474	293.834442139
4.60335600907	293.664764404
4.6062585034	293.495178223
4.60916099773	293.495178223
4.61206349206	293.495178223
4.61496598639	293.495178223
4.61786848073	293.325714111
4.62077097506	293.156341553
4.62367346939	292.987030029
4.62657596372	292.817840576
4.62947845805	292.817840576
4.63238095238	292.817840576
4.63528344671	292.817840576
4.63818594104	292.987030029
4.64108843537	292.648773193
4.64399092971	292.479766846
4.64689342404	292.310882568
4.64979591837	292.142089844
4.6526984127	292.817840576
4.65560090703	294.174102783
4.65850340136	295.195404053
4.66140589569	295.707366943
4.66430839002	295.536621094
4.66721088435	294.854553223
4.67011337868	293.325714111
4.67301587302	290.291748047
4.67591836735	286.295196533
4.67882086168	283.333953857
4.68172335601	283.497680664
4.68462585034	288.786529541
4.68752834467	293.156341553
4.690430839	295.365936279
4.69333333333	296.391387939
4.69623582766	296.733978271
4.699138322	295.707366943
4.70204081633	291.131347656
4.70494331066	283.170349121
4.70784580499	281.539398193
4.71074829932	282.680084229
4.71365079365	286.129882812
4.71655328798	290.627288818
4.71945578231	293.834442139
4.72235827664	295.707366943
4.72526077098	296.905426025
4.72816326531	296.733978271
4.73106575964	294.854553223
4.73396825397	291.299560547
4.7368707483	287.953704834
4.73977324263	286.62612915
4.74267573696	287.45513916
4.74557823129	290.963226318
4.74848072562	295.878234863
4.75138321995	299.489105225
4.75428571429	301.398071289
4.75718820862	301.57220459
4.76009070295	300.008544922
4.76299319728	296.049194336
4.76589569161	285.799530029
4.76879818594	271.949127197
4.77170068027	267.586151123
4.7746031746	264.512664795
4.77750566893	262.685546875
4.78040816327	261.474487305
4.7833106576	261.172607422
4.78621315193	261.474487305
4.78911564626	262.382263184
4.79201814059	264.054718018
4.79492063492	265.584350586
4.79782312925	266.04498291
4.80072562358	265.277709961
4.80362811791	263.90222168
4.80653061224	262.382263184
4.80943310658	261.323486328
4.81233560091	260.720397949
4.81523809524	260.720397949
4.81814058957	260.871063232
4.8210430839	261.323486328
4.82394557823	261.474487305
4.82684807256	260.871063232
4.82975056689	259.968505859
4.83265306122	258.919494629
4.83555555556	258.471191406
4.83845804989	258.471191406
4.84136054422	258.919494629
4.84426303855	259.5184021
4.84716553288	260.569854736
4.85006802721	261.323486328
4.85297052154	261.323486328
4.85587301587	260.871063232
4.8587755102	260.269012451
4.86167800454	259.818389893
4.86458049887	259.668365479
4.8674829932	260.118713379
4.87038548753	261.021789551
4.87328798186	262.230743408
4.87619047619	263.293182373
4.87909297052	263.59753418
4.88199546485	263.4453125
4.88489795918	262.837341309
4.88780045351	262.079315186
4.89070294785	261.474487305
4.89360544218	261.021789551
4.89650793651	260.871063232
4.89941043084	261.021789551
4.90231292517	261.474487305
4.9052154195	262.079315186
4.90811791383	262.382263184
4.91102040816	262.382263184
4.91392290249	262.230743408
4.91682539683	262.079315186
4.91972789116	261.776733398
4.92263038549	261.625579834
4.92553287982	261.625579834
4.92843537415	261.927978516
4.93133786848	262.230743408
4.93424036281	262.533874512
4.93714285714	262.685546875
4.94004535147	262.533874512
4.9429478458	262.230743408
4.94585034014	261.776733398
4.94875283447	261.323486328
4.9516553288	260.871063232
4.95455782313	260.720397949
4.95746031746	260.871063232
4.96036281179	261.021789551
4.96326530612	261.474487305
4.96616780045	261.927978516
4.96907029478	262.079315186
4.97197278912	262.079315186
4.97487528345	261.927978516
4.97777777778	261.625579834
4.98068027211	261.323486328
4.98358276644	261.172607422
4.98648526077	261.021789551
4.9893877551	261.172607422
4.99229024943	261.323486328
4.99519274376	261.323486328
4.9980952381	261.625579834
5.00099773243	261.776733398
5.00390022676	261.776733398
5.00680272109	261.927978516
5.00970521542	261.625579834
5.01260770975	261.474487305
5.01551020408	261.172607422
5.01841269841	261.021789551
5.02131519274	260.720397949
5.02421768707	260.720397949
5.02712018141	260.871063232
5.03002267574	261.021789551
5.03292517007	261.172607422
5.0358276644	261.021789551
5.03873015873	260.569854736
5.04163265306	260.269012451
5.04453514739	259.968505859
5.04743764172	259.818389893
5.05034013605	259.968505859
5.05324263039	260.419372559
5.05614512472	261.021789551
5.05904761905	261.776733398
5.06195011338	262.230743408
5.06485260771	262.230743408
5.06775510204	261.927978516
5.07065759637	261.474487305
5.0735600907	261.021789551
5.07646258503	260.720397949
5.07936507937	260.569854736
5.0822675737	260.871063232
5.08517006803	261.172607422
5.08807256236	261.625579834
5.09097505669	261.927978516
5.09387755102	262.079315186
5.09678004535	261.927978516
5.09968253968	261.776733398
5.10258503401	261.625579834
5.10548752834	261.474487305
5.10839002268	261.474487305
5.11129251701	261.625579834
5.11419501134	261.927978516
5.11709750567	262.230743408
5.12	262.382263184
5.12290249433	262.230743408
5.12580498866	262.079315186
5.12870748299	261.625579834
5.13160997732	261.172607422
5.13451247166	260.871063232
5.13741496599	0.0
5.14031746032	0.0
5.14321995465	0.0
5.14612244898	0.0
5.14902494331	0.0
5.15192743764	0.0
5.15482993197	0.0
5.1577324263	0.0
5.16063492063	0.0
5.16353741497	0.0
5.1664399093	0.0
5.16934240363	0.0
5.17224489796	0.0
5.17514739229	0.0
5.17804988662	0.0
5.18095238095	0.0
5.18385487528	0.0
5.18675736961	0.0
5.18965986395	0.0
5.19256235828	0.0
5.19546485261	0.0
5.19836734694	0.0
5.20126984127	0.0
5.2041723356	0.0
5.20707482993	0.0
5.20997732426	0.0
5.21287981859	0.0
5.21578231293	0.0
5.21868480726	0.0
5.22158730159	0.0
5.22448979592	0.0
5.22739229025	0.0
5.23029478458	0.0
5.23319727891	0.0
5.23609977324	0.0
5.23900226757	0.0
5.2419047619	0.0
5.24480725624	0.0
5.24770975057	0.0
5.2506122449	0.0
5.25351473923	0.0
5.25641723356	0.0
5.25931972789	0.0
5.26222222222	0.0
5.26512471655	0.0
5.26802721088	0.0
5.27092970522	0.0
5.27383219955	0.0
5.27673469388	0.0
5.27963718821	0.0
5.28253968254	0.0
5.28544217687	0.0
5.2883446712	0.0
5.29124716553	0.0
5.29414965986	0.0
5.2970521542	0.0
5.29995464853	0.0
5.30285714286	0.0
5.30575963719	0.0
5.30866213152	0.0
5.31156462585	0.0
5.31446712018	0.0
5.31736961451	0.0
5.32027210884	0.0
5.32317460317	0.0
5.32607709751	0.0
5.32897959184	0.0
5.33188208617	0.0
5.3347845805	0.0
5.33768707483	0.0
5.34058956916	0.0
5.34349206349	0.0
5.34639455782	0.0
5.34929705215	0.0
5.35219954649	0.0
5.35510204082	0.0
5.35800453515	0.0
5.36090702948	0.0
5.36380952381	0.0
5.36671201814	0.0
5.36961451247	0.0
5.3725170068	0.0
5.37541950113	0.0
5.37832199546	0.0
5.3812244898	0.0
5.38412698413	0.0
5.38702947846	0.0
5.38993197279	0.0
5.39283446712	0.0
5.39573696145	0.0
5.39863945578	0.0
5.40154195011	0.0
5.40444444444	0.0
5.40734693878	0.0
5.41024943311	0.0
