0.0	0.0
0.00290249433107	0.0
0.00580498866213	0.0
0.0087074829932	0.0
0.0116099773243	0.0
0.0145124716553	0.0
0.0174149659864	0.0
0.0203174603175	0.0
0.0232199546485	0.0
0.0261224489796	0.0
0.0290249433107	0.0
0.0319274376417	0.0
0.0348299319728	0.0
0.0377324263039	0.0
0.0406349206349	0.0
0.043537414966	0.0
0.0464399092971	0.0
0.0493424036281	0.0
0.0522448979592	0.0
0.0551473922902	0.0
0.0580498866213	0.0
0.0609523809524	0.0
0.0638548752834	0.0
0.0667573696145	0.0
0.0696598639456	0.0
0.0725623582766	321.726959229
0.0754648526077	320.428741455
0.0783673469388	319.504638672
0.0812698412698	319.504638672
0.0841723356009	318.583190918
0.087074829932	317.664428711
0.089977324263	317.114440918
0.0928798185941	316.56539917
0.0957823129252	316.382598877
0.0986848072562	316.017303467
0.101587301587	316.017303467
0.104489795918	316.748291016
0.107392290249	317.480987549
0.11029478458	318.767272949
0.113197278912	320.984466553
0.116099773243	323.590698242
0.119002267574	326.029724121
0.121904761905	328.676940918
0.124807256236	330.771942139
0.127709750567	332.49597168
0.130612244898	333.650299072
0.133514739229	334.808654785
0.13641723356	334.808654785
0.139319727891	334.035980225
0.142222222222	332.688079834
0.145124716553	331.345611572
0.148027210884	330.199249268
0.150929705215	329.24697876
0.153832199546	328.676940918
0.156734693878	328.297454834
0.159637188209	328.107879639
0.16253968254	328.487121582
0.165442176871	328.866821289
0.168344671202	329.437225342
0.171247165533	330.390045166
0.174149659864	330.963043213
0.177052154195	331.345611572
0.179954648526	331.920288086
0.182857142857	331.920288086
0.185759637188	332.112091064
0.188662131519	331.920288086
0.19156462585	331.728637695
0.194467120181	331.345611572
0.197369614512	331.154296875
0.200272108844	330.963043213
0.203174603175	330.771942139
0.206077097506	330.771942139
0.208979591837	330.580932617
0.211882086168	330.771942139
0.214784580499	330.771942139
0.21768707483	330.963043213
0.220589569161	330.963043213
0.223492063492	330.771942139
0.226394557823	330.580932617
0.229297052154	330.008575439
0.232199546485	329.437225342
0.235102040816	328.487121582
0.238004535147	327.729034424
0.240907029478	327.350646973
0.24380952381	326.406585693
0.246712018141	326.406585693
0.249614512472	326.406585693
0.252517006803	326.595184326
0.255419501134	327.161621094
0.258321995465	327.729034424
0.261224489796	328.107879639
0.264126984127	328.487121582
0.267029478458	328.866821289
0.269931972789	329.437225342
0.27283446712	330.008575439
0.275736961451	330.390045166
0.278639455782	330.963043213
0.281541950113	331.154296875
0.284444444444	331.537078857
0.287346938776	331.728637695
0.290249433107	331.920288086
0.293151927438	331.920288086
0.296054421769	331.920288086
0.2989569161	331.920288086
0.301859410431	331.537078857
0.304761904762	331.537078857
0.307664399093	331.537078857
0.310566893424	331.920288086
0.313469387755	332.49597168
0.316371882086	333.072631836
0.319274376417	333.650299072
0.322176870748	334.228973389
0.325079365079	334.808654785
0.32798185941	335.195678711
0.330884353741	335.583129883
0.333786848073	335.971038818
0.336689342404	335.971038818
0.339591836735	336.165161133
0.342494331066	336.359375
0.345396825397	336.359375
0.348299319728	336.359375
0.351201814059	336.165161133
0.35410430839	336.359375
0.357006802721	335.971038818
0.359909297052	336.165161133
0.362811791383	336.553741455
0.365714285714	336.165161133
0.368616780045	336.359375
0.371519274376	336.165161133
0.374421768707	336.359375
0.377324263039	336.942749023
0.38022675737	337.137451172
0.383129251701	335.583129883
0.386031746032	335.195678711
0.388934240363	334.422088623
0.391836734694	334.035980225
0.394739229025	333.650299072
0.397641723356	333.265075684
0.400544217687	333.072631836
0.403446712018	332.688079834
0.406349206349	332.49597168
0.40925170068	332.303955078
0.412154195011	332.112091064
0.415056689342	331.920288086
0.417959183673	331.920288086
0.420861678005	331.728637695
0.423764172336	331.728637695
0.426666666667	331.537078857
0.429569160998	331.728637695
0.432471655329	332.880310059
0.43537414966	329.818023682
0.438276643991	328.676940918
0.441179138322	327.539794922
0.444081632653	327.350646973
0.446984126984	329.056854248
0.449886621315	330.771942139
0.452789115646	330.390045166
0.455691609977	330.390045166
0.458594104308	330.390045166
0.461496598639	330.580932617
0.464399092971	330.771942139
0.467301587302	331.154296875
0.470204081633	331.537078857
0.473106575964	331.920288086
0.476009070295	332.112091064
0.478911564626	332.49597168
0.481814058957	332.880310059
0.484716553288	333.072631836
0.487619047619	333.265075684
0.49052154195	332.49597168
0.493424036281	332.112091064
0.496326530612	332.112091064
0.499229024943	331.920288086
0.502131519274	332.303955078
0.505034013605	331.920288086
0.507936507937	331.537078857
0.510839002268	331.154296875
0.513741496599	330.963043213
0.51664399093	330.771942139
0.519546485261	330.580932617
0.522448979592	330.580932617
0.525351473923	330.771942139
0.528253968254	330.580932617
0.531156462585	330.771942139
0.534058956916	330.390045166
0.536961451247	329.818023682
0.539863945578	329.24697876
0.542766439909	328.676940918
0.54566893424	328.676940918
0.548571428571	328.676940918
0.551473922902	328.866821289
0.554376417234	329.24697876
0.557278911565	329.818023682
0.560181405896	330.390045166
0.563083900227	330.771942139
0.565986394558	331.537078857
0.568888888889	332.112091064
0.57179138322	332.49597168
0.574693877551	332.880310059
0.577596371882	332.688079834
0.580498866213	331.920288086
0.583401360544	330.390045166
0.586303854875	328.676940918
0.589206349206	327.729034424
0.592108843537	327.350646973
0.595011337868	327.729034424
0.5979138322	328.866821289
0.600816326531	330.199249268
0.603718820862	331.154296875
0.606621315193	331.345611572
0.609523809524	330.008575439
0.612426303855	328.487121582
0.615328798186	327.161621094
0.618231292517	326.595184326
0.621133786848	326.595184326
0.624036281179	327.350646973
0.62693877551	329.24697876
0.629841269841	331.345611572
0.632743764172	333.265075684
0.635646258503	333.843078613
0.638548752834	333.265075684
0.641451247166	330.771942139
0.644353741497	327.918395996
0.647256235828	325.653289795
0.650158730159	324.526641846
0.65306122449	324.714141846
0.655963718821	325.841461182
0.658866213152	327.918395996
0.661768707483	330.390045166
0.664671201814	332.49597168
0.667573696145	333.457641602
0.670476190476	334.422088623
0.673378684807	334.808654785
0.676281179138	335.002105713
0.679183673469	335.002105713
0.6820861678	335.389343262
0.684988662132	336.165161133
0.687891156463	336.748199463
0.690793650794	337.332244873
0.693696145125	337.527130127
0.696598639456	337.917297363
0.699501133787	338.89465332
0.702403628118	340.464294434
0.705306122449	342.832427979
0.70820861678	346.215484619
0.711111111111	349.631896973
0.714013605442	352.470733643
0.716916099773	354.512573242
0.719818594104	355.948913574
0.722721088435	356.154571533
0.725623582766	355.53793335
0.728526077098	354.103271484
0.731428571429	351.251281738
0.73433106576	344.221405029
0.737233560091	336.942749023
0.740136054422	336.553741455
0.743038548753	337.527130127
0.745941043084	350.238311768
0.748843537415	352.674407959
0.751746031746	356.154571533
0.754648526077	359.046386719
0.757551020408	360.501068115
0.760453514739	361.126312256
0.76335600907	360.709350586
0.766258503401	357.597564697
0.769160997732	354.512573242
0.772063492063	352.878173828
0.774965986395	352.470733643
0.777868480726	352.674407959
0.780770975057	353.286071777
0.783673469388	353.69442749
0.786575963719	354.307861328
0.78947845805	354.717407227
0.792380952381	354.103271484
0.795283446712	352.267211914
0.798185941043	349.430023193
0.801088435374	347.618164062
0.803990929705	346.415496826
0.806893424036	344.81842041
0.809795918367	343.22869873
0.812698412698	341.843719482
0.815600907029	341.251861572
0.818503401361	341.251861572
0.821405895692	341.64630127
0.824308390023	342.634429932
0.827210884354	344.221405029
0.830113378685	413.867858887
0.833015873016	415.064880371
0.835918367347	416.265350342
0.838820861678	417.469329834
0.841723356009	418.918670654
0.84462585034	419.402893066
0.847528344671	419.160705566
0.850430839002	418.434997559
0.853333333333	417.469329834
0.856235827664	417.228240967
0.859138321995	416.987335205
0.862040816327	416.987335205
0.864943310658	417.228240967
0.867845804989	417.228240967
0.87074829932	417.228240967
0.873650793651	416.746520996
0.876553287982	416.265350342
0.879455782313	415.544647217
0.882358276644	415.544647217
0.885260770975	416.987335205
0.888163265306	418.676757812
0.891065759637	419.887695312
0.893968253968	421.102142334
0.896870748299	421.588897705
0.89977324263	421.832489014
0.902675736961	421.345428467
0.905578231293	420.858978271
0.908480725624	420.130310059
0.911383219955	419.887695312
0.914285714286	420.130310059
0.917188208617	420.373046875
0.920090702948	420.858978271
0.922993197279	421.102142334
0.92589569161	421.832489014
0.928798185941	422.076202393
0.931700680272	422.076202393
0.934603174603	421.588897705
0.937505668934	421.345428467
0.940408163265	420.858978271
0.943310657596	420.615936279
0.946213151927	420.130310059
0.949115646259	419.887695312
0.95201814059	419.645233154
0.954920634921	419.645233154
0.957823129252	420.373046875
0.960725623583	420.615936279
0.963628117914	420.373046875
0.966530612245	420.373046875
0.969433106576	420.130310059
0.972335600907	419.645233154
0.975238095238	418.918670654
0.978140589569	418.434997559
0.9810430839	417.228240967
0.983945578231	416.265350342
0.986848072562	415.064880371
0.989750566893	412.912719727
0.992653061224	411.246520996
0.995555555556	410.771728516
0.998458049887	417.710540771
1.00136054422	422.808258057
1.00426303855	425.257537842
1.00716553288	425.995117188
1.01006802721	425.74911499
1.01297052154	423.541564941
1.01587301587	418.676757812
1.0187755102	411.484161377
1.02167800454	408.170013428
1.02458049887	406.757843018
1.0274829932	406.522979736
1.03038548753	406.288208008
1.03328798186	406.757843018
1.03619047619	407.698760986
1.03909297052	410.771728516
1.04199546485	424.766571045
1.04489795918	432.441070557
1.04780045351	437.465789795
1.05070294785	441.782684326
1.05360544218	445.369720459
1.05650793651	447.949737549
1.05941043084	448.726654053
1.06231292517	448.467529297
1.0652154195	447.174163818
1.06811791383	445.369720459
1.07102040816	443.572570801
1.07392290249	441.527557373
1.07682539683	440.0
1.07972789116	439.745910645
1.08263038549	441.782684326
1.08553287982	445.369720459
1.08843537415	448.985900879
1.09133786848	451.065460205
1.09424036281	451.84777832
1.09714285714	451.326080322
1.10004535147	448.985900879
1.1029478458	445.627075195
1.10585034014	441.527557373
1.10875283447	438.731048584
1.1116553288	437.971466064
1.11455782313	438.731048584
1.11746031746	440.254241943
1.12036281179	442.293334961
1.12326530612	444.855529785
1.12616780045	446.399932861
1.12907029478	447.949737549
1.13197278912	448.208557129
1.13487528345	447.949737549
1.13777777778	447.174163818
1.14068027211	446.142181396
1.14358276644	444.598632812
1.14648526077	443.828887939
1.1493877551	442.54888916
1.15229024943	442.54888916
1.15519274376	442.54888916
1.1580952381	443.060455322
1.16099773243	443.060455322
1.16390022676	443.316436768
1.16680272109	443.060455322
1.16970521542	443.316436768
1.17260770975	443.316436768
1.17551020408	443.572570801
1.17841269841	443.572570801
1.18131519274	443.572570801
1.18421768707	443.316436768
1.18712018141	443.316436768
1.19002267574	443.316436768
1.19292517007	443.060455322
1.1958276644	442.804595947
1.19873015873	442.54888916
1.20163265306	442.293334961
1.20453514739	442.293334961
1.20743764172	441.782684326
1.21034013605	441.782684326
1.21324263039	441.272613525
1.21614512472	441.272613525
1.21904761905	441.272613525
1.22195011338	441.527557373
1.22485260771	442.03793335
1.22775510204	442.54888916
1.23065759637	443.316436768
1.2335600907	444.085327148
1.23646258503	444.341888428
1.23936507937	444.855529785
1.2422675737	445.112548828
1.24517006803	445.369720459
1.24807256236	445.627075195
1.25097505669	445.369720459
1.25387755102	445.369720459
1.25678004535	445.369720459
1.25968253968	445.369720459
1.26258503401	445.112548828
1.26548752834	445.369720459
1.26839002268	445.627075195
1.27129251701	446.142181396
1.27419501134	446.91595459
1.27709750567	447.949737549
1.28	448.726654053
1.28290249433	449.245330811
1.28580498866	449.76461792
1.28870748299	450.544677734
1.29160997732	451.065460205
1.29451247166	451.586853027
1.29741496599	452.108856201
1.30031746032	452.631469727
1.30321995465	452.892974854
1.30612244898	452.892974854
1.30902494331	452.37008667
1.31192743764	451.84777832
1.31482993197	452.892974854
1.3177324263	458.155334473
1.32063492063	460.543304443
1.32353741497	461.608642578
1.3264399093	462.409240723
1.32934240363	459.215148926
1.33224489796	459.215148926
1.33514739229	457.362121582
1.33804988662	454.465301514
1.34095238095	452.892974854
1.34385487528	451.586853027
1.34675736961	450.284515381
1.34965986395	448.985900879
1.35256235828	447.691070557
1.35546485261	446.142181396
1.35836734694	445.884552002
1.36126984127	447.691070557
1.3641723356	503.969665527
1.36707482993	503.969665527
1.36997732426	503.678619385
1.37287981859	502.516235352
1.37578231293	499.910614014
1.37868480726	495.311767578
1.38158730159	492.743499756
1.38448979592	493.028198242
1.38739229025	494.168670654
1.39029478458	495.025726318
1.39319727891	496.74432373
1.39609977324	501.356506348
1.39900226757	502.516235352
1.4019047619	500.199462891
1.40480725624	499.333435059
1.40770975057	498.75692749
1.4106122449	497.605865479
1.41351473923	501.936035156
1.41641723356	491.32244873
1.41931972789	494.454193115
1.42222222222	495.597930908
1.42512471655	495.597930908
1.42802721088	495.025726318
1.43092970522	493.598114014
1.43383219955	485.679138184
1.43673469388	507.182006836
1.43963718821	508.648895264
1.44253968254	508.648895264
1.44544217687	508.648895264
1.4483446712	497.31854248
1.45124716553	496.170806885
1.45414965986	496.457489014
1.4570521542	484.838256836
1.45995464853	489.339874268
1.46285714286	490.755187988
1.46575963719	491.60635376
1.46866213152	493.598114014
1.47156462585	497.031341553
1.47446712018	501.936035156
1.47736961451	505.135406494
1.48027210884	506.889129639
1.48317460317	507.182006836
1.48607709751	506.889129639
1.48897959184	505.427276611
1.49188208617	503.097106934
1.4947845805	500.199462891
1.49768707483	499.333435059
1.50058956916	499.621948242
1.50349206349	501.066986084
1.50639455782	502.226043701
1.50929705215	503.387786865
1.51219954649	504.552185059
1.51510204082	505.427276611
1.51800453515	505.719299316
1.52090702948	506.303863525
1.52380952381	506.011505127
1.52671201814	505.719299316
1.52961451247	505.135406494
1.5325170068	504.26083374
1.53541950113	503.387786865
1.53832199546	503.097106934
1.5412244898	502.80657959
1.54412698413	502.516235352
1.54702947846	502.516235352
1.54993197279	503.097106934
1.55283446712	503.387786865
1.55573696145	503.678619385
1.55863945578	503.097106934
1.56154195011	502.226043701
1.56444444444	499.04510498
1.56734693878	498.468902588
1.57024943311	491.890380859
1.57315192744	489.057312012
1.57605442177	487.083862305
1.5789569161	487.083862305
1.58185941043	488.774902344
1.58476190476	492.174591064
1.58766439909	495.597930908
1.59056689342	497.31854248
1.59346938776	499.621948242
1.59637188209	501.066986084
1.59927437642	501.646179199
1.60217687075	502.226043701
1.60507936508	503.097106934
1.60798185941	503.969665527
1.61088435374	504.26083374
1.61378684807	504.26083374
1.6166893424	503.969665527
1.61959183673	503.097106934
1.62249433107	503.387786865
1.6253968254	502.80657959
1.62829931973	501.356506348
1.63120181406	500.199462891
1.63410430839	500.199462891
1.63700680272	501.356506348
1.63990929705	503.387786865
1.64281179138	504.843719482
1.64571428571	507.182006836
1.64861678005	508.942810059
1.65151927438	508.648895264
1.65442176871	507.768249512
1.65732426304	505.719299316
1.66022675737	502.80657959
1.6631292517	499.910614014
1.66603174603	499.333435059
1.66893424036	499.04510498
1.67183673469	498.468902588
1.67473922902	498.181060791
1.67764172336	498.181060791
1.68054421769	498.75692749
1.68344671202	497.8934021
1.68634920635	495.597930908
1.68925170068	493.883300781
1.69215419501	493.598114014
1.69505668934	493.313079834
1.69795918367	491.60635376
1.700861678	488.492645264
1.70376417234	482.881835938
1.70666666667	477.335449219
1.709569161	412.435974121
1.71247165533	412.435974121
1.71537414966	412.674285889
1.71827664399	413.390014648
1.72117913832	414.825195312
1.72408163265	416.505889893
1.72698412698	417.469329834
1.72988662132	417.710540771
1.73278911565	417.951873779
1.73569160998	418.193359375
1.73859410431	418.434997559
1.74149659864	418.434997559
1.74439909297	417.710540771
1.7473015873	415.784759521
1.75020408163	413.867858887
1.75310657596	412.435974121
1.75600907029	411.484161377
1.75891156463	411.009063721
1.76181405896	411.009063721
1.76471655329	411.484161377
1.76761904762	412.435974121
1.77052154195	413.151306152
1.77342403628	414.106994629
1.77632653061	414.106994629
1.77922902494	413.628875732
1.78213151927	412.674285889
1.78503401361	411.721893311
1.78793650794	411.009063721
1.79083900227	410.534515381
1.7937414966	410.297454834
1.79664399093	410.060516357
1.79954648526	410.534515381
1.80244897959	411.246520996
1.80535147392	411.959777832
1.80825396825	411.959777832
1.81115646259	411.959777832
1.81405895692	411.484161377
1.81696145125	411.246520996
1.81986394558	411.009063721
1.82276643991	411.484161377
1.82566893424	411.959777832
1.82857142857	411.959777832
1.8314739229	412.912719727
1.83437641723	414.346252441
1.83727891156	415.3046875
1.8401814059	415.544647217
1.84308390023	415.784759521
1.84598639456	415.784759521
1.84888888889	415.544647217
1.85179138322	415.3046875
1.85469387755	415.064880371
1.85759637188	414.825195312
1.86049886621	414.825195312
1.86340136054	414.585662842
1.86630385488	414.585662842
1.86920634921	414.585662842
1.87210884354	414.585662842
1.87501133787	414.585662842
1.8779138322	415.784759521
1.88081632653	416.987335205
1.88371882086	418.193359375
1.88662131519	418.676757812
1.88952380952	419.402893066
1.89242630385	420.130310059
1.89532879819	420.373046875
1.89823129252	420.615936279
1.90113378685	421.102142334
1.90403628118	421.345428467
1.90693877551	421.588897705
1.90984126984	421.832489014
1.91274376417	421.832489014
1.9156462585	421.832489014
1.91854875283	422.076202393
1.92145124717	421.832489014
1.9243537415	421.588897705
1.92725623583	421.345428467
1.93015873016	421.102142334
1.93306122449	420.615936279
1.93596371882	420.130310059
1.93886621315	419.645233154
1.94176870748	419.160705566
1.94467120181	419.160705566
1.94757369615	418.918670654
1.95047619048	419.160705566
1.95337868481	419.402893066
1.95628117914	420.130310059
1.95918367347	420.858978271
1.9620861678	421.588897705
1.96498866213	422.564086914
1.96789115646	422.808258057
1.97079365079	423.541564941
1.97369614512	423.541564941
1.97659863946	423.05255127
1.97950113379	422.564086914
1.98240362812	422.320098877
1.98530612245	421.832489014
1.98820861678	420.615936279
1.99111111111	416.746520996
1.99401360544	411.484161377
1.99691609977	408.641815186
1.9998185941	408.877929688
2.00272108844	410.534515381
2.00562358277	413.867858887
2.0085260771	417.710540771
2.01142857143	432.441070557
2.01433106576	436.204162598
2.01723356009	443.316436768
2.02013605442	450.804992676
2.02303854875	454.465301514
2.02594104308	455.779754639
2.02884353741	456.04309082
2.03174603175	454.465301514
2.03464852608	451.84777832
2.03755102041	445.627075195
2.04045351474	435.952270508
2.04335600907	433.441375732
2.0462585034	453.154663086
2.04916099773	451.84777832
2.05206349206	455.253540039
2.05496598639	456.306610107
2.05786848073	456.04309082
2.06077097506	454.727905273
2.06367346939	447.691070557
2.06657596372	443.316436768
2.06947845805	442.03793335
2.07238095238	443.316436768
2.07528344671	445.369720459
2.07818594104	447.691070557
2.08108843537	449.245330811
2.08399092971	450.024505615
2.08689342404	449.76461792
2.08979591837	448.467529297
2.0926984127	446.399932861
2.09560090703	443.060455322
2.09850340136	440.508605957
2.10140589569	438.984558105
2.10430839002	438.477722168
2.10721088435	438.731048584
2.11011337868	440.0
2.11301587302	441.272613525
2.11591836735	442.03793335
2.11882086168	441.782684326
2.12172335601	441.527557373
2.12462585034	440.763122559
2.12752834467	440.508605957
2.130430839	440.763122559
2.13333333333	441.272613525
2.13623582766	442.03793335
2.139138322	443.572570801
2.14204081633	444.598632812
2.14494331066	445.369720459
2.14784580499	445.884552002
2.15074829932	445.627075195
2.15365079365	445.112548828
2.15655328798	444.598632812
2.15945578231	444.085327148
2.16235827664	443.316436768
2.16526077098	443.060455322
2.16816326531	442.804595947
2.17106575964	442.804595947
2.17396825397	442.804595947
2.1768707483	442.804595947
2.17977324263	442.54888916
2.18267573696	442.293334961
2.18557823129	442.54888916
2.18848072562	442.804595947
2.19138321995	443.572570801
2.19428571429	444.598632812
2.19718820862	445.627075195
2.20009070295	446.657867432
2.20299319728	447.174163818
2.20589569161	447.691070557
2.20879818594	447.432556152
2.21170068027	446.91595459
2.2146031746	446.657867432
2.21750566893	445.884552002
2.22040816327	445.627075195
2.2233106576	445.627075195
2.22621315193	445.884552002
2.22911564626	446.142181396
2.23201814059	446.657867432
2.23492063492	446.657867432
2.23782312925	447.174163818
2.24072562358	447.432556152
2.24362811791	447.949737549
2.24653061224	447.949737549
2.24943310658	448.467529297
2.25233560091	448.726654053
2.25523809524	448.985900879
2.25814058957	448.726654053
2.2610430839	448.467529297
2.26394557823	447.949737549
2.26684807256	447.432556152
2.26975056689	447.432556152
2.27265306122	447.174163818
2.27555555556	447.432556152
2.27845804989	447.432556152
2.28136054422	447.691070557
2.28426303855	448.208557129
2.28716553288	448.467529297
2.29006802721	448.726654053
2.29297052154	448.467529297
2.29587301587	447.949737549
2.2987755102	447.174163818
2.30167800454	446.399932861
2.30458049887	445.369720459
2.3074829932	444.598632812
2.31038548753	444.341888428
2.31328798186	444.085327148
2.31619047619	443.828887939
2.31909297052	444.085327148
2.32199546485	444.341888428
2.32489795918	444.341888428
2.32780045351	444.341888428
2.33070294785	444.085327148
2.33360544218	444.085327148
2.33650793651	444.085327148
2.33941043084	444.085327148
2.34231292517	443.828887939
2.3452154195	443.828887939
2.34811791383	443.572570801
2.35102040816	443.316436768
2.35392290249	443.316436768
2.35682539683	443.060455322
2.35972789116	443.060455322
2.36263038549	443.060455322
2.36553287982	442.804595947
2.36843537415	442.804595947
2.37133786848	442.804595947
2.37424036281	443.060455322
2.37714285714	443.060455322
2.38004535147	442.804595947
2.3829478458	442.804595947
2.38585034014	442.804595947
2.38875283447	442.804595947
2.3916553288	442.804595947
2.39455782313	442.804595947
2.39746031746	442.54888916
2.40036281179	442.804595947
2.40326530612	442.54888916
2.40616780045	442.54888916
2.40907029478	442.804595947
2.41197278912	442.804595947
2.41487528345	442.804595947
2.41777777778	443.060455322
2.42068027211	443.060455322
2.42358276644	442.804595947
2.42648526077	442.804595947
2.4293877551	442.804595947
2.43229024943	443.060455322
2.43519274376	443.060455322
2.4380952381	443.060455322
2.44099773243	443.060455322
2.44390022676	443.316436768
2.44680272109	443.316436768
2.44970521542	443.316436768
2.45260770975	443.316436768
2.45551020408	443.060455322
2.45841269841	443.316436768
2.46131519274	443.060455322
2.46421768707	443.060455322
2.46712018141	443.060455322
2.47002267574	443.060455322
2.47292517007	443.060455322
2.4758276644	443.060455322
2.47873015873	443.060455322
2.48163265306	443.060455322
2.48453514739	443.060455322
2.48743764172	442.804595947
2.49034013605	442.804595947
2.49324263039	442.54888916
2.49614512472	442.54888916
2.49904761905	442.54888916
2.50195011338	442.293334961
2.50485260771	441.782684326
2.50775510204	441.527557373
2.51065759637	441.527557373
2.5135600907	441.272613525
2.51646258503	441.272613525
2.51936507937	441.527557373
2.5222675737	441.782684326
2.52517006803	442.03793335
2.52807256236	442.03793335
2.53097505669	442.03793335
2.53387755102	441.782684326
2.53678004535	442.03793335
2.53968253968	442.03793335
2.54258503401	442.03793335
2.54548752834	441.782684326
2.54839002268	442.03793335
2.55129251701	442.54888916
2.55419501134	443.316436768
2.55709750567	444.341888428
2.56	444.598632812
2.56290249433	445.112548828
2.56580498866	444.855529785
2.56870748299	444.855529785
2.57160997732	444.598632812
2.57451247166	444.855529785
2.57741496599	445.112548828
2.58031746032	444.598632812
2.58321995465	444.085327148
2.58612244898	443.316436768
2.58902494331	442.804595947
2.59192743764	442.293334961
2.59482993197	442.03793335
2.5977324263	441.782684326
2.60063492063	384.594146729
2.60353741497	383.485015869
2.6064399093	381.937561035
2.60934240363	381.496612549
2.61224489796	381.717010498
2.61514739229	383.706573486
2.61804988662	386.82208252
2.62095238095	391.090789795
2.62385487528	398.386901855
2.62675736961	406.053588867
2.62965986395	411.246520996
2.63256235828	413.390014648
2.63546485261	414.346252441
2.63836734694	414.346252441
2.64126984127	414.585662842
2.6441723356	415.064880371
2.64707482993	416.024993896
2.64997732426	417.228240967
2.65287981859	418.193359375
2.65578231293	418.918670654
2.65868480726	418.918670654
2.66158730159	417.951873779
2.66448979592	416.265350342
2.66739229025	414.585662842
2.67029478458	413.151306152
2.67319727891	413.151306152
2.67609977324	414.106994629
2.67900226757	415.3046875
2.6819047619	416.265350342
2.68480725624	416.987335205
2.68770975057	417.228240967
2.6906122449	416.987335205
2.69351473923	416.024993896
2.69641723356	414.825195312
2.69931972789	413.867858887
2.70222222222	413.867858887
2.70512471655	415.064880371
2.70802721088	416.505889893
2.71092970522	417.469329834
2.71383219955	418.434997559
2.71673469388	418.918670654
2.71963718821	418.918670654
2.72253968254	418.193359375
2.72544217687	416.987335205
2.7283446712	416.024993896
2.73124716553	415.784759521
2.73414965986	416.505889893
2.7370521542	417.710540771
2.73995464853	418.918670654
2.74285714286	420.130310059
2.74575963719	421.102142334
2.74866213152	421.588897705
2.75156462585	421.832489014
2.75446712018	421.588897705
2.75736961451	421.588897705
2.76027210884	421.102142334
2.76317460317	421.102142334
2.76607709751	421.102142334
2.76897959184	421.102142334
2.77188208617	421.345428467
2.7747845805	421.102142334
2.77768707483	420.615936279
2.78058956916	420.130310059
2.78349206349	419.645233154
2.78639455782	418.918670654
2.78929705215	418.193359375
2.79219954649	417.951873779
2.79510204082	417.951873779
2.79800453515	418.918670654
2.80090702948	419.887695312
2.80380952381	420.373046875
2.80671201814	420.615936279
2.80961451247	420.373046875
2.8125170068	419.645233154
2.81541950113	418.193359375
2.81832199546	416.987335205
2.8212244898	416.024993896
2.82412698413	415.544647217
2.82702947846	415.064880371
2.82993197279	415.3046875
2.83283446712	415.544647217
2.83573696145	415.784759521
2.83863945578	416.265350342
2.84154195011	416.746520996
2.84444444444	416.987335205
2.84734693878	417.228240967
2.85024943311	417.228240967
2.85315192744	416.987335205
2.85605442177	416.746520996
2.8589569161	416.265350342
2.86185941043	416.024993896
2.86476190476	415.3046875
2.86766439909	414.825195312
2.87056689342	414.346252441
2.87346938776	414.106994629
2.87637188209	414.585662842
2.87927437642	415.544647217
2.88217687075	416.746520996
2.88507936508	418.193359375
2.88798185941	419.402893066
2.89088435374	420.373046875
2.89378684807	420.615936279
2.8966893424	420.615936279
2.89959183673	420.130310059
2.90249433107	418.918670654
2.9053968254	417.951873779
2.90829931973	416.505889893
2.91120181406	414.585662842
2.91410430839	412.674285889
2.91700680272	411.246520996
2.91990929705	411.246520996
2.92281179138	413.151306152
2.92571428571	416.505889893
2.92861678005	419.887695312
2.93151927438	423.296966553
2.93442176871	426.980499268
2.93732426304	430.447357178
2.94022675737	433.942382812
2.9431292517	440.254241943
2.94603174603	446.657867432
2.94893424036	450.284515381
2.95183673469	451.84777832
2.95473922902	452.37008667
2.95764172336	452.37008667
2.96054421769	451.065460205
2.96344671202	448.208557129
2.96634920635	445.369720459
2.96925170068	444.341888428
2.97215419501	444.598632812
2.97505668934	445.884552002
2.97795918367	447.432556152
2.980861678	448.985900879
2.98376417234	449.76461792
2.98666666667	450.024505615
2.989569161	449.50491333
2.99247165533	448.467529297
2.99537414966	446.399932861
2.99827664399	444.085327148
3.00117913832	441.782684326
3.00408163265	440.254241943
3.00698412698	440.254241943
3.00988662132	441.527557373
3.01278911565	443.828887939
3.01569160998	445.884552002
3.01859410431	447.949737549
3.02149659864	449.50491333
3.02439909297	450.024505615
3.0273015873	448.726654053
3.03020408163	446.399932861
3.03310657596	443.572570801
3.03600907029	440.763122559
3.03891156463	439.491973877
3.04181405896	440.0
3.04471655329	441.272613525
3.04761904762	442.804595947
3.05052154195	444.341888428
3.05342403628	445.884552002
3.05632653061	446.91595459
3.05922902494	447.432556152
3.06213151927	447.174163818
3.06503401361	446.657867432
3.06793650794	445.884552002
3.07083900227	445.112548828
3.0737414966	444.341888428
3.07664399093	443.572570801
3.07954648526	443.316436768
3.08244897959	443.316436768
3.08535147392	443.572570801
3.08825396825	443.828887939
3.09115646259	444.341888428
3.09405895692	444.341888428
3.09696145125	444.598632812
3.09986394558	444.341888428
3.10276643991	444.341888428
3.10566893424	444.598632812
3.10857142857	444.855529785
3.1114739229	445.369720459
3.11437641723	446.142181396
3.11727891156	446.399932861
3.1201814059	446.657867432
3.12308390023	446.657867432
3.12598639456	446.91595459
3.12888888889	446.657867432
3.13179138322	446.657867432
3.13469387755	446.657867432
3.13759637188	446.657867432
3.14049886621	446.657867432
3.14340136054	447.174163818
3.14630385488	447.432556152
3.14920634921	447.691070557
3.15210884354	447.691070557
3.15501133787	447.949737549
3.1579138322	448.467529297
3.16081632653	448.726654053
3.16371882086	449.50491333
3.16662131519	450.284515381
3.16952380952	450.024505615
3.17242630385	449.245330811
3.17532879819	447.432556152
3.17823129252	445.884552002
3.18113378685	444.341888428
3.18403628118	442.804595947
3.18693877551	443.316436768
3.18984126984	445.627075195
3.19274376417	447.691070557
3.1956462585	448.726654053
3.19854875283	448.726654053
3.20145124717	448.467529297
3.2043537415	447.691070557
3.20725623583	447.174163818
3.21015873016	446.657867432
3.21306122449	446.142181396
3.21596371882	446.399932861
3.21886621315	447.174163818
3.22176870748	447.174163818
3.22467120181	446.399932861
3.22757369615	445.884552002
3.23047619048	0.0
3.23337868481	0.0
3.23628117914	0.0
3.23918367347	0.0
3.2420861678	0.0
3.24498866213	0.0
3.24789115646	0.0
3.25079365079	495.311767578
3.25369614512	496.457489014
3.25659863946	497.605865479
3.25950113379	499.04510498
3.26240362812	499.910614014
3.26530612245	500.488464355
3.26820861678	500.777648926
3.27111111111	501.066986084
3.27401360544	501.356506348
3.27691609977	501.646179199
3.2798185941	501.066986084
3.28272108844	499.04510498
3.28562358277	493.028198242
3.2885260771	488.774902344
3.29142857143	486.802581787
3.29433106576	485.679138184
3.29723356009	484.558288574
3.30013605442	482.881835938
3.30303854875	481.489227295
3.30594104308	482.324310303
3.30884353741	485.679138184
3.31174603175	487.928649902
3.31464852608	489.339874268
3.31755102041	490.471801758
3.32045351474	490.755187988
3.32335600907	490.755187988
3.3262585034	490.188568115
3.32916099773	489.339874268
3.33206349206	488.774902344
3.33496598639	488.210571289
3.33786848073	488.210571289
3.34077097506	487.928649902
3.34367346939	487.36529541
3.34657596372	486.521484375
3.34947845805	484.838256836
3.35238095238	480.37802124
3.35528344671	490.471801758
3.35818594104	490.188568115
3.36108843537	490.188568115
3.36399092971	477.887207031
3.36689342404	480.655578613
3.36979591837	481.767425537
3.3726984127	485.679138184
3.37560090703	486.521484375
3.37850340136	487.083862305
3.38140589569	487.36529541
3.38430839002	487.083862305
3.38721088435	487.083862305
3.39011337868	487.083862305
3.39301587302	486.802581787
3.39591836735	487.083862305
3.39882086168	486.521484375
3.40172335601	485.679138184
3.40462585034	485.118377686
3.40752834467	483.160827637
3.410430839	482.324310303
3.41333333333	482.045776367
3.41623582766	482.602996826
3.419138322	483.440002441
3.42204081633	484.2784729
3.42494331066	484.838256836
3.42784580499	485.118377686
3.43074829932	485.398681641
3.43365079365	486.240539551
3.43655328798	486.802581787
3.43945578231	487.646881104
3.44235827664	488.210571289
3.44526077098	488.774902344
3.44816326531	489.339874268
3.45106575964	489.339874268
3.45396825397	489.057312012
3.4568707483	487.646881104
3.45977324263	485.959747314
3.46267573696	484.838256836
3.46557823129	484.558288574
3.46848072562	487.36529541
3.47138321995	488.492645264
3.47428571429	489.339874268
3.47718820862	489.622619629
3.48009070295	489.339874268
3.48299319728	488.492645264
3.48589569161	487.083862305
3.48879818594	484.2784729
3.49170068027	482.602996826
3.4946031746	482.324310303
3.49750566893	482.602996826
3.50040816327	484.838256836
3.5033106576	486.802581787
3.50621315193	490.188568115
3.50911564626	490.755187988
3.51201814059	434.444000244
3.51492063492	434.444000244
3.51782312925	434.444000244
3.52072562358	434.444000244
3.52362811791	432.690917969
3.52653061224	431.443054199
3.52943310658	429.70211792
3.53233560091	427.968170166
3.53523809524	426.733947754
3.53814058957	426.241241455
3.5410430839	425.995117188
3.54394557823	426.733947754
3.54684807256	427.227203369
3.54975056689	427.474060059
3.55265306122	425.257537842
3.55555555556	417.710540771
3.55845804989	412.912719727
3.56136054422	409.823730469
3.56426303855	407.463317871
3.56716553288	406.053588867
3.57006802721	405.819122314
3.57297052154	406.288208008
3.57587301587	407.934326172
3.5787755102	408.877929688
3.58167800454	409.11416626
3.58458049887	410.060516357
3.5874829932	411.246520996
3.59038548753	412.912719727
3.59328798186	414.106994629
3.59619047619	415.544647217
3.59909297052	416.987335205
3.60199546485	418.434997559
3.60489795918	419.160705566
3.60780045351	418.193359375
3.61070294785	416.746520996
3.61360544218	414.585662842
3.61650793651	412.912719727
3.61941043084	411.721893311
3.62231292517	410.771728516
3.6252154195	410.060516357
3.62811791383	410.060516357
3.63102040816	410.297454834
3.63392290249	411.246520996
3.63682539683	412.674285889
3.63972789116	413.628875732
3.64263038549	414.346252441
3.64553287982	414.346252441
3.64843537415	413.390014648
3.65133786848	412.435974121
3.65424036281	411.721893311
3.65714285714	410.771728516
3.66004535147	410.060516357
3.6629478458	409.823730469
3.66585034014	410.060516357
3.66875283447	410.771728516
3.6716553288	411.009063721
3.67455782313	411.009063721
3.67746031746	410.534515381
3.68036281179	410.060516357
3.68326530612	409.58706665
3.68616780045	409.11416626
3.68907029478	408.877929688
3.69197278912	408.877929688
3.69487528345	408.877929688
3.69777777778	409.35055542
3.70068027211	409.823730469
3.70358276644	410.060516357
3.70648526077	410.060516357
3.7093877551	409.11416626
3.71229024943	408.405853271
3.71519274376	407.463317871
3.7180952381	406.288208008
3.72099773243	405.116516113
3.72390022676	403.714904785
3.72680272109	402.550628662
3.72970521542	402.085845947
3.73260770975	402.085845947
3.73551020408	402.318145752
3.73841269841	403.248779297
3.74131519274	404.648773193
3.74421768707	406.522979736
3.74712018141	407.934326172
3.75002267574	408.405853271
3.75292517007	409.11416626
3.7558276644	409.823730469
3.75873015873	409.823730469
3.76163265306	410.060516357
3.76453514739	410.060516357
3.76743764172	410.297454834
3.77034013605	410.297454834
3.77324263039	410.297454834
3.77614512472	410.060516357
3.77904761905	409.58706665
3.78195011338	407.463317871
3.78485260771	406.053588867
3.78775510204	402.783203125
3.79065759637	402.318145752
3.7935600907	402.318145752
3.79646258503	396.550201416
3.79936507937	396.550201416
3.8022675737	396.550201416
3.80517006803	396.550201416
3.80807256236	399.539154053
3.81097505669	402.318145752
3.81387755102	405.116516113
3.81678004535	407.934326172
3.81968253968	409.58706665
3.82258503401	410.297454834
3.82548752834	411.246520996
3.82839002268	412.912719727
3.83129251701	415.3046875
3.83419501134	418.676757812
3.83709750567	421.345428467
3.84	423.05255127
3.84290249433	423.05255127
3.84580498866	418.918670654
3.84870748299	411.721893311
3.85160997732	406.522979736
3.85451247166	403.714904785
3.85741496599	403.248779297
3.86031746032	404.18157959
3.86321995465	406.522979736
3.86612244898	411.246520996
3.86902494331	416.987335205
3.87192743764	423.7862854
3.87482993197	430.198822021
3.8777324263	435.448913574
3.88063492063	439.238189697
3.88353741497	442.03793335
3.8864399093	443.572570801
3.88934240363	444.341888428
3.89224489796	444.085327148
3.89514739229	442.54888916
3.89804988662	440.508605957
3.90095238095	438.984558105
3.90385487528	437.718536377
3.90675736961	437.213165283
3.90965986395	437.465789795
3.91256235828	437.718536377
3.91546485261	438.477722168
3.91836734694	439.238189697
3.92126984127	440.254241943
3.9241723356	441.272613525
3.92707482993	442.293334961
3.92997732426	442.804595947
3.93287981859	443.060455322
3.93578231293	442.804595947
3.93868480726	442.293334961
3.94158730159	441.017791748
3.94448979592	439.745910645
3.94739229025	438.224517822
3.95029478458	437.465789795
3.95319727891	437.465789795
3.95609977324	438.984558105
3.95900226757	440.508605957
3.9619047619	441.527557373
3.96480725624	442.03793335
3.96770975057	441.782684326
3.9706122449	441.272613525
3.97351473923	440.763122559
3.97641723356	440.508605957
3.97931972789	440.763122559
3.98222222222	441.782684326
3.98512471655	442.804595947
3.98802721088	443.316436768
3.99092970522	443.572570801
3.99383219955	443.572570801
3.99673469388	442.804595947
3.99963718821	442.54888916
4.00253968254	442.293334961
4.00544217687	442.54888916
4.0083446712	443.572570801
4.01124716553	444.085327148
4.01414965986	444.855529785
4.0170521542	445.112548828
4.01995464853	445.112548828
4.02285714286	444.598632812
4.02575963719	444.341888428
4.02866213152	444.085327148
4.03156462585	443.828887939
4.03446712018	443.828887939
4.03736961451	444.085327148
4.04027210884	444.341888428
4.04317460317	444.598632812
4.04607709751	444.598632812
4.04897959184	444.341888428
4.05188208617	444.085327148
4.0547845805	443.828887939
4.05768707483	443.572570801
4.06058956916	443.316436768
4.06349206349	443.316436768
4.06639455782	443.060455322
4.06929705215	442.804595947
4.07219954649	442.293334961
4.07510204082	441.782684326
4.07800453515	441.272613525
4.08090702948	441.017791748
4.08380952381	440.763122559
4.08671201814	440.763122559
4.08961451247	440.763122559
4.0925170068	441.017791748
4.09541950113	440.763122559
4.09832199546	441.017791748
4.1012244898	440.763122559
4.10412698413	440.763122559
4.10702947846	441.272613525
4.10993197279	441.272613525
4.11283446712	441.527557373
4.11573696145	441.527557373
4.11863945578	442.03793335
4.12154195011	442.03793335
4.12444444444	442.54888916
4.12734693878	442.804595947
4.13024943311	443.316436768
4.13315192744	444.341888428
4.13605442177	446.142181396
4.1389569161	447.174163818
4.14185941043	447.691070557
4.14476190476	446.91595459
4.14766439909	445.369720459
4.15056689342	442.804595947
4.15346938776	438.984558105
4.15637188209	434.946166992
4.15927437642	433.441375732
4.16217687075	434.193115234
4.16507936508	435.448913574
4.16798185941	436.456207275
4.17088435374	438.224517822
4.17378684807	441.782684326
4.1766893424	447.432556152
4.17959183673	379.737762451
4.18249433107	383.485015869
4.1853968254	389.287719727
4.18829931973	393.35635376
4.19120181406	398.847381592
4.19410430839	405.819122314
4.19700680272	411.721893311
4.19990929705	414.346252441
4.20281179138	415.3046875
4.20571428571	415.784759521
4.20861678005	415.784759521
4.21151927438	416.024993896
4.21442176871	416.746520996
4.21732426304	418.193359375
4.22022675737	418.193359375
4.2231292517	418.434997559
4.22603174603	418.434997559
4.22893424036	417.710540771
4.23183673469	416.987335205
4.23473922902	416.024993896
4.23764172336	415.3046875
4.24054421769	415.3046875
4.24344671202	416.024993896
4.24634920635	416.987335205
4.24925170068	417.951873779
4.25215419501	418.193359375
4.25505668934	418.434997559
4.25795918367	417.710540771
4.260861678	416.746520996
4.26376417234	416.024993896
4.26666666667	415.544647217
4.269569161	415.784759521
4.27247165533	416.746520996
4.27537414966	417.710540771
4.27827664399	418.676757812
4.28117913832	418.918670654
4.28408163265	418.434997559
4.28698412698	417.710540771
4.28988662132	416.505889893
4.29278911565	415.784759521
4.29569160998	416.024993896
4.29859410431	417.228240967
4.30149659864	418.434997559
4.30439909297	419.645233154
4.3073015873	420.130310059
4.31020408163	420.130310059
4.31310657596	419.887695312
4.31600907029	418.918670654
4.31891156463	417.951873779
4.32181405896	417.228240967
4.32471655329	417.228240967
4.32761904762	417.710540771
4.33052154195	418.434997559
4.33342403628	418.918670654
4.33632653061	419.402893066
4.33922902494	419.402893066
4.34213151927	419.645233154
4.34503401361	418.918670654
4.34793650794	418.676757812
4.35083900227	417.951873779
4.3537414966	417.469329834
4.35664399093	417.228240967
4.35954648526	417.469329834
4.36244897959	417.951873779
4.36535147392	418.676757812
4.36825396825	418.918670654
4.37115646259	419.160705566
4.37405895692	418.918670654
4.37696145125	418.434997559
4.37986394558	417.710540771
4.38276643991	416.987335205
4.38566893424	416.505889893
4.38857142857	416.505889893
4.3914739229	416.505889893
4.39437641723	416.746520996
4.39727891156	416.987335205
4.4001814059	417.469329834
4.40308390023	417.951873779
4.40598639456	418.193359375
4.40888888889	417.951873779
4.41179138322	417.710540771
4.41469387755	417.228240967
4.41759637188	416.746520996
4.42049886621	415.784759521
4.42340136054	415.064880371
4.42630385488	414.585662842
4.42920634921	415.064880371
4.43210884354	415.3046875
4.43501133787	416.024993896
4.4379138322	416.746520996
4.44081632653	417.228240967
4.44371882086	416.746520996
4.44662131519	416.746520996
4.44952380952	416.265350342
4.45242630385	416.265350342
4.45532879819	416.024993896
4.45823129252	416.024993896
4.46113378685	416.265350342
4.46403628118	416.505889893
4.46693877551	416.265350342
4.46984126984	416.505889893
4.47274376417	416.265350342
4.4756462585	416.746520996
4.47854875283	416.746520996
4.48145124717	416.265350342
4.4843537415	416.746520996
4.48725623583	416.746520996
4.49015873016	416.024993896
4.49306122449	415.064880371
4.49596371882	414.106994629
4.49886621315	0.0
4.50176870748	0.0
4.50467120181	0.0
4.50757369615	0.0
4.51047619048	0.0
4.51337868481	0.0
4.51628117914	0.0
4.51918367347	0.0
4.5220861678	0.0
4.52498866213	0.0
4.52789115646	0.0
4.53079365079	0.0
4.53369614512	0.0
4.53659863946	340.464294434
4.53950113379	342.238861084
4.54240362812	343.427001953
4.54530612245	344.221405029
4.54820861678	344.420288086
4.55111111111	344.420288086
4.55401360544	343.625427246
4.55691609977	343.030487061
4.5598185941	342.832427979
4.56272108844	342.832427979
4.56562358277	343.625427246
4.5685260771	345.017669678
4.57142857143	346.815948486
4.57433106576	348.623596191
4.57723356009	350.03604126
4.58013605442	351.048461914
4.58303854875	351.251281738
4.58594104308	351.45425415
4.58884353741	351.048461914
4.59174603175	350.03604126
4.59464852608	349.228240967
4.59755102041	348.422271729
4.60045351474	347.819030762
4.60335600907	347.216827393
4.6062585034	347.216827393
4.60916099773	347.216827393
4.61206349206	347.417449951
4.61496598639	348.019989014
4.61786848073	348.623596191
4.62077097506	349.430023193
4.62367346939	350.03604126
4.62657596372	350.643157959
4.62947845805	350.845733643
4.63238095238	350.845733643
4.63528344671	350.845733643
4.63818594104	350.643157959
4.64108843537	350.643157959
4.64399092971	350.643157959
4.64689342404	350.238311768
4.64979591837	349.83392334
4.6526984127	349.631896973
4.65560090703	349.228240967
4.65850340136	349.026580811
4.66140589569	348.623596191
4.66430839002	348.623596191
4.66721088435	348.623596191
4.67011337868	348.825012207
4.67301587302	349.026580811
4.67591836735	349.228240967
4.67882086168	349.430023193
4.68172335601	349.631896973
4.68462585034	349.631896973
4.68752834467	349.83392334
4.690430839	349.83392334
4.69333333333	349.83392334
4.69623582766	350.03604126
4.699138322	350.238311768
4.70204081633	350.440673828
4.70494331066	350.643157959
4.70784580499	350.643157959
4.71074829932	350.643157959
4.71365079365	350.440673828
4.71655328798	349.83392334
4.71945578231	349.228240967
4.72235827664	348.422271729
4.72526077098	347.618164062
4.72816326531	347.216827393
4.73106575964	347.016326904
4.73396825397	347.016326904
4.7368707483	347.016326904
4.73977324263	347.016326904
4.74267573696	346.615661621
4.74557823129	345.815734863
4.74848072562	345.017669678
4.75138321995	343.625427246
4.75428571429	342.041229248
4.75718820862	337.137451172
4.76009070295	323.964752197
4.76299319728	318.399230957
4.76589569161	315.652435303
4.76879818594	315.105926514
4.77170068027	315.652435303
4.7746031746	317.847961426
4.77750566893	322.098846436
4.78040816327	326.029724121
4.7833106576	328.487121582
4.78621315193	330.199249268
4.78911564626	336.359375
4.79201814059	346.615661621
4.79492063492	349.83392334
4.79782312925	351.251281738
4.80072562358	351.86050415
4.80362811791	351.657318115
4.80653061224	349.228240967
4.80943310658	342.832427979
4.81233560091	339.286376953
4.81523809524	340.661010742
4.81814058957	341.843719482
4.8210430839	345.017669678
4.82394557823	347.417449951
4.82684807256	348.623596191
4.82975056689	348.825012207
4.83265306122	348.019989014
4.83555555556	346.815948486
4.83845804989	345.217010498
4.84136054422	346.415496826
4.84426303855	350.03604126
4.84716553288	352.470733643
4.85006802721	353.082061768
4.85297052154	352.267211914
4.85587301587	349.83392334
4.8587755102	339.482421875
4.86167800454	333.072631836
4.86458049887	332.112091064
4.8674829932	331.920288086
4.87038548753	332.112091064
4.87328798186	332.688079834
4.87619047619	333.457641602
4.87909297052	334.422088623
4.88199546485	335.389343262
4.88489795918	335.583129883
4.88780045351	334.615325928
4.89070294785	332.112091064
4.89360544218	329.818023682
4.89650793651	328.107879639
4.89941043084	327.161621094
4.90231292517	326.595184326
4.9052154195	327.161621094
4.90811791383	328.487121582
4.91102040816	330.390045166
4.91392290249	331.537078857
4.91682539683	332.303955078
4.91972789116	332.880310059
4.92263038549	333.265075684
4.92553287982	333.457641602
4.92843537415	333.650299072
4.93133786848	333.265075684
4.93424036281	332.880310059
4.93714285714	332.303955078
4.94004535147	331.345611572
4.9429478458	330.199249268
4.94585034014	329.056854248
4.94875283447	327.918395996
4.9516553288	326.595184326
4.95455782313	326.029724121
4.95746031746	325.465240479
4.96036281179	325.465240479
4.96326530612	325.653289795
4.96616780045	326.218109131
4.96907029478	326.972686768
4.97197278912	328.297454834
4.97487528345	329.437225342
4.97777777778	330.580932617
4.98068027211	331.345611572
4.98358276644	332.112091064
4.98648526077	332.303955078
4.9893877551	332.303955078
4.99229024943	332.112091064
4.99519274376	331.728637695
4.9980952381	330.963043213
5.00099773243	330.199249268
5.00390022676	329.24697876
5.00680272109	328.487121582
5.00970521542	327.918395996
5.01260770975	327.350646973
5.01551020408	326.972686768
5.01841269841	326.783874512
5.02131519274	326.595184326
5.02421768707	326.972686768
5.02712018141	327.350646973
5.03002267574	327.729034424
5.03292517007	328.107879639
5.0358276644	328.297454834
5.03873015873	328.676940918
5.04163265306	328.676940918
5.04453514739	328.487121582
5.04743764172	328.297454834
5.05034013605	327.918395996
5.05324263039	327.539794922
5.05614512472	327.161621094
5.05904761905	326.783874512
5.06195011338	326.783874512
5.06485260771	326.595184326
5.06775510204	326.783874512
5.07065759637	326.972686768
5.0735600907	327.350646973
5.07646258503	327.539794922
5.07936507937	327.918395996
5.0822675737	328.297454834
5.08517006803	328.487121582
5.08807256236	328.676940918
5.09097505669	328.866821289
5.09387755102	328.866821289
5.09678004535	328.866821289
5.09968253968	328.676940918
5.10258503401	328.676940918
5.10548752834	328.487121582
5.10839002268	328.297454834
5.11129251701	328.487121582
5.11419501134	328.487121582
5.11709750567	328.676940918
5.12	328.866821289
5.12290249433	329.056854248
5.12580498866	329.437225342
5.12870748299	329.437225342
5.13160997732	329.627563477
5.13451247166	329.437225342
5.13741496599	329.24697876
5.14031746032	329.24697876
5.14321995465	328.866821289
5.14612244898	328.676940918
5.14902494331	328.487121582
5.15192743764	328.297454834
5.15482993197	328.297454834
5.1577324263	328.107879639
5.16063492063	328.107879639
5.16353741497	328.107879639
5.1664399093	328.107879639
5.16934240363	328.107879639
5.17224489796	328.107879639
5.17514739229	328.297454834
5.17804988662	328.297454834
5.18095238095	328.297454834
5.18385487528	328.107879639
5.18675736961	327.918395996
5.18965986395	327.729034424
5.19256235828	327.539794922
5.19546485261	327.350646973
5.19836734694	326.972686768
5.20126984127	326.783874512
5.2041723356	326.595184326
5.20707482993	326.595184326
5.20997732426	326.595184326
5.21287981859	326.595184326
5.21578231293	326.595184326
5.21868480726	326.972686768
5.22158730159	327.350646973
5.22448979592	327.539794922
5.22739229025	327.539794922
5.23029478458	327.918395996
5.23319727891	327.918395996
5.23609977324	328.107879639
5.23900226757	328.107879639
5.2419047619	328.107879639
5.24480725624	328.107879639
5.24770975057	328.107879639
5.2506122449	328.107879639
5.25351473923	328.107879639
5.25641723356	328.107879639
5.25931972789	328.107879639
5.26222222222	328.107879639
5.26512471655	328.107879639
5.26802721088	328.107879639
5.27092970522	328.107879639
5.27383219955	328.107879639
5.27673469388	328.107879639
5.27963718821	328.107879639
5.28253968254	328.297454834
5.28544217687	328.487121582
5.2883446712	328.487121582
5.29124716553	328.676940918
5.29414965986	328.676940918
5.2970521542	328.676940918
5.29995464853	328.676940918
5.30285714286	328.487121582
5.30575963719	328.297454834
5.30866213152	328.297454834
5.31156462585	328.487121582
5.31446712018	328.297454834
5.31736961451	328.487121582
5.32027210884	328.487121582
5.32317460317	328.487121582
5.32607709751	328.676940918
5.32897959184	328.487121582
5.33188208617	328.487121582
5.3347845805	328.487121582
5.33768707483	328.297454834
5.34058956916	328.107879639
5.34349206349	328.107879639
5.34639455782	327.729034424
5.34929705215	327.539794922
5.35219954649	327.161621094
5.35510204082	326.972686768
5.35800453515	326.783874512
5.36090702948	326.595184326
5.36380952381	326.595184326
5.36671201814	326.595184326
5.36961451247	326.783874512
5.3725170068	326.972686768
5.37541950113	327.161621094
5.37832199546	327.161621094
5.3812244898	327.350646973
5.38412698413	327.350646973
5.38702947846	327.350646973
5.38993197279	327.350646973
5.39283446712	327.350646973
5.39573696145	327.350646973
5.39863945578	327.539794922
5.40154195011	327.539794922
5.40444444444	327.539794922
5.40734693878	327.918395996
5.41024943311	327.918395996
5.41315192744	328.297454834
5.41605442177	328.487121582
5.4189569161	328.487121582
5.42185941043	328.866821289
5.42476190476	329.056854248
5.42766439909	329.24697876
5.43056689342	329.437225342
5.43346938776	329.24697876
5.43637188209	329.056854248
5.43927437642	328.676940918
5.44217687075	328.297454834
5.44507936508	327.918395996
5.44798185941	327.539794922
5.45088435374	327.350646973
5.45378684807	326.972686768
5.4566893424	326.783874512
5.45959183673	326.783874512
5.46249433107	326.595184326
5.4653968254	326.783874512
5.46829931973	327.161621094
5.47120181406	327.539794922
5.47410430839	328.107879639
5.47700680272	328.676940918
5.47990929705	329.056854248
5.48281179138	329.24697876
5.48571428571	329.24697876
5.48861678005	328.866821289
5.49151927438	328.487121582
5.49442176871	327.918395996
5.49732426304	327.729034424
5.50022675737	327.539794922
5.5031292517	327.539794922
5.50603174603	327.729034424
5.50893424036	327.729034424
5.51183673469	327.918395996
5.51473922902	328.107879639
5.51764172336	328.107879639
5.52054421769	327.918395996
5.52344671202	327.918395996
5.52634920635	328.107879639
5.52925170068	328.487121582
5.53215419501	328.676940918
5.53505668934	329.056854248
5.53795918367	329.24697876
5.540861678	0.0
5.54376417234	0.0
5.54666666667	0.0
5.549569161	0.0
5.55247165533	0.0
5.55537414966	0.0
5.55827664399	0.0
5.56117913832	0.0
5.56408163265	0.0
5.56698412698	0.0
5.56988662132	0.0
5.57278911565	0.0
5.57569160998	0.0
5.57859410431	0.0
5.58149659864	0.0
5.58439909297	0.0
5.5873015873	0.0
5.59020408163	0.0
5.59310657596	0.0
5.59600907029	0.0
5.59891156463	0.0
5.60181405896	0.0
5.60471655329	0.0
5.60761904762	0.0
5.61052154195	0.0
5.61342403628	0.0
5.61632653061	0.0
5.61922902494	0.0
5.62213151927	0.0
5.62503401361	0.0
5.62793650794	0.0
5.63083900227	0.0
5.6337414966	0.0
5.63664399093	0.0
5.63954648526	0.0
5.64244897959	0.0
5.64535147392	0.0
