0.0	0.0
0.00290249433107	0.0
0.00580498866213	0.0
0.0087074829932	387.492980957
0.0116099773243	386.82208252
0.0145124716553	386.598724365
0.0174149659864	386.598724365
0.0203174603175	386.598724365
0.0232199546485	386.82208252
0.0261224489796	387.940887451
0.0290249433107	389.962890625
0.0319274376417	394.038574219
0.0348299319728	399.077850342
0.0377324263039	403.481781006
0.0406349206349	406.288208008
0.043537414966	407.228027344
0.0464399092971	406.522979736
0.0493424036281	405.116516113
0.0522448979592	403.248779297
0.0551473922902	401.389678955
0.0580498866213	400.463348389
0.0609523809524	400.000976562
0.0638548752834	400.000976562
0.0667573696145	400.232086182
0.0696598639456	400.694732666
0.0725623582766	401.853637695
0.0754648526077	403.015930176
0.0783673469388	404.648773193
0.0812698412698	406.288208008
0.0841723356009	407.698760986
0.087074829932	408.877929688
0.089977324263	409.58706665
0.0928798185941	411.009063721
0.0957823129252	411.484161377
0.0986848072562	412.674285889
0.101587301587	413.628875732
0.104489795918	414.346252441
0.107392290249	415.3046875
0.11029478458	415.784759521
0.113197278912	416.265350342
0.116099773243	416.746520996
0.119002267574	417.228240967
0.121904761905	417.951873779
0.124807256236	418.918670654
0.127709750567	420.615936279
0.130612244898	422.076202393
0.133514739229	422.564086914
0.13641723356	424.03112793
0.139319727891	424.766571045
0.142222222222	425.257537842
0.145124716553	426.733947754
0.148027210884	427.227203369
0.150929705215	427.968170166
0.153832199546	428.958129883
0.156734693878	429.950378418
0.159637188209	429.950378418
0.16253968254	430.696075439
0.165442176871	430.696075439
0.168344671202	430.944915771
0.171247165533	432.191345215
0.174149659864	433.691802979
0.177052154195	434.695007324
0.179954648526	436.204162598
0.182857142857	437.465789795
0.185759637188	436.456207275
0.188662131519	436.456207275
0.19156462585	435.700531006
0.194467120181	435.197479248
0.197369614512	437.213165283
0.200272108844	437.213165283
0.203174603175	436.708374023
0.206077097506	436.204162598
0.208979591837	435.952270508
0.211882086168	435.700531006
0.214784580499	435.448913574
0.21768707483	434.946166992
0.220589569161	433.191070557
0.223492063492	433.191070557
0.226394557823	433.191070557
0.229297052154	433.441375732
0.232199546485	434.193115234
0.235102040816	433.691802979
0.238004535147	433.441375732
0.240907029478	433.441375732
0.24380952381	433.691802979
0.246712018141	433.942382812
0.249614512472	434.193115234
0.252517006803	434.695007324
0.255419501134	435.448913574
0.258321995465	435.952270508
0.261224489796	436.456207275
0.264126984127	437.213165283
0.267029478458	437.718536377
0.269931972789	438.224517822
0.27283446712	438.477722168
0.275736961451	439.491973877
0.278639455782	440.508605957
0.281541950113	441.527557373
0.284444444444	442.293334961
0.287346938776	442.293334961
0.290249433107	442.293334961
0.293151927438	441.782684326
0.296054421769	441.017791748
0.2989569161	440.0
0.301859410431	439.238189697
0.304761904762	438.731048584
0.307664399093	438.477722168
0.310566893424	438.731048584
0.313469387755	439.491973877
0.316371882086	440.0
0.319274376417	440.763122559
0.322176870748	441.017791748
0.325079365079	441.527557373
0.32798185941	441.527557373
0.330884353741	441.272613525
0.333786848073	441.017791748
0.336689342404	440.508605957
0.339591836735	440.763122559
0.342494331066	440.508605957
0.345396825397	440.763122559
0.348299319728	441.017791748
0.351201814059	441.272613525
0.35410430839	441.527557373
0.357006802721	440.763122559
0.359909297052	440.763122559
0.362811791383	440.508605957
0.365714285714	439.745910645
0.368616780045	439.238189697
0.371519274376	438.224517822
0.374421768707	437.718536377
0.377324263039	437.718536377
0.38022675737	437.971466064
0.383129251701	437.971466064
0.386031746032	437.971466064
0.388934240363	437.718536377
0.391836734694	437.213165283
0.394739229025	436.456207275
0.397641723356	436.204162598
0.400544217687	435.448913574
0.403446712018	435.448913574
0.406349206349	436.204162598
0.40925170068	437.465789795
0.412154195011	437.465789795
0.415056689342	438.224517822
0.417959183673	438.477722168
0.420861678005	438.224517822
0.423764172336	437.718536377
0.426666666667	436.960693359
0.429569160998	436.960693359
0.432471655329	437.213165283
0.43537414966	438.477722168
0.438276643991	439.238189697
0.441179138322	439.745910645
0.444081632653	440.508605957
0.446984126984	440.254241943
0.449886621315	440.254241943
0.452789115646	440.254241943
0.455691609977	440.0
0.458594104308	440.0
0.461496598639	440.0
0.464399092971	440.254241943
0.467301587302	440.254241943
0.470204081633	440.763122559
0.473106575964	441.272613525
0.476009070295	441.527557373
0.478911564626	442.03793335
0.481814058957	442.293334961
0.484716553288	442.293334961
0.487619047619	442.293334961
0.49052154195	441.782684326
0.493424036281	441.527557373
0.496326530612	441.017791748
0.499229024943	440.254241943
0.502131519274	439.491973877
0.505034013605	438.731048584
0.507936507937	436.204162598
0.510839002268	435.448913574
0.513741496599	433.942382812
0.51664399093	433.441375732
0.519546485261	434.193115234
0.522448979592	433.942382812
0.525351473923	433.942382812
0.528253968254	434.193115234
0.531156462585	434.444000244
0.534058956916	435.197479248
0.536961451247	435.700531006
0.539863945578	435.952270508
0.542766439909	436.204162598
0.54566893424	436.456207275
0.548571428571	436.456207275
0.551473922902	436.456207275
0.554376417234	436.456207275
0.557278911565	436.456207275
0.560181405896	436.456207275
0.563083900227	436.708374023
0.565986394558	436.708374023
0.568888888889	436.708374023
0.57179138322	436.708374023
0.574693877551	436.708374023
0.577596371882	436.708374023
0.580498866213	436.456207275
0.583401360544	436.456207275
0.586303854875	436.456207275
0.589206349206	436.456207275
0.592108843537	436.456207275
0.595011337868	436.456207275
0.5979138322	436.456207275
0.600816326531	436.456207275
0.603718820862	436.456207275
0.606621315193	436.456207275
0.609523809524	436.708374023
0.612426303855	436.960693359
0.615328798186	437.465789795
0.618231292517	437.465789795
0.621133786848	438.477722168
0.624036281179	438.984558105
0.62693877551	439.238189697
0.629841269841	439.238189697
0.632743764172	438.984558105
0.635646258503	437.971466064
0.638548752834	437.465789795
0.641451247166	437.465789795
0.644353741497	437.213165283
0.647256235828	437.213165283
0.650158730159	436.960693359
0.65306122449	437.465789795
0.655963718821	437.718536377
0.658866213152	438.224517822
0.661768707483	438.477722168
0.664671201814	438.477722168
0.667573696145	438.477722168
0.670476190476	437.971466064
0.673378684807	437.465789795
0.676281179138	436.960693359
0.679183673469	436.708374023
0.6820861678	436.708374023
0.684988662132	436.960693359
0.687891156463	437.213165283
0.690793650794	437.718536377
0.693696145125	438.224517822
0.696598639456	438.477722168
0.699501133787	438.477722168
0.702403628118	438.224517822
0.705306122449	437.971466064
0.70820861678	437.971466064
0.711111111111	437.465789795
0.714013605442	437.213165283
0.716916099773	436.708374023
0.719818594104	436.456207275
0.722721088435	436.204162598
0.725623582766	435.952270508
0.728526077098	435.448913574
0.731428571429	435.197479248
0.73433106576	435.197479248
0.737233560091	434.946166992
0.740136054422	435.197479248
0.743038548753	435.448913574
0.745941043084	435.700531006
0.748843537415	435.952270508
0.751746031746	436.204162598
0.754648526077	436.456207275
0.757551020408	436.456207275
0.760453514739	436.708374023
0.76335600907	436.456207275
0.766258503401	436.204162598
0.769160997732	436.204162598
0.772063492063	436.204162598
0.774965986395	436.204162598
0.777868480726	436.456207275
0.780770975057	436.204162598
0.783673469388	435.952270508
0.786575963719	435.700531006
0.78947845805	435.197479248
0.792380952381	434.946166992
0.795283446712	434.946166992
0.798185941043	434.695007324
0.801088435374	434.444000244
0.803990929705	434.193115234
0.806893424036	433.942382812
0.809795918367	434.193115234
0.812698412698	433.942382812
0.815600907029	433.691802979
0.818503401361	433.691802979
0.821405895692	433.691802979
0.824308390023	433.691802979
0.827210884354	433.942382812
0.830113378685	434.193115234
0.833015873016	434.695007324
0.835918367347	434.946166992
0.838820861678	435.197479248
0.841723356009	435.448913574
0.84462585034	435.700531006
0.847528344671	435.700531006
0.850430839002	435.952270508
0.853333333333	436.204162598
0.856235827664	436.204162598
0.859138321995	435.952270508
0.862040816327	435.952270508
0.864943310658	435.952270508
0.867845804989	435.952270508
0.87074829932	435.700531006
0.873650793651	435.197479248
0.876553287982	435.197479248
0.879455782313	434.946166992
0.882358276644	434.946166992
0.885260770975	434.695007324
0.888163265306	434.444000244
0.891065759637	434.444000244
0.893968253968	434.444000244
0.896870748299	434.444000244
0.89977324263	434.444000244
0.902675736961	434.444000244
0.905578231293	434.444000244
0.908480725624	434.444000244
0.911383219955	434.695007324
0.914285714286	434.444000244
0.917188208617	434.193115234
0.920090702948	433.942382812
0.922993197279	433.441375732
0.92589569161	432.690917969
0.928798185941	431.941772461
0.931700680272	430.696075439
0.934603174603	429.453979492
0.937505668934	428.215454102
0.940408163265	427.227203369
0.943310657596	426.241241455
0.946213151927	425.995117188
0.949115646259	425.503265381
0.95201814059	425.257537842
0.954920634921	425.011993408
0.957823129252	424.521270752
0.960725623583	424.03112793
0.963628117914	423.05255127
0.966530612245	422.076202393
0.969433106576	421.832489014
0.972335600907	422.564086914
0.975238095238	422.320098877
0.978140589569	422.808258057
0.9810430839	422.808258057
0.983945578231	422.808258057
0.986848072562	422.564086914
0.989750566893	422.564086914
0.992653061224	423.296966553
0.995555555556	423.541564941
0.998458049887	424.276123047
1.00136054422	425.011993408
1.00426303855	425.503265381
1.00716553288	425.74911499
1.01006802721	426.241241455
1.01297052154	425.503265381
1.01587301587	422.564086914
1.0187755102	420.373046875
1.02167800454	418.193359375
1.02458049887	416.746520996
1.0274829932	416.265350342
1.03038548753	416.987335205
1.03328798186	418.193359375
1.03619047619	416.746520996
1.03909297052	414.346252441
1.04199546485	412.674285889
1.04489795918	411.484161377
1.04780045351	410.297454834
1.05070294785	410.060516357
1.05360544218	409.823730469
1.05650793651	409.823730469
1.05941043084	410.060516357
1.06231292517	410.534515381
1.0652154195	411.009063721
1.06811791383	411.484161377
1.07102040816	412.197814941
1.07392290249	412.674285889
1.07682539683	412.912719727
1.07972789116	413.151306152
1.08263038549	413.151306152
1.08553287982	412.912719727
1.08843537415	412.197814941
1.09133786848	411.484161377
1.09424036281	410.771728516
1.09714285714	409.823730469
1.10004535147	408.641815186
1.1029478458	407.463317871
1.10585034014	406.522979736
1.10875283447	405.584777832
1.1116553288	405.350585938
1.11455782313	405.116516113
1.11746031746	404.648773193
1.12036281179	404.648773193
1.12326530612	404.18157959
1.12616780045	403.948181152
1.12907029478	403.714904785
1.13197278912	403.481781006
1.13487528345	403.481781006
1.13777777778	403.481781006
1.14068027211	403.714904785
1.14358276644	404.415100098
1.14648526077	405.584777832
1.1493877551	407.228027344
1.15229024943	407.698760986
1.15519274376	408.170013428
1.1580952381	407.463317871
1.16099773243	404.415100098
1.16390022676	400.232086182
1.16680272109	396.092346191
1.16970521542	392.448547363
1.17260770975	389.962890625
1.17551020408	388.389312744
1.17841269841	387.492980957
1.18131519274	386.598724365
1.18421768707	385.929382324
1.18712018141	385.483795166
1.19002267574	384.816375732
1.19292517007	383.706573486
1.1958276644	382.821044922
1.19873015873	381.717010498
1.20163265306	380.836090088
1.20453514739	379.518493652
1.20743764172	377.987060547
1.21034013605	376.46182251
1.21324263039	374.942718506
1.21614512472	374.077423096
1.21904761905	373.214111328
1.22195011338	372.998596191
1.22485260771	373.214111328
1.22775510204	373.645507812
1.23065759637	374.942718506
1.2335600907	376.244415283
1.23646258503	376.896972656
1.23936507937	377.332641602
1.2422675737	376.896972656
1.24517006803	375.593017578
1.24807256236	373.86138916
1.25097505669	372.352783203
1.25387755102	371.064544678
1.25678004535	369.994415283
1.25968253968	369.780761719
1.26258503401	369.353820801
1.26548752834	369.140533447
1.26839002268	368.714324951
1.27129251701	367.86340332
1.27419501134	367.226501465
1.27709750567	365.955993652
1.28	364.900604248
1.28290249433	363.638153076
1.28580498866	362.589416504
1.28870748299	361.543731689
1.29160997732	360.709350586
1.29451247166	360.084838867
1.29741496599	359.6690979
1.30031746032	359.253814697
1.30321995465	359.461395264
1.30612244898	359.87689209
1.30902494331	360.292877197
1.31192743764	360.709350586
1.31482993197	361.126312256
1.3177324263	360.917785645
1.32063492063	360.501068115
1.32353741497	359.6690979
1.3264399093	358.631835938
1.32934240363	357.597564697
1.33224489796	356.978424072
1.33514739229	356.360351562
1.33804988662	356.154571533
1.34095238095	356.154571533
1.34385487528	356.772277832
1.34675736961	356.360351562
1.34965986395	356.154571533
1.35256235828	355.743377686
1.35546485261	354.512573242
1.35836734694	354.307861328
1.36126984127	353.898803711
1.3641723356	353.898803711
1.36707482993	353.69442749
1.36997732426	353.490203857
1.37287981859	353.286071777
1.37578231293	353.082061768
1.37868480726	352.674407959
1.38158730159	352.063781738
1.38448979592	351.251281738
1.38739229025	350.440673828
1.39029478458	349.430023193
1.39319727891	348.221069336
1.39609977324	347.216827393
1.39900226757	346.015533447
1.4019047619	345.416473389
1.40480725624	345.217010498
1.40770975057	344.81842041
1.4106122449	344.221405029
1.41351473923	342.832427979
1.41641723356	340.464294434
1.41931972789	338.307891846
1.42222222222	336.359375
1.42512471655	334.228973389
1.42802721088	332.49597168
1.43092970522	330.771942139
1.43383219955	329.437225342
1.43673469388	328.676940918
1.43963718821	328.107879639
1.44253968254	327.918395996
1.44544217687	327.918395996
1.4483446712	328.676940918
1.45124716553	329.627563477
1.45414965986	330.771942139
1.4570521542	332.112091064
1.45995464853	332.688079834
1.46285714286	332.880310059
1.46575963719	331.345611572
1.46866213152	328.107879639
1.47156462585	324.151947021
1.47446712018	322.098846436
1.47736961451	321.355499268
1.48027210884	321.912841797
1.48317460317	323.403839111
1.48607709751	325.841461182
1.48897959184	328.676940918
1.49188208617	330.008575439
1.4947845805	329.818023682
1.49768707483	328.866821289
1.50058956916	327.539794922
1.50349206349	325.841461182
1.50639455782	324.526641846
1.50929705215	323.403839111
1.51219954649	322.843933105
1.51510204082	322.657501221
1.51800453515	323.030456543
1.52090702948	323.590698242
1.52380952381	324.526641846
1.52671201814	325.089477539
1.52961451247	325.653289795
1.5325170068	325.841461182
1.53541950113	325.841461182
1.53832199546	325.653289795
1.5412244898	325.277313232
1.54412698413	324.714141846
1.54702947846	324.526641846
1.54993197279	324.339233398
1.55283446712	324.339233398
1.55573696145	324.714141846
1.55863945578	325.089477539
1.56154195011	325.653289795
1.56444444444	326.029724121
1.56734693878	326.406585693
1.57024943311	326.595184326
1.57315192744	326.218109131
1.57605442177	325.465240479
1.5789569161	324.526641846
1.58185941043	323.590698242
1.58476190476	322.843933105
1.58766439909	322.284973145
1.59056689342	322.098846436
1.59346938776	322.284973145
1.59637188209	322.843933105
1.59927437642	323.590698242
1.60217687075	324.339233398
1.60507936508	324.714141846
1.60798185941	324.901763916
1.61088435374	324.714141846
1.61378684807	324.526641846
1.6166893424	324.151947021
1.61959183673	323.964752197
1.62249433107	323.777679443
1.6253968254	323.777679443
1.62829931973	323.964752197
1.63120181406	324.526641846
1.63410430839	325.089477539
1.63700680272	325.465240479
1.63990929705	325.653289795
1.64281179138	325.653289795
1.64571428571	325.465240479
1.64861678005	325.089477539
1.65151927438	324.714141846
1.65442176871	324.526641846
1.65732426304	323.964752197
1.66022675737	323.403839111
1.6631292517	322.657501221
1.66603174603	321.912841797
1.66893424036	321.169952393
1.67183673469	320.428741455
1.67473922902	319.873962402
1.67764172336	319.689239502
1.68054421769	319.689239502
1.68344671202	319.873962402
1.68634920635	320.243713379
1.68925170068	320.428741455
1.69215419501	320.243713379
1.69505668934	319.689239502
1.69795918367	319.135742188
1.700861678	318.215362549
1.70376417234	317.114440918
1.70666666667	315.105926514
1.709569161	311.666595459
1.71247165533	306.489318848
1.71537414966	302.095245361
1.71827664399	299.489105225
1.72117913832	298.452941895
1.72408163265	298.10836792
1.72698412698	299.489105225
1.72988662132	301.57220459
1.73278911565	303.845275879
1.73569160998	305.252593994
1.73859410431	306.312347412
1.74149659864	306.843597412
1.74439909297	307.375793457
1.7473015873	308.086791992
1.75020408163	308.442932129
1.75310657596	308.799438477
1.75600907029	308.799438477
1.75891156463	308.621124268
1.76181405896	308.086791992
1.76471655329	307.198303223
1.76761904762	305.782012939
1.77052154195	303.669830322
1.77342403628	300.528869629
1.77632653061	297.764160156
1.77922902494	296.220245361
1.78213151927	295.536621094
1.78503401361	295.536621094
1.78793650794	296.220245361
1.79083900227	297.248626709
1.7937414966	298.10836792
1.79664399093	298.280609131
1.79954648526	297.764160156
1.80244897959	296.562652588
1.80535147392	295.536621094
1.80825396825	294.684295654
1.81115646259	294.174102783
1.81405895692	294.344055176
1.81696145125	294.684295654
1.81986394558	295.195404053
1.82276643991	295.878234863
1.82566893424	296.220245361
1.82857142857	296.220245361
1.8314739229	295.878234863
1.83437641723	295.195404053
1.83727891156	294.684295654
1.8401814059	293.834442139
1.84308390023	293.325714111
1.84598639456	292.987030029
1.84888888889	292.817840576
1.85179138322	292.987030029
1.85469387755	293.156341553
1.85759637188	293.664764404
1.86049886621	294.174102783
1.86340136054	294.514129639
1.86630385488	294.684295654
1.86920634921	294.514129639
1.87210884354	293.664764404
1.87501133787	291.973388672
1.8779138322	290.12411499
1.88081632653	288.12008667
1.88371882086	286.791748047
1.88662131519	286.295196533
1.88952380952	286.460632324
1.89242630385	286.957458496
1.89532879819	287.787414551
1.89823129252	288.786529541
1.90113378685	288.786529541
1.90403628118	287.45513916
1.90693877551	285.469543457
1.90984126984	283.825378418
1.91274376417	282.843414307
1.9156462585	282.516845703
1.91854875283	283.006835938
1.92145124717	284.317626953
1.9243537415	286.129882812
1.92725623583	287.953704834
1.93015873016	288.453125
1.93306122449	285.3046875
1.93596371882	282.843414307
1.93886621315	282.027709961
1.94176870748	281.702087402
1.94467120181	281.702087402
1.94757369615	282.680084229
1.95047619048	285.634490967
1.95337868481	288.286560059
1.95628117914	289.287414551
1.95918367347	289.789123535
1.9620861678	290.459472656
1.96498866213	290.963226318
1.96789115646	291.46786499
1.97079365079	291.804779053
1.97369614512	291.46786499
1.97659863946	290.795227051
1.97950113379	289.956573486
1.98240362812	288.953399658
1.98530612245	287.787414551
1.98820861678	286.957458496
1.99111111111	286.62612915
1.99401360544	286.460632324
1.99691609977	286.62612915
1.9998185941	287.289154053
2.00272108844	287.953704834
2.00562358277	288.786529541
2.0085260771	289.454559326
2.01142857143	289.789123535
2.01433106576	290.12411499
2.01723356009	290.12411499
2.02013605442	289.789123535
2.02303854875	289.287414551
2.02594104308	288.619781494
2.02884353741	287.787414551
2.03174603175	286.62612915
2.03464852608	285.799530029
2.03755102041	285.469543457
2.04045351474	285.634490967
2.04335600907	286.129882812
2.0462585034	287.123260498
2.04916099773	288.286560059
2.05206349206	289.789123535
2.05496598639	290.795227051
2.05786848073	291.46786499
2.06077097506	291.804779053
2.06367346939	291.973388672
2.06657596372	291.804779053
2.06947845805	291.636291504
2.07238095238	291.804779053
2.07528344671	291.973388672
2.07818594104	292.310882568
2.08108843537	292.310882568
2.08399092971	292.310882568
2.08689342404	292.310882568
2.08979591837	291.973388672
2.0926984127	291.636291504
2.09560090703	291.299560547
2.09850340136	290.963226318
2.10140589569	290.963226318
2.10430839002	290.963226318
2.10721088435	291.131347656
2.11011337868	291.636291504
2.11301587302	291.973388672
2.11591836735	292.648773193
2.11882086168	292.817840576
2.12172335601	293.156341553
2.12462585034	293.156341553
2.12752834467	293.156341553
2.130430839	292.987030029
2.13333333333	292.648773193
2.13623582766	292.479766846
2.139138322	292.142089844
2.14204081633	291.804779053
2.14494331066	291.46786499
2.14784580499	291.131347656
2.15074829932	290.795227051
2.15365079365	290.291748047
2.15655328798	289.789123535
2.15945578231	289.621795654
2.16235827664	289.287414551
2.16526077098	288.786529541
2.16816326531	288.619781494
2.17106575964	288.786529541
2.17396825397	288.619781494
2.1768707483	288.619781494
2.17977324263	288.953399658
2.18267573696	289.454559326
2.18557823129	291.299560547
2.18848072562	290.795227051
2.19138321995	288.953399658
2.19428571429	290.963226318
2.19718820862	292.142089844
2.20009070295	293.325714111
2.20299319728	290.963226318
2.20589569161	288.953399658
2.20879818594	288.786529541
2.21170068027	288.786529541
2.2146031746	289.454559326
2.21750566893	290.963226318
2.22040816327	292.479766846
2.2233106576	293.664764404
2.22621315193	292.817840576
2.22911564626	292.479766846
2.23201814059	292.310882568
2.23492063492	291.46786499
2.23782312925	291.131347656
2.24072562358	287.621246338
2.24362811791	287.787414551
2.24653061224	288.286560059
2.24943310658	289.287414551
2.25233560091	290.459472656
2.25523809524	291.299560547
2.25814058957	291.804779053
2.2610430839	292.648773193
2.26394557823	292.987030029
2.26684807256	293.156341553
2.26975056689	293.325714111
2.27265306122	293.325714111
2.27555555556	293.156341553
2.27845804989	292.987030029
2.28136054422	292.479766846
2.28426303855	291.973388672
2.28716553288	291.46786499
2.29006802721	290.459472656
2.29297052154	289.287414551
2.29587301587	287.45513916
2.2987755102	285.964660645
2.30167800454	284.481903076
2.30458049887	283.497680664
2.3074829932	284.153442383
2.31038548753	285.139953613
2.31328798186	286.129882812
2.31619047619	287.953704834
2.31909297052	289.287414551
2.32199546485	290.459472656
2.32489795918	291.636291504
2.32780045351	292.648773193
2.33070294785	293.156341553
2.33360544218	293.495178223
2.33650793651	293.834442139
2.33941043084	294.174102783
2.34231292517	294.344055176
2.3452154195	294.514129639
2.34811791383	295.365936279
2.35102040816	296.220245361
2.35392290249	297.07699585
2.35682539683	297.248626709
2.35972789116	297.420379639
2.36263038549	296.733978271
2.36553287982	295.195404053
2.36843537415	293.325714111
2.37133786848	291.973388672
2.37424036281	290.795227051
2.37714285714	289.789123535
2.38004535147	288.953399658
2.3829478458	288.453125
2.38585034014	288.453125
2.38875283447	288.286560059
2.3916553288	287.953704834
2.39455782313	287.787414551
2.39746031746	287.787414551
2.40036281179	287.953704834
2.40326530612	288.12008667
2.40616780045	288.286560059
2.40907029478	288.286560059
2.41197278912	287.787414551
2.41487528345	286.791748047
2.41777777778	285.634490967
2.42068027211	283.661468506
2.42358276644	281.539398193
2.42648526077	280.40335083
2.4293877551	281.376831055
2.43229024943	283.497680664
2.43519274376	285.964660645
2.4380952381	287.621246338
2.44099773243	288.786529541
2.44390022676	289.956573486
2.44680272109	291.131347656
2.44970521542	291.804779053
2.45260770975	291.973388672
2.45551020408	291.636291504
2.45841269841	291.131347656
2.46131519274	290.795227051
2.46421768707	290.459472656
2.46712018141	290.12411499
2.47002267574	289.621795654
2.47292517007	288.12008667
2.4758276644	285.964660645
2.47873015873	283.825378418
2.48163265306	281.864837646
2.48453514739	279.91784668
2.48743764172	279.594665527
2.49034013605	281.051971436
2.49324263039	286.460632324
2.49614512472	290.12411499
2.49904761905	292.479766846
2.50195011338	294.344055176
2.50485260771	295.024932861
2.50775510204	294.854553223
2.51065759637	294.344055176
2.5135600907	293.325714111
2.51646258503	293.156341553
2.51936507937	292.817840576
2.5222675737	292.817840576
2.52517006803	294.344055176
2.52807256236	296.391387939
2.53097505669	298.10836792
2.53387755102	299.489105225
2.53678004535	299.662139893
2.53968253968	298.970581055
2.54258503401	296.733978271
2.54548752834	293.834442139
2.54839002268	289.287414551
2.55129251701	286.62612915
2.55419501134	286.295196533
2.55709750567	286.62612915
2.56	287.787414551
2.56290249433	288.453125
2.56580498866	289.621795654
2.56870748299	291.131347656
2.57160997732	292.648773193
2.57451247166	293.834442139
2.57741496599	294.854553223
2.58031746032	295.707366943
2.58321995465	295.878234863
2.58612244898	295.365936279
2.58902494331	295.536621094
2.59192743764	296.049194336
2.59482993197	296.905426025
2.5977324263	299.143310547
2.60063492063	305.428955078
2.60353741497	317.664428711
2.6064399093	324.901763916
2.60934240363	327.729034424
2.61224489796	329.437225342
2.61514739229	330.008575439
2.61804988662	330.771942139
2.62095238095	336.942749023
2.62385487528	339.874816895
2.62675736961	341.251861572
2.62965986395	341.054779053
2.63256235828	341.449005127
2.63546485261	342.238861084
2.63836734694	407.228027344
2.64126984127	408.170013428
2.6441723356	414.825195312
2.64707482993	416.024993896
2.64997732426	414.585662842
2.65287981859	413.390014648
2.65578231293	409.11416626
2.65868480726	404.882568359
2.66158730159	399.308441162
2.66448979592	395.178253174
2.66739229025	393.129211426
2.67029478458	391.995422363
2.67319727891	391.995422363
2.67609977324	392.221923828
2.67900226757	393.129211426
2.6819047619	396.321228027
2.68480725624	399.769989014
2.68770975057	401.621612549
2.6906122449	401.389678955
2.69351473923	400.694732666
2.69641723356	399.308441162
2.69931972789	398.61706543
2.70222222222	394.494049072
2.70512471655	391.769073486
2.70802721088	388.838256836
2.71092970522	385.261199951
2.71383219955	378.205474854
2.71673469388	373.86138916
2.71963718821	366.590698242
2.72253968254	375.159362793
2.72544217687	374.293548584
2.7283446712	374.942718506
2.73124716553	374.50982666
2.73414965986	373.214111328
2.7370521542	376.896972656
2.73995464853	374.726196289
2.74285714286	371.92288208
2.74575963719	389.512664795
2.74866213152	394.038574219
2.75156462585	398.386901855
2.75446712018	402.550628662
2.75736961451	403.714904785
2.76027210884	405.116516113
2.76317460317	406.288208008
2.76607709751	404.648773193
2.76897959184	405.116516113
2.77188208617	403.015930176
2.7747845805	396.092346191
2.77768707483	409.11416626
2.78058956916	332.112091064
2.78349206349	334.422088623
2.78639455782	336.165161133
2.78929705215	336.942749023
2.79219954649	337.722167969
2.79510204082	338.307891846
2.79800453515	336.942749023
2.80090702948	336.165161133
2.80380952381	336.359375
2.80671201814	336.553741455
2.80961451247	335.971038818
2.8125170068	335.971038818
2.81541950113	336.165161133
2.81832199546	336.165161133
2.8212244898	337.137451172
2.82412698413	338.307891846
2.82702947846	339.286376953
2.82993197279	338.698944092
2.83283446712	337.332244873
2.83573696145	337.722167969
2.83863945578	336.748199463
2.84154195011	333.072631836
2.84444444444	337.722167969
2.84734693878	336.748199463
2.85024943311	336.748199463
2.85315192744	335.971038818
2.85605442177	335.583129883
2.8589569161	336.165161133
2.86185941043	335.195678711
2.86476190476	332.303955078
2.86766439909	329.437225342
2.87056689342	328.866821289
2.87346938776	330.390045166
2.87637188209	335.583129883
2.87927437642	337.917297363
2.88217687075	338.698944092
2.88507936508	338.698944092
2.88798185941	338.698944092
2.89088435374	335.583129883
2.89378684807	324.901763916
2.8966893424	323.964752197
2.89959183673	329.056854248
2.90249433107	333.457641602
2.9053968254	336.359375
2.90829931973	337.722167969
2.91120181406	338.503356934
2.91410430839	338.89465332
2.91700680272	337.527130127
2.91990929705	335.971038818
2.92281179138	333.457641602
2.92571428571	330.390045166
2.92861678005	329.627563477
2.93151927438	329.437225342
2.93442176871	330.771942139
2.93732426304	331.537078857
2.94022675737	334.808654785
2.9431292517	337.137451172
2.94603174603	339.874816895
2.94893424036	338.698944092
2.95183673469	337.332244873
2.95473922902	335.002105713
2.95764172336	331.537078857
2.96054421769	331.154296875
2.96344671202	332.303955078
2.96634920635	335.002105713
2.96925170068	337.527130127
2.97215419501	338.89465332
2.97505668934	340.267700195
2.97795918367	341.054779053
2.980861678	340.267700195
2.98376417234	339.090454102
2.98666666667	337.527130127
2.989569161	335.971038818
2.99247165533	333.650299072
2.99537414966	333.650299072
2.99827664399	334.035980225
3.00117913832	333.843078613
3.00408163265	333.843078613
3.00698412698	332.112091064
3.00988662132	330.580932617
3.01278911565	329.437225342
3.01569160998	334.615325928
3.01859410431	338.89465332
3.02149659864	340.267700195
3.02439909297	341.054779053
3.0273015873	342.436584473
3.03020408163	341.64630127
3.03310657596	341.251861572
3.03600907029	340.857849121
3.03891156463	340.464294434
3.04181405896	340.07119751
3.04471655329	339.67855835
3.04761904762	340.267700195
3.05052154195	341.64630127
3.05342403628	342.238861084
3.05632653061	342.238861084
3.05922902494	341.64630127
3.06213151927	341.251861572
3.06503401361	341.251861572
3.06793650794	339.482421875
3.07083900227	339.67855835
3.0737414966	335.971038818
3.07664399093	334.228973389
3.07954648526	331.728637695
3.08244897959	332.112091064
3.08535147392	330.580932617
3.08825396825	329.24697876
3.09115646259	331.537078857
3.09405895692	333.265075684
3.09696145125	332.112091064
3.09986394558	332.303955078
3.10276643991	334.615325928
3.10566893424	338.307891846
3.10857142857	342.041229248
3.1114739229	342.832427979
3.11437641723	341.449005127
3.11727891156	340.661010742
3.1201814059	336.942749023
3.12308390023	334.228973389
3.12598639456	328.487121582
3.12888888889	320.058776855
3.13179138322	321.912841797
3.13469387755	330.771942139
3.13759637188	334.035980225
3.14049886621	338.112548828
3.14340136054	341.251861572
3.14630385488	341.843719482
3.14920634921	340.857849121
3.15210884354	339.67855835
3.15501133787	336.359375
3.1579138322	334.615325928
3.16081632653	335.777038574
3.16371882086	337.722167969
3.16662131519	339.482421875
3.16952380952	340.464294434
3.17242630385	341.054779053
3.17532879819	341.449005127
3.17823129252	342.634429932
3.18113378685	343.823974609
3.18403628118	347.618164062
3.18693877551	353.082061768
3.18984126984	356.566253662
3.19274376417	358.631835938
3.1956462585	359.253814697
3.19854875283	359.046386719
3.20145124717	358.424743652
3.2043537415	357.391052246
3.20725623583	356.154571533
3.21015873016	355.332641602
3.21306122449	354.922363281
3.21596371882	354.717407227
3.21886621315	354.717407227
3.22176870748	354.717407227
3.22467120181	355.127441406
3.22757369615	355.332641602
3.23047619048	355.948913574
3.23337868481	356.978424072
3.23628117914	357.804168701
3.23918367347	359.253814697
3.2420861678	360.709350586
3.24498866213	362.3800354
3.24789115646	363.218292236
3.25079365079	364.05847168
3.25369614512	364.05847168
3.25659863946	363.638153076
3.25950113379	363.638153076
3.26240362812	363.638153076
3.26530612245	363.848236084
3.26820861678	364.479309082
3.27111111111	365.533477783
3.27401360544	367.226501465
3.27691609977	368.288635254
3.2798185941	368.714324951
3.28272108844	369.353820801
3.28562358277	369.780761719
3.2885260771	371.493469238
3.29142857143	370.422119141
3.29433106576	370.850280762
3.29723356009	372.352783203
3.30013605442	373.429748535
3.30303854875	372.783203125
3.30594104308	374.293548584
3.30884353741	372.352783203
3.31174603175	371.278961182
3.31464852608	371.278961182
3.31755102041	371.493469238
3.32045351474	371.708129883
3.32335600907	371.92288208
3.3262585034	372.567932129
3.32916099773	372.567932129
3.33206349206	370.636138916
3.33496598639	371.278961182
3.33786848073	371.708129883
3.34077097506	372.137786865
3.34367346939	373.429748535
3.34657596372	373.645507812
3.34947845805	373.86138916
3.35238095238	374.077423096
3.35528344671	373.86138916
3.35818594104	374.077423096
3.36108843537	374.293548584
3.36399092971	373.645507812
3.36689342404	373.214111328
3.36979591837	372.567932129
3.3726984127	372.567932129
3.37560090703	371.92288208
3.37850340136	212.383285522
3.38140589569	212.874557495
3.38430839002	213.860519409
3.38721088435	214.726989746
3.39011337868	216.220535278
3.39301587302	216.220535278
3.39591836735	214.975189209
3.39882086168	212.505996704
3.40172335601	209.943847656
3.40462585034	207.053497314
3.40752834467	203.967163086
3.410430839	201.624389648
3.41333333333	199.769577026
3.41623582766	198.160614014
3.419138322	197.931808472
3.42204081633	198.50428772
3.42494331066	199.884994507
3.42784580499	201.507965088
3.43074829932	204.438964844
3.43365079365	206.456359863
3.43655328798	208.614120483
3.43945578231	211.160049438
3.44235827664	214.479064941
3.44526077098	215.223678589
3.44816326531	215.472457886
3.45106575964	215.472457886
3.45396825397	214.479064941
3.4568707483	212.75163269
3.45977324263	210.065155029
3.46267573696	207.892379761
3.46557823129	207.173126221
3.46848072562	207.532440186
3.47138321995	207.053497314
3.47428571429	206.337142944
3.47718820862	206.575653076
3.48009070295	207.65234375
3.48299319728	209.217498779
3.48589569161	212.505996704
3.48879818594	214.85105896
3.49170068027	215.596969604
3.4946031746	215.223678589
3.49750566893	214.107727051
3.50040816327	212.628768921
3.5033106576	211.282043457
3.50621315193	210.186523438
3.50911564626	209.459335327
3.51201814059	208.855270386
3.51492063492	208.373260498
3.51782312925	207.65234375
3.52072562358	206.217987061
3.52362811791	202.792388916
3.52653061224	199.769577026
3.52943310658	198.160614014
3.53233560091	197.475021362
3.53523809524	197.475021362
3.53814058957	197.931808472
3.5410430839	198.963470459
3.54394557823	200.347366333
3.54684807256	201.974090576
3.54975056689	203.261489868
3.55265306122	204.793533325
3.55555555556	206.217987061
3.55845804989	206.575653076
3.56136054422	206.695007324
3.56426303855	206.814437866
3.56716553288	206.695007324
3.57006802721	206.337142944
3.57297052154	205.623260498
3.57587301587	209.943847656
3.5787755102	213.737030029
3.58167800454	215.97088623
3.58458049887	216.720687866
3.5874829932	215.97088623
3.59038548753	213.984085083
3.59328798186	205.860946655
3.59619047619	204.202926636
3.59909297052	202.675292969
3.60199546485	201.275314331
3.60489795918	199.538925171
3.60780045351	199.078414917
3.61070294785	199.538925171
3.61360544218	200.116043091
3.61650793651	200.810806274
3.61941043084	201.159072876
3.62231292517	201.159072876
3.6252154195	204.320907593
3.62811791383	204.438964844
3.63102040816	204.320907593
3.63392290249	203.731658936
3.63682539683	202.792388916
3.63972789116	201.974090576
3.64263038549	201.507965088
3.64553287982	201.740890503
3.64843537415	202.558258057
3.65133786848	203.614013672
3.65424036281	202.675292969
3.65714285714	205.030258179
3.66004535147	206.098907471
3.6629478458	203.144104004
3.66585034014	201.159072876
3.66875283447	199.308532715
3.6716553288	198.963470459
3.67455782313	199.423690796
3.67746031746	200.231674194
3.68036281179	201.275314331
3.68326530612	202.909561157
3.68616780045	205.860946655
3.68907029478	205.860946655
3.69197278912	205.030258179
3.69487528345	203.849380493
3.69777777778	200.578948975
3.70068027211	195.545394897
