0.0	0.0
0.00290249433107	0.0
0.00580498866213	0.0
0.0087074829932	0.0
0.0116099773243	0.0
0.0145124716553	0.0
0.0174149659864	0.0
0.0203174603175	0.0
0.0232199546485	0.0
0.0261224489796	0.0
0.0290249433107	0.0
0.0319274376417	0.0
0.0348299319728	0.0
0.0377324263039	0.0
0.0406349206349	0.0
0.043537414966	0.0
0.0464399092971	0.0
0.0493424036281	0.0
0.0522448979592	0.0
0.0551473922902	0.0
0.0580498866213	0.0
0.0609523809524	0.0
0.0638548752834	0.0
0.0667573696145	392.221923828
0.0696598639456	396.321228027
0.0725623582766	402.550628662
0.0754648526077	409.823730469
0.0783673469388	416.987335205
0.0812698412698	422.564086914
0.0841723356009	428.215454102
0.087074829932	431.941772461
0.089977324263	433.942382812
0.0928798185941	435.448913574
0.0957823129252	436.960693359
0.0986848072562	438.731048584
0.101587301587	440.0
0.104489795918	441.527557373
0.107392290249	442.293334961
0.11029478458	443.060455322
0.113197278912	443.316436768
0.116099773243	443.316436768
0.119002267574	442.293334961
0.121904761905	441.017791748
0.124807256236	439.745910645
0.127709750567	438.731048584
0.130612244898	438.224517822
0.133514739229	437.718536377
0.13641723356	437.718536377
0.139319727891	437.971466064
0.142222222222	438.731048584
0.145124716553	439.491973877
0.148027210884	440.254241943
0.150929705215	440.763122559
0.153832199546	441.017791748
0.156734693878	440.763122559
0.159637188209	440.763122559
0.16253968254	440.254241943
0.165442176871	439.491973877
0.168344671202	438.984558105
0.171247165533	438.224517822
0.174149659864	437.718536377
0.177052154195	437.213165283
0.179954648526	436.960693359
0.182857142857	437.213165283
0.185759637188	437.718536377
0.188662131519	438.984558105
0.19156462585	440.254241943
0.194467120181	442.03793335
0.197369614512	443.828887939
0.200272108844	445.369720459
0.203174603175	446.399932861
0.206077097506	446.657867432
0.208979591837	446.142181396
0.211882086168	445.112548828
0.214784580499	444.341888428
0.21768707483	442.804595947
0.220589569161	441.782684326
0.223492063492	441.017791748
0.226394557823	440.508605957
0.229297052154	440.0
0.232199546485	439.491973877
0.235102040816	438.477722168
0.238004535147	437.465789795
0.240907029478	436.204162598
0.24380952381	435.700531006
0.246712018141	436.456207275
0.249614512472	437.213165283
0.252517006803	438.224517822
0.255419501134	438.984558105
0.258321995465	439.745910645
0.261224489796	440.0
0.264126984127	439.745910645
0.267029478458	439.238189697
0.269931972789	438.984558105
0.27283446712	439.238189697
0.275736961451	439.491973877
0.278639455782	439.745910645
0.281541950113	440.254241943
0.284444444444	440.0
0.287346938776	440.0
0.290249433107	439.745910645
0.293151927438	439.491973877
0.296054421769	439.491973877
0.2989569161	439.745910645
0.301859410431	440.0
0.304761904762	440.508605957
0.307664399093	440.763122559
0.310566893424	441.017791748
0.313469387755	441.272613525
0.316371882086	441.272613525
0.319274376417	441.272613525
0.322176870748	441.017791748
0.325079365079	440.763122559
0.32798185941	440.763122559
0.330884353741	440.763122559
0.333786848073	440.508605957
0.336689342404	440.254241943
0.339591836735	440.254241943
0.342494331066	440.0
0.345396825397	439.745910645
0.348299319728	439.745910645
0.351201814059	440.0
0.35410430839	440.254241943
0.357006802721	440.763122559
0.359909297052	441.017791748
0.362811791383	441.527557373
0.365714285714	442.03793335
0.368616780045	442.293334961
0.371519274376	442.03793335
0.374421768707	442.03793335
0.377324263039	441.782684326
0.38022675737	441.782684326
0.383129251701	441.782684326
0.386031746032	441.782684326
0.388934240363	442.293334961
0.391836734694	442.54888916
0.394739229025	443.060455322
0.397641723356	443.828887939
0.400544217687	444.598632812
0.403446712018	445.369720459
0.406349206349	445.884552002
0.40925170068	446.399932861
0.412154195011	446.399932861
0.415056689342	446.142181396
0.417959183673	445.884552002
0.420861678005	445.627075195
0.423764172336	445.627075195
0.426666666667	445.627075195
0.429569160998	446.142181396
0.432471655329	446.142181396
0.43537414966	446.399932861
0.438276643991	446.399932861
0.441179138322	446.142181396
0.444081632653	446.142181396
0.446984126984	445.884552002
0.449886621315	445.627075195
0.452789115646	445.369720459
0.455691609977	445.369720459
0.458594104308	445.369720459
0.461496598639	445.369720459
0.464399092971	445.369720459
0.467301587302	445.369720459
0.470204081633	445.627075195
0.473106575964	445.627075195
0.476009070295	445.884552002
0.478911564626	446.142181396
0.481814058957	446.399932861
0.484716553288	446.657867432
0.487619047619	446.657867432
0.49052154195	446.91595459
0.493424036281	447.432556152
0.496326530612	447.691070557
0.499229024943	448.208557129
0.502131519274	448.726654053
0.505034013605	449.245330811
0.507936507937	449.50491333
0.510839002268	449.245330811
0.513741496599	448.467529297
0.51664399093	447.432556152
0.519546485261	446.142181396
0.522448979592	444.598632812
0.525351473923	442.804595947
0.528253968254	440.508605957
0.531156462585	438.477722168
0.534058956916	436.708374023
0.536961451247	435.700531006
0.539863945578	435.197479248
0.542766439909	435.448913574
0.54566893424	436.204162598
0.548571428571	437.213165283
0.551473922902	438.731048584
0.554376417234	439.745910645
0.557278911565	440.763122559
0.560181405896	441.272613525
0.563083900227	441.782684326
0.565986394558	442.03793335
0.568888888889	442.03793335
0.57179138322	441.527557373
0.574693877551	439.745910645
0.577596371882	440.254241943
0.580498866213	449.50491333
0.583401360544	451.84777832
0.586303854875	453.154663086
0.589206349206	453.154663086
0.592108843537	451.84777832
0.595011337868	448.985900879
0.5979138322	441.272613525
0.600816326531	437.465789795
0.603718820862	437.213165283
0.606621315193	437.465789795
0.609523809524	438.477722168
0.612426303855	439.745910645
0.615328798186	440.763122559
0.618231292517	442.03793335
0.621133786848	442.804595947
0.624036281179	443.316436768
0.62693877551	443.572570801
0.629841269841	443.316436768
0.632743764172	442.293334961
0.635646258503	441.017791748
0.638548752834	439.745910645
0.641451247166	438.477722168
0.644353741497	437.971466064
0.647256235828	437.465789795
0.650158730159	437.213165283
0.65306122449	437.718536377
0.655963718821	438.477722168
0.658866213152	439.491973877
0.661768707483	440.508605957
0.664671201814	441.017791748
0.667573696145	441.272613525
0.670476190476	441.272613525
0.673378684807	441.017791748
0.676281179138	440.763122559
0.679183673469	440.0
0.6820861678	439.491973877
0.684988662132	438.731048584
0.687891156463	437.971466064
0.690793650794	437.465789795
0.693696145125	437.213165283
0.696598639456	437.213165283
0.699501133787	437.718536377
0.702403628118	438.984558105
0.705306122449	440.254241943
0.70820861678	442.03793335
0.711111111111	443.828887939
0.714013605442	445.627075195
0.716916099773	446.657867432
0.719818594104	446.91595459
0.722721088435	446.399932861
0.725623582766	445.369720459
0.728526077098	444.085327148
0.731428571429	443.060455322
0.73433106576	441.782684326
0.737233560091	440.763122559
0.740136054422	440.254241943
0.743038548753	439.491973877
0.745941043084	439.238189697
0.748843537415	438.224517822
0.751746031746	437.213165283
0.754648526077	436.204162598
0.757551020408	435.952270508
0.760453514739	436.456207275
0.76335600907	437.213165283
0.766258503401	438.224517822
0.769160997732	438.731048584
0.772063492063	438.984558105
0.774965986395	439.238189697
0.777868480726	439.491973877
0.780770975057	439.238189697
0.783673469388	439.491973877
0.786575963719	439.745910645
0.78947845805	440.0
0.792380952381	440.508605957
0.795283446712	440.508605957
0.798185941043	440.508605957
0.801088435374	440.0
0.803990929705	439.745910645
0.806893424036	439.238189697
0.809795918367	439.238189697
0.812698412698	439.491973877
0.815600907029	440.0
0.818503401361	440.508605957
0.821405895692	441.017791748
0.824308390023	441.272613525
0.827210884354	441.527557373
0.830113378685	441.527557373
0.833015873016	441.272613525
0.835918367347	441.272613525
0.838820861678	441.017791748
0.841723356009	440.763122559
0.84462585034	440.763122559
0.847528344671	440.508605957
0.850430839002	440.508605957
0.853333333333	440.254241943
0.856235827664	440.0
0.859138321995	440.0
0.862040816327	440.0
0.864943310658	440.0
0.867845804989	440.254241943
0.87074829932	440.763122559
0.873650793651	441.272613525
0.876553287982	441.782684326
0.879455782313	442.03793335
0.882358276644	442.293334961
0.885260770975	442.54888916
0.888163265306	442.293334961
0.891065759637	442.03793335
0.893968253968	442.03793335
0.896870748299	442.03793335
0.89977324263	441.782684326
0.902675736961	441.782684326
0.905578231293	441.527557373
0.908480725624	441.017791748
0.911383219955	440.763122559
0.914285714286	440.254241943
0.917188208617	439.745910645
0.920090702948	439.745910645
0.922993197279	439.745910645
0.92589569161	439.745910645
0.928798185941	439.745910645
0.931700680272	440.0
0.934603174603	440.0
0.937505668934	440.0
0.940408163265	439.238189697
0.943310657596	438.984558105
0.946213151927	441.017791748
0.949115646259	444.598632812
0.95201814059	446.91595459
0.954920634921	447.691070557
0.957823129252	399.308441162
0.960725623583	400.232086182
0.963628117914	403.714904785
0.966530612245	410.297454834
0.969433106576	415.784759521
0.972335600907	417.469329834
0.975238095238	417.951873779
0.978140589569	417.710540771
0.9810430839	416.987335205
0.983945578231	415.544647217
0.986848072562	414.106994629
0.989750566893	412.674285889
0.992653061224	412.197814941
0.995555555556	412.435974121
0.998458049887	413.151306152
1.00136054422	413.867858887
1.00426303855	414.825195312
1.00716553288	415.064880371
1.01006802721	415.064880371
1.01297052154	415.064880371
1.01587301587	414.825195312
1.0187755102	415.064880371
1.02167800454	415.544647217
1.02458049887	415.784759521
1.0274829932	416.505889893
1.03038548753	416.987335205
1.03328798186	416.987335205
1.03619047619	416.746520996
1.03909297052	416.265350342
1.04199546485	415.544647217
1.04489795918	414.825195312
1.04780045351	414.825195312
1.05070294785	414.825195312
1.05360544218	415.064880371
1.05650793651	415.544647217
1.05941043084	416.265350342
1.06231292517	416.265350342
1.0652154195	416.505889893
1.06811791383	416.505889893
1.07102040816	416.265350342
1.07392290249	416.024993896
1.07682539683	416.024993896
1.07972789116	416.024993896
1.08263038549	415.784759521
1.08553287982	415.784759521
1.08843537415	416.024993896
1.09133786848	416.746520996
1.09424036281	417.469329834
1.09714285714	418.193359375
1.10004535147	418.676757812
1.1029478458	418.918670654
1.10585034014	418.434997559
1.10875283447	417.710540771
1.1116553288	416.024993896
1.11455782313	414.106994629
1.11746031746	412.435974121
1.12036281179	347.016326904
1.12326530612	348.221069336
1.12616780045	350.440673828
1.12907029478	353.490203857
1.13197278912	353.286071777
1.13487528345	352.267211914
1.13777777778	351.45425415
1.14068027211	350.643157959
1.14358276644	350.03604126
1.14648526077	349.430023193
1.1493877551	348.623596191
1.15229024943	348.221069336
1.15519274376	347.819030762
1.1580952381	347.618164062
1.16099773243	347.417449951
1.16390022676	347.819030762
1.16680272109	348.221069336
1.16970521542	348.825012207
1.17260770975	349.430023193
1.17551020408	349.83392334
1.17841269841	350.03604126
1.18131519274	350.03604126
1.18421768707	350.238311768
1.18712018141	350.440673828
1.19002267574	350.238311768
1.19292517007	350.238311768
1.1958276644	350.03604126
1.19873015873	350.238311768
1.20163265306	350.238311768
1.20453514739	350.03604126
1.20743764172	349.83392334
1.21034013605	349.631896973
1.21324263039	349.631896973
1.21614512472	349.631896973
1.21904761905	349.631896973
1.22195011338	349.631896973
1.22485260771	349.631896973
1.22775510204	349.631896973
1.23065759637	349.631896973
1.2335600907	349.430023193
1.23646258503	349.228240967
1.23936507937	349.228240967
1.2422675737	349.430023193
1.24517006803	349.631896973
1.24807256236	349.83392334
1.25097505669	349.631896973
1.25387755102	349.430023193
1.25678004535	349.430023193
1.25968253968	349.430023193
1.26258503401	349.430023193
1.26548752834	349.430023193
1.26839002268	349.228240967
1.27129251701	349.026580811
1.27419501134	348.825012207
1.27709750567	348.825012207
1.28	348.623596191
1.28290249433	348.422271729
1.28580498866	348.422271729
1.28870748299	348.422271729
1.29160997732	348.623596191
1.29451247166	348.825012207
1.29741496599	349.228240967
1.30031746032	349.430023193
1.30321995465	349.430023193
1.30612244898	349.430023193
1.30902494331	349.430023193
1.31192743764	349.430023193
1.31482993197	349.430023193
1.3177324263	349.430023193
1.32063492063	349.430023193
1.32353741497	349.631896973
1.3264399093	349.83392334
1.32934240363	350.440673828
1.33224489796	351.251281738
1.33514739229	352.267211914
1.33804988662	353.286071777
1.34095238095	353.898803711
1.34385487528	354.103271484
1.34675736961	353.69442749
1.34965986395	353.082061768
1.35256235828	351.657318115
1.35546485261	349.228240967
1.35836734694	346.015533447
1.36126984127	343.625427246
1.3641723356	341.64630127
1.36707482993	340.464294434
1.36997732426	340.07119751
1.37287981859	340.661010742
1.37578231293	341.251861572
1.37868480726	341.251861572
1.38158730159	339.286376953
1.38448979592	333.650299072
1.38739229025	329.627563477
1.39029478458	327.729034424
1.39319727891	326.595184326
1.39609977324	325.465240479
1.39900226757	326.029724121
1.4019047619	327.918395996
1.40480725624	329.818023682
1.40770975057	331.345611572
1.4106122449	332.303955078
1.41351473923	333.457641602
1.41641723356	334.228973389
1.41931972789	334.808654785
1.42222222222	335.002105713
1.42512471655	334.615325928
1.42802721088	333.843078613
1.43092970522	332.49597168
1.43383219955	331.154296875
1.43673469388	329.627563477
1.43963718821	328.107879639
1.44253968254	327.161621094
1.44544217687	326.595184326
1.4483446712	326.783874512
1.45124716553	327.350646973
1.45414965986	328.107879639
1.4570521542	328.866821289
1.45995464853	330.008575439
1.46285714286	330.580932617
1.46575963719	330.963043213
1.46866213152	331.345611572
1.47156462585	331.728637695
1.47446712018	331.920288086
1.47736961451	332.303955078
1.48027210884	332.49597168
1.48317460317	332.112091064
1.48607709751	331.537078857
1.48897959184	330.199249268
1.49188208617	328.676940918
1.4947845805	327.161621094
1.49768707483	326.218109131
1.50058956916	325.653289795
1.50349206349	325.653289795
1.50639455782	326.595184326
1.50929705215	327.918395996
1.51219954649	329.437225342
1.51510204082	330.580932617
1.51800453515	331.537078857
1.52090702948	332.112091064
1.52380952381	332.303955078
1.52671201814	332.303955078
1.52961451247	331.920288086
1.5325170068	331.537078857
1.53541950113	330.963043213
1.53832199546	330.008575439
1.5412244898	329.24697876
1.54412698413	328.297454834
1.54702947846	327.729034424
1.54993197279	327.161621094
1.55283446712	327.161621094
1.55573696145	327.539794922
1.55863945578	328.297454834
1.56154195011	329.437225342
1.56444444444	330.390045166
1.56734693878	331.537078857
1.57024943311	332.112091064
1.57315192744	332.303955078
1.57605442177	332.303955078
1.5789569161	332.49597168
1.58185941043	332.112091064
1.58476190476	331.920288086
1.58766439909	331.537078857
1.59056689342	330.771942139
1.59346938776	330.199249268
1.59637188209	329.818023682
1.59927437642	329.818023682
1.60217687075	330.390045166
1.60507936508	330.771942139
1.60798185941	330.771942139
1.61088435374	330.580932617
1.61378684807	330.008575439
1.6166893424	328.297454834
1.61959183673	324.901763916
1.62249433107	318.951446533
1.6253968254	300.528869629
1.62829931973	294.174102783
1.63120181406	291.46786499
1.63410430839	289.621795654
1.63700680272	288.786529541
1.63990929705	288.786529541
1.64281179138	289.789123535
1.64571428571	291.636291504
1.64861678005	293.495178223
1.65151927438	294.174102783
1.65442176871	293.834442139
1.65732426304	292.817840576
1.66022675737	292.142089844
1.6631292517	291.636291504
1.66603174603	291.804779053
1.66893424036	292.648773193
1.67183673469	293.834442139
1.67473922902	295.024932861
1.67764172336	295.707366943
1.68054421769	295.707366943
1.68344671202	295.024932861
1.68634920635	293.834442139
1.68925170068	292.648773193
1.69215419501	291.973388672
1.69505668934	291.804779053
1.69795918367	292.310882568
1.700861678	293.495178223
1.70376417234	294.684295654
1.70666666667	295.536621094
1.709569161	295.536621094
1.71247165533	294.684295654
1.71537414966	293.325714111
1.71827664399	292.310882568
1.72117913832	291.973388672
1.72408163265	292.310882568
1.72698412698	292.987030029
1.72988662132	294.344055176
1.73278911565	295.878234863
1.73569160998	296.562652588
1.73859410431	295.536621094
1.74149659864	294.004211426
1.74439909297	292.648773193
1.7473015873	291.636291504
1.75020408163	291.636291504
1.75310657596	291.973388672
1.75600907029	292.817840576
1.75891156463	294.004211426
1.76181405896	294.854553223
1.76471655329	294.684295654
1.76761904762	293.495178223
1.77052154195	292.648773193
1.77342403628	291.973388672
1.77632653061	291.973388672
1.77922902494	292.479766846
1.78213151927	293.156341553
1.78503401361	294.514129639
1.78793650794	295.707366943
1.79083900227	295.878234863
1.7937414966	295.195404053
1.79664399093	294.004211426
1.79954648526	292.987030029
1.80244897959	292.310882568
1.80535147392	291.973388672
1.80825396825	292.142089844
1.81115646259	292.648773193
1.81405895692	293.664764404
1.81696145125	294.514129639
1.81986394558	295.024932861
1.82276643991	295.024932861
1.82566893424	294.514129639
1.82857142857	293.834442139
1.8314739229	293.156341553
1.83437641723	292.648773193
1.83727891156	292.310882568
1.8401814059	292.479766846
1.84308390023	292.987030029
1.84598639456	293.664764404
1.84888888889	294.344055176
1.85179138322	294.514129639
1.85469387755	294.174102783
1.85759637188	293.664764404
1.86049886621	293.156341553
1.86340136054	292.987030029
1.86630385488	292.987030029
1.86920634921	293.495178223
1.87210884354	294.004211426
1.87501133787	294.854553223
1.8779138322	295.195404053
1.88081632653	294.854553223
1.88371882086	294.004211426
1.88662131519	293.156341553
1.88952380952	292.479766846
1.89242630385	292.310882568
1.89532879819	292.648773193
1.89823129252	293.325714111
1.90113378685	294.174102783
1.90403628118	294.854553223
1.90693877551	295.195404053
1.90984126984	294.854553223
1.91274376417	294.004211426
1.9156462585	293.325714111
1.91854875283	292.987030029
1.92145124717	292.817840576
1.9243537415	293.156341553
1.92725623583	293.664764404
1.93015873016	294.174102783
1.93306122449	294.514129639
1.93596371882	294.684295654
1.93886621315	294.344055176
1.94176870748	294.004211426
1.94467120181	293.495178223
1.94757369615	293.325714111
1.95047619048	293.325714111
1.95337868481	293.495178223
1.95628117914	293.834442139
1.95918367347	294.004211426
1.9620861678	294.004211426
1.96498866213	294.004211426
1.96789115646	293.664764404
1.97079365079	293.325714111
1.97369614512	293.156341553
1.97659863946	292.817840576
1.97950113379	292.817840576
1.98240362812	292.817840576
1.98530612245	292.987030029
1.98820861678	293.156341553
1.99111111111	293.495178223
1.99401360544	293.664764404
1.99691609977	293.664764404
1.9998185941	293.495178223
2.00272108844	293.156341553
2.00562358277	293.156341553
2.0085260771	293.156341553
2.01142857143	293.156341553
2.01433106576	293.325714111
2.01723356009	293.495178223
2.02013605442	293.495178223
2.02303854875	293.495178223
2.02594104308	293.325714111
2.02884353741	293.156341553
2.03174603175	293.156341553
2.03464852608	292.987030029
2.03755102041	293.156341553
2.04045351474	293.325714111
2.04335600907	293.664764404
2.0462585034	293.664764404
2.04916099773	293.834442139
2.05206349206	293.834442139
2.05496598639	293.834442139
2.05786848073	293.834442139
2.06077097506	293.664764404
2.06367346939	293.495178223
2.06657596372	293.325714111
2.06947845805	292.479766846
2.07238095238	290.627288818
2.07528344671	288.786529541
2.07818594104	288.12008667
2.08108843537	288.12008667
2.08399092971	289.120361328
2.08689342404	291.46786499
2.08979591837	343.427001953
2.0926984127	338.307891846
2.09560090703	332.688079834
2.09850340136	330.963043213
2.10140589569	330.771942139
2.10430839002	330.963043213
2.10721088435	331.154296875
2.11011337868	331.154296875
2.11301587302	331.345611572
2.11591836735	330.580932617
2.11882086168	330.008575439
2.12172335601	329.627563477
2.12462585034	330.008575439
2.12752834467	330.199249268
2.130430839	330.771942139
2.13333333333	331.728637695
2.13623582766	332.303955078
2.139138322	332.688079834
2.14204081633	332.303955078
2.14494331066	331.537078857
2.14784580499	330.580932617
2.15074829932	329.818023682
2.15365079365	329.437225342
2.15655328798	329.437225342
2.15945578231	329.818023682
2.16235827664	330.199249268
2.16526077098	330.580932617
2.16816326531	330.580932617
2.17106575964	330.390045166
2.17396825397	329.818023682
2.1768707483	329.437225342
2.17977324263	329.24697876
2.18267573696	329.24697876
2.18557823129	329.627563477
2.18848072562	330.008575439
2.19138321995	330.390045166
2.19428571429	330.580932617
2.19718820862	330.580932617
2.20009070295	330.390045166
2.20299319728	330.008575439
2.20589569161	329.627563477
2.20879818594	329.437225342
2.21170068027	329.056854248
2.2146031746	329.056854248
2.21750566893	328.866821289
2.22040816327	328.866821289
2.2233106576	328.676940918
2.22621315193	328.297454834
2.22911564626	328.297454834
2.23201814059	328.297454834
2.23492063492	328.297454834
2.23782312925	328.676940918
2.24072562358	329.24697876
2.24362811791	329.818023682
2.24653061224	330.008575439
2.24943310658	330.008575439
2.25233560091	329.818023682
2.25523809524	329.24697876
2.25814058957	329.056854248
2.2610430839	328.866821289
2.26394557823	328.866821289
2.26684807256	329.24697876
2.26975056689	329.437225342
2.27265306122	329.818023682
2.27555555556	330.008575439
2.27845804989	329.627563477
2.28136054422	329.437225342
2.28426303855	329.056854248
2.28716553288	328.676940918
2.29006802721	328.866821289
2.29297052154	329.056854248
2.29587301587	329.437225342
2.2987755102	330.008575439
2.30167800454	330.199249268
2.30458049887	330.199249268
2.3074829932	330.008575439
2.31038548753	329.818023682
2.31328798186	329.437225342
2.31619047619	329.24697876
2.31909297052	329.24697876
2.32199546485	329.24697876
2.32489795918	329.437225342
2.32780045351	329.818023682
2.33070294785	330.008575439
2.33360544218	329.818023682
2.33650793651	329.818023682
2.33941043084	329.818023682
2.34231292517	330.008575439
2.3452154195	329.818023682
2.34811791383	329.818023682
2.35102040816	329.818023682
2.35392290249	329.818023682
2.35682539683	329.818023682
2.35972789116	329.818023682
2.36263038549	330.008575439
2.36553287982	330.008575439
2.36843537415	330.199249268
2.37133786848	330.199249268
2.37424036281	330.008575439
2.37714285714	330.199249268
2.38004535147	330.390045166
2.3829478458	330.199249268
2.38585034014	330.199249268
2.38875283447	330.199249268
2.3916553288	330.008575439
2.39455782313	329.627563477
2.39746031746	330.008575439
2.40036281179	329.627563477
2.40326530612	329.627563477
2.40616780045	329.818023682
2.40907029478	330.199249268
2.41197278912	330.199249268
2.41487528345	330.008575439
2.41777777778	329.437225342
2.42068027211	328.676940918
2.42358276644	328.297454834
2.42648526077	328.107879639
2.4293877551	327.918395996
2.43229024943	328.297454834
2.43519274376	328.297454834
2.4380952381	328.297454834
2.44099773243	328.297454834
2.44390022676	328.297454834
2.44680272109	327.918395996
2.44970521542	327.729034424
2.45260770975	327.729034424
2.45551020408	328.107879639
2.45841269841	328.676940918
2.46131519274	329.24697876
2.46421768707	329.437225342
2.46712018141	329.818023682
2.47002267574	329.818023682
2.47292517007	329.24697876
2.4758276644	328.866821289
2.47873015873	328.297454834
2.48163265306	327.729034424
2.48453514739	327.539794922
2.48743764172	327.918395996
2.49034013605	328.487121582
2.49324263039	329.24697876
2.49614512472	329.627563477
2.49904761905	330.008575439
2.50195011338	330.008575439
2.50485260771	330.008575439
2.50775510204	329.818023682
2.51065759637	330.008575439
2.5135600907	330.008575439
2.51646258503	330.008575439
2.51936507937	330.199249268
2.5222675737	330.580932617
2.52517006803	330.390045166
2.52807256236	330.199249268
2.53097505669	330.008575439
2.53387755102	329.818023682
2.53678004535	329.627563477
2.53968253968	329.437225342
2.54258503401	329.24697876
2.54548752834	329.24697876
2.54839002268	328.866821289
2.55129251701	328.676940918
2.55419501134	328.487121582
2.55709750567	328.487121582
2.56	328.297454834
2.56290249433	328.487121582
2.56580498866	328.676940918
2.56870748299	328.866821289
2.57160997732	439.491973877
2.57451247166	439.491973877
2.57741496599	439.491973877
2.58031746032	440.0
2.58321995465	440.254241943
2.58612244898	440.508605957
2.58902494331	440.508605957
2.59192743764	441.017791748
2.59482993197	444.085327148
2.5977324263	446.657867432
2.60063492063	447.949737549
2.60353741497	400.694732666
2.6064399093	400.926239014
2.60934240363	403.481781006
2.61224489796	407.698760986
2.61514739229	413.390014648
2.61804988662	417.228240967
2.62095238095	418.434997559
2.62385487528	418.434997559
2.62675736961	417.710540771
2.62965986395	416.505889893
2.63256235828	414.825195312
2.63546485261	413.151306152
2.63836734694	412.197814941
2.64126984127	411.959777832
2.6441723356	412.435974121
2.64707482993	413.390014648
2.64997732426	414.585662842
2.65287981859	415.3046875
2.65578231293	415.544647217
2.65868480726	415.544647217
2.66158730159	415.3046875
2.66448979592	415.064880371
2.66739229025	415.064880371
2.67029478458	415.544647217
2.67319727891	416.024993896
2.67609977324	416.505889893
2.67900226757	416.987335205
2.6819047619	416.746520996
2.68480725624	416.505889893
2.68770975057	416.024993896
2.6906122449	415.3046875
2.69351473923	414.825195312
2.69641723356	414.825195312
2.69931972789	415.064880371
2.70222222222	415.3046875
2.70512471655	415.544647217
2.70802721088	416.024993896
2.71092970522	416.265350342
2.71383219955	416.265350342
2.71673469388	416.024993896
2.71963718821	415.784759521
2.72253968254	415.544647217
2.72544217687	415.544647217
2.7283446712	415.544647217
2.73124716553	415.784759521
2.73414965986	416.024993896
2.7370521542	416.024993896
2.73995464853	416.265350342
2.74285714286	416.265350342
2.74575963719	416.265350342
2.74866213152	416.265350342
2.75156462585	416.265350342
2.75446712018	416.024993896
2.75736961451	415.784759521
2.76027210884	415.544647217
2.76317460317	415.3046875
2.76607709751	414.585662842
2.76897959184	414.106994629
2.77188208617	414.106994629
2.7747845805	413.867858887
2.77768707483	414.106994629
2.78058956916	414.825195312
2.78349206349	415.3046875
2.78639455782	416.024993896
2.78929705215	416.987335205
2.79219954649	417.469329834
2.79510204082	417.469329834
2.79800453515	417.228240967
2.80090702948	416.987335205
2.80380952381	416.265350342
2.80671201814	415.784759521
2.80961451247	415.3046875
2.8125170068	415.064880371
2.81541950113	414.825195312
2.81832199546	415.064880371
2.8212244898	415.3046875
2.82412698413	415.544647217
2.82702947846	415.784759521
2.82993197279	415.544647217
2.83283446712	415.3046875
2.83573696145	415.064880371
2.83863945578	414.825195312
2.84154195011	414.585662842
2.84444444444	414.825195312
2.84734693878	415.064880371
2.85024943311	415.784759521
2.85315192744	416.505889893
2.85605442177	417.469329834
2.8589569161	418.676757812
2.86185941043	419.887695312
2.86476190476	421.102142334
2.86766439909	421.102142334
2.87056689342	420.615936279
2.87346938776	420.615936279
2.87637188209	420.858978271
2.87927437642	490.188568115
2.88217687075	489.905517578
2.88507936508	490.188568115
2.88798185941	490.188568115
2.89088435374	490.471801758
2.89378684807	489.905517578
2.8966893424	489.339874268
2.89959183673	489.057312012
2.90249433107	489.339874268
2.9053968254	490.188568115
2.90829931973	491.890380859
2.91120181406	493.883300781
2.91410430839	495.597930908
2.91700680272	497.031341553
2.91990929705	498.181060791
2.92281179138	498.468902588
2.92571428571	498.181060791
2.92861678005	497.605865479
2.93151927438	497.31854248
2.93442176871	496.74432373
2.93732426304	496.74432373
2.94022675737	496.74432373
2.9431292517	497.031341553
2.94603174603	497.605865479
2.94893424036	497.31854248
2.95183673469	497.031341553
2.95473922902	497.031341553
2.95764172336	497.031341553
2.96054421769	497.31854248
2.96344671202	497.031341553
2.96634920635	496.74432373
2.96925170068	496.457489014
2.97215419501	496.170806885
2.97505668934	495.884277344
2.97795918367	495.025726318
2.980861678	494.168670654
2.98376417234	493.313079834
2.98666666667	492.743499756
2.989569161	492.743499756
2.99247165533	493.598114014
2.99537414966	494.739868164
2.99827664399	495.597930908
3.00117913832	496.457489014
3.00408163265	496.74432373
3.00698412698	496.74432373
3.00988662132	496.170806885
3.01278911565	495.025726318
3.01569160998	493.883300781
3.01859410431	493.313079834
3.02149659864	493.028198242
3.02439909297	491.890380859
3.0273015873	491.038757324
3.03020408163	490.188568115
3.03310657596	489.622619629
3.03600907029	489.057312012
3.03891156463	489.057312012
3.04181405896	490.188568115
3.04471655329	491.890380859
3.04761904762	493.313079834
3.05052154195	494.739868164
3.05342403628	495.311767578
3.05632653061	495.884277344
3.05922902494	496.457489014
3.06213151927	496.170806885
3.06503401361	496.170806885
3.06793650794	496.170806885
3.07083900227	495.884277344
3.0737414966	495.597930908
3.07664399093	495.025726318
3.07954648526	494.168670654
3.08244897959	493.883300781
3.08535147392	493.313079834
3.08825396825	492.743499756
3.09115646259	492.174591064
3.09405895692	491.890380859
3.09696145125	492.174591064
3.09986394558	492.458953857
3.10276643991	492.743499756
3.10566893424	493.313079834
3.10857142857	494.168670654
3.1114739229	495.025726318
3.11437641723	495.025726318
3.11727891156	494.168670654
3.1201814059	492.458953857
3.12308390023	420.615936279
3.12598639456	426.241241455
3.12888888889	430.198822021
3.13179138322	432.940917969
3.13469387755	435.197479248
3.13759637188	436.708374023
3.14049886621	437.465789795
3.14340136054	438.731048584
3.14630385488	440.254241943
3.14920634921	441.782684326
3.15210884354	442.804595947
3.15501133787	443.828887939
3.1579138322	444.085327148
3.16081632653	444.085327148
3.16371882086	443.060455322
3.16662131519	441.272613525
3.16952380952	439.745910645
3.17242630385	438.984558105
3.17532879819	438.477722168
3.17823129252	437.718536377
3.18113378685	437.213165283
3.18403628118	436.960693359
3.18693877551	437.718536377
3.18984126984	438.984558105
3.19274376417	440.254241943
3.1956462585	440.508605957
3.19854875283	441.017791748
3.20145124717	441.017791748
3.2043537415	440.763122559
3.20725623583	440.508605957
3.21015873016	439.745910645
3.21306122449	439.238189697
3.21596371882	438.477722168
3.21886621315	437.465789795
3.22176870748	436.960693359
3.22467120181	436.960693359
3.22757369615	437.465789795
3.23047619048	437.718536377
3.23337868481	438.477722168
3.23628117914	439.745910645
3.23918367347	442.293334961
3.2420861678	444.855529785
3.24498866213	446.142181396
3.24789115646	446.399932861
3.25079365079	446.657867432
3.25369614512	446.142181396
3.25659863946	446.142181396
3.25950113379	445.627075195
3.26240362812	443.828887939
3.26530612245	442.293334961
3.26820861678	440.763122559
3.27111111111	440.254241943
3.27401360544	440.0
3.27691609977	439.491973877
3.2798185941	438.984558105
3.28272108844	438.477722168
3.28562358277	437.971466064
3.2885260771	437.971466064
3.29142857143	438.224517822
3.29433106576	438.477722168
3.29723356009	438.477722168
3.30013605442	438.477722168
3.30303854875	438.477722168
3.30594104308	438.477722168
3.30884353741	437.971466064
3.31174603175	437.465789795
3.31464852608	437.465789795
3.31755102041	437.971466064
3.32045351474	438.984558105
3.32335600907	439.745910645
3.3262585034	440.254241943
3.32916099773	440.508605957
3.33206349206	440.254241943
3.33496598639	440.0
3.33786848073	439.491973877
3.34077097506	439.238189697
3.34367346939	439.238189697
3.34657596372	439.238189697
3.34947845805	439.238189697
3.35238095238	439.238189697
3.35528344671	439.745910645
3.35818594104	442.54888916
3.36108843537	444.855529785
3.36399092971	445.884552002
3.36689342404	446.142181396
3.36979591837	444.855529785
3.3726984127	400.232086182
3.37560090703	405.819122314
3.37850340136	414.825195312
3.38140589569	417.228240967
3.38430839002	418.193359375
3.38721088435	418.193359375
3.39011337868	417.951873779
3.39301587302	417.228240967
3.39591836735	416.024993896
3.39882086168	414.585662842
3.40172335601	413.390014648
3.40462585034	412.435974121
3.40752834467	412.197814941
3.410430839	412.435974121
3.41333333333	412.912719727
3.41623582766	413.390014648
3.419138322	414.106994629
3.42204081633	414.346252441
3.42494331066	414.585662842
3.42784580499	415.064880371
3.43074829932	415.544647217
3.43365079365	416.265350342
3.43655328798	416.987335205
3.43945578231	417.469329834
3.44235827664	417.228240967
3.44526077098	416.987335205
3.44816326531	416.505889893
3.45106575964	415.544647217
3.45396825397	414.825195312
3.4568707483	414.585662842
3.45977324263	414.585662842
3.46267573696	414.825195312
3.46557823129	415.064880371
3.46848072562	415.784759521
3.47138321995	416.265350342
3.47428571429	416.505889893
3.47718820862	416.505889893
3.48009070295	416.265350342
3.48299319728	415.784759521
3.48589569161	415.544647217
3.48879818594	415.3046875
3.49170068027	415.544647217
3.4946031746	415.784759521
3.49750566893	416.024993896
3.50040816327	416.265350342
3.5033106576	416.505889893
3.50621315193	416.505889893
3.50911564626	416.505889893
3.51201814059	416.265350342
3.51492063492	416.265350342
3.51782312925	416.024993896
3.52072562358	415.784759521
3.52362811791	415.544647217
3.52653061224	415.3046875
3.52943310658	414.585662842
3.53233560091	414.106994629
3.53523809524	413.867858887
3.53814058957	413.867858887
3.5410430839	414.106994629
3.54394557823	414.585662842
3.54684807256	415.064880371
3.54975056689	415.784759521
3.55265306122	416.265350342
3.55555555556	416.746520996
3.55845804989	416.987335205
3.56136054422	416.746520996
3.56426303855	416.505889893
3.56716553288	416.265350342
3.57006802721	415.784759521
3.57297052154	415.544647217
3.57587301587	415.544647217
3.5787755102	415.544647217
3.58167800454	415.544647217
3.58458049887	415.784759521
3.5874829932	415.784759521
3.59038548753	415.784759521
3.59328798186	415.544647217
3.59619047619	415.3046875
3.59909297052	415.064880371
3.60199546485	414.825195312
3.60489795918	414.585662842
3.60780045351	414.585662842
3.61070294785	414.825195312
3.61360544218	415.3046875
3.61650793651	416.024993896
3.61941043084	416.746520996
3.62231292517	417.710540771
3.6252154195	418.676757812
3.62811791383	420.130310059
3.63102040816	422.808258057
3.63392290249	426.487518311
3.63682539683	433.691802979
3.63972789116	441.017791748
3.64263038549	444.855529785
3.64553287982	446.91595459
3.64843537415	447.432556152
3.65133786848	446.91595459
3.65424036281	445.369720459
3.65714285714	443.828887939
3.66004535147	442.293334961
3.6629478458	441.272613525
3.66585034014	440.254241943
3.66875283447	439.491973877
3.6716553288	438.731048584
3.67455782313	438.224517822
3.67746031746	437.971466064
3.68036281179	437.718536377
3.68326530612	437.971466064
3.68616780045	438.731048584
3.68907029478	439.745910645
3.69197278912	440.254241943
3.69487528345	440.763122559
3.69777777778	441.017791748
3.70068027211	441.017791748
3.70358276644	440.508605957
3.70648526077	439.745910645
3.7093877551	438.477722168
3.71229024943	437.213165283
3.71519274376	435.952270508
3.7180952381	434.695007324
3.72099773243	433.691802979
3.72390022676	432.690917969
3.72680272109	431.941772461
3.72970521542	431.692352295
3.73260770975	432.191345215
3.73551020408	433.691802979
3.73841269841	437.213165283
3.74131519274	441.272613525
3.74421768707	443.828887939
3.74712018141	445.112548828
3.75002267574	445.884552002
3.75292517007	445.884552002
3.7558276644	444.855529785
3.75873015873	443.060455322
3.76163265306	441.782684326
3.76453514739	441.272613525
3.76743764172	442.03793335
3.77034013605	443.060455322
3.77324263039	444.085327148
3.77614512472	444.598632812
3.77904761905	444.341888428
3.78195011338	443.828887939
3.78485260771	442.54888916
3.78775510204	440.763122559
3.79065759637	437.971466064
3.7935600907	434.695007324
3.79646258503	431.941772461
3.79936507937	429.950378418
3.8022675737	429.453979492
3.80517006803	431.443054199
3.80807256236	435.448913574
3.81097505669	438.224517822
3.81387755102	439.745910645
3.81678004535	441.017791748
3.81968253968	441.527557373
3.82258503401	441.272613525
3.82548752834	440.254241943
3.82839002268	438.984558105
3.83129251701	438.224517822
3.83419501134	438.224517822
3.83709750567	438.477722168
3.84	438.984558105
3.84290249433	439.238189697
3.84580498866	439.491973877
3.84870748299	440.0
3.85160997732	440.508605957
3.85451247166	441.017791748
3.85741496599	441.017791748
3.86031746032	441.272613525
3.86321995465	441.527557373
3.86612244898	441.527557373
3.86902494331	441.272613525
3.87192743764	441.527557373
3.87482993197	442.293334961
3.8777324263	443.828887939
3.88063492063	445.884552002
3.88353741497	447.691070557
3.8864399093	448.985900879
3.88934240363	450.544677734
3.89224489796	453.416503906
3.89514739229	459.48046875
3.89804988662	468.864227295
3.90095238095	498.75692749
3.90385487528	492.743499756
3.90675736961	493.028198242
3.90965986395	492.743499756
3.91256235828	492.458953857
3.91546485261	491.890380859
3.91836734694	491.038757324
3.92126984127	490.188568115
3.9241723356	489.622619629
3.92707482993	489.339874268
3.92997732426	489.339874268
3.93287981859	489.339874268
3.93578231293	489.622619629
3.93868480726	490.471801758
3.94158730159	491.60635376
3.94448979592	493.598114014
3.94739229025	494.739868164
3.95029478458	496.457489014
3.95319727891	497.605865479
3.95609977324	497.8934021
3.95900226757	498.181060791
3.9619047619	497.605865479
3.96480725624	497.31854248
3.96770975057	496.74432373
3.9706122449	496.74432373
3.97351473923	497.031341553
3.97641723356	497.605865479
3.97931972789	498.181060791
3.98222222222	497.8934021
3.98512471655	497.8934021
3.98802721088	497.8934021
3.99092970522	497.605865479
3.99383219955	497.605865479
3.99673469388	497.8934021
3.99963718821	497.8934021
4.00253968254	497.8934021
4.00544217687	497.31854248
4.0083446712	496.170806885
4.01124716553	495.025726318
4.01414965986	493.883300781
4.0170521542	493.028198242
4.01995464853	492.458953857
4.02285714286	492.743499756
4.02575963719	493.313079834
4.02866213152	494.454193115
4.03156462585	495.597930908
4.03446712018	496.74432373
4.03736961451	497.605865479
4.04027210884	497.8934021
4.04317460317	497.605865479
4.04607709751	496.457489014
4.04897959184	495.597930908
4.05188208617	494.168670654
4.0547845805	493.028198242
4.05768707483	491.60635376
4.06058956916	491.038757324
4.06349206349	491.32244873
4.06639455782	491.32244873
4.06929705215	491.890380859
4.07219954649	491.60635376
4.07510204082	491.60635376
4.07800453515	491.038757324
4.08090702948	491.60635376
4.08380952381	492.174591064
4.08671201814	492.743499756
4.08961451247	493.598114014
4.0925170068	494.168670654
4.09541950113	494.454193115
4.09832199546	494.739868164
4.1012244898	495.025726318
4.10412698413	495.025726318
4.10702947846	495.025726318
4.10993197279	495.025726318
4.11283446712	494.739868164
4.11573696145	493.883300781
4.11863945578	493.313079834
4.12154195011	492.458953857
4.12444444444	491.60635376
4.12734693878	491.60635376
4.13024943311	491.890380859
4.13315192744	492.174591064
4.13605442177	492.458953857
4.1389569161	493.313079834
4.14185941043	494.168670654
4.14476190476	494.739868164
4.14766439909	495.311767578
4.15056689342	495.311767578
4.15346938776	495.311767578
4.15637188209	495.025726318
4.15927437642	495.025726318
4.16217687075	495.025726318
4.16507936508	494.739868164
4.16798185941	495.025726318
4.17088435374	495.025726318
4.17378684807	495.025726318
4.1766893424	495.025726318
4.17959183673	494.739868164
4.18249433107	494.454193115
4.1853968254	494.168670654
4.18829931973	493.883300781
4.19120181406	493.883300781
4.19410430839	493.883300781
4.19700680272	493.598114014
4.19990929705	493.313079834
4.20281179138	493.313079834
4.20571428571	493.313079834
4.20861678005	493.313079834
4.21151927438	493.313079834
4.21442176871	493.313079834
4.21732426304	493.598114014
4.22022675737	493.313079834
4.2231292517	493.598114014
4.22603174603	493.883300781
4.22893424036	494.168670654
4.23183673469	494.168670654
4.23473922902	493.883300781
4.23764172336	493.598114014
4.24054421769	493.313079834
4.24344671202	492.743499756
4.24634920635	492.743499756
4.24925170068	492.458953857
4.25215419501	492.458953857
4.25505668934	492.743499756
4.25795918367	492.743499756
4.260861678	493.313079834
4.26376417234	493.598114014
4.26666666667	493.598114014
4.269569161	493.598114014
4.27247165533	493.598114014
4.27537414966	493.313079834
4.27827664399	493.313079834
4.28117913832	493.313079834
4.28408163265	493.313079834
4.28698412698	493.313079834
4.28988662132	493.598114014
4.29278911565	493.883300781
4.29569160998	494.168670654
4.29859410431	494.454193115
4.30149659864	494.454193115
4.30439909297	494.739868164
4.3073015873	494.454193115
4.31020408163	494.454193115
4.31310657596	494.168670654
4.31600907029	493.883300781
4.31891156463	493.883300781
4.32181405896	493.883300781
4.32471655329	493.883300781
4.32761904762	493.883300781
4.33052154195	494.168670654
4.33342403628	494.168670654
4.33632653061	494.168670654
4.33922902494	494.168670654
4.34213151927	494.168670654
4.34503401361	493.883300781
4.34793650794	493.883300781
4.35083900227	493.883300781
4.3537414966	493.883300781
4.35664399093	493.883300781
4.35954648526	493.883300781
4.36244897959	494.168670654
4.36535147392	494.168670654
4.36825396825	494.168670654
4.37115646259	494.168670654
4.37405895692	494.168670654
4.37696145125	494.168670654
4.37986394558	494.168670654
4.38276643991	494.168670654
4.38566893424	493.883300781
4.38857142857	493.883300781
4.3914739229	494.168670654
4.39437641723	494.168670654
4.39727891156	494.168670654
4.4001814059	494.454193115
4.40308390023	494.454193115
4.40598639456	494.739868164
4.40888888889	494.739868164
4.41179138322	494.454193115
4.41469387755	494.168670654
4.41759637188	494.168670654
4.42049886621	494.168670654
4.42340136054	493.883300781
4.42630385488	493.883300781
4.42920634921	493.598114014
4.43210884354	493.598114014
4.43501133787	493.598114014
4.4379138322	493.598114014
4.44081632653	493.883300781
4.44371882086	493.883300781
4.44662131519	494.168670654
4.44952380952	494.168670654
4.45242630385	494.168670654
4.45532879819	494.454193115
4.45823129252	495.025726318
4.46113378685	495.025726318
4.46403628118	495.025726318
4.46693877551	495.025726318
4.46984126984	495.311767578
4.47274376417	495.025726318
4.4756462585	494.739868164
4.47854875283	494.739868164
4.48145124717	494.739868164
4.4843537415	495.025726318
4.48725623583	495.597930908
4.49015873016	496.74432373
4.49306122449	498.468902588
4.49596371882	500.199462891
4.49886621315	501.646179199
4.50176870748	502.226043701
4.50467120181	502.516235352
4.50757369615	501.646179199
4.51047619048	501.646179199
4.51337868481	500.199462891
4.51628117914	498.75692749
4.51918367347	498.181060791
4.5220861678	497.8934021
4.52498866213	497.605865479
4.52789115646	497.605865479
4.53079365079	497.605865479
4.53369614512	497.31854248
4.53659863946	497.031341553
4.53950113379	495.884277344
4.54240362812	494.739868164
4.54530612245	493.598114014
4.54820861678	492.743499756
4.55111111111	492.743499756
4.55401360544	493.028198242
4.55691609977	493.883300781
4.5598185941	495.311767578
4.56272108844	496.457489014
4.56562358277	497.8934021
4.5685260771	499.04510498
4.57142857143	499.621948242
4.57433106576	500.488464355
4.57723356009	501.066986084
4.58013605442	501.646179199
4.58303854875	501.936035156
4.58594104308	502.516235352
4.58884353741	502.516235352
4.59174603175	502.516235352
4.59464852608	502.226043701
4.59755102041	501.646179199
4.60045351474	501.646179199
4.60335600907	501.356506348
4.6062585034	501.356506348
4.60916099773	501.356506348
4.61206349206	501.356506348
4.61496598639	501.356506348
4.61786848073	500.777648926
4.62077097506	500.199462891
4.62367346939	499.621948242
4.62657596372	499.04510498
4.62947845805	497.8934021
4.63238095238	497.031341553
4.63528344671	495.884277344
4.63818594104	495.597930908
4.64108843537	495.311767578
4.64399092971	495.597930908
4.64689342404	495.884277344
4.64979591837	495.884277344
4.6526984127	496.170806885
4.65560090703	496.74432373
4.65850340136	496.457489014
4.66140589569	496.74432373
4.66430839002	496.74432373
4.66721088435	497.031341553
4.67011337868	497.31854248
4.67301587302	497.8934021
4.67591836735	497.8934021
4.67882086168	498.181060791
4.68172335601	498.181060791
4.68462585034	498.468902588
4.68752834467	498.468902588
4.690430839	498.468902588
4.69333333333	498.468902588
4.69623582766	498.181060791
4.699138322	497.8934021
4.70204081633	497.8934021
4.70494331066	498.181060791
4.70784580499	497.8934021
4.71074829932	497.605865479
4.71365079365	497.031341553
4.71655328798	495.597930908
4.71945578231	494.454193115
4.72235827664	493.598114014
4.72526077098	493.028198242
4.72816326531	492.743499756
4.73106575964	493.313079834
4.73396825397	494.168670654
4.7368707483	494.739868164
4.73977324263	495.311767578
4.74267573696	495.884277344
4.74557823129	496.457489014
4.74848072562	497.031341553
4.75138321995	497.31854248
4.75428571429	497.8934021
4.75718820862	0.0
4.76009070295	0.0
4.76299319728	0.0
4.76589569161	0.0
4.76879818594	0.0
4.77170068027	0.0
4.7746031746	0.0
4.77750566893	0.0
4.78040816327	0.0
4.7833106576	0.0
4.78621315193	0.0
4.78911564626	0.0
4.79201814059	0.0
4.79492063492	0.0
4.79782312925	0.0
4.80072562358	0.0
4.80362811791	0.0
4.80653061224	0.0
4.80943310658	0.0
4.81233560091	0.0
4.81523809524	0.0
4.81814058957	0.0
4.8210430839	0.0
4.82394557823	0.0
4.82684807256	0.0
4.82975056689	0.0
4.83265306122	0.0
4.83555555556	0.0
4.83845804989	0.0
4.84136054422	0.0
4.84426303855	0.0
4.84716553288	0.0
4.85006802721	0.0
4.85297052154	0.0
4.85587301587	0.0
4.8587755102	0.0
4.86167800454	0.0
4.86458049887	0.0
4.8674829932	0.0
4.87038548753	0.0
4.87328798186	0.0
4.87619047619	0.0
4.87909297052	0.0
4.88199546485	0.0
4.88489795918	0.0
4.88780045351	0.0
4.89070294785	0.0
4.89360544218	0.0
4.89650793651	0.0
4.89941043084	0.0
4.90231292517	0.0
4.9052154195	0.0
4.90811791383	0.0
4.91102040816	0.0
4.91392290249	0.0
4.91682539683	0.0
4.91972789116	0.0
4.92263038549	0.0
4.92553287982	0.0
4.92843537415	0.0
4.93133786848	0.0
4.93424036281	0.0
4.93714285714	0.0
4.94004535147	0.0
4.9429478458	0.0
4.94585034014	0.0
4.94875283447	0.0
4.9516553288	0.0
4.95455782313	0.0
4.95746031746	0.0
4.96036281179	0.0
4.96326530612	0.0
4.96616780045	0.0
4.96907029478	0.0
4.97197278912	0.0
4.97487528345	0.0
4.97777777778	0.0
4.98068027211	0.0
4.98358276644	0.0
4.98648526077	0.0
4.9893877551	0.0
4.99229024943	0.0
4.99519274376	0.0
4.9980952381	0.0
5.00099773243	0.0
5.00390022676	0.0
5.00680272109	0.0
5.00970521542	0.0
5.01260770975	0.0
5.01551020408	0.0
5.01841269841	0.0
5.02131519274	0.0
5.02421768707	0.0
5.02712018141	0.0
5.03002267574	0.0
5.03292517007	0.0
5.0358276644	0.0
5.03873015873	0.0
5.04163265306	0.0
5.04453514739	0.0
5.04743764172	0.0
5.05034013605	0.0
5.05324263039	0.0
5.05614512472	0.0
5.05904761905	0.0
5.06195011338	0.0
5.06485260771	0.0
5.06775510204	0.0
5.07065759637	0.0
5.0735600907	0.0
5.07646258503	0.0
5.07936507937	0.0
5.0822675737	0.0
5.08517006803	0.0
5.08807256236	0.0
5.09097505669	0.0
5.09387755102	0.0
5.09678004535	0.0
5.09968253968	0.0
5.10258503401	0.0
5.10548752834	0.0
5.10839002268	0.0
5.11129251701	0.0
5.11419501134	0.0
5.11709750567	0.0
5.12	0.0
5.12290249433	0.0
5.12580498866	0.0
5.12870748299	0.0
5.13160997732	0.0
5.13451247166	0.0
5.13741496599	0.0
5.14031746032	0.0
5.14321995465	0.0
5.14612244898	0.0
5.14902494331	0.0
5.15192743764	0.0
5.15482993197	0.0
5.1577324263	0.0
5.16063492063	0.0
5.16353741497	0.0
5.1664399093	0.0
5.16934240363	0.0
5.17224489796	0.0
5.17514739229	0.0
5.17804988662	0.0
5.18095238095	0.0
5.18385487528	0.0
5.18675736961	0.0
5.18965986395	0.0
5.19256235828	0.0
5.19546485261	0.0
5.19836734694	0.0
5.20126984127	0.0
5.2041723356	0.0
5.20707482993	0.0
5.20997732426	0.0
5.21287981859	0.0
5.21578231293	0.0
5.21868480726	0.0
5.22158730159	0.0
5.22448979592	0.0
5.22739229025	0.0
5.23029478458	0.0
5.23319727891	0.0
5.23609977324	0.0
5.23900226757	0.0
5.2419047619	0.0
5.24480725624	0.0
5.24770975057	0.0
5.2506122449	0.0
5.25351473923	0.0
5.25641723356	0.0
5.25931972789	0.0
5.26222222222	0.0
5.26512471655	0.0
