0.0	0.0
0.00290249433107	0.0
0.00580498866213	0.0
0.0087074829932	0.0
0.0116099773243	0.0
0.0145124716553	0.0
0.0174149659864	0.0
0.0203174603175	0.0
0.0232199546485	0.0
0.0261224489796	0.0
0.0290249433107	0.0
0.0319274376417	0.0
0.0348299319728	0.0
0.0377324263039	0.0
0.0406349206349	0.0
0.043537414966	0.0
0.0464399092971	0.0
0.0493424036281	0.0
0.0522448979592	0.0
0.0551473922902	0.0
0.0580498866213	0.0
0.0609523809524	0.0
0.0638548752834	0.0
0.0667573696145	0.0
0.0696598639456	0.0
0.0725623582766	0.0
0.0754648526077	0.0
0.0783673469388	0.0
0.0812698412698	0.0
0.0841723356009	0.0
0.087074829932	0.0
0.089977324263	0.0
0.0928798185941	0.0
0.0957823129252	0.0
0.0986848072562	0.0
0.101587301587	0.0
0.104489795918	0.0
0.107392290249	0.0
0.11029478458	0.0
0.113197278912	0.0
0.116099773243	0.0
0.119002267574	0.0
0.121904761905	0.0
0.124807256236	0.0
0.127709750567	0.0
0.130612244898	0.0
0.133514739229	0.0
0.13641723356	0.0
0.139319727891	0.0
0.142222222222	0.0
0.145124716553	0.0
0.148027210884	0.0
0.150929705215	0.0
0.153832199546	0.0
0.156734693878	0.0
0.159637188209	0.0
0.16253968254	0.0
0.165442176871	0.0
0.168344671202	0.0
0.171247165533	0.0
0.174149659864	0.0
0.177052154195	0.0
0.179954648526	0.0
0.182857142857	0.0
0.185759637188	448.467529297
0.188662131519	446.142181396
0.19156462585	444.855529785
0.194467120181	444.085327148
0.197369614512	443.060455322
0.200272108844	442.293334961
0.203174603175	441.527557373
0.206077097506	440.763122559
0.208979591837	440.0
0.211882086168	439.745910645
0.214784580499	439.745910645
0.21768707483	439.491973877
0.220589569161	439.745910645
0.223492063492	440.254241943
0.226394557823	440.508605957
0.229297052154	440.508605957
0.232199546485	440.763122559
0.235102040816	441.017791748
0.238004535147	441.272613525
0.240907029478	441.527557373
0.24380952381	441.527557373
0.246712018141	441.527557373
0.249614512472	441.527557373
0.252517006803	441.527557373
0.255419501134	441.527557373
0.258321995465	442.03793335
0.261224489796	442.03793335
0.264126984127	442.293334961
0.267029478458	442.54888916
0.269931972789	442.804595947
0.27283446712	443.060455322
0.275736961451	443.060455322
0.278639455782	443.060455322
0.281541950113	442.54888916
0.284444444444	442.03793335
0.287346938776	441.782684326
0.290249433107	441.272613525
0.293151927438	441.017791748
0.296054421769	440.254241943
0.2989569161	439.745910645
0.301859410431	438.984558105
0.304761904762	437.971466064
0.307664399093	437.718536377
0.310566893424	437.213165283
0.313469387755	436.960693359
0.316371882086	437.465789795
0.319274376417	437.465789795
0.322176870748	438.224517822
0.325079365079	438.731048584
0.32798185941	439.491973877
0.330884353741	440.508605957
0.333786848073	441.527557373
0.336689342404	442.293334961
0.339591836735	442.804595947
0.342494331066	442.293334961
0.345396825397	441.782684326
0.348299319728	440.763122559
0.351201814059	439.238189697
0.35410430839	437.465789795
0.357006802721	435.952270508
0.359909297052	434.444000244
0.362811791383	433.691802979
0.365714285714	433.191070557
0.368616780045	433.691802979
0.371519274376	434.193115234
0.374421768707	434.695007324
0.377324263039	435.952270508
0.38022675737	436.708374023
0.383129251701	437.465789795
0.386031746032	438.477722168
0.388934240363	438.984558105
0.391836734694	439.491973877
0.394739229025	440.0
0.397641723356	440.254241943
0.400544217687	440.508605957
0.403446712018	440.508605957
0.406349206349	440.763122559
0.40925170068	441.017791748
0.412154195011	441.272613525
0.415056689342	441.272613525
0.417959183673	441.527557373
0.420861678005	441.527557373
0.423764172336	441.272613525
0.426666666667	441.017791748
0.429569160998	441.017791748
0.432471655329	440.508605957
0.43537414966	440.254241943
0.438276643991	439.745910645
0.441179138322	439.238189697
0.444081632653	438.984558105
0.446984126984	438.984558105
0.449886621315	438.984558105
0.452789115646	439.238189697
0.455691609977	439.238189697
0.458594104308	439.491973877
0.461496598639	439.745910645
0.464399092971	439.745910645
0.467301587302	439.745910645
0.470204081633	439.491973877
0.473106575964	439.491973877
0.476009070295	439.491973877
0.478911564626	439.238189697
0.481814058957	438.984558105
0.484716553288	438.984558105
0.487619047619	438.224517822
0.49052154195	437.718536377
0.493424036281	437.213165283
0.496326530612	437.213165283
0.499229024943	437.465789795
0.502131519274	437.718536377
0.505034013605	437.971466064
0.507936507937	437.971466064
0.510839002268	437.971466064
0.513741496599	437.718536377
0.51664399093	437.718536377
0.519546485261	437.718536377
0.522448979592	438.224517822
0.525351473923	438.731048584
0.528253968254	439.238189697
0.531156462585	439.745910645
0.534058956916	440.254241943
0.536961451247	440.254241943
0.539863945578	440.0
0.542766439909	439.745910645
0.54566893424	439.491973877
0.548571428571	439.491973877
0.551473922902	439.238189697
0.554376417234	439.491973877
0.557278911565	439.745910645
0.560181405896	439.745910645
0.563083900227	439.745910645
0.565986394558	439.745910645
0.568888888889	439.745910645
0.57179138322	439.745910645
0.574693877551	439.745910645
0.577596371882	439.745910645
0.580498866213	440.0
0.583401360544	440.254241943
0.586303854875	440.254241943
0.589206349206	440.254241943
0.592108843537	440.0
0.595011337868	440.0
0.5979138322	439.745910645
0.600816326531	439.491973877
0.603718820862	439.491973877
0.606621315193	439.491973877
0.609523809524	439.491973877
0.612426303855	439.745910645
0.615328798186	440.0
0.618231292517	440.0
0.621133786848	440.254241943
0.624036281179	440.254241943
0.62693877551	440.254241943
0.629841269841	440.0
0.632743764172	440.0
0.635646258503	439.745910645
0.638548752834	439.491973877
0.641451247166	439.491973877
0.644353741497	439.238189697
0.647256235828	439.238189697
0.650158730159	439.238189697
0.65306122449	438.731048584
0.655963718821	438.224517822
0.658866213152	437.213165283
0.661768707483	435.700531006
0.664671201814	434.193115234
0.667573696145	432.690917969
0.670476190476	431.443054199
0.673378684807	430.696075439
0.676281179138	430.944915771
0.679183673469	431.443054199
0.6820861678	432.940917969
0.684988662132	435.197479248
0.687891156463	436.960693359
0.690793650794	438.477722168
0.693696145125	440.0
0.696598639456	441.017791748
0.699501133787	441.782684326
0.702403628118	442.293334961
0.705306122449	442.804595947
0.70820861678	443.060455322
0.711111111111	443.060455322
0.714013605442	443.060455322
0.716916099773	443.316436768
0.719818594104	443.060455322
0.722721088435	443.060455322
0.725623582766	442.804595947
0.728526077098	442.54888916
0.731428571429	442.293334961
0.73433106576	442.293334961
0.737233560091	442.03793335
0.740136054422	441.782684326
0.743038548753	441.272613525
0.745941043084	440.508605957
0.748843537415	439.491973877
0.751746031746	438.477722168
0.754648526077	437.718536377
0.757551020408	437.213165283
0.760453514739	437.213165283
0.76335600907	437.213165283
0.766258503401	437.213165283
0.769160997732	437.465789795
0.772063492063	437.718536377
0.774965986395	437.971466064
0.777868480726	438.224517822
0.780770975057	438.477722168
0.783673469388	438.984558105
0.786575963719	438.984558105
0.78947845805	439.491973877
0.792380952381	439.745910645
0.795283446712	440.0
0.798185941043	440.254241943
0.801088435374	440.508605957
0.803990929705	441.017791748
0.806893424036	441.272613525
0.809795918367	441.527557373
0.812698412698	441.527557373
0.815600907029	441.527557373
0.818503401361	441.527557373
0.821405895692	441.527557373
0.824308390023	441.527557373
0.827210884354	441.782684326
0.830113378685	442.03793335
0.833015873016	442.293334961
0.835918367347	442.54888916
0.838820861678	442.804595947
0.841723356009	442.804595947
0.84462585034	442.804595947
0.847528344671	442.54888916
0.850430839002	442.03793335
0.853333333333	441.527557373
0.856235827664	441.017791748
0.859138321995	440.508605957
0.862040816327	439.745910645
0.864943310658	439.491973877
0.867845804989	438.984558105
0.87074829932	438.731048584
0.873650793651	437.971466064
0.876553287982	438.224517822
0.879455782313	437.971466064
0.882358276644	438.224517822
0.885260770975	438.477722168
0.888163265306	438.984558105
0.891065759637	439.491973877
0.893968253968	440.508605957
0.896870748299	442.03793335
0.89977324263	443.060455322
0.902675736961	444.085327148
0.905578231293	444.855529785
0.908480725624	444.341888428
0.911383219955	443.316436768
0.914285714286	441.782684326
0.917188208617	439.491973877
0.920090702948	437.718536377
0.922993197279	436.204162598
0.92589569161	434.695007324
0.928798185941	433.691802979
0.931700680272	433.191070557
0.934603174603	432.940917969
0.937505668934	433.191070557
0.940408163265	433.942382812
0.943310657596	434.695007324
0.946213151927	435.952270508
0.949115646259	436.960693359
0.95201814059	438.224517822
0.954920634921	439.745910645
0.957823129252	440.763122559
0.960725623583	441.782684326
0.963628117914	442.293334961
0.966530612245	442.54888916
0.969433106576	442.54888916
0.972335600907	442.54888916
0.975238095238	442.03793335
0.978140589569	441.527557373
0.9810430839	441.017791748
0.983945578231	440.508605957
0.986848072562	440.0
0.989750566893	439.745910645
0.992653061224	439.491973877
0.995555555556	439.491973877
0.998458049887	439.491973877
1.00136054422	439.238189697
1.00426303855	438.984558105
1.00716553288	438.731048584
1.01006802721	438.731048584
1.01297052154	438.731048584
1.01587301587	439.238189697
1.0187755102	439.491973877
1.02167800454	440.0
1.02458049887	440.508605957
1.0274829932	441.017791748
1.03038548753	441.527557373
1.03328798186	441.527557373
1.03619047619	441.017791748
1.03909297052	440.763122559
1.04199546485	440.0
1.04489795918	439.491973877
1.04780045351	438.984558105
1.05070294785	438.477722168
1.05360544218	437.718536377
1.05650793651	437.718536377
1.05941043084	437.465789795
1.06231292517	437.718536377
1.0652154195	437.971466064
1.06811791383	438.224517822
1.07102040816	438.224517822
1.07392290249	438.224517822
1.07682539683	437.971466064
1.07972789116	437.971466064
1.08263038549	438.224517822
1.08553287982	438.477722168
1.08843537415	439.491973877
1.09133786848	440.508605957
1.09424036281	441.272613525
1.09714285714	441.782684326
1.10004535147	441.782684326
1.1029478458	441.527557373
1.10585034014	441.527557373
1.10875283447	441.527557373
1.1116553288	442.03793335
1.11455782313	443.316436768
1.11746031746	444.085327148
1.12036281179	445.369720459
1.12326530612	445.884552002
1.12616780045	445.627075195
1.12907029478	444.341888428
1.13197278912	442.293334961
1.13487528345	438.984558105
1.13777777778	435.952270508
1.14068027211	431.941772461
1.14358276644	428.462860107
1.14648526077	424.766571045
1.1493877551	421.102142334
1.15229024943	417.228240967
1.15519274376	414.346252441
1.1580952381	412.912719727
1.16099773243	411.959777832
1.16390022676	411.009063721
1.16680272109	406.992858887
1.16970521542	425.74911499
1.17260770975	440.0
1.17551020408	445.369720459
1.17841269841	446.91595459
1.18131519274	446.91595459
1.18421768707	446.399932861
1.18712018141	444.341888428
1.19002267574	442.03793335
1.19292517007	440.254241943
1.1958276644	438.224517822
1.19873015873	436.708374023
1.20163265306	435.448913574
1.20453514739	435.197479248
1.20743764172	435.700531006
1.21034013605	439.238189697
1.21324263039	444.085327148
1.21614512472	447.174163818
1.21904761905	448.467529297
1.22195011338	448.985900879
1.22485260771	447.691070557
1.22775510204	445.112548828
1.23065759637	440.0
1.2335600907	435.700531006
1.23646258503	434.695007324
1.23936507937	435.197479248
1.2422675737	436.204162598
1.24517006803	437.971466064
1.24807256236	439.491973877
1.25097505669	441.272613525
1.25387755102	442.293334961
1.25678004535	443.572570801
1.25968253968	443.828887939
1.26258503401	443.316436768
1.26548752834	442.54888916
1.26839002268	441.782684326
1.27129251701	440.254241943
1.27419501134	438.224517822
1.27709750567	436.204162598
1.28	434.695007324
1.28290249433	433.942382812
1.28580498866	435.448913574
1.28870748299	443.316436768
1.29160997732	447.432556152
1.29451247166	341.054779053
1.29741496599	343.030487061
1.30031746032	344.221405029
1.30321995465	345.815734863
1.30612244898	346.415496826
1.30902494331	347.417449951
1.31192743764	348.422271729
1.31482993197	349.631896973
1.3177324263	350.845733643
1.32063492063	351.45425415
1.32353741497	351.251281738
1.3264399093	351.048461914
1.32934240363	351.45425415
1.33224489796	352.470733643
1.33514739229	353.898803711
1.33804988662	353.898803711
1.34095238095	352.470733643
1.34385487528	351.048461914
1.34675736961	351.251281738
1.34965986395	352.267211914
1.35256235828	353.286071777
1.35546485261	354.103271484
1.35836734694	354.717407227
1.36126984127	354.922363281
1.3641723356	354.922363281
1.36707482993	354.307861328
1.36997732426	353.898803711
1.37287981859	353.286071777
1.37578231293	352.267211914
1.37868480726	351.45425415
1.38158730159	351.048461914
1.38448979592	351.657318115
1.38739229025	351.657318115
1.39029478458	351.45425415
1.39319727891	351.251281738
1.39609977324	351.251281738
1.39900226757	351.657318115
1.4019047619	352.063781738
1.40480725624	352.267211914
1.40770975057	351.86050415
1.4106122449	350.643157959
1.41351473923	349.83392334
1.41641723356	349.631896973
1.41931972789	349.228240967
1.42222222222	349.026580811
1.42512471655	348.422271729
1.42802721088	348.019989014
1.43092970522	347.618164062
1.43383219955	347.618164062
1.43673469388	347.216827393
1.43963718821	347.016326904
1.44253968254	347.216827393
1.44544217687	348.221069336
1.4483446712	349.228240967
1.45124716553	350.03604126
1.45414965986	350.238311768
1.4570521542	350.238311768
1.45995464853	350.238311768
1.46285714286	350.643157959
1.46575963719	350.845733643
1.46866213152	350.643157959
1.47156462585	350.440673828
1.47446712018	350.238311768
1.47736961451	350.643157959
1.48027210884	351.048461914
1.48317460317	351.251281738
1.48607709751	351.251281738
1.48897959184	350.845733643
1.49188208617	350.643157959
1.4947845805	350.440673828
1.49768707483	350.440673828
1.50058956916	350.03604126
1.50349206349	349.83392334
1.50639455782	349.83392334
1.50929705215	349.83392334
1.51219954649	349.83392334
1.51510204082	349.83392334
1.51800453515	349.83392334
1.52090702948	349.631896973
1.52380952381	349.430023193
1.52671201814	349.430023193
1.52961451247	349.430023193
1.5325170068	349.631896973
1.53541950113	349.228240967
1.53832199546	349.026580811
1.5412244898	349.026580811
1.54412698413	348.825012207
1.54702947846	348.623596191
1.54993197279	348.623596191
1.55283446712	348.422271729
1.55573696145	348.623596191
1.55863945578	349.228240967
1.56154195011	350.03604126
1.56444444444	350.440673828
1.56734693878	350.440673828
1.57024943311	350.238311768
1.57315192744	349.228240967
1.57605442177	347.819030762
1.5789569161	345.416473389
1.58185941043	341.251861572
1.58476190476	337.527130127
1.58766439909	333.650299072
1.59056689342	331.345611572
1.59346938776	329.437225342
1.59637188209	327.539794922
1.59927437642	325.841461182
1.60217687075	325.653289795
1.60507936508	325.465240479
1.60798185941	325.653289795
1.61088435374	326.029724121
1.61378684807	326.783874512
1.6166893424	328.487121582
1.61959183673	330.199249268
1.62249433107	331.920288086
1.6253968254	333.457641602
1.62829931973	334.422088623
1.63120181406	335.002105713
1.63410430839	334.808654785
1.63700680272	334.228973389
1.63990929705	332.688079834
1.64281179138	330.008575439
1.64571428571	326.972686768
1.64861678005	325.089477539
1.65151927438	324.339233398
1.65442176871	324.901763916
1.65732426304	326.595184326
1.66022675737	329.24697876
1.6631292517	332.688079834
1.66603174603	335.002105713
1.66893424036	335.971038818
1.67183673469	335.971038818
1.67473922902	335.583129883
1.67764172336	334.422088623
1.68054421769	333.265075684
1.68344671202	331.920288086
1.68634920635	330.390045166
1.68925170068	329.24697876
1.69215419501	328.297454834
1.69505668934	327.729034424
1.69795918367	327.350646973
1.700861678	327.729034424
1.70376417234	328.297454834
1.70666666667	329.056854248
1.709569161	330.008575439
1.71247165533	330.963043213
1.71537414966	331.537078857
1.71827664399	331.728637695
1.72117913832	331.920288086
1.72408163265	331.920288086
1.72698412698	331.728637695
1.72988662132	331.537078857
1.73278911565	331.154296875
1.73569160998	330.771942139
1.73859410431	330.390045166
1.74149659864	330.199249268
1.74439909297	329.818023682
1.7473015873	329.437225342
1.75020408163	329.437225342
1.75310657596	329.24697876
1.75600907029	329.437225342
1.75891156463	329.627563477
1.76181405896	330.008575439
1.76471655329	330.199249268
1.76761904762	330.199249268
1.77052154195	330.199249268
1.77342403628	330.199249268
1.77632653061	329.818023682
1.77922902494	329.437225342
1.78213151927	329.056854248
1.78503401361	328.676940918
1.78793650794	328.676940918
1.79083900227	328.676940918
1.7937414966	328.866821289
1.79664399093	329.056854248
1.79954648526	329.24697876
1.80244897959	329.437225342
1.80535147392	329.437225342
1.80825396825	329.627563477
1.81115646259	329.627563477
1.81405895692	329.627563477
1.81696145125	329.818023682
1.81986394558	330.008575439
1.82276643991	330.008575439
1.82566893424	330.390045166
1.82857142857	330.390045166
1.8314739229	330.390045166
1.83437641723	330.390045166
1.83727891156	330.199249268
1.8401814059	330.199249268
1.84308390023	330.008575439
1.84598639456	330.008575439
1.84888888889	330.008575439
1.85179138322	330.199249268
1.85469387755	330.199249268
1.85759637188	330.390045166
1.86049886621	330.580932617
1.86340136054	330.390045166
1.86630385488	329.818023682
1.86920634921	329.24697876
1.87210884354	328.487121582
1.87501133787	327.539794922
1.8779138322	326.783874512
1.88081632653	326.029724121
1.88371882086	324.714141846
1.88662131519	323.403839111
1.88952380952	320.984466553
1.89242630385	301.746459961
1.89532879819	296.562652588
1.89823129252	294.174102783
1.90113378685	293.156341553
1.90403628118	293.495178223
1.90693877551	294.684295654
1.90984126984	296.220245361
1.91274376417	297.936218262
1.9156462585	300.008544922
1.91854875283	299.489105225
1.92145124717	296.562652588
1.9243537415	292.817840576
1.92725623583	291.299560547
1.93015873016	290.963226318
1.93306122449	291.299560547
1.93596371882	292.310882568
1.93886621315	293.664764404
1.94176870748	295.024932861
1.94467120181	295.878234863
1.94757369615	296.220245361
1.95047619048	295.878234863
1.95337868481	295.195404053
1.95628117914	294.514129639
1.95918367347	293.834442139
1.9620861678	293.495178223
1.96498866213	293.495178223
1.96789115646	293.834442139
1.97079365079	294.344055176
1.97369614512	294.684295654
1.97659863946	295.024932861
1.97950113379	295.195404053
1.98240362812	295.024932861
1.98530612245	294.684295654
1.98820861678	294.344055176
1.99111111111	294.174102783
1.99401360544	294.174102783
1.99691609977	294.174102783
1.9998185941	294.344055176
2.00272108844	294.344055176
2.00562358277	294.514129639
2.0085260771	294.514129639
2.01142857143	294.344055176
2.01433106576	294.344055176
2.01723356009	294.344055176
2.02013605442	294.514129639
2.02303854875	294.684295654
2.02594104308	295.024932861
2.02884353741	295.024932861
2.03174603175	294.854553223
2.03464852608	294.854553223
2.03755102041	294.684295654
2.04045351474	294.514129639
2.04335600907	294.514129639
2.0462585034	294.684295654
2.04916099773	294.854553223
2.05206349206	295.024932861
2.05496598639	295.024932861
2.05786848073	294.684295654
2.06077097506	294.344055176
2.06367346939	294.004211426
2.06657596372	294.004211426
2.06947845805	294.004211426
2.07238095238	294.344055176
2.07528344671	294.514129639
2.07818594104	294.854553223
2.08108843537	294.854553223
2.08399092971	294.684295654
2.08689342404	294.344055176
2.08979591837	293.834442139
2.0926984127	293.495178223
2.09560090703	293.325714111
2.09850340136	293.495178223
2.10140589569	293.495178223
2.10430839002	293.834442139
2.10721088435	294.004211426
2.11011337868	294.004211426
2.11301587302	294.004211426
2.11591836735	294.004211426
2.11882086168	294.004211426
2.12172335601	294.174102783
2.12462585034	294.174102783
2.12752834467	294.174102783
2.130430839	294.344055176
2.13333333333	294.344055176
2.13623582766	294.344055176
2.139138322	294.174102783
2.14204081633	294.004211426
2.14494331066	294.004211426
2.14784580499	294.004211426
2.15074829932	294.174102783
2.15365079365	294.344055176
2.15655328798	294.514129639
2.15945578231	294.684295654
2.16235827664	294.684295654
2.16526077098	294.684295654
2.16816326531	294.514129639
2.17106575964	294.344055176
2.17396825397	294.174102783
2.1768707483	294.344055176
2.17977324263	294.514129639
2.18267573696	294.854553223
2.18557823129	295.024932861
2.18848072562	295.195404053
2.19138321995	295.024932861
2.19428571429	294.684295654
2.19718820862	294.514129639
2.20009070295	294.174102783
2.20299319728	294.174102783
2.20589569161	294.174102783
2.20879818594	294.344055176
2.21170068027	294.684295654
2.2146031746	294.854553223
2.21750566893	295.024932861
2.22040816327	295.024932861
2.2233106576	295.024932861
2.22621315193	294.854553223
2.22911564626	294.684295654
2.23201814059	294.684295654
2.23492063492	294.514129639
2.23782312925	294.514129639
2.24072562358	294.514129639
2.24362811791	294.514129639
2.24653061224	294.684295654
2.24943310658	294.854553223
2.25233560091	294.854553223
2.25523809524	294.684295654
2.25814058957	294.344055176
2.2610430839	294.174102783
2.26394557823	294.174102783
2.26684807256	294.004211426
2.26975056689	294.174102783
2.27265306122	294.174102783
2.27555555556	294.344055176
2.27845804989	294.514129639
2.28136054422	294.684295654
2.28426303855	294.684295654
2.28716553288	294.684295654
2.29006802721	294.514129639
2.29297052154	294.514129639
2.29587301587	294.344055176
2.2987755102	294.344055176
2.30167800454	294.514129639
2.30458049887	294.514129639
2.3074829932	294.514129639
2.31038548753	294.514129639
2.31328798186	294.344055176
2.31619047619	294.174102783
2.31909297052	294.174102783
2.32199546485	294.174102783
2.32489795918	294.174102783
2.32780045351	294.344055176
2.33070294785	294.344055176
2.33360544218	294.514129639
2.33650793651	294.684295654
2.33941043084	294.684295654
2.34231292517	294.514129639
2.3452154195	294.514129639
2.34811791383	294.344055176
2.35102040816	294.344055176
2.35392290249	294.174102783
2.35682539683	294.344055176
2.35972789116	294.344055176
2.36263038549	294.344055176
2.36553287982	294.514129639
2.36843537415	294.514129639
2.37133786848	294.344055176
2.37424036281	294.344055176
2.37714285714	294.344055176
2.38004535147	294.174102783
2.3829478458	294.174102783
2.38585034014	294.174102783
2.38875283447	294.344055176
2.3916553288	294.344055176
2.39455782313	294.344055176
2.39746031746	294.344055176
2.40036281179	294.344055176
2.40326530612	294.344055176
2.40616780045	294.344055176
2.40907029478	294.344055176
2.41197278912	294.344055176
2.41487528345	294.344055176
2.41777777778	294.344055176
2.42068027211	294.344055176
2.42358276644	294.344055176
2.42648526077	294.344055176
2.4293877551	294.344055176
2.43229024943	294.514129639
2.43519274376	294.854553223
2.4380952381	295.707366943
2.44099773243	296.391387939
2.44390022676	297.248626709
2.44680272109	297.07699585
2.44970521542	295.195404053
2.45260770975	292.817840576
2.45551020408	291.46786499
2.45841269841	291.131347656
2.46131519274	291.636291504
2.46421768707	293.495178223
2.46712018141	328.107879639
2.47002267574	317.664428711
2.47292517007	318.583190918
2.4758276644	320.799133301
2.47873015873	323.590698242
2.48163265306	326.595184326
2.48453514739	328.866821289
2.48743764172	330.199249268
2.49034013605	330.771942139
2.49324263039	330.963043213
2.49614512472	330.199249268
2.49904761905	329.056854248
2.50195011338	327.539794922
2.50485260771	326.595184326
2.50775510204	326.218109131
2.51065759637	326.972686768
2.5135600907	328.107879639
2.51646258503	329.056854248
2.51936507937	330.008575439
2.5222675737	330.390045166
2.52517006803	330.580932617
2.52807256236	330.580932617
2.53097505669	330.390045166
2.53387755102	330.390045166
2.53678004535	330.771942139
2.53968253968	330.963043213
2.54258503401	331.345611572
2.54548752834	331.345611572
2.54839002268	330.963043213
2.55129251701	330.771942139
2.55419501134	330.199249268
2.55709750567	329.437225342
2.56	329.056854248
2.56290249433	328.866821289
2.56580498866	328.866821289
2.56870748299	328.866821289
2.57160997732	329.24697876
2.57451247166	329.437225342
2.57741496599	329.818023682
2.58031746032	330.390045166
2.58321995465	330.771942139
2.58612244898	331.345611572
2.58902494331	331.728637695
2.59192743764	331.920288086
2.59482993197	331.920288086
2.5977324263	331.920288086
2.60063492063	331.537078857
2.60353741497	331.345611572
2.6064399093	330.771942139
2.60934240363	330.771942139
2.61224489796	330.580932617
2.61514739229	330.580932617
2.61804988662	330.580932617
2.62095238095	330.580932617
2.62385487528	330.390045166
2.62675736961	330.199249268
2.62965986395	329.818023682
2.63256235828	329.627563477
2.63546485261	329.627563477
2.63836734694	329.437225342
2.64126984127	329.627563477
2.6441723356	329.818023682
2.64707482993	330.008575439
2.64997732426	330.199249268
2.65287981859	330.008575439
2.65578231293	329.627563477
2.65868480726	329.24697876
2.66158730159	328.676940918
2.66448979592	328.297454834
2.66739229025	327.729034424
2.67029478458	327.729034424
2.67319727891	328.107879639
2.67609977324	328.866821289
2.67900226757	329.627563477
2.6819047619	330.580932617
2.68480725624	330.963043213
2.68770975057	331.154296875
2.6906122449	331.345611572
2.69351473923	330.963043213
2.69641723356	330.580932617
2.69931972789	330.390045166
2.70222222222	330.390045166
2.70512471655	330.963043213
2.70802721088	331.345611572
2.71092970522	331.920288086
2.71383219955	331.728637695
2.71673469388	331.154296875
2.71963718821	442.804595947
2.72253968254	442.03793335
2.72544217687	441.527557373
2.7283446712	440.763122559
2.73124716553	440.0
2.73414965986	439.745910645
2.7370521542	439.491973877
2.73995464853	439.491973877
2.74285714286	439.745910645
2.74575963719	440.0
2.74866213152	440.254241943
2.75156462585	440.508605957
2.75446712018	440.508605957
2.75736961451	440.763122559
2.76027210884	441.017791748
2.76317460317	441.017791748
2.76607709751	441.272613525
2.76897959184	441.527557373
2.77188208617	441.527557373
2.7747845805	441.272613525
2.77768707483	441.527557373
2.78058956916	441.527557373
2.78349206349	441.782684326
2.78639455782	442.293334961
2.78929705215	442.804595947
2.79219954649	443.060455322
2.79510204082	443.060455322
2.79800453515	443.060455322
2.80090702948	442.54888916
2.80380952381	442.03793335
2.80671201814	441.527557373
2.80961451247	441.272613525
2.8125170068	440.763122559
2.81541950113	440.254241943
2.81832199546	439.745910645
2.8212244898	439.238189697
2.82412698413	438.731048584
2.82702947846	437.971466064
2.82993197279	437.718536377
2.83283446712	437.213165283
2.83573696145	436.960693359
2.83863945578	437.213165283
2.84154195011	437.718536377
2.84444444444	438.477722168
2.84734693878	439.238189697
2.85024943311	440.254241943
2.85315192744	441.272613525
2.85605442177	442.03793335
2.8589569161	442.804595947
2.86185941043	442.804595947
2.86476190476	442.03793335
2.86766439909	441.272613525
2.87056689342	440.254241943
2.87346938776	438.731048584
2.87637188209	437.718536377
2.87927437642	436.204162598
2.88217687075	435.448913574
2.88507936508	434.695007324
2.88798185941	434.444000244
2.89088435374	434.695007324
2.89378684807	434.946166992
2.8966893424	435.700531006
2.89959183673	436.456207275
2.90249433107	437.213165283
2.9053968254	437.718536377
2.90829931973	438.477722168
2.91120181406	438.731048584
2.91410430839	439.238189697
2.91700680272	439.238189697
2.91990929705	439.491973877
2.92281179138	439.745910645
2.92571428571	440.0
2.92861678005	440.254241943
2.93151927438	440.763122559
2.93442176871	441.017791748
2.93732426304	441.272613525
2.94022675737	441.527557373
2.9431292517	441.527557373
2.94603174603	441.527557373
2.94893424036	441.272613525
2.95183673469	441.017791748
2.95473922902	440.763122559
2.95764172336	440.254241943
2.96054421769	439.745910645
2.96344671202	438.984558105
2.96634920635	438.477722168
2.96925170068	437.971466064
2.97215419501	437.971466064
2.97505668934	437.718536377
2.97795918367	437.718536377
2.980861678	437.971466064
2.98376417234	437.718536377
2.98666666667	437.213165283
2.989569161	436.456207275
2.99247165533	435.448913574
2.99537414966	433.691802979
2.99827664399	431.193939209
3.00117913832	427.227203369
3.00408163265	423.05255127
3.00698412698	416.265350342
3.00988662132	414.106994629
3.01278911565	413.628875732
3.01569160998	415.544647217
3.01859410431	426.241241455
3.02149659864	434.444000244
3.02439909297	437.971466064
3.0273015873	440.0
3.03020408163	442.03793335
3.03310657596	443.060455322
3.03600907029	443.828887939
3.03891156463	443.828887939
3.04181405896	443.316436768
3.04471655329	442.804595947
3.04761904762	442.03793335
3.05052154195	441.017791748
3.05342403628	440.254241943
3.05632653061	440.0
3.05922902494	440.763122559
3.06213151927	442.293334961
3.06503401361	444.085327148
3.06793650794	445.112548828
3.07083900227	445.627075195
3.0737414966	445.369720459
3.07664399093	444.341888428
3.07954648526	442.293334961
3.08244897959	440.254241943
3.08535147392	439.238189697
3.08825396825	438.984558105
3.09115646259	439.238189697
3.09405895692	440.254241943
3.09696145125	441.527557373
3.09986394558	442.54888916
3.10276643991	443.316436768
3.10566893424	444.085327148
3.10857142857	444.341888428
3.1114739229	444.341888428
3.11437641723	444.085327148
3.11727891156	442.804595947
3.1201814059	441.527557373
3.12308390023	439.745910645
3.12598639456	437.465789795
3.12888888889	435.952270508
3.13179138322	434.946166992
3.13469387755	435.952270508
3.13759637188	439.238189697
3.14049886621	442.54888916
3.14340136054	444.085327148
3.14630385488	444.598632812
3.14920634921	444.341888428
3.15210884354	442.804595947
3.15501133787	439.745910645
3.1579138322	435.952270508
3.16081632653	432.940917969
3.16371882086	430.696075439
3.16662131519	428.462860107
3.16952380952	425.74911499
3.17242630385	421.102142334
3.17532879819	416.265350342
3.17823129252	413.867858887
3.18113378685	412.674285889
3.18403628118	411.959777832
3.18693877551	412.197814941
3.18984126984	413.390014648
3.19274376417	415.3046875
3.1956462585	417.228240967
3.19854875283	418.193359375
3.20145124717	418.676757812
3.2043537415	418.676757812
3.20725623583	418.434997559
3.21015873016	417.951873779
3.21306122449	416.265350342
3.21596371882	414.106994629
3.21886621315	411.721893311
3.22176870748	410.060516357
3.22467120181	409.58706665
3.22757369615	410.060516357
3.23047619048	411.484161377
3.23337868481	413.390014648
3.23628117914	416.024993896
3.23918367347	418.434997559
3.2420861678	420.130310059
3.24498866213	420.858978271
3.24789115646	420.858978271
3.25079365079	420.373046875
3.25369614512	419.160705566
3.25659863946	417.469329834
3.25950113379	415.3046875
3.26240362812	413.628875732
3.26530612245	412.674285889
3.26820861678	412.435974121
3.27111111111	413.628875732
3.27401360544	415.544647217
3.27691609977	418.676757812
3.2798185941	420.858978271
3.28272108844	423.05255127
3.28562358277	425.011993408
3.2885260771	427.227203369
3.29142857143	427.227203369
3.29433106576	502.226043701
3.29723356009	500.777648926
3.30013605442	499.910614014
3.30303854875	498.75692749
3.30594104308	495.884277344
3.30884353741	492.174591064
3.31174603175	490.188568115
3.31464852608	489.905517578
3.31755102041	490.471801758
3.32045351474	491.60635376
3.32335600907	493.598114014
3.3262585034	495.311767578
3.32916099773	497.031341553
3.33206349206	497.605865479
3.33496598639	497.8934021
3.33786848073	497.605865479
3.34077097506	496.74432373
3.34367346939	495.311767578
3.34657596372	493.598114014
3.34947845805	492.458953857
3.35238095238	491.32244873
3.35528344671	489.905517578
3.35818594104	489.339874268
3.36108843537	489.057312012
3.36399092971	490.188568115
3.36689342404	491.038757324
3.36979591837	491.32244873
3.3726984127	491.890380859
3.37560090703	491.890380859
3.37850340136	492.458953857
3.38140589569	492.458953857
3.38430839002	493.028198242
3.38721088435	493.598114014
3.39011337868	494.454193115
3.39301587302	495.025726318
3.39591836735	495.597930908
3.39882086168	495.025726318
3.40172335601	494.454193115
3.40462585034	493.313079834
3.40752834467	492.174591064
3.410430839	491.32244873
3.41333333333	490.755187988
3.41623582766	490.471801758
3.419138322	490.755187988
3.42204081633	491.32244873
3.42494331066	492.174591064
3.42784580499	492.743499756
3.43074829932	493.598114014
3.43365079365	493.883300781
3.43655328798	494.168670654
3.43945578231	494.168670654
3.44235827664	494.168670654
3.44526077098	493.598114014
3.44816326531	493.028198242
3.45106575964	492.743499756
3.45396825397	492.458953857
3.4568707483	492.458953857
3.45977324263	492.458953857
3.46267573696	492.458953857
3.46557823129	492.458953857
3.46848072562	492.743499756
3.47138321995	493.028198242
3.47428571429	493.028198242
3.47718820862	492.743499756
3.48009070295	492.743499756
3.48299319728	493.028198242
3.48589569161	493.028198242
3.48879818594	493.028198242
3.49170068027	493.313079834
3.4946031746	493.313079834
3.49750566893	493.598114014
3.50040816327	494.168670654
3.5033106576	494.454193115
3.50621315193	495.311767578
3.50911564626	496.170806885
3.51201814059	497.031341553
3.51492063492	497.031341553
3.51782312925	497.031341553
3.52072562358	496.74432373
3.52362811791	496.170806885
3.52653061224	495.311767578
3.52943310658	495.025726318
3.53233560091	494.739868164
3.53523809524	494.454193115
3.53814058957	494.168670654
3.5410430839	493.028198242
3.54394557823	491.32244873
3.54684807256	489.057312012
3.54975056689	486.521484375
3.55265306122	485.959747314
3.55555555556	443.828887939
3.55845804989	442.293334961
3.56136054422	441.272613525
3.56426303855	440.254241943
3.56716553288	439.491973877
3.57006802721	438.984558105
3.57297052154	439.238189697
3.57587301587	439.491973877
3.5787755102	440.0
3.58167800454	440.0
3.58458049887	440.254241943
3.5874829932	440.254241943
3.59038548753	440.508605957
3.59328798186	441.017791748
3.59619047619	441.272613525
3.59909297052	441.782684326
3.60199546485	441.782684326
3.60489795918	441.527557373
3.60780045351	441.527557373
3.61070294785	441.527557373
3.61360544218	441.782684326
3.61650793651	442.03793335
3.61941043084	442.293334961
3.62231292517	442.54888916
3.6252154195	442.804595947
3.62811791383	443.060455322
3.63102040816	443.060455322
3.63392290249	442.804595947
3.63682539683	442.293334961
3.63972789116	442.03793335
3.64263038549	441.527557373
3.64553287982	441.017791748
3.64843537415	440.254241943
3.65133786848	439.491973877
3.65424036281	438.731048584
3.65714285714	438.477722168
3.66004535147	438.224517822
3.6629478458	437.718536377
3.66585034014	437.213165283
3.66875283447	436.960693359
3.6716553288	437.465789795
3.67455782313	438.477722168
3.67746031746	438.984558105
3.68036281179	440.0
3.68326530612	440.508605957
3.68616780045	441.527557373
3.68907029478	442.54888916
3.69197278912	442.804595947
3.69487528345	442.293334961
3.69777777778	441.527557373
3.70068027211	440.508605957
3.70358276644	439.238189697
3.70648526077	437.718536377
3.7093877551	436.708374023
3.71229024943	435.952270508
3.71519274376	435.448913574
3.7180952381	434.695007324
3.72099773243	434.695007324
3.72390022676	434.946166992
3.72680272109	435.700531006
3.72970521542	436.204162598
3.73260770975	436.708374023
3.73551020408	437.213165283
3.73841269841	437.718536377
3.74131519274	437.971466064
3.74421768707	438.731048584
3.74712018141	439.238189697
3.75002267574	439.745910645
3.75292517007	439.491973877
3.7558276644	439.745910645
3.75873015873	440.0
3.76163265306	440.508605957
3.76453514739	441.017791748
3.76743764172	441.272613525
3.77034013605	441.527557373
3.77324263039	441.527557373
3.77614512472	441.017791748
3.77904761905	440.508605957
3.78195011338	440.0
3.78485260771	439.238189697
3.78775510204	438.224517822
3.79065759637	437.465789795
3.7935600907	436.456207275
3.79646258503	436.204162598
3.79936507937	435.448913574
3.8022675737	434.193115234
3.80517006803	432.940917969
3.80807256236	430.944915771
3.81097505669	427.721038818
3.81387755102	422.808258057
3.81678004535	415.544647217
3.81968253968	411.721893311
3.82258503401	409.35055542
3.82548752834	407.934326172
3.82839002268	407.698760986
3.83129251701	450.024505615
3.83419501134	444.341888428
3.83709750567	445.369720459
3.84	446.142181396
3.84290249433	447.174163818
3.84580498866	448.467529297
3.84870748299	446.399932861
3.85160997732	444.855529785
3.85451247166	442.804595947
3.85741496599	441.272613525
3.86031746032	440.0
3.86321995465	438.731048584
3.86612244898	437.971466064
3.86902494331	438.731048584
3.87192743764	442.03793335
3.87482993197	445.112548828
3.8777324263	446.91595459
3.88063492063	447.691070557
3.88353741497	447.432556152
3.8864399093	446.142181396
3.88934240363	443.572570801
3.89224489796	440.254241943
3.89514739229	437.971466064
3.89804988662	437.465789795
3.90095238095	437.718536377
3.90385487528	439.491973877
3.90675736961	441.017791748
3.90965986395	442.54888916
3.91256235828	443.572570801
3.91546485261	444.085327148
3.91836734694	444.598632812
3.92126984127	444.341888428
3.9241723356	443.828887939
3.92707482993	442.804595947
3.92997732426	441.272613525
3.93287981859	439.238189697
3.93578231293	436.204162598
3.93868480726	433.441375732
3.94158730159	431.443054199
3.94448979592	430.447357178
3.94739229025	432.690917969
3.95029478458	441.272613525
3.95319727891	444.598632812
3.95609977324	445.884552002
3.95900226757	446.142181396
3.9619047619	445.112548828
3.96480725624	441.782684326
3.96770975057	433.441375732
3.9706122449	428.710418701
3.97351473923	426.980499268
3.97641723356	425.257537842
3.97931972789	422.808258057
3.98222222222	420.373046875
3.98512471655	417.710540771
3.98802721088	415.784759521
3.99092970522	414.585662842
3.99383219955	413.867858887
3.99673469388	413.628875732
3.99963718821	413.867858887
4.00253968254	414.825195312
4.00544217687	415.784759521
4.0083446712	416.505889893
4.01124716553	416.987335205
4.01414965986	416.987335205
4.0170521542	416.746520996
4.01995464853	416.024993896
4.02285714286	415.064880371
4.02575963719	413.867858887
4.02866213152	412.674285889
4.03156462585	411.959777832
4.03446712018	411.484161377
4.03736961451	411.721893311
4.04027210884	412.197814941
4.04317460317	413.390014648
4.04607709751	414.585662842
4.04897959184	415.784759521
4.05188208617	416.746520996
4.0547845805	417.710540771
4.05768707483	418.434997559
4.06058956916	418.676757812
4.06349206349	418.193359375
4.06639455782	416.987335205
4.06929705215	415.544647217
4.07219954649	414.585662842
4.07510204082	414.346252441
4.07800453515	414.825195312
4.08090702948	416.505889893
4.08380952381	419.887695312
4.08671201814	426.487518311
4.08961451247	433.942382812
4.0925170068	437.971466064
4.09541950113	440.763122559
4.09832199546	442.293334961
4.1012244898	443.060455322
4.10412698413	443.572570801
4.10702947846	443.316436768
4.10993197279	442.804595947
4.11283446712	442.03793335
4.11573696145	441.272613525
4.11863945578	440.508605957
4.12154195011	440.0
4.12444444444	440.0
4.12734693878	440.254241943
4.13024943311	440.763122559
4.13315192744	441.527557373
4.13605442177	442.03793335
4.1389569161	442.293334961
4.14185941043	442.804595947
4.14476190476	442.804595947
4.14766439909	442.54888916
4.15056689342	442.293334961
4.15346938776	442.03793335
4.15637188209	442.03793335
4.15927437642	441.782684326
4.16217687075	441.527557373
4.16507936508	441.272613525
4.16798185941	441.272613525
4.17088435374	441.272613525
4.17378684807	441.272613525
4.1766893424	441.527557373
4.17959183673	441.527557373
4.18249433107	441.272613525
4.1853968254	440.763122559
4.18829931973	440.0
4.19120181406	438.984558105
4.19410430839	437.971466064
4.19700680272	436.960693359
4.19990929705	436.708374023
4.20281179138	436.456207275
4.20571428571	436.708374023
4.20861678005	437.465789795
4.21151927438	438.984558105
4.21442176871	440.254241943
4.21732426304	441.527557373
4.22022675737	442.804595947
4.2231292517	443.060455322
4.22603174603	443.060455322
4.22893424036	442.03793335
4.23183673469	440.0
4.23473922902	437.971466064
4.23764172336	436.204162598
4.24054421769	434.695007324
4.24344671202	433.441375732
4.24634920635	432.940917969
4.24925170068	433.441375732
4.25215419501	434.193115234
4.25505668934	434.946166992
4.25795918367	436.456207275
4.260861678	437.213165283
4.26376417234	438.731048584
4.26666666667	439.238189697
4.269569161	439.491973877
4.27247165533	439.745910645
4.27537414966	439.745910645
4.27827664399	439.491973877
4.28117913832	439.491973877
4.28408163265	439.745910645
4.28698412698	440.0
4.28988662132	440.508605957
4.29278911565	441.017791748
4.29569160998	441.272613525
4.29859410431	441.272613525
4.30149659864	441.017791748
4.30439909297	440.508605957
4.3073015873	439.745910645
4.31020408163	439.238189697
4.31310657596	438.731048584
4.31600907029	438.224517822
4.31891156463	437.971466064
4.32181405896	437.971466064
4.32471655329	438.224517822
4.32761904762	438.477722168
4.33052154195	438.984558105
4.33342403628	439.745910645
4.33632653061	440.254241943
4.33922902494	440.763122559
4.34213151927	441.272613525
4.34503401361	441.272613525
4.34793650794	441.017791748
4.35083900227	440.508605957
4.3537414966	439.745910645
4.35664399093	438.731048584
4.35954648526	437.718536377
4.36244897959	437.213165283
4.36535147392	437.213165283
4.36825396825	437.971466064
4.37115646259	438.477722168
4.37405895692	439.745910645
4.37696145125	440.763122559
4.37986394558	441.782684326
4.38276643991	441.782684326
4.38566893424	440.508605957
4.38857142857	438.477722168
4.3914739229	436.708374023
4.39437641723	435.197479248
4.39727891156	506.596405029
4.4001814059	506.596405029
4.40308390023	503.387786865
4.40598639456	501.936035156
4.40888888889	501.356506348
4.41179138322	499.910614014
4.41469387755	497.8934021
4.41759637188	495.597930908
4.42049886621	493.028198242
4.42340136054	491.038757324
4.42630385488	489.905517578
4.42920634921	490.471801758
4.43210884354	492.458953857
4.43501133787	494.739868164
4.4379138322	496.457489014
4.44081632653	497.31854248
4.44371882086	497.8934021
4.44662131519	497.8934021
4.44952380952	497.031341553
4.45242630385	495.311767578
4.45532879819	493.883300781
4.45823129252	492.743499756
4.46113378685	491.890380859
4.46403628118	491.038757324
4.46693877551	489.622619629
4.46984126984	488.210571289
4.47274376417	488.774902344
4.4756462585	490.755187988
4.47854875283	492.743499756
4.48145124717	493.598114014
4.4843537415	493.883300781
4.48725623583	493.883300781
4.49015873016	493.313079834
4.49306122449	492.743499756
4.49596371882	492.743499756
4.49886621315	493.313079834
4.50176870748	493.883300781
4.50467120181	494.168670654
4.50757369615	494.454193115
4.51047619048	493.883300781
4.51337868481	492.743499756
4.51628117914	491.60635376
4.51918367347	491.038757324
4.5220861678	490.471801758
4.52498866213	490.471801758
4.52789115646	490.471801758
4.53079365079	491.038757324
4.53369614512	492.174591064
4.53659863946	493.313079834
4.53950113379	493.883300781
4.54240362812	494.739868164
4.54530612245	494.739868164
4.54820861678	494.739868164
4.55111111111	494.739868164
4.55401360544	494.168670654
4.55691609977	493.598114014
4.5598185941	493.313079834
4.56272108844	493.313079834
4.56562358277	493.313079834
4.5685260771	493.028198242
4.57142857143	492.458953857
4.57433106576	492.458953857
4.57723356009	492.743499756
4.58013605442	493.028198242
4.58303854875	493.883300781
4.58594104308	494.168670654
4.58884353741	493.883300781
4.59174603175	493.598114014
4.59464852608	493.313079834
4.59755102041	492.743499756
4.60045351474	492.743499756
4.60335600907	492.743499756
4.6062585034	493.028198242
4.60916099773	493.313079834
4.61206349206	493.598114014
4.61496598639	493.883300781
4.61786848073	494.739868164
4.62077097506	495.025726318
4.62367346939	495.597930908
4.62657596372	495.597930908
4.62947845805	495.884277344
4.63238095238	495.311767578
4.63528344671	495.025726318
4.63818594104	494.739868164
4.64108843537	494.168670654
4.64399092971	493.598114014
4.64689342404	493.313079834
4.64979591837	492.743499756
4.6526984127	492.458953857
4.65560090703	492.458953857
4.65850340136	492.174591064
4.66140589569	491.890380859
4.66430839002	492.174591064
4.66721088435	492.174591064
4.67011337868	492.743499756
4.67301587302	493.313079834
4.67591836735	493.598114014
4.67882086168	493.883300781
4.68172335601	494.168670654
4.68462585034	494.168670654
4.68752834467	494.168670654
4.690430839	494.168670654
4.69333333333	494.168670654
4.69623582766	494.168670654
4.699138322	494.168670654
4.70204081633	494.168670654
4.70494331066	493.883300781
4.70784580499	493.883300781
4.71074829932	493.883300781
4.71365079365	493.883300781
4.71655328798	493.883300781
4.71945578231	493.883300781
4.72235827664	493.883300781
4.72526077098	493.883300781
4.72816326531	493.883300781
4.73106575964	493.883300781
4.73396825397	493.883300781
4.7368707483	493.883300781
4.73977324263	493.883300781
4.74267573696	493.598114014
4.74557823129	493.883300781
4.74848072562	493.883300781
4.75138321995	494.168670654
4.75428571429	494.454193115
4.75718820862	494.454193115
4.76009070295	494.454193115
4.76299319728	494.454193115
4.76589569161	494.168670654
4.76879818594	494.168670654
4.77170068027	494.168670654
4.7746031746	494.168670654
4.77750566893	493.883300781
4.78040816327	493.598114014
4.7833106576	493.313079834
4.78621315193	493.313079834
4.78911564626	493.598114014
4.79201814059	493.883300781
4.79492063492	494.168670654
4.79782312925	494.454193115
4.80072562358	494.739868164
4.80362811791	494.739868164
4.80653061224	494.739868164
4.80943310658	494.739868164
4.81233560091	494.454193115
4.81523809524	494.168670654
4.81814058957	493.883300781
4.8210430839	493.598114014
4.82394557823	493.598114014
4.82684807256	493.598114014
4.82975056689	493.598114014
4.83265306122	493.598114014
4.83555555556	493.598114014
4.83845804989	493.313079834
4.84136054422	493.598114014
4.84426303855	493.598114014
4.84716553288	493.883300781
4.85006802721	493.883300781
4.85297052154	494.168670654
4.85587301587	494.168670654
4.8587755102	494.168670654
4.86167800454	494.168670654
4.86458049887	494.454193115
4.8674829932	494.168670654
4.87038548753	494.168670654
4.87328798186	494.168670654
4.87619047619	494.168670654
4.87909297052	494.168670654
4.88199546485	494.168670654
4.88489795918	494.454193115
4.88780045351	494.454193115
4.89070294785	494.739868164
4.89360544218	494.454193115
4.89650793651	494.739868164
4.89941043084	494.454193115
4.90231292517	494.454193115
4.9052154195	494.454193115
4.90811791383	494.168670654
4.91102040816	494.168670654
4.91392290249	494.168670654
4.91682539683	494.168670654
4.91972789116	494.168670654
4.92263038549	494.168670654
4.92553287982	493.883300781
4.92843537415	493.598114014
4.93133786848	493.883300781
4.93424036281	493.883300781
4.93714285714	493.883300781
4.94004535147	493.883300781
4.9429478458	494.168670654
4.94585034014	494.168670654
4.94875283447	494.168670654
4.9516553288	494.168670654
4.95455782313	494.168670654
4.95746031746	494.168670654
4.96036281179	494.168670654
4.96326530612	494.168670654
4.96616780045	494.168670654
4.96907029478	494.454193115
4.97197278912	494.168670654
4.97487528345	494.454193115
4.97777777778	494.454193115
4.98068027211	494.454193115
4.98358276644	494.168670654
4.98648526077	494.168670654
4.9893877551	493.883300781
4.99229024943	493.598114014
4.99519274376	493.598114014
4.9980952381	493.598114014
5.00099773243	493.598114014
5.00390022676	493.883300781
5.00680272109	494.168670654
5.00970521542	493.883300781
5.01260770975	494.168670654
5.01551020408	494.168670654
5.01841269841	494.168670654
5.02131519274	494.168670654
5.02421768707	493.883300781
5.02712018141	494.168670654
5.03002267574	493.883300781
5.03292517007	493.598114014
5.0358276644	493.598114014
5.03873015873	493.598114014
5.04163265306	493.883300781
5.04453514739	494.168670654
5.04743764172	494.739868164
5.05034013605	495.025726318
5.05324263039	495.025726318
5.05614512472	495.025726318
5.05904761905	494.739868164
5.06195011338	494.168670654
5.06485260771	493.598114014
5.06775510204	492.743499756
5.07065759637	492.458953857
5.0735600907	492.743499756
5.07646258503	493.028198242
5.07936507937	493.598114014
5.0822675737	494.454193115
5.08517006803	495.025726318
5.08807256236	495.597930908
5.09097505669	495.597930908
5.09387755102	495.025726318
5.09678004535	494.454193115
5.09968253968	493.883300781
5.10258503401	493.598114014
5.10548752834	493.313079834
5.10839002268	492.743499756
5.11129251701	492.458953857
5.11419501134	492.743499756
5.11709750567	493.028198242
5.12	493.883300781
5.12290249433	494.168670654
5.12580498866	494.739868164
5.12870748299	495.025726318
5.13160997732	495.311767578
5.13451247166	495.025726318
5.13741496599	494.454193115
5.14031746032	493.883300781
5.14321995465	493.313079834
5.14612244898	493.313079834
5.14902494331	493.313079834
5.15192743764	493.598114014
5.15482993197	494.168670654
5.1577324263	494.168670654
5.16063492063	494.454193115
5.16353741497	494.454193115
5.1664399093	494.454193115
5.16934240363	494.168670654
5.17224489796	494.168670654
5.17514739229	494.168670654
5.17804988662	493.883300781
5.18095238095	493.598114014
5.18385487528	493.598114014
5.18675736961	493.028198242
5.18965986395	493.313079834
5.19256235828	493.313079834
5.19546485261	493.598114014
5.19836734694	494.168670654
5.20126984127	494.454193115
5.2041723356	494.739868164
5.20707482993	494.454193115
5.20997732426	494.168670654
5.21287981859	493.883300781
5.21578231293	493.598114014
5.21868480726	493.313079834
5.22158730159	493.313079834
5.22448979592	493.313079834
5.22739229025	493.598114014
5.23029478458	494.168670654
5.23319727891	494.454193115
5.23609977324	494.739868164
5.23900226757	495.025726318
5.2419047619	495.025726318
5.24480725624	494.739868164
5.24770975057	494.739868164
5.2506122449	494.454193115
5.25351473923	494.168670654
5.25641723356	493.598114014
5.25931972789	493.028198242
5.26222222222	492.743499756
5.26512471655	493.028198242
5.26802721088	493.598114014
5.27092970522	0.0
5.27383219955	0.0
5.27673469388	0.0
5.27963718821	0.0
5.28253968254	0.0
5.28544217687	0.0
5.2883446712	0.0
5.29124716553	0.0
5.29414965986	0.0
5.2970521542	0.0
5.29995464853	0.0
5.30285714286	0.0
5.30575963719	0.0
5.30866213152	0.0
5.31156462585	0.0
5.31446712018	0.0
5.31736961451	0.0
5.32027210884	0.0
5.32317460317	0.0
5.32607709751	0.0
5.32897959184	0.0
5.33188208617	0.0
5.3347845805	0.0
5.33768707483	0.0
5.34058956916	0.0
5.34349206349	0.0
5.34639455782	0.0
5.34929705215	0.0
5.35219954649	0.0
5.35510204082	0.0
5.35800453515	0.0
5.36090702948	0.0
5.36380952381	0.0
5.36671201814	0.0
5.36961451247	0.0
5.3725170068	0.0
5.37541950113	0.0
5.37832199546	0.0
5.3812244898	0.0
5.38412698413	0.0
5.38702947846	0.0
5.38993197279	0.0
5.39283446712	0.0
5.39573696145	0.0
5.39863945578	0.0
5.40154195011	0.0
5.40444444444	0.0
5.40734693878	0.0
5.41024943311	0.0
5.41315192744	0.0
5.41605442177	0.0
5.4189569161	0.0
5.42185941043	0.0
5.42476190476	0.0
5.42766439909	0.0
5.43056689342	0.0
5.43346938776	0.0
5.43637188209	0.0
5.43927437642	0.0
5.44217687075	0.0
5.44507936508	0.0
5.44798185941	0.0
5.45088435374	0.0
5.45378684807	0.0
5.4566893424	0.0
5.45959183673	0.0
5.46249433107	0.0
5.4653968254	0.0
5.46829931973	0.0
5.47120181406	0.0
5.47410430839	0.0
5.47700680272	0.0
5.47990929705	0.0
5.48281179138	0.0
5.48571428571	0.0
5.48861678005	0.0
5.49151927438	0.0
5.49442176871	0.0
5.49732426304	0.0
5.50022675737	0.0
5.5031292517	0.0
5.50603174603	0.0
5.50893424036	0.0
5.51183673469	0.0
5.51473922902	0.0
5.51764172336	0.0
5.52054421769	0.0
5.52344671202	0.0
5.52634920635	0.0
5.52925170068	0.0
5.53215419501	0.0
5.53505668934	0.0
5.53795918367	0.0
5.540861678	0.0
5.54376417234	0.0
5.54666666667	0.0
5.549569161	0.0
5.55247165533	0.0
5.55537414966	0.0
5.55827664399	0.0
5.56117913832	0.0
5.56408163265	0.0
5.56698412698	0.0
5.56988662132	0.0
5.57278911565	0.0
5.57569160998	0.0
5.57859410431	0.0
5.58149659864	0.0
5.58439909297	0.0
5.5873015873	0.0
5.59020408163	0.0
5.59310657596	0.0
5.59600907029	0.0
