0.0	0.0
0.00290249433107	0.0
0.00580498866213	0.0
0.0087074829932	0.0
0.0116099773243	0.0
0.0145124716553	0.0
0.0174149659864	0.0
0.0203174603175	0.0
0.0232199546485	0.0
0.0261224489796	0.0
0.0290249433107	0.0
0.0319274376417	0.0
0.0348299319728	0.0
0.0377324263039	0.0
0.0406349206349	0.0
0.043537414966	0.0
0.0464399092971	0.0
0.0493424036281	0.0
0.0522448979592	0.0
0.0551473922902	0.0
0.0580498866213	0.0
0.0609523809524	0.0
0.0638548752834	0.0
0.0667573696145	0.0
0.0696598639456	0.0
0.0725623582766	0.0
0.0754648526077	0.0
0.0783673469388	0.0
0.0812698412698	277.984313965
0.0841723356009	274.157226562
0.087074829932	271.478302002
0.089977324263	269.914703369
0.0928798185941	268.980865479
0.0957823129252	268.670288086
0.0986848072562	268.360107422
0.101587301587	268.670288086
0.104489795918	268.670288086
0.107392290249	268.980865479
0.11029478458	269.136260986
0.113197278912	268.980865479
0.116099773243	268.20513916
0.119002267574	267.12286377
0.121904761905	266.198699951
0.124807256236	265.584350586
0.127709750567	265.124542236
0.130612244898	264.81842041
0.133514739229	264.359924316
0.13641723356	263.90222168
0.139319727891	263.293182373
0.142222222222	262.230743408
0.145124716553	261.323486328
0.148027210884	260.269012451
0.150929705215	259.368530273
0.153832199546	258.919494629
0.156734693878	258.769958496
0.159637188209	258.769958496
0.16253968254	259.218780518
0.165442176871	259.818389893
0.168344671202	260.419372559
0.171247165533	261.172607422
0.174149659864	261.776733398
0.177052154195	262.230743408
0.179954648526	262.382263184
0.182857142857	262.382263184
0.185759637188	262.382263184
0.188662131519	262.230743408
0.19156462585	262.230743408
0.194467120181	262.230743408
0.197369614512	262.079315186
0.200272108844	262.079315186
0.203174603175	262.079315186
0.206077097506	261.927978516
0.208979591837	261.927978516
0.211882086168	261.625579834
0.214784580499	261.474487305
0.21768707483	261.323486328
0.220589569161	261.172607422
0.223492063492	261.021789551
0.226394557823	261.172607422
0.229297052154	261.474487305
0.232199546485	261.927978516
0.235102040816	262.533874512
0.238004535147	263.141143799
0.240907029478	263.59753418
0.24380952381	263.59753418
0.246712018141	263.59753418
0.249614512472	263.4453125
0.252517006803	262.989196777
0.255419501134	262.685546875
0.258321995465	262.382263184
0.261224489796	261.927978516
0.264126984127	261.625579834
0.267029478458	261.323486328
0.269931972789	261.021789551
0.27283446712	260.871063232
0.275736961451	260.720397949
0.278639455782	260.720397949
0.281541950113	260.720397949
0.284444444444	260.720397949
0.287346938776	260.720397949
0.290249433107	260.871063232
0.293151927438	260.871063232
0.296054421769	261.021789551
0.2989569161	261.021789551
0.301859410431	261.172607422
0.304761904762	261.323486328
0.307664399093	261.323486328
0.310566893424	261.323486328
0.313469387755	261.323486328
0.316371882086	261.172607422
0.319274376417	261.021789551
0.322176870748	261.021789551
0.325079365079	261.021789551
0.32798185941	261.172607422
0.330884353741	261.323486328
0.333786848073	261.474487305
0.336689342404	261.625579834
0.339591836735	261.776733398
0.342494331066	261.625579834
0.345396825397	261.474487305
0.348299319728	261.474487305
0.351201814059	261.323486328
0.35410430839	261.776733398
0.357006802721	262.230743408
0.359909297052	263.141143799
0.362811791383	264.359924316
0.365714285714	265.891357422
0.368616780045	267.431640625
0.371519274376	268.515167236
0.374421768707	268.980865479
0.377324263039	267.431640625
0.38022675737	263.59753418
0.383129251701	260.569854736
0.386031746032	259.069091797
0.388934240363	258.321929932
0.391836734694	258.023681641
0.394739229025	258.023681641
0.397641723356	259.5184021
0.400544217687	261.474487305
0.403446712018	262.837341309
0.406349206349	263.59753418
0.40925170068	264.207275391
0.412154195011	264.665496826
0.415056689342	264.81842041
0.417959183673	264.665496826
0.420861678005	264.207275391
0.423764172336	263.4453125
0.426666666667	262.837341309
0.429569160998	262.533874512
0.432471655329	262.533874512
0.43537414966	263.141143799
0.438276643991	263.90222168
0.441179138322	264.665496826
0.444081632653	265.430999756
0.446984126984	266.04498291
0.449886621315	266.198699951
0.452789115646	265.124542236
0.455691609977	260.118713379
0.458594104308	258.023681641
0.461496598639	257.130981445
0.464399092971	257.130981445
0.467301587302	258.023681641
0.470204081633	260.269012451
0.473106575964	264.207275391
0.476009070295	265.430999756
0.478911564626	265.430999756
0.481814058957	264.81842041
0.484716553288	264.054718018
0.487619047619	263.141143799
0.49052154195	262.382263184
0.493424036281	262.230743408
0.496326530612	262.837341309
0.499229024943	264.359924316
0.502131519274	266.352508545
0.505034013605	269.136260986
0.507936507937	273.208709717
0.510839002268	288.12008667
0.513741496599	290.795227051
0.51664399093	293.495178223
0.519546485261	294.854553223
0.522448979592	295.536621094
0.525351473923	295.536621094
0.528253968254	294.854553223
0.531156462585	293.495178223
0.534058956916	291.299560547
0.536961451247	289.621795654
0.539863945578	289.454559326
0.542766439909	290.291748047
0.54566893424	291.636291504
0.548571428571	292.987030029
0.551473922902	294.004211426
0.554376417234	294.684295654
0.557278911565	294.854553223
0.560181405896	294.684295654
0.563083900227	293.664764404
0.565986394558	292.648773193
0.568888888889	291.973388672
0.57179138322	291.804779053
0.574693877551	292.142089844
0.577596371882	292.817840576
0.580498866213	293.495178223
0.583401360544	294.004211426
0.586303854875	294.174102783
0.589206349206	294.174102783
0.592108843537	293.664764404
0.595011337868	293.156341553
0.5979138322	292.479766846
0.600816326531	291.973388672
0.603718820862	291.973388672
0.606621315193	292.310882568
0.609523809524	292.817840576
0.612426303855	293.325714111
0.615328798186	293.834442139
0.618231292517	294.004211426
0.621133786848	293.834442139
0.624036281179	293.495178223
0.62693877551	292.817840576
0.629841269841	292.310882568
0.632743764172	291.973388672
0.635646258503	292.142089844
0.638548752834	292.479766846
0.641451247166	292.987030029
0.644353741497	293.325714111
0.647256235828	293.834442139
0.650158730159	293.834442139
0.65306122449	293.664764404
0.655963718821	293.325714111
0.658866213152	292.987030029
0.661768707483	292.817840576
0.664671201814	292.817840576
0.667573696145	293.325714111
0.670476190476	293.834442139
0.673378684807	294.684295654
0.676281179138	294.854553223
0.679183673469	294.344055176
0.6820861678	293.834442139
0.684988662132	293.664764404
0.687891156463	293.495178223
0.690793650794	293.325714111
0.693696145125	293.325714111
0.696598639456	292.817840576
0.699501133787	291.299560547
0.702403628118	288.786529541
0.705306122449	329.437225342
0.70820861678	329.818023682
0.711111111111	330.199249268
0.714013605442	330.390045166
0.716916099773	330.771942139
0.719818594104	330.771942139
0.722721088435	330.390045166
0.725623582766	331.537078857
0.728526077098	332.49597168
0.731428571429	333.072631836
0.73433106576	333.457641602
0.737233560091	333.457641602
0.740136054422	333.265075684
0.743038548753	333.072631836
0.745941043084	332.880310059
0.748843537415	332.49597168
0.751746031746	332.49597168
0.754648526077	332.49597168
0.757551020408	332.303955078
0.760453514739	331.537078857
0.76335600907	330.580932617
0.766258503401	330.008575439
0.769160997732	329.437225342
0.772063492063	329.24697876
0.774965986395	329.24697876
0.777868480726	331.154296875
0.780770975057	331.728637695
0.783673469388	332.112091064
0.786575963719	332.303955078
0.78947845805	331.920288086
0.792380952381	331.345611572
0.795283446712	330.580932617
0.798185941043	329.818023682
0.801088435374	329.627563477
0.803990929705	330.390045166
0.806893424036	330.963043213
0.809795918367	331.345611572
0.812698412698	331.537078857
0.815600907029	331.537078857
0.818503401361	331.154296875
0.821405895692	330.580932617
0.824308390023	329.818023682
0.827210884354	329.24697876
0.830113378685	329.056854248
0.833015873016	329.437225342
0.835918367347	330.390045166
0.838820861678	331.154296875
0.841723356009	331.537078857
0.84462585034	331.537078857
0.847528344671	331.345611572
0.850430839002	330.963043213
0.853333333333	329.627563477
0.856235827664	328.107879639
0.859138321995	326.972686768
0.862040816327	326.783874512
0.864943310658	327.539794922
0.867845804989	328.866821289
0.87074829932	330.199249268
0.873650793651	331.345611572
0.876553287982	331.728637695
0.879455782313	331.345611572
0.882358276644	330.580932617
0.885260770975	329.24697876
0.888163265306	327.918395996
0.891065759637	327.539794922
0.893968253968	327.729034424
0.896870748299	328.676940918
0.89977324263	329.627563477
0.902675736961	330.390045166
0.905578231293	330.580932617
0.908480725624	330.580932617
0.911383219955	330.008575439
0.914285714286	329.056854248
0.917188208617	328.107879639
0.920090702948	327.539794922
0.922993197279	328.487121582
0.92589569161	329.437225342
0.928798185941	329.818023682
0.931700680272	330.008575439
0.934603174603	330.008575439
0.937505668934	329.437225342
0.940408163265	328.297454834
0.943310657596	326.406585693
0.946213151927	325.841461182
0.949115646259	326.029724121
0.95201814059	326.972686768
0.954920634921	328.297454834
0.957823129252	329.24697876
0.960725623583	330.008575439
0.963628117914	330.771942139
0.966530612245	331.154296875
0.969433106576	331.345611572
0.972335600907	330.963043213
0.975238095238	330.199249268
0.978140589569	329.056854248
0.9810430839	328.297454834
0.983945578231	265.430999756
0.986848072562	266.352508545
0.989750566893	267.895477295
0.992653061224	269.291778564
0.995555555556	269.914703369
0.998458049887	269.914703369
1.00136054422	269.75881958
1.00426303855	269.447387695
1.00716553288	268.980865479
1.01006802721	268.20513916
1.01297052154	267.12286377
1.01587301587	266.04498291
1.0187755102	265.430999756
1.02167800454	265.277709961
1.02458049887	265.277709961
1.0274829932	265.124542236
1.03038548753	264.81842041
1.03328798186	264.054718018
1.03619047619	263.141143799
1.03909297052	262.382263184
1.04199546485	261.323486328
1.04489795918	260.269012451
1.04780045351	259.5184021
1.05070294785	259.218780518
1.05360544218	259.218780518
1.05650793651	259.218780518
1.05941043084	259.5184021
1.06231292517	259.968505859
1.0652154195	260.569854736
1.06811791383	261.021789551
1.07102040816	261.474487305
1.07392290249	261.776733398
1.07682539683	261.927978516
1.07972789116	262.382263184
1.08263038549	262.533874512
1.08553287982	262.685546875
1.08843537415	262.382263184
1.09133786848	262.230743408
1.09424036281	262.079315186
1.09714285714	262.079315186
1.10004535147	261.927978516
1.1029478458	261.625579834
1.10585034014	261.323486328
1.10875283447	261.021789551
1.1116553288	260.720397949
1.11455782313	260.720397949
1.11746031746	260.569854736
1.12036281179	260.720397949
1.12326530612	261.021789551
1.12616780045	261.776733398
1.12907029478	262.685546875
1.13197278912	263.4453125
1.13487528345	264.054718018
1.13777777778	264.207275391
1.14068027211	264.054718018
1.14358276644	263.749847412
1.14648526077	263.293182373
1.1493877551	262.837341309
1.15229024943	262.230743408
1.15519274376	261.776733398
1.1580952381	261.323486328
1.16099773243	261.021789551
1.16390022676	260.871063232
1.16680272109	260.720397949
1.16970521542	260.871063232
1.17260770975	260.871063232
1.17551020408	260.871063232
1.17841269841	260.871063232
1.18131519274	260.871063232
1.18421768707	260.871063232
1.18712018141	260.871063232
1.19002267574	261.021789551
1.19292517007	261.172607422
1.1958276644	261.323486328
1.19873015873	261.474487305
1.20163265306	261.474487305
1.20453514739	261.323486328
1.20743764172	261.021789551
1.21034013605	260.871063232
1.21324263039	260.720397949
1.21614512472	260.569854736
1.21904761905	260.720397949
1.22195011338	260.871063232
1.22485260771	261.323486328
1.22775510204	261.625579834
1.23065759637	262.079315186
1.2335600907	262.230743408
1.23646258503	262.382263184
1.23936507937	262.382263184
1.2422675737	262.230743408
1.24517006803	262.230743408
1.24807256236	262.079315186
1.25097505669	261.927978516
1.25387755102	261.776733398
1.25678004535	261.474487305
1.25968253968	261.474487305
1.26258503401	261.474487305
1.26548752834	261.474487305
1.26839002268	261.474487305
1.27129251701	261.474487305
1.27419501134	261.474487305
1.27709750567	261.323486328
1.28	261.323486328
1.28290249433	261.172607422
1.28580498866	261.021789551
1.28870748299	261.021789551
1.29160997732	261.172607422
1.29451247166	261.172607422
1.29741496599	261.474487305
1.30031746032	261.776733398
1.30321995465	261.927978516
1.30612244898	262.382263184
1.30902494331	262.685546875
1.31192743764	262.837341309
1.31482993197	262.837341309
1.3177324263	263.141143799
1.32063492063	263.293182373
1.32353741497	262.989196777
1.3264399093	263.141143799
1.32934240363	262.989196777
1.33224489796	262.837341309
1.33514739229	262.837341309
1.33804988662	262.837341309
1.34095238095	369.994415283
1.34385487528	375.810028076
1.34675736961	382.15826416
1.34965986395	386.152374268
1.35256235828	388.165039062
1.35546485261	388.838256836
1.35836734694	389.287719727
1.36126984127	389.962890625
1.3641723356	390.188201904
1.36707482993	390.864929199
1.36997732426	391.316741943
1.37287981859	391.769073486
1.37578231293	392.221923828
1.37868480726	392.448547363
1.38158730159	392.448547363
1.38448979592	392.448547363
1.38739229025	391.995422363
1.39029478458	391.54284668
1.39319727891	391.090789795
1.39609977324	390.413665771
1.39900226757	389.962890625
1.4019047619	389.512664795
1.40480725624	389.287719727
1.40770975057	389.512664795
1.4106122449	389.962890625
1.41351473923	390.639221191
1.41641723356	391.54284668
1.41931972789	392.448547363
1.42222222222	393.129211426
1.42512471655	393.583618164
1.42802721088	393.811035156
1.43092970522	393.811035156
1.43383219955	393.811035156
1.43673469388	393.811035156
1.43963718821	393.583618164
1.44253968254	393.35635376
1.44544217687	393.129211426
1.4483446712	392.902191162
1.45124716553	392.675292969
1.45414965986	392.448547363
1.4570521542	392.221923828
1.45995464853	391.769073486
1.46285714286	391.769073486
1.46575963719	391.316741943
1.46866213152	391.090789795
1.47156462585	390.864929199
1.47446712018	390.864929199
1.47736961451	391.090789795
1.48027210884	391.316741943
1.48317460317	391.995422363
1.48607709751	392.448547363
1.48897959184	392.902191162
1.49188208617	393.129211426
1.4947845805	393.35635376
1.49768707483	393.35635376
1.50058956916	393.129211426
1.50349206349	392.902191162
1.50639455782	392.448547363
1.50929705215	392.448547363
1.51219954649	392.448547363
1.51510204082	392.221923828
1.51800453515	392.448547363
1.52090702948	392.675292969
1.52380952381	392.902191162
1.52671201814	393.129211426
1.52961451247	393.129211426
1.5325170068	392.902191162
1.53541950113	392.675292969
1.53832199546	392.448547363
1.5412244898	392.221923828
1.54412698413	391.995422363
1.54702947846	391.54284668
1.54993197279	391.090789795
1.55283446712	390.864929199
1.55573696145	390.639221191
1.55863945578	390.413665771
1.56154195011	390.188201904
1.56444444444	390.188201904
1.56734693878	390.413665771
1.57024943311	390.413665771
1.57315192744	390.864929199
1.57605442177	391.316741943
1.5789569161	391.769073486
1.58185941043	392.221923828
1.58476190476	392.675292969
1.58766439909	392.675292969
1.59056689342	392.902191162
1.59346938776	392.675292969
1.59637188209	392.448547363
1.59927437642	391.995422363
1.60217687075	391.769073486
1.60507936508	391.769073486
1.60798185941	391.769073486
1.61088435374	391.769073486
1.61378684807	391.54284668
1.6166893424	391.769073486
1.61959183673	391.769073486
1.62249433107	391.995422363
1.6253968254	391.995422363
1.62829931973	391.769073486
1.63120181406	391.769073486
1.63410430839	391.769073486
1.63700680272	391.769073486
1.63990929705	391.769073486
1.64281179138	391.995422363
1.64571428571	391.995422363
1.64861678005	392.221923828
1.65151927438	392.221923828
1.65442176871	392.221923828
1.65732426304	392.221923828
1.66022675737	392.221923828
1.6631292517	391.995422363
1.66603174603	391.769073486
1.66893424036	391.54284668
1.67183673469	391.54284668
1.67473922902	391.54284668
1.67764172336	391.54284668
1.68054421769	391.54284668
1.68344671202	391.769073486
1.68634920635	391.769073486
1.68925170068	391.995422363
1.69215419501	392.221923828
1.69505668934	392.221923828
1.69795918367	392.448547363
1.700861678	392.448547363
1.70376417234	392.448547363
1.70666666667	392.448547363
1.709569161	392.448547363
1.71247165533	392.221923828
1.71537414966	391.995422363
1.71827664399	391.769073486
1.72117913832	391.316741943
1.72408163265	390.639221191
1.72698412698	390.188201904
1.72988662132	389.737701416
1.73278911565	0.0
1.73569160998	0.0
1.73859410431	0.0
1.74149659864	0.0
1.74439909297	0.0
1.7473015873	0.0
1.75020408163	0.0
1.75310657596	0.0
1.75600907029	0.0
1.75891156463	0.0
1.76181405896	0.0
1.76471655329	0.0
1.76761904762	0.0
1.77052154195	0.0
1.77342403628	0.0
1.77632653061	0.0
1.77922902494	0.0
1.78213151927	0.0
1.78503401361	0.0
1.78793650794	0.0
1.79083900227	0.0
1.7937414966	0.0
1.79664399093	0.0
1.79954648526	0.0
1.80244897959	0.0
1.80535147392	0.0
1.80825396825	0.0
1.81115646259	0.0
1.81405895692	0.0
1.81696145125	0.0
1.81986394558	0.0
1.82276643991	0.0
1.82566893424	0.0
1.82857142857	0.0
1.8314739229	0.0
1.83437641723	0.0
1.83727891156	0.0
1.8401814059	0.0
1.84308390023	0.0
1.84598639456	0.0
1.84888888889	0.0
1.85179138322	0.0
1.85469387755	0.0
1.85759637188	0.0
1.86049886621	0.0
1.86340136054	0.0
1.86630385488	0.0
1.86920634921	0.0
1.87210884354	0.0
1.87501133787	0.0
1.8779138322	0.0
1.88081632653	0.0
1.88371882086	0.0
1.88662131519	0.0
1.88952380952	0.0
1.89242630385	0.0
1.89532879819	0.0
1.89823129252	0.0
1.90113378685	0.0
1.90403628118	0.0
1.90693877551	0.0
1.90984126984	0.0
1.91274376417	0.0
1.9156462585	0.0
1.91854875283	370.208190918
1.92145124717	368.075958252
1.9243537415	366.378997803
1.92725623583	365.533477783
1.93015873016	364.268829346
1.93306122449	363.848236084
1.93596371882	363.218292236
1.93886621315	362.589416504
1.94176870748	361.334960938
1.94467120181	359.87689209
1.94757369615	356.772277832
1.95047619048	349.430023193
1.95337868481	344.81842041
1.95628117914	342.832427979
1.95918367347	341.843719482
1.9620861678	341.843719482
1.96498866213	343.030487061
1.96789115646	344.81842041
1.97079365079	346.615661621
1.97369614512	347.618164062
1.97659863946	347.618164062
1.97950113379	347.819030762
1.98240362812	347.618164062
1.98530612245	347.216827393
1.98820861678	346.415496826
1.99111111111	345.61605835
1.99401360544	345.416473389
1.99691609977	345.61605835
1.9998185941	346.215484619
2.00272108844	347.016326904
2.00562358277	348.221069336
2.0085260771	349.83392334
2.01142857143	351.048461914
2.01433106576	351.86050415
2.01723356009	351.657318115
2.02013605442	351.251281738
2.02303854875	350.440673828
2.02594104308	349.83392334
2.02884353741	349.228240967
2.03174603175	348.825012207
2.03464852608	348.623596191
2.03755102041	348.623596191
2.04045351474	348.623596191
2.04335600907	349.026580811
2.0462585034	349.430023193
2.04916099773	349.83392334
2.05206349206	350.03604126
2.05496598639	350.440673828
2.05786848073	350.238311768
2.06077097506	350.03604126
2.06367346939	349.83392334
2.06657596372	349.430023193
2.06947845805	349.228240967
2.07238095238	349.228240967
2.07528344671	349.228240967
2.07818594104	349.228240967
2.08108843537	349.430023193
2.08399092971	350.03604126
2.08689342404	350.440673828
2.08979591837	351.048461914
2.0926984127	351.251281738
2.09560090703	351.251281738
2.09850340136	351.45425415
2.10140589569	351.45425415
2.10430839002	351.048461914
2.10721088435	350.440673828
2.11011337868	349.83392334
2.11301587302	349.430023193
2.11591836735	348.825012207
2.11882086168	348.623596191
2.12172335601	348.422271729
2.12462585034	348.422271729
2.12752834467	348.623596191
2.130430839	348.825012207
2.13333333333	349.026580811
2.13623582766	349.026580811
2.139138322	349.430023193
2.14204081633	349.430023193
2.14494331066	349.430023193
2.14784580499	349.026580811
2.15074829932	348.422271729
2.15365079365	347.819030762
2.15655328798	347.618164062
2.15945578231	347.417449951
2.16235827664	347.618164062
2.16526077098	347.819030762
2.16816326531	348.422271729
2.17106575964	349.228240967
2.17396825397	349.83392334
2.1768707483	350.03604126
2.17977324263	350.440673828
2.18267573696	350.238311768
2.18557823129	350.238311768
2.18848072562	350.03604126
2.19138321995	350.03604126
2.19428571429	350.03604126
2.19718820862	350.238311768
2.20009070295	350.643157959
2.20299319728	350.845733643
2.20589569161	350.845733643
2.20879818594	350.845733643
2.21170068027	350.03604126
2.2146031746	348.221069336
2.21750566893	344.81842041
2.22040816327	340.267700195
2.2233106576	336.165161133
2.22621315193	335.195678711
2.22911564626	339.482421875
2.23201814059	344.022644043
2.23492063492	347.216827393
2.23782312925	349.83392334
2.24072562358	355.127441406
2.24362811791	331.537078857
2.24653061224	331.537078857
2.24943310658	327.729034424
2.25233560091	325.653289795
2.25523809524	324.714141846
2.25814058957	325.277313232
2.2610430839	326.218109131
2.26394557823	328.107879639
2.26684807256	329.818023682
2.26975056689	330.963043213
2.27265306122	332.303955078
2.27555555556	334.422088623
2.27845804989	336.748199463
2.28136054422	339.67855835
2.28426303855	341.64630127
2.28716553288	342.832427979
2.29006802721	341.449005127
2.29297052154	341.449005127
2.29587301587	341.054779053
2.2987755102	339.67855835
2.30167800454	337.527130127
2.30458049887	334.808654785
2.3074829932	332.112091064
2.31038548753	330.199249268
2.31328798186	329.056854248
2.31619047619	328.107879639
2.31909297052	327.539794922
2.32199546485	327.539794922
2.32489795918	327.918395996
2.32780045351	328.866821289
2.33070294785	330.008575439
2.33360544218	331.154296875
2.33650793651	332.49597168
2.33941043084	333.457641602
2.34231292517	333.843078613
2.3452154195	333.457641602
2.34811791383	332.49597168
2.35102040816	331.728637695
2.35392290249	330.771942139
2.35682539683	329.818023682
2.35972789116	329.437225342
2.36263038549	329.437225342
2.36553287982	329.627563477
2.36843537415	330.199249268
2.37133786848	330.580932617
2.37424036281	331.154296875
2.37714285714	331.345611572
2.38004535147	331.345611572
2.3829478458	331.154296875
2.38585034014	330.771942139
2.38875283447	330.199249268
2.3916553288	329.437225342
2.39455782313	329.056854248
2.39746031746	328.487121582
2.40036281179	328.487121582
2.40326530612	328.676940918
2.40616780045	329.056854248
2.40907029478	329.818023682
2.41197278912	330.390045166
2.41487528345	330.963043213
2.41777777778	331.345611572
2.42068027211	331.537078857
2.42358276644	331.345611572
2.42648526077	331.154296875
2.4293877551	330.580932617
2.43229024943	329.627563477
2.43519274376	328.487121582
2.4380952381	327.539794922
2.44099773243	327.161621094
2.44390022676	327.350646973
2.44680272109	328.107879639
2.44970521542	328.866821289
2.45260770975	330.199249268
2.45551020408	331.728637695
2.45841269841	332.688079834
2.46131519274	333.072631836
2.46421768707	333.072631836
2.46712018141	332.303955078
2.47002267574	331.728637695
2.47292517007	330.771942139
2.4758276644	329.627563477
2.47873015873	328.487121582
2.48163265306	327.729034424
2.48453514739	327.350646973
2.48743764172	327.350646973
2.49034013605	327.729034424
2.49324263039	328.297454834
2.49614512472	329.056854248
2.49904761905	330.008575439
2.50195011338	330.771942139
2.50485260771	331.154296875
2.50775510204	331.537078857
2.51065759637	331.537078857
2.5135600907	331.728637695
2.51646258503	331.537078857
2.51936507937	331.345611572
2.5222675737	330.771942139
2.52517006803	330.008575439
2.52807256236	329.056854248
2.53097505669	328.487121582
2.53387755102	328.107879639
2.53678004535	327.918395996
2.53968253968	328.107879639
2.54258503401	328.487121582
2.54548752834	329.056854248
2.54839002268	329.818023682
2.55129251701	330.390045166
2.55419501134	330.771942139
2.55709750567	330.771942139
2.56	330.390045166
2.56290249433	329.818023682
2.56580498866	329.437225342
2.56870748299	329.627563477
2.57160997732	330.008575439
2.57451247166	330.963043213
2.57741496599	332.112091064
2.58031746032	333.457641602
2.58321995465	331.345611572
2.58612244898	327.161621094
2.58902494331	325.653289795
2.59192743764	368.714324951
2.59482993197	369.353820801
2.5977324263	367.651000977
2.60063492063	364.689880371
2.60353741497	360.917785645
2.6064399093	357.597564697
2.60934240363	355.948913574
2.61224489796	354.717407227
2.61514739229	351.45425415
2.61804988662	344.81842041
2.62095238095	340.661010742
2.62385487528	339.090454102
2.62675736961	339.286376953
2.62965986395	341.449005127
2.63256235828	347.417449951
2.63546485261	351.45425415
2.63836734694	352.470733643
2.64126984127	352.470733643
2.6441723356	352.063781738
2.64707482993	351.45425415
2.64997732426	349.83392334
2.65287981859	348.019989014
2.65578231293	345.416473389
2.65868480726	343.22869873
2.66158730159	341.054779053
2.66448979592	340.07119751
2.66739229025	339.482421875
2.67029478458	341.054779053
2.67319727891	342.041229248
2.67609977324	343.22869873
2.67900226757	345.017669678
2.6819047619	346.615661621
2.68480725624	347.819030762
2.68770975057	348.825012207
2.6906122449	349.228240967
2.69351473923	349.83392334
2.69641723356	350.03604126
2.69931972789	350.440673828
2.70222222222	350.643157959
2.70512471655	350.845733643
2.70802721088	351.048461914
2.71092970522	351.251281738
2.71383219955	351.048461914
2.71673469388	350.643157959
2.71963718821	350.238311768
2.72253968254	349.631896973
2.72544217687	349.026580811
2.7283446712	348.623596191
2.73124716553	348.422271729
2.73414965986	348.221069336
2.7370521542	348.221069336
2.73995464853	348.422271729
2.74285714286	348.825012207
2.74575963719	349.228240967
2.74866213152	349.83392334
2.75156462585	350.440673828
2.75446712018	351.048461914
2.75736961451	351.45425415
2.76027210884	351.86050415
2.76317460317	352.063781738
2.76607709751	351.86050415
2.76897959184	351.657318115
2.77188208617	351.251281738
2.7747845805	350.643157959
2.77768707483	350.238311768
2.78058956916	349.631896973
2.78349206349	349.228240967
2.78639455782	349.228240967
2.78929705215	348.825012207
2.79219954649	348.825012207
2.79510204082	348.623596191
2.79800453515	348.623596191
2.80090702948	348.623596191
2.80380952381	348.825012207
2.80671201814	349.026580811
2.80961451247	349.228240967
2.8125170068	349.228240967
2.81541950113	349.026580811
2.81832199546	348.422271729
2.8212244898	347.819030762
2.82412698413	347.417449951
2.82702947846	347.417449951
2.82993197279	347.618164062
2.83283446712	347.819030762
2.83573696145	348.422271729
2.83863945578	349.228240967
2.84154195011	350.03604126
2.84444444444	350.440673828
2.84734693878	350.643157959
2.85024943311	350.643157959
2.85315192744	350.845733643
2.85605442177	350.845733643
2.8589569161	350.643157959
2.86185941043	350.238311768
2.86476190476	349.83392334
2.86766439909	349.430023193
2.87056689342	349.026580811
2.87346938776	348.623596191
2.87637188209	348.221069336
2.87927437642	348.221069336
2.88217687075	348.019989014
2.88507936508	348.019989014
2.88798185941	348.019989014
2.89088435374	348.221069336
2.89378684807	348.221069336
2.8966893424	348.422271729
2.89959183673	348.825012207
2.90249433107	349.228240967
2.9053968254	349.631896973
2.90829931973	349.83392334
2.91120181406	350.238311768
2.91410430839	350.238311768
2.91700680272	350.238311768
2.91990929705	350.03604126
2.92281179138	349.83392334
2.92571428571	349.631896973
2.92861678005	349.228240967
2.93151927438	349.026580811
2.93442176871	348.623596191
2.93732426304	348.623596191
2.94022675737	348.422271729
2.9431292517	348.422271729
2.94603174603	348.221069336
2.94893424036	348.422271729
2.95183673469	348.422271729
2.95473922902	348.422271729
2.95764172336	348.825012207
2.96054421769	349.026580811
2.96344671202	349.228240967
2.96634920635	349.430023193
2.96925170068	349.631896973
2.97215419501	349.631896973
2.97505668934	349.228240967
2.97795918367	349.026580811
2.980861678	348.623596191
2.98376417234	348.221069336
2.98666666667	347.819030762
2.989569161	347.618164062
2.99247165533	347.618164062
2.99537414966	348.019989014
2.99827664399	348.422271729
3.00117913832	348.825012207
3.00408163265	349.228240967
3.00698412698	349.631896973
3.00988662132	349.631896973
3.01278911565	349.83392334
3.01569160998	349.83392334
3.01859410431	349.83392334
3.02149659864	349.631896973
3.02439909297	349.631896973
3.0273015873	349.631896973
3.03020408163	349.430023193
3.03310657596	349.430023193
3.03600907029	349.228240967
3.03891156463	349.026580811
3.04181405896	349.026580811
3.04471655329	349.026580811
3.04761904762	349.026580811
3.05052154195	349.228240967
3.05342403628	349.228240967
3.05632653061	349.228240967
3.05922902494	349.026580811
3.06213151927	349.228240967
3.06503401361	349.228240967
3.06793650794	349.026580811
3.07083900227	349.228240967
3.0737414966	349.430023193
3.07664399093	349.631896973
3.07954648526	349.631896973
3.08244897959	349.631896973
3.08535147392	349.631896973
3.08825396825	349.631896973
3.09115646259	349.631896973
3.09405895692	349.430023193
3.09696145125	349.228240967
3.09986394558	349.026580811
3.10276643991	349.026580811
3.10566893424	349.026580811
3.10857142857	349.026580811
3.1114739229	349.026580811
3.11437641723	349.026580811
3.11727891156	349.026580811
3.1201814059	349.228240967
3.12308390023	349.228240967
3.12598639456	349.430023193
3.12888888889	349.430023193
3.13179138322	349.430023193
3.13469387755	349.430023193
3.13759637188	349.430023193
3.14049886621	349.430023193
3.14340136054	349.631896973
3.14630385488	350.03604126
3.14920634921	350.643157959
3.15210884354	351.048461914
3.15501133787	351.048461914
3.1579138322	351.048461914
3.16081632653	350.238311768
3.16371882086	349.83392334
3.16662131519	348.221069336
3.16952380952	344.420288086
3.17242630385	336.553741455
3.17532879819	332.49597168
3.17823129252	331.728637695
3.18113378685	333.072631836
3.18403628118	336.359375
3.18693877551	369.140533447
3.18984126984	369.140533447
3.19274376417	369.140533447
3.1956462585	369.140533447
3.19854875283	369.353820801
3.20145124717	368.714324951
3.2043537415	367.014434814
3.20725623583	364.268829346
3.21015873016	360.292877197
3.21306122449	355.948913574
3.21596371882	351.45425415
3.21886621315	346.815948486
3.22176870748	341.843719482
3.22467120181	340.07119751
3.22757369615	338.307891846
3.23047619048	337.917297363
3.23337868481	337.917297363
3.23628117914	337.917297363
3.23918367347	337.917297363
3.2420861678	337.917297363
3.24498866213	338.307891846
3.24789115646	338.307891846
3.25079365079	338.503356934
3.25369614512	337.527130127
3.25659863946	332.303955078
3.25950113379	329.437225342
3.26240362812	328.297454834
3.26530612245	327.539794922
3.26820861678	327.350646973
3.27111111111	328.107879639
3.27401360544	330.771942139
3.27691609977	332.303955078
3.2798185941	332.688079834
3.28272108844	333.072631836
3.28562358277	333.072631836
3.2885260771	333.072631836
3.29142857143	332.880310059
3.29433106576	332.49597168
3.29723356009	331.537078857
3.30013605442	330.771942139
3.30303854875	330.199249268
3.30594104308	329.818023682
3.30884353741	329.437225342
3.31174603175	329.24697876
3.31464852608	329.437225342
3.31755102041	329.818023682
3.32045351474	330.390045166
3.32335600907	330.963043213
3.3262585034	331.345611572
3.32916099773	331.537078857
3.33206349206	331.345611572
3.33496598639	331.154296875
3.33786848073	330.580932617
3.34077097506	329.818023682
3.34367346939	329.24697876
3.34657596372	328.487121582
3.34947845805	328.487121582
3.35238095238	328.487121582
3.35528344671	329.056854248
3.35818594104	330.008575439
3.36108843537	330.963043213
3.36399092971	331.728637695
3.36689342404	332.112091064
3.36979591837	331.920288086
3.3726984127	331.345611572
3.37560090703	330.199249268
3.37850340136	329.24697876
3.38140589569	328.107879639
3.38430839002	327.539794922
3.38721088435	327.350646973
3.39011337868	327.350646973
3.39301587302	327.918395996
3.39591836735	328.866821289
3.39882086168	330.199249268
3.40172335601	331.345611572
3.40462585034	332.112091064
3.40752834467	332.688079834
3.410430839	332.49597168
3.41333333333	331.920288086
3.41623582766	330.963043213
3.419138322	330.008575439
3.42204081633	329.24697876
3.42494331066	328.487121582
3.42784580499	328.107879639
3.43074829932	327.918395996
3.43365079365	327.918395996
3.43655328798	328.107879639
3.43945578231	328.297454834
3.44235827664	328.487121582
3.44526077098	328.866821289
3.44816326531	329.437225342
3.45106575964	330.199249268
3.45396825397	330.771942139
3.4568707483	331.537078857
3.45977324263	332.303955078
3.46267573696	333.265075684
3.46557823129	333.650299072
3.46848072562	333.265075684
3.47138321995	331.920288086
3.47428571429	329.818023682
3.47718820862	327.350646973
3.48009070295	322.098846436
3.48299319728	329.24697876
3.48589569161	328.866821289
3.48879818594	329.056854248
3.49170068027	328.866821289
3.4946031746	329.437225342
3.49750566893	332.112091064
3.50040816327	333.843078613
3.5033106576	334.808654785
3.50621315193	335.002105713
3.50911564626	331.920288086
3.51201814059	326.595184326
3.51492063492	325.089477539
3.51782312925	324.526641846
3.52072562358	323.403839111
3.52362811791	321.912841797
3.52653061224	321.726959229
3.52943310658	325.465240479
3.53233560091	328.866821289
3.53523809524	330.771942139
3.53814058957	332.112091064
3.5410430839	332.688079834
3.54394557823	332.112091064
3.54684807256	330.580932617
3.54975056689	330.580932617
3.55265306122	332.49597168
3.55555555556	334.615325928
3.55845804989	292.817840576
3.56136054422	291.973388672
3.56426303855	291.973388672
3.56716553288	291.973388672
3.57006802721	292.817840576
3.57297052154	292.817840576
3.57587301587	292.817840576
3.5787755102	293.834442139
3.58167800454	291.804779053
3.58458049887	291.131347656
3.5874829932	290.627288818
3.59038548753	290.795227051
3.59328798186	291.299560547
3.59619047619	292.648773193
3.59909297052	294.004211426
3.60199546485	294.684295654
3.60489795918	294.684295654
3.60780045351	294.684295654
3.61070294785	294.854553223
3.61360544218	295.024932861
3.61650793651	295.195404053
3.61941043084	295.536621094
3.62231292517	295.707366943
3.6252154195	296.220245361
3.62811791383	296.220245361
3.63102040816	295.707366943
3.63392290249	294.514129639
3.63682539683	293.834442139
3.63972789116	293.325714111
3.64263038549	293.156341553
3.64553287982	292.987030029
3.64843537415	292.987030029
3.65133786848	292.987030029
3.65424036281	292.987030029
3.65714285714	292.987030029
3.66004535147	293.156341553
3.6629478458	293.156341553
3.66585034014	293.325714111
3.66875283447	293.664764404
3.6716553288	293.664764404
3.67455782313	293.834442139
3.67746031746	293.834442139
3.68036281179	293.834442139
3.68326530612	293.664764404
3.68616780045	293.664764404
3.68907029478	293.664764404
3.69197278912	293.834442139
3.69487528345	293.834442139
3.69777777778	294.004211426
3.70068027211	293.834442139
3.70358276644	293.834442139
3.70648526077	293.664764404
3.7093877551	293.495178223
3.71229024943	293.495178223
3.71519274376	293.156341553
3.7180952381	293.156341553
3.72099773243	292.987030029
3.72390022676	292.987030029
3.72680272109	292.817840576
3.72970521542	292.817840576
3.73260770975	292.817840576
3.73551020408	292.987030029
3.73841269841	293.156341553
3.74131519274	293.495178223
3.74421768707	293.834442139
3.74712018141	294.004211426
3.75002267574	294.174102783
3.75292517007	294.174102783
3.7558276644	294.004211426
3.75873015873	293.664764404
3.76163265306	293.495178223
3.76453514739	293.495178223
3.76743764172	293.495178223
3.77034013605	293.495178223
3.77324263039	293.325714111
3.77614512472	292.987030029
3.77904761905	292.648773193
3.78195011338	292.817840576
3.78485260771	294.854553223
3.78775510204	297.07699585
3.79065759637	297.592224121
3.7935600907	297.248626709
3.79646258503	259.368530273
3.79936507937	260.871063232
3.8022675737	264.512664795
3.80517006803	270.851776123
3.80807256236	274.632720947
3.81097505669	276.702728271
3.81387755102	278.144927979
3.81678004535	277.50302124
3.81968253968	277.022583008
3.82258503401	275.268005371
3.82548752834	271.321533203
3.82839002268	268.20513916
3.83129251701	265.737823486
3.83419501134	264.054718018
3.83709750567	263.141143799
3.84	262.685546875
3.84290249433	262.989196777
3.84580498866	263.59753418
3.84870748299	264.512664795
3.85160997732	265.584350586
3.85451247166	266.352508545
3.85741496599	266.04498291
3.86031746032	261.021789551
3.86321995465	258.919494629
3.86612244898	258.769958496
3.86902494331	258.919494629
3.87192743764	259.368530273
3.87482993197	260.419372559
3.8777324263	261.927978516
3.88063492063	264.512664795
3.88353741497	262.837341309
3.8864399093	261.776733398
3.88934240363	261.172607422
3.89224489796	261.021789551
3.89514739229	261.021789551
3.89804988662	261.776733398
3.90095238095	263.141143799
3.90385487528	263.293182373
3.90675736961	263.141143799
3.90965986395	263.59753418
3.91256235828	263.749847412
3.91546485261	262.837341309
3.91836734694	261.172607422
3.92126984127	260.269012451
3.9241723356	259.818389893
3.92707482993	259.668365479
3.92997732426	259.668365479
3.93287981859	260.419372559
3.93578231293	261.776733398
3.93868480726	263.293182373
3.94158730159	264.054718018
3.94448979592	264.359924316
3.94739229025	264.207275391
3.95029478458	263.749847412
3.95319727891	263.141143799
3.95609977324	262.685546875
3.95900226757	262.382263184
3.9619047619	262.230743408
3.96480725624	262.079315186
3.96770975057	262.230743408
3.9706122449	262.079315186
3.97351473923	261.625579834
3.97641723356	261.323486328
3.97931972789	260.720397949
3.98222222222	260.419372559
3.98512471655	260.419372559
3.98802721088	260.569854736
3.99092970522	260.871063232
3.99383219955	261.323486328
3.99673469388	261.474487305
3.99963718821	261.474487305
4.00253968254	261.172607422
4.00544217687	261.021789551
4.0083446712	260.871063232
4.01124716553	260.871063232
4.01414965986	261.172607422
4.0170521542	261.625579834
4.01995464853	261.927978516
4.02285714286	261.927978516
4.02575963719	261.776733398
4.02866213152	261.323486328
4.03156462585	260.720397949
4.03446712018	260.419372559
4.03736961451	260.269012451
4.04027210884	260.720397949
4.04317460317	261.323486328
4.04607709751	262.079315186
4.04897959184	262.837341309
4.05188208617	263.4453125
4.0547845805	263.4453125
4.05768707483	263.141143799
4.06058956916	262.533874512
4.06349206349	261.776733398
4.06639455782	261.172607422
4.06929705215	260.720397949
4.07219954649	260.720397949
4.07510204082	261.021789551
4.07800453515	261.474487305
4.08090702948	262.533874512
4.08380952381	263.293182373
4.08671201814	264.054718018
4.08961451247	264.207275391
4.0925170068	263.293182373
4.09541950113	262.230743408
4.09832199546	261.323486328
4.1012244898	261.021789551
4.10412698413	260.720397949
4.10702947846	260.871063232
4.10993197279	261.172607422
4.11283446712	261.021789551
4.11573696145	259.968505859
4.11863945578	258.17276001
4.12154195011	255.797744751
4.12444444444	253.444564819
4.12734693878	251.984832764
4.13024943311	252.276092529
4.13315192744	252.276092529
4.13605442177	252.421859741
4.1389569161	250.533493042
4.14185941043	244.811309814
4.14476190476	242.279144287
4.14766439909	242.13923645
4.15056689342	241.301498413
4.15346938776	241.859664917
4.15637188209	244.387451172
4.15927437642	252.276092529
4.16217687075	254.030822754
4.16507936508	254.030822754
4.16798185941	253.737518311
4.17088435374	253.298202515
4.17378684807	252.713638306
4.1766893424	251.693893433
4.17959183673	250.533493042
4.18249433107	249.234451294
4.1853968254	248.228744507
4.18829931973	247.227096558
4.19120181406	246.799057007
4.19410430839	246.941650391
4.19700680272	247.512863159
4.19990929705	248.515670776
4.20281179138	249.378463745
4.20571428571	250.388824463
4.20861678005	250.968017578
4.21151927438	250.8230896
4.21442176871	249.955307007
4.21732426304	248.085403442
4.22022675737	246.087295532
4.2231292517	244.387451172
4.22603174603	243.682647705
4.22893424036	243.401290894
4.23183673469	243.541931152
4.23473922902	244.246322632
4.23764172336	245.80317688
4.24054421769	247.369934082
4.24344671202	248.65927124
4.24634920635	249.52255249
4.24925170068	249.810974121
4.25215419501	249.810974121
4.25505668934	249.666717529
4.25795918367	249.52255249
4.260861678	249.378463745
4.26376417234	249.234451294
4.26666666667	249.090530396
4.269569161	248.94670105
4.27247165533	248.515670776
4.27537414966	247.655883789
4.27827664399	246.656539917
4.28117913832	245.661224365
4.28408163265	244.811309814
4.28698412698	244.246322632
4.28988662132	244.105285645
4.29278911565	244.387451172
4.29569160998	245.094284058
4.29859410431	245.80317688
4.30149659864	246.514099121
4.30439909297	247.084335327
4.3073015873	247.227096558
4.31020408163	247.369934082
4.31310657596	247.369934082
4.31600907029	247.084335327
4.31891156463	246.941650391
4.32181405896	246.799057007
4.32471655329	246.799057007
4.32761904762	246.799057007
4.33052154195	246.799057007
4.33342403628	246.941650391
4.33632653061	246.941650391
4.33922902494	247.084335327
4.34213151927	247.227096558
4.34503401361	247.084335327
4.34793650794	246.941650391
4.35083900227	246.656539917
4.3537414966	246.371749878
4.35664399093	246.087295532
4.35954648526	245.94519043
4.36244897959	245.80317688
4.36535147392	245.80317688
4.36825396825	245.94519043
4.37115646259	246.229476929
4.37405895692	246.656539917
4.37696145125	247.084335327
4.37986394558	247.655883789
4.38276643991	248.085403442
4.38566893424	248.372161865
4.38857142857	248.65927124
4.3914739229	248.802932739
4.39437641723	249.234451294
4.39727891156	249.52255249
4.4001814059	250.099731445
4.40308390023	250.099731445
4.40598639456	277.342773438
4.40888888889	277.342773438
4.41179138322	277.342773438
4.41469387755	277.342773438
4.41759637188	276.862609863
4.42049886621	275.904724121
4.42340136054	273.050964355
4.42630385488	270.3828125
4.42920634921	268.825531006
4.43210884354	267.895477295
4.43501133787	266.198699951
4.4379138322	266.352508545
4.44081632653	266.352508545
4.44371882086	266.352508545
4.44662131519	266.352508545
4.44952380952	266.198699951
4.45242630385	265.737823486
4.45532879819	266.506408691
4.45823129252	266.814453125
4.46113378685	266.352508545
4.46403628118	265.891357422
4.46693877551	265.891357422
4.46984126984	265.430999756
4.47274376417	264.359924316
4.4756462585	262.837341309
4.47854875283	261.172607422
4.48145124717	259.368530273
4.4843537415	257.279571533
4.48725623583	256.093414307
4.49015873016	255.797744751
4.49306122449	255.945541382
4.49596371882	256.685821533
4.49886621315	257.874694824
4.50176870748	258.17276001
4.50467120181	259.818389893
4.50757369615	260.269012451
4.51047619048	260.871063232
4.51337868481	261.021789551
4.51628117914	260.871063232
4.51918367347	260.720397949
4.5220861678	260.871063232
4.52498866213	261.021789551
4.52789115646	261.474487305
4.53079365079	261.927978516
4.53369614512	262.533874512
4.53659863946	262.837341309
4.53950113379	262.685546875
4.54240362812	262.382263184
4.54530612245	261.625579834
4.54820861678	261.021789551
4.55111111111	260.269012451
4.55401360544	259.818389893
4.55691609977	259.968505859
4.5598185941	260.269012451
4.56272108844	261.021789551
4.56562358277	261.776733398
4.5685260771	262.382263184
4.57142857143	262.837341309
4.57433106576	262.989196777
4.57723356009	262.989196777
4.58013605442	262.989196777
4.58303854875	262.837341309
4.58594104308	262.685546875
4.58884353741	262.533874512
4.59174603175	262.382263184
4.59464852608	262.079315186
4.59755102041	261.776733398
4.60045351474	261.474487305
4.60335600907	261.323486328
4.6062585034	261.323486328
4.60916099773	261.172607422
4.61206349206	261.021789551
4.61496598639	261.021789551
4.61786848073	260.871063232
4.62077097506	260.720397949
4.62367346939	260.569854736
4.62657596372	260.569854736
4.62947845805	260.569854736
4.63238095238	260.569854736
4.63528344671	260.569854736
4.63818594104	260.419372559
4.64108843537	260.419372559
4.64399092971	260.269012451
4.64689342404	260.419372559
4.64979591837	260.569854736
4.6526984127	260.871063232
4.65560090703	261.323486328
4.65850340136	261.625579834
4.66140589569	262.230743408
4.66430839002	262.533874512
4.66721088435	262.685546875
4.67011337868	262.685546875
4.67301587302	262.685546875
4.67591836735	262.533874512
4.67882086168	262.382263184
4.68172335601	262.079315186
4.68462585034	261.776733398
4.68752834467	261.625579834
4.690430839	261.474487305
4.69333333333	261.323486328
4.69623582766	261.172607422
4.699138322	261.172607422
4.70204081633	261.172607422
4.70494331066	261.323486328
4.70784580499	261.323486328
4.71074829932	261.323486328
4.71365079365	261.474487305
4.71655328798	261.323486328
4.71945578231	261.172607422
4.72235827664	261.172607422
4.72526077098	261.021789551
4.72816326531	260.871063232
4.73106575964	260.871063232
4.73396825397	261.172607422
4.7368707483	261.172607422
4.73977324263	261.323486328
4.74267573696	261.474487305
4.74557823129	261.625579834
4.74848072562	261.625579834
4.75138321995	261.625579834
4.75428571429	261.474487305
4.75718820862	261.474487305
4.76009070295	261.323486328
4.76299319728	261.323486328
4.76589569161	261.323486328
4.76879818594	261.323486328
4.77170068027	261.323486328
4.7746031746	261.474487305
4.77750566893	261.625579834
4.78040816327	261.776733398
4.7833106576	261.776733398
4.78621315193	261.625579834
4.78911564626	261.474487305
4.79201814059	261.474487305
4.79492063492	261.474487305
4.79782312925	261.323486328
4.80072562358	261.323486328
4.80362811791	261.323486328
4.80653061224	261.172607422
4.80943310658	261.172607422
4.81233560091	261.021789551
4.81523809524	260.871063232
4.81814058957	260.871063232
4.8210430839	260.720397949
4.82394557823	260.720397949
4.82684807256	260.720397949
4.82975056689	260.720397949
4.83265306122	260.871063232
4.83555555556	261.021789551
4.83845804989	261.323486328
4.84136054422	261.474487305
4.84426303855	261.776733398
4.84716553288	261.927978516
4.85006802721	262.079315186
4.85297052154	262.079315186
4.85587301587	262.079315186
4.8587755102	261.927978516
4.86167800454	261.625579834
4.86458049887	261.474487305
4.8674829932	261.172607422
4.87038548753	261.021789551
4.87328798186	261.021789551
4.87619047619	260.871063232
4.87909297052	261.021789551
4.88199546485	261.021789551
4.88489795918	261.021789551
4.88780045351	261.172607422
4.89070294785	261.323486328
4.89360544218	261.474487305
4.89650793651	261.776733398
4.89941043084	261.927978516
4.90231292517	262.230743408
4.9052154195	262.382263184
4.90811791383	262.685546875
4.91102040816	262.989196777
4.91392290249	262.989196777
4.91682539683	263.141143799
4.91972789116	263.141143799
4.92263038549	262.989196777
4.92553287982	262.989196777
4.92843537415	262.685546875
4.93133786848	262.382263184
4.93424036281	262.079315186
4.93714285714	261.776733398
4.94004535147	261.474487305
4.9429478458	261.474487305
4.94585034014	261.474487305
4.94875283447	261.625579834
4.9516553288	261.625579834
4.95455782313	0.0
4.95746031746	0.0
4.96036281179	0.0
4.96326530612	0.0
4.96616780045	0.0
4.96907029478	0.0
4.97197278912	0.0
4.97487528345	0.0
4.97777777778	0.0
4.98068027211	0.0
4.98358276644	0.0
4.98648526077	0.0
4.9893877551	0.0
4.99229024943	0.0
4.99519274376	0.0
4.9980952381	0.0
5.00099773243	0.0
5.00390022676	0.0
5.00680272109	0.0
5.00970521542	0.0
5.01260770975	0.0
5.01551020408	0.0
5.01841269841	0.0
5.02131519274	0.0
5.02421768707	0.0
5.02712018141	0.0
5.03002267574	0.0
5.03292517007	0.0
5.0358276644	0.0
5.03873015873	0.0
5.04163265306	0.0
5.04453514739	0.0
5.04743764172	0.0
5.05034013605	0.0
5.05324263039	0.0
5.05614512472	0.0
5.05904761905	0.0
5.06195011338	0.0
