0.0	0.0
0.00290249433107	0.0
0.00580498866213	0.0
0.0087074829932	334.808654785
0.0116099773243	334.422088623
0.0145124716553	334.228973389
0.0174149659864	333.843078613
0.0203174603175	333.457641602
0.0232199546485	332.688079834
0.0261224489796	331.920288086
0.0290249433107	331.345611572
0.0319274376417	331.154296875
0.0348299319728	331.728637695
0.0377324263039	332.112091064
0.0406349206349	333.265075684
0.043537414966	333.457641602
0.0464399092971	334.035980225
0.0493424036281	334.228973389
0.0522448979592	334.228973389
0.0551473922902	333.843078613
0.0580498866213	333.650299072
0.0609523809524	333.265075684
0.0638548752834	333.072631836
0.0667573696145	332.49597168
0.0696598639456	332.112091064
0.0725623582766	332.49597168
0.0754648526077	332.688079834
0.0783673469388	333.843078613
0.0812698412698	334.808654785
0.0841723356009	335.389343262
0.087074829932	336.359375
0.089977324263	337.332244873
0.0928798185941	338.698944092
0.0957823129252	339.67855835
0.0986848072562	338.89465332
0.101587301587	337.332244873
0.104489795918	327.729034424
0.107392290249	318.215362549
0.11029478458	314.01574707
0.113197278912	312.20715332
0.116099773243	309.156402588
0.119002267574	302.444458008
0.121904761905	302.444458008
0.124807256236	302.095245361
0.127709750567	302.61920166
0.130612244898	298.452941895
0.133514739229	293.325714111
0.13641723356	288.286560059
0.139319727891	285.3046875
0.142222222222	283.006835938
0.145124716553	281.376831055
0.148027210884	280.241424561
0.150929705215	279.91784668
0.153832199546	280.40335083
0.156734693878	281.702087402
0.159637188209	284.646270752
0.16253968254	288.619781494
0.165442176871	293.495178223
0.168344671202	297.248626709
0.171247165533	301.050079346
0.174149659864	304.196502686
0.177052154195	305.782012939
0.179954648526	306.489318848
0.182857142857	306.666412354
0.185759637188	307.020904541
0.188662131519	307.731079102
0.19156462585	308.621124268
0.194467120181	308.977874756
0.197369614512	308.799438477
0.200272108844	307.908905029
0.203174603175	306.312347412
0.206077097506	304.724090576
0.208979591837	303.319213867
0.211882086168	302.61920166
0.214784580499	302.968994141
0.21768707483	303.669830322
0.220589569161	304.900146484
0.223492063492	306.135467529
0.226394557823	307.553375244
0.229297052154	308.442932129
0.232199546485	309.156402588
0.235102040816	309.513763428
0.238004535147	309.871520996
0.240907029478	310.050567627
0.24380952381	310.408966064
0.246712018141	310.588317871
0.249614512472	310.76776123
0.252517006803	310.94732666
0.255419501134	311.126983643
0.258321995465	311.306762695
0.261224489796	311.666595459
0.264126984127	312.026855469
0.267029478458	312.929321289
0.269931972789	314.197174072
0.27283446712	316.017303467
0.275736961451	318.767272949
0.278639455782	322.284973145
0.281541950113	326.029724121
0.284444444444	329.437225342
0.287346938776	332.112091064
0.290249433107	333.265075684
0.293151927438	333.843078613
0.296054421769	333.650299072
0.2989569161	332.688079834
0.301859410431	331.728637695
0.304761904762	330.771942139
0.307664399093	330.390045166
0.310566893424	330.580932617
0.313469387755	331.154296875
0.316371882086	332.688079834
0.319274376417	334.615325928
0.322176870748	336.748199463
0.325079365079	338.89465332
0.32798185941	341.054779053
0.330884353741	342.634429932
0.333786848073	343.625427246
0.336689342404	343.625427246
0.339591836735	343.030487061
0.342494331066	342.041229248
0.345396825397	341.054779053
0.348299319728	339.874816895
0.351201814059	338.89465332
0.35410430839	338.112548828
0.357006802721	337.722167969
0.359909297052	337.722167969
0.362811791383	338.307891846
0.365714285714	339.286376953
0.368616780045	340.464294434
0.371519274376	342.041229248
0.374421768707	343.22869873
0.377324263039	344.420288086
0.38022675737	344.81842041
0.383129251701	345.017669678
0.386031746032	344.420288086
0.388934240363	343.427001953
0.391836734694	342.634429932
0.394739229025	341.843719482
0.397641723356	341.054779053
0.400544217687	340.661010742
0.403446712018	340.267700195
0.406349206349	339.874816895
0.40925170068	339.482421875
0.412154195011	339.482421875
0.415056689342	339.874816895
0.417959183673	341.054779053
0.420861678005	343.22869873
0.423764172336	345.61605835
0.426666666667	347.618164062
0.429569160998	348.623596191
0.432471655329	348.623596191
0.43537414966	347.819030762
0.438276643991	346.215484619
0.441179138322	343.823974609
0.444081632653	341.64630127
0.446984126984	340.07119751
0.449886621315	339.090454102
0.452789115646	338.112548828
0.455691609977	337.332244873
0.458594104308	335.389343262
0.461496598639	333.843078613
0.464399092971	333.072631836
0.467301587302	333.650299072
0.470204081633	335.389343262
0.473106575964	337.527130127
0.476009070295	339.874816895
0.478911564626	342.634429932
0.481814058957	344.619293213
0.484716553288	346.415496826
0.487619047619	347.819030762
0.49052154195	348.221069336
0.493424036281	347.819030762
0.496326530612	346.415496826
0.499229024943	343.625427246
0.502131519274	340.464294434
0.505034013605	337.527130127
0.507936507937	334.808654785
0.510839002268	333.843078613
0.513741496599	334.035980225
0.51664399093	335.195678711
0.519546485261	337.527130127
0.522448979592	340.07119751
0.525351473923	342.436584473
0.528253968254	344.619293213
0.531156462585	346.015533447
0.534058956916	347.216827393
0.536961451247	347.417449951
0.539863945578	346.615661621
0.542766439909	345.217010498
0.54566893424	342.634429932
0.548571428571	339.482421875
0.551473922902	335.389343262
0.554376417234	331.345611572
0.557278911565	327.918395996
0.560181405896	325.653289795
0.563083900227	324.339233398
0.565986394558	323.777679443
0.568888888889	323.964752197
0.57179138322	325.653289795
0.574693877551	329.24697876
0.577596371882	335.195678711
0.580498866213	343.625427246
0.583401360544	347.819030762
0.586303854875	351.251281738
0.589206349206	354.922363281
0.592108843537	358.631835938
0.595011337868	358.631835938
0.5979138322	358.631835938
0.600816326531	354.922363281
0.603718820862	346.415496826
0.606621315193	341.054779053
0.609523809524	333.650299072
0.612426303855	326.972686768
0.615328798186	321.912841797
0.618231292517	316.017303467
0.621133786848	310.050567627
0.624036281179	304.196502686
0.62693877551	298.452941895
0.629841269841	289.287414551
0.632743764172	277.663360596
0.635646258503	272.106262207
0.638548752834	268.050262451
0.641451247166	263.90222168
0.644353741497	259.968505859
0.647256235828	256.685821533
0.650158730159	252.713638306
0.65306122449	249.52255249
0.655963718821	246.799057007
0.658866213152	244.246322632
0.661768707483	241.580413818
0.664671201814	239.219802856
0.667573696145	237.293106079
0.670476190476	235.926391602
0.673378684807	235.246002197
0.676281179138	234.838699341
0.679183673469	234.703094482
0.6820861678	234.703094482
0.684988662132	234.432113647
0.687891156463	232.678329468
0.690793650794	229.077667236
0.693696145125	225.532730103
0.696598639456	222.813537598
0.699501133787	221.14666748
0.702403628118	220.381561279
0.705306122449	220.508895874
0.70820861678	221.27444458
0.711111111111	222.299316406
0.714013605442	222.556274414
0.716916099773	222.299316406
0.719818594104	221.91444397
0.722721088435	221.402297974
0.725623582766	221.27444458
0.728526077098	221.530227661
0.731428571429	222.042663574
0.73433106576	222.556274414
0.737233560091	223.199966431
0.740136054422	222.684860229
0.743038548753	221.018966675
0.745941043084	216.720687866
0.748843537415	212.75163269
0.751746031746	210.916244507
0.754648526077	209.822616577
0.757551020408	209.701446533
0.760453514739	211.038101196
0.76335600907	213.737030029
0.766258503401	216.595535278
0.769160997732	217.096557617
0.772063492063	217.096557617
0.774965986395	216.470458984
0.777868480726	215.846176147
0.780770975057	215.099411011
0.783673469388	214.231430054
0.786575963719	213.860519409
0.78947845805	213.613601685
0.792380952381	214.107727051
0.795283446712	215.099411011
0.798185941043	216.345458984
0.801088435374	217.976135254
0.803990929705	219.745986938
0.806893424036	222.942276001
0.809795918367	225.532730103
0.812698412698	227.495315552
0.815600907029	228.285125732
0.818503401361	228.285125732
0.821405895692	227.232650757
0.824308390023	225.793426514
0.827210884354	224.363327026
0.830113378685	223.587081909
0.833015873016	223.457977295
0.835918367347	223.587081909
0.838820861678	224.363327026
0.841723356009	225.663040161
0.84462585034	226.970306396
0.847528344671	227.889877319
0.850430839002	228.153305054
0.853333333333	227.232650757
0.856235827664	225.14225769
0.859138321995	221.7862854
0.862040816327	218.354187012
0.864943310658	215.7215271
0.867845804989	213.613601685
0.87074829932	212.260635376
0.873650793651	211.770782471
0.876553287982	212.260635376
0.879455782313	212.628768921
0.882358276644	212.997558594
0.885260770975	212.628768921
0.888163265306	211.282043457
0.891065759637	207.65234375
0.893968253968	205.742080688
0.896870748299	204.793533325
0.89977324263	204.67527771
0.902675736961	205.623260498
0.905578231293	207.053497314
0.908480725624	209.096679688
0.911383219955	211.648483276
0.914285714286	213.984085083
0.917188208617	215.596969604
0.920090702948	216.345458984
0.922993197279	216.095672607
0.92589569161	214.602996826
0.928798185941	211.404129028
0.931700680272	206.337142944
0.934603174603	202.558258057
0.937505668934	200.810806274
0.940408163265	200.578948975
0.943310657596	201.974090576
0.946213151927	204.55708313
0.949115646259	208.855270386
0.95201814059	213.243759155
0.954920634921	215.34803772
0.957823129252	215.97088623
0.960725623583	215.472457886
0.963628117914	213.243759155
0.966530612245	205.385864258
0.969433106576	199.423690796
0.972335600907	196.564605713
0.975238095238	195.545394897
0.978140589569	196.110961914
0.9810430839	198.389663696
0.983945578231	206.098907471
0.986848072562	211.526275635
0.989750566893	213.613601685
0.992653061224	214.85105896
0.995555555556	215.7215271
0.998458049887	216.220535278
1.00136054422	216.470458984
1.00426303855	216.595535278
1.00716553288	216.845901489
1.01006802721	216.720687866
1.01297052154	216.345458984
1.01587301587	216.095672607
1.0187755102	215.596969604
1.02167800454	215.099411011
1.02458049887	214.602996826
1.0274829932	214.231430054
1.03038548753	214.231430054
1.03328798186	214.231430054
1.03619047619	214.479064941
1.03909297052	214.85105896
1.04199546485	215.472457886
1.04489795918	215.846176147
1.04780045351	215.846176147
1.05070294785	215.472457886
1.05360544218	214.602996826
1.05650793651	212.260635376
1.05941043084	208.493667603
1.06231292517	204.438964844
1.0652154195	201.507965088
1.06811791383	199.538925171
1.07102040816	198.160614014
1.07392290249	197.703292847
1.07682539683	197.703292847
1.07972789116	199.538925171
1.08263038549	201.624389648
1.08553287982	202.44128418
1.08843537415	203.144104004
1.09133786848	203.967163086
1.09424036281	204.793533325
1.09714285714	205.623260498
1.10004535147	206.456359863
1.1029478458	207.292831421
1.10585034014	207.892379761
1.10875283447	208.493667603
1.1116553288	208.97593689
1.11455782313	209.338378906
1.11746031746	208.97593689
1.12036281179	208.493667603
1.12326530612	208.252944946
1.12616780045	207.892379761
1.12907029478	207.772323608
1.13197278912	207.412597656
1.13487528345	206.814437866
1.13777777778	204.911865234
1.14068027211	203.144104004
1.14358276644	201.857452393
1.14648526077	200.810806274
1.1493877551	200.347366333
1.15229024943	200.463119507
1.15519274376	200.810806274
1.1580952381	201.740890503
1.16099773243	199.308532715
1.16390022676	198.963470459
1.16680272109	197.931808472
1.16970521542	193.970443726
1.17260770975	189.102737427
1.17551020408	193.522796631
1.17841269841	195.77142334
1.18131519274	197.019287109
1.18421768707	198.963470459
1.18712018141	201.857452393
1.19002267574	206.814437866
1.19292517007	205.26725769
1.1958276644	205.742080688
1.19873015873	206.575653076
1.20163265306	207.412597656
1.20453514739	208.614120483
1.20743764172	208.855270386
1.21034013605	209.217498779
1.21324263039	209.701446533
1.21614512472	210.065155029
1.21904761905	208.97593689
1.22195011338	206.933929443
1.22485260771	205.860946655
1.22775510204	205.148727417
1.23065759637	205.030258179
1.2335600907	205.742080688
1.23646258503	207.292831421
1.23936507937	209.096679688
1.2422675737	210.429489136
1.24517006803	211.526275635
1.24807256236	211.8931427
1.25097505669	211.160049438
1.25387755102	209.822616577
1.25678004535	207.772323608
1.25968253968	205.860946655
1.26258503401	207.173126221
1.26548752834	210.672714233
1.26839002268	213.120620728
1.27129251701	214.107727051
1.27419501134	215.223678589
1.27709750567	217.222000122
1.28	284.481903076
1.28290249433	283.497680664
1.28580498866	283.170349121
1.28870748299	282.516845703
1.29160997732	280.40335083
1.29451247166	277.022583008
1.29741496599	274.950164795
1.30031746032	273.682556152
1.30321995465	271.949127197
1.30612244898	270.22668457
1.30902494331	269.136260986
1.31192743764	268.360107422
1.31482993197	267.586151123
1.3177324263	267.431640625
1.32063492063	268.670288086
1.32353741497	270.3828125
1.3264399093	271.478302002
1.32934240363	272.26348877
1.33224489796	267.431640625
1.33514739229	266.660400391
1.33804988662	266.352508545
1.34095238095	266.198699951
1.34385487528	267.895477295
1.34675736961	270.070648193
1.34965986395	270.851776123
1.35256235828	271.008270264
1.35546485261	274.474121094
1.35836734694	276.064147949
1.36126984127	280.40335083
1.3641723356	283.333953857
1.36707482993	284.481903076
1.36997732426	284.481903076
1.37287981859	285.3046875
1.37578231293	285.964660645
1.37868480726	291.131347656
1.38158730159	288.619781494
1.38448979592	288.953399658
1.38739229025	289.287414551
1.39029478458	289.789123535
1.39319727891	291.299560547
1.39609977324	293.495178223
1.39900226757	296.562652588
1.4019047619	294.514129639
1.40480725624	291.636291504
1.40770975057	288.619781494
1.4106122449	284.481903076
1.41351473923	279.756225586
1.41641723356	278.144927979
1.41931972789	282.516845703
1.42222222222	287.953704834
1.42512471655	290.459472656
1.42802721088	290.963226318
1.43092970522	290.963226318
1.43383219955	209.943847656
1.43673469388	210.672714233
1.43963718821	210.794448853
1.44253968254	210.672714233
1.44544217687	209.701446533
1.4483446712	209.096679688
1.45124716553	208.493667603
1.45414965986	208.373260498
1.4570521542	208.493667603
1.45995464853	208.734664917
1.46285714286	208.614120483
1.46575963719	207.892379761
1.46866213152	206.337142944
1.47156462585	204.438964844
1.47446712018	203.261489868
1.47736961451	202.207550049
1.48027210884	201.275314331
1.48317460317	200.347366333
1.48607709751	199.654220581
1.48897959184	199.654220581
1.49188208617	199.308532715
1.4947845805	199.423690796
1.49768707483	198.275100708
1.50058956916	196.451095581
1.50349206349	192.630599976
1.50639455782	188.448486328
1.50929705215	186.068893433
1.51219954649	184.570266724
1.51510204082	183.401260376
1.51800453515	180.771865845
1.52090702948	178.592330933
1.52380952381	178.592330933
1.52671201814	180.146438599
1.52961451247	181.294708252
1.5325170068	181.714080811
1.53541950113	181.714080811
1.53832199546	182.134414673
1.5412244898	181.819076538
1.54412698413	179.938446045
1.54702947846	177.974456787
1.54993197279	180.146438599
1.55283446712	182.450302124
1.55573696145	184.570266724
1.55863945578	186.068893433
1.56154195011	186.714874268
1.56444444444	186.822753906
1.56734693878	186.822753906
1.57024943311	186.499298096
1.57315192744	186.176391602
1.57605442177	185.746734619
1.5789569161	185.532272339
1.58185941043	185.746734619
1.58476190476	185.854064941
1.58766439909	186.068893433
1.59056689342	186.391601562
1.59346938776	186.822753906
1.59637188209	187.25491333
1.59927437642	187.796508789
1.60217687075	188.448486328
1.60507936508	188.993530273
1.60798185941	189.540161133
1.61088435374	189.978591919
1.61378684807	190.198196411
1.6166893424	190.198196411
1.61959183673	189.868881226
1.62249433107	188.557373047
1.6253968254	185.639480591
1.62829931973	180.458892822
1.63120181406	174.614120483
1.63410430839	171.911987305
1.63700680272	171.317214966
1.63990929705	172.409210205
1.64281179138	174.91696167
1.64571428571	178.592330933
1.64861678005	182.134414673
1.65151927438	184.144317627
1.65442176871	184.357162476
1.65732426304	183.93170166
1.66022675737	183.401260376
1.6631292517	182.766738892
1.66603174603	182.239654541
1.66893424036	181.714080811
1.67183673469	181.399459839
1.67473922902	181.294708252
1.67764172336	181.504272461
1.68054421769	181.714080811
1.68344671202	181.924118042
1.68634920635	182.02923584
1.68925170068	182.134414673
1.69215419501	182.239654541
1.69505668934	182.239654541
1.69795918367	182.239654541
1.700861678	182.02923584
1.70376417234	182.02923584
1.70666666667	182.02923584
1.709569161	181.819076538
1.71247165533	181.609146118
1.71537414966	181.085388184
1.71827664399	180.563156128
1.72117913832	180.042419434
1.72408163265	179.419525146
1.72698412698	179.005447388
1.72988662132	178.902084351
1.73278911565	179.315917969
1.73569160998	180.146438599
1.73859410431	181.504272461
1.74149659864	182.661193848
1.74439909297	183.613250732
1.7473015873	184.037979126
1.75020408163	184.250717163
1.75310657596	183.825500488
1.75600907029	183.083724976
1.75891156463	182.02923584
1.76181405896	180.876312256
1.76471655329	179.938446045
1.76761904762	179.626907349
1.77052154195	179.419525146
1.77342403628	179.83454895
1.77632653061	180.354675293
1.77922902494	181.085388184
1.78213151927	181.399459839
1.78503401361	182.02923584
1.78793650794	181.924118042
1.79083900227	181.819076538
1.7937414966	181.714080811
1.79664399093	181.609146118
1.79954648526	181.714080811
1.80244897959	182.02923584
1.80535147392	182.344940186
1.80825396825	182.661193848
1.81115646259	182.555725098
1.81405895692	182.239654541
1.81696145125	181.714080811
1.81986394558	181.085388184
1.82276643991	180.667480469
1.82566893424	180.458892822
1.82857142857	180.250534058
1.8314739229	180.354675293
1.83437641723	180.667480469
1.83727891156	181.1900177
1.8401814059	181.504272461
1.84308390023	181.714080811
1.84598639456	182.02923584
1.84888888889	182.239654541
1.85179138322	182.344940186
1.85469387755	182.134414673
1.85759637188	182.02923584
1.86049886621	181.924118042
1.86340136054	181.609146118
1.86630385488	181.1900177
1.86920634921	180.876312256
1.87210884354	180.667480469
1.87501133787	180.354675293
1.8779138322	180.042419434
1.88081632653	179.938446045
1.88371882086	179.83454895
1.88662131519	180.042419434
1.88952380952	180.354675293
1.89242630385	181.085388184
1.89532879819	181.819076538
1.89823129252	182.555725098
1.90113378685	183.083724976
1.90403628118	183.613250732
1.90693877551	184.144317627
1.90984126984	184.570266724
1.91274376417	184.463684082
1.9156462585	184.357162476
1.91854875283	184.037979126
1.92145124717	183.93170166
1.9243537415	184.250717163
1.92725623583	185.21105957
1.93015873016	187.471359253
1.93306122449	0.0
1.93596371882	0.0
1.93886621315	0.0
1.94176870748	0.0
1.94467120181	0.0
1.94757369615	0.0
1.95047619048	0.0
1.95337868481	0.0
1.95628117914	0.0
1.95918367347	0.0
1.9620861678	0.0
1.96498866213	0.0
1.96789115646	0.0
1.97079365079	0.0
1.97369614512	0.0
1.97659863946	0.0
1.97950113379	0.0
1.98240362812	0.0
1.98530612245	0.0
1.98820861678	0.0
1.99111111111	0.0
1.99401360544	0.0
1.99691609977	0.0
1.9998185941	0.0
2.00272108844	0.0
2.00562358277	0.0
2.0085260771	0.0
2.01142857143	0.0
2.01433106576	0.0
2.01723356009	0.0
2.02013605442	0.0
2.02303854875	0.0
2.02594104308	0.0
2.02884353741	0.0
2.03174603175	0.0
2.03464852608	0.0
2.03755102041	0.0
2.04045351474	0.0
2.04335600907	0.0
2.0462585034	0.0
2.04916099773	0.0
2.05206349206	0.0
2.05496598639	0.0
2.05786848073	0.0
2.06077097506	0.0
2.06367346939	0.0
2.06657596372	0.0
2.06947845805	0.0
2.07238095238	0.0
2.07528344671	0.0
2.07818594104	0.0
2.08108843537	0.0
2.08399092971	0.0
2.08689342404	0.0
2.08979591837	0.0
2.0926984127	0.0
2.09560090703	0.0
2.09850340136	0.0
2.10140589569	0.0
2.10430839002	0.0
2.10721088435	0.0
2.11011337868	0.0
2.11301587302	0.0
2.11591836735	0.0
2.11882086168	0.0
2.12172335601	0.0
2.12462585034	0.0
2.12752834467	0.0
2.130430839	0.0
2.13333333333	0.0
2.13623582766	0.0
2.139138322	0.0
2.14204081633	0.0
2.14494331066	0.0
2.14784580499	0.0
2.15074829932	0.0
2.15365079365	0.0
2.15655328798	0.0
2.15945578231	0.0
2.16235827664	0.0
2.16526077098	0.0
2.16816326531	0.0
2.17106575964	0.0
2.17396825397	0.0
2.1768707483	0.0
2.17977324263	0.0
2.18267573696	0.0
2.18557823129	0.0
2.18848072562	0.0
2.19138321995	0.0
2.19428571429	0.0
2.19718820862	0.0
2.20009070295	0.0
2.20299319728	0.0
2.20589569161	0.0
2.20879818594	0.0
2.21170068027	0.0
2.2146031746	0.0
2.21750566893	0.0
2.22040816327	0.0
2.2233106576	0.0
2.22621315193	0.0
2.22911564626	0.0
2.23201814059	0.0
2.23492063492	0.0
2.23782312925	0.0
2.24072562358	0.0
2.24362811791	0.0
2.24653061224	0.0
2.24943310658	0.0
2.25233560091	0.0
2.25523809524	0.0
2.25814058957	0.0
2.2610430839	0.0
2.26394557823	0.0
2.26684807256	0.0
2.26975056689	0.0
2.27265306122	0.0
2.27555555556	0.0
2.27845804989	0.0
2.28136054422	0.0
2.28426303855	0.0
2.28716553288	0.0
2.29006802721	0.0
2.29297052154	0.0
2.29587301587	0.0
2.2987755102	0.0
2.30167800454	0.0
2.30458049887	0.0
2.3074829932	0.0
2.31038548753	0.0
2.31328798186	0.0
2.31619047619	0.0
2.31909297052	0.0
2.32199546485	0.0
2.32489795918	0.0
2.32780045351	0.0
2.33070294785	0.0
2.33360544218	0.0
2.33650793651	0.0
2.33941043084	0.0
2.34231292517	0.0
2.3452154195	0.0
2.34811791383	0.0
2.35102040816	0.0
2.35392290249	0.0
2.35682539683	0.0
2.35972789116	0.0
2.36263038549	0.0
2.36553287982	0.0
2.36843537415	0.0
2.37133786848	0.0
2.37424036281	0.0
2.37714285714	0.0
2.38004535147	0.0
2.3829478458	0.0
2.38585034014	0.0
2.38875283447	0.0
2.3916553288	0.0
2.39455782313	0.0
2.39746031746	0.0
2.40036281179	0.0
2.40326530612	0.0
2.40616780045	0.0
2.40907029478	0.0
2.41197278912	0.0
2.41487528345	0.0
2.41777777778	0.0
2.42068027211	0.0
2.42358276644	0.0
2.42648526077	0.0
2.4293877551	0.0
2.43229024943	0.0
2.43519274376	0.0
2.4380952381	0.0
2.44099773243	0.0
2.44390022676	0.0
2.44680272109	0.0
2.44970521542	0.0
2.45260770975	0.0
2.45551020408	0.0
2.45841269841	0.0
2.46131519274	0.0
2.46421768707	0.0
2.46712018141	0.0
2.47002267574	0.0
2.47292517007	0.0
2.4758276644	0.0
2.47873015873	0.0
2.48163265306	0.0
2.48453514739	0.0
2.48743764172	0.0
2.49034013605	0.0
2.49324263039	0.0
2.49614512472	0.0
2.49904761905	0.0
2.50195011338	0.0
2.50485260771	0.0
2.50775510204	0.0
2.51065759637	0.0
2.5135600907	0.0
2.51646258503	0.0
2.51936507937	0.0
2.5222675737	0.0
2.52517006803	0.0
2.52807256236	0.0
2.53097505669	0.0
2.53387755102	0.0
2.53678004535	0.0
2.53968253968	0.0
2.54258503401	0.0
2.54548752834	0.0
2.54839002268	0.0
2.55129251701	0.0
2.55419501134	0.0
2.55709750567	0.0
2.56	0.0
2.56290249433	0.0
2.56580498866	0.0
2.56870748299	0.0
2.57160997732	0.0
2.57451247166	0.0
2.57741496599	0.0
2.58031746032	0.0
2.58321995465	0.0
2.58612244898	0.0
2.58902494331	0.0
2.59192743764	0.0
2.59482993197	0.0
2.5977324263	0.0
2.60063492063	0.0
2.60353741497	0.0
2.6064399093	0.0
2.60934240363	0.0
2.61224489796	0.0
2.61514739229	0.0
2.61804988662	0.0
2.62095238095	0.0
2.62385487528	0.0
2.62675736961	0.0
2.62965986395	0.0
2.63256235828	0.0
2.63546485261	0.0
2.63836734694	0.0
2.64126984127	0.0
2.6441723356	0.0
2.64707482993	0.0
2.64997732426	0.0
2.65287981859	0.0
2.65578231293	0.0
2.65868480726	0.0
2.66158730159	0.0
2.66448979592	0.0
2.66739229025	0.0
2.67029478458	0.0
2.67319727891	0.0
2.67609977324	0.0
2.67900226757	0.0
2.6819047619	0.0
2.68480725624	0.0
2.68770975057	0.0
2.6906122449	0.0
2.69351473923	0.0
2.69641723356	0.0
2.69931972789	0.0
2.70222222222	0.0
2.70512471655	0.0
2.70802721088	0.0
2.71092970522	0.0
2.71383219955	0.0
2.71673469388	0.0
2.71963718821	0.0
2.72253968254	0.0
2.72544217687	0.0
2.7283446712	0.0
2.73124716553	0.0
2.73414965986	0.0
2.7370521542	0.0
2.73995464853	0.0
2.74285714286	0.0
2.74575963719	0.0
2.74866213152	0.0
2.75156462585	0.0
2.75446712018	0.0
2.75736961451	0.0
2.76027210884	0.0
2.76317460317	0.0
2.76607709751	0.0
2.76897959184	0.0
2.77188208617	0.0
2.7747845805	0.0
2.77768707483	0.0
2.78058956916	0.0
2.78349206349	0.0
2.78639455782	0.0
2.78929705215	0.0
2.79219954649	0.0
2.79510204082	0.0
2.79800453515	0.0
2.80090702948	0.0
2.80380952381	0.0
2.80671201814	0.0
2.80961451247	0.0
2.8125170068	0.0
2.81541950113	0.0
2.81832199546	0.0
2.8212244898	0.0
2.82412698413	0.0
2.82702947846	0.0
2.82993197279	0.0
2.83283446712	0.0
2.83573696145	0.0
2.83863945578	0.0
2.84154195011	0.0
2.84444444444	0.0
2.84734693878	0.0
2.85024943311	0.0
2.85315192744	0.0
2.85605442177	0.0
2.8589569161	0.0
2.86185941043	0.0
2.86476190476	0.0
2.86766439909	0.0
2.87056689342	0.0
2.87346938776	0.0
2.87637188209	0.0
2.87927437642	0.0
2.88217687075	0.0
2.88507936508	0.0
2.88798185941	0.0
2.89088435374	0.0
2.89378684807	0.0
2.8966893424	0.0
2.89959183673	0.0
2.90249433107	0.0
2.9053968254	0.0
2.90829931973	0.0
2.91120181406	0.0
2.91410430839	0.0
2.91700680272	0.0
2.91990929705	0.0
2.92281179138	0.0
2.92571428571	0.0
2.92861678005	0.0
2.93151927438	0.0
2.93442176871	0.0
2.93732426304	0.0
2.94022675737	0.0
2.9431292517	0.0
2.94603174603	0.0
2.94893424036	0.0
2.95183673469	0.0
2.95473922902	0.0
2.95764172336	0.0
2.96054421769	0.0
2.96344671202	0.0
2.96634920635	0.0
2.96925170068	0.0
2.97215419501	0.0
2.97505668934	0.0
2.97795918367	0.0
2.980861678	0.0
2.98376417234	0.0
2.98666666667	0.0
2.989569161	0.0
2.99247165533	0.0
2.99537414966	0.0
2.99827664399	0.0
3.00117913832	0.0
3.00408163265	0.0
3.00698412698	0.0
3.00988662132	0.0
3.01278911565	0.0
3.01569160998	0.0
3.01859410431	0.0
3.02149659864	0.0
3.02439909297	0.0
3.0273015873	0.0
3.03020408163	0.0
3.03310657596	0.0
3.03600907029	0.0
3.03891156463	0.0
3.04181405896	0.0
3.04471655329	0.0
3.04761904762	0.0
3.05052154195	0.0
3.05342403628	0.0
3.05632653061	0.0
3.05922902494	0.0
3.06213151927	0.0
3.06503401361	0.0
3.06793650794	0.0
3.07083900227	0.0
3.0737414966	0.0
3.07664399093	0.0
3.07954648526	0.0
3.08244897959	0.0
3.08535147392	0.0
3.08825396825	0.0
3.09115646259	0.0
3.09405895692	0.0
3.09696145125	0.0
3.09986394558	0.0
3.10276643991	0.0
3.10566893424	0.0
3.10857142857	0.0
3.1114739229	0.0
3.11437641723	0.0
3.11727891156	0.0
3.1201814059	0.0
3.12308390023	0.0
3.12598639456	0.0
3.12888888889	0.0
3.13179138322	0.0
3.13469387755	0.0
3.13759637188	0.0
3.14049886621	0.0
3.14340136054	0.0
3.14630385488	0.0
3.14920634921	0.0
3.15210884354	0.0
3.15501133787	214.231430054
3.1579138322	213.120620728
3.16081632653	206.217987061
3.16371882086	204.438964844
3.16662131519	203.026794434
3.16952380952	201.042922974
3.17242630385	199.538925171
3.17532879819	198.73374939
3.17823129252	199.078414917
3.18113378685	200.463119507
3.18403628118	202.558258057
3.18693877551	203.496429443
3.18984126984	203.144104004
3.19274376417	202.44128418
3.1956462585	201.740890503
3.19854875283	201.740890503
3.20145124717	202.324386597
3.2043537415	203.614013672
3.20725623583	204.67527771
3.21015873016	204.67527771
3.21306122449	203.967163086
3.21596371882	203.026794434
3.21886621315	201.042922974
3.22176870748	197.817520142
3.22467120181	195.094100952
3.22757369615	198.389663696
3.23047619048	202.090789795
3.23337868481	204.320907593
3.23628117914	205.385864258
3.23918367347	212.015563965
3.2420861678	211.648483276
3.24498866213	210.672714233
3.24789115646	205.148727417
3.25079365079	203.731658936
3.25369614512	203.378921509
3.25659863946	203.496429443
3.25950113379	204.67527771
3.26240362812	205.860946655
3.26530612245	208.012496948
3.26820861678	207.532440186
3.27111111111	207.532440186
3.27401360544	207.173126221
3.27691609977	207.053497314
3.2798185941	207.65234375
3.28272108844	207.173126221
3.28562358277	205.148727417
3.2885260771	202.909561157
3.29142857143	201.507965088
3.29433106576	200.578948975
3.29723356009	199.884994507
3.30013605442	199.769577026
3.30303854875	199.769577026
3.30594104308	200.116043091
3.30884353741	200.578948975
3.31174603175	201.391601562
3.31464852608	201.974090576
3.31755102041	202.207550049
3.32045351474	202.207550049
3.32335600907	202.207550049
3.3262585034	202.207550049
3.32916099773	202.324386597
3.33206349206	202.44128418
3.33496598639	202.44128418
3.33786848073	202.44128418
3.34077097506	202.558258057
3.34367346939	202.675292969
3.34657596372	202.792388916
3.34947845805	202.792388916
3.35238095238	202.558258057
3.35528344671	202.207550049
3.35818594104	201.974090576
3.36108843537	201.740890503
3.36399092971	201.624389648
3.36689342404	201.391601562
3.36979591837	201.042922974
3.3726984127	201.042922974
3.37560090703	201.042922974
3.37850340136	201.159072876
3.38140589569	201.275314331
3.38430839002	201.391601562
3.38721088435	201.857452393
3.39011337868	202.909561157
3.39301587302	204.320907593
3.39591836735	205.860946655
3.39882086168	206.217987061
3.40172335601	205.860946655
3.40462585034	204.67527771
3.40752834467	202.909561157
3.410430839	198.389663696
3.41333333333	195.4324646
3.41623582766	194.643859863
3.419138322	194.531463623
3.42204081633	195.206832886
3.42494331066	195.77142334
3.42784580499	196.224273682
3.43074829932	196.791809082
3.43365079365	197.360992432
3.43655328798	198.389663696
3.43945578231	199.884994507
3.44235827664	201.857452393
3.44526077098	203.849380493
3.44816326531	205.26725769
3.45106575964	205.623260498
3.45396825397	205.26725769
3.4568707483	204.202926636
3.45977324263	202.558258057
3.46267573696	200.694839478
3.46557823129	199.308532715
3.46848072562	199.078414917
3.47138321995	199.078414917
3.47428571429	199.078414917
3.47718820862	199.193450928
3.48009070295	199.078414917
3.48299319728	199.078414917
3.48589569161	198.963470459
3.48879818594	198.963470459
3.49170068027	198.963470459
3.4946031746	198.848571777
3.49750566893	198.963470459
3.50040816327	198.963470459
3.5033106576	198.50428772
3.50621315193	197.589126587
3.50911564626	196.791809082
3.51201814059	196.67817688
3.51492063492	197.019287109
3.51782312925	197.931808472
3.52072562358	199.654220581
3.52362811791	202.090789795
3.52653061224	210.429489136
3.52943310658	213.366973877
3.53233560091	215.596969604
3.53523809524	217.096557617
3.53814058957	217.850265503
3.5410430839	217.976135254
3.54394557823	217.598739624
3.54684807256	216.720687866
3.54975056689	215.223678589
3.55265306122	213.737030029
3.55555555556	212.505996704
3.55845804989	211.648483276
3.56136054422	211.404129028
3.56426303855	211.404129028
3.56716553288	211.8931427
3.57006802721	212.505996704
3.57297052154	213.366973877
3.57587301587	214.85105896
3.5787755102	216.971191406
3.58167800454	217.850265503
3.58458049887	217.598739624
3.5874829932	217.724456787
3.59038548753	217.850265503
3.59328798186	217.096557617
3.59619047619	214.975189209
3.59909297052	213.613601685
3.60199546485	212.874557495
3.60489795918	212.628768921
3.60780045351	212.383285522
3.61070294785	212.505996704
3.61360544218	212.628768921
3.61650793651	212.997558594
3.61941043084	213.490249634
3.62231292517	213.860519409
3.6252154195	214.355209351
3.62811791383	214.602996826
3.63102040816	214.85105896
3.63392290249	214.85105896
3.63682539683	214.726989746
3.63972789116	214.602996826
3.64263038549	214.231430054
3.64553287982	213.860519409
3.64843537415	213.490249634
3.65133786848	212.997558594
3.65424036281	212.628768921
3.65714285714	212.260635376
3.66004535147	211.648483276
3.6629478458	210.916244507
3.66585034014	210.065155029
3.66875283447	208.97593689
3.6716553288	208.012496948
3.67455782313	207.053497314
3.67746031746	206.337142944
3.68036281179	205.860946655
3.68326530612	205.623260498
3.68616780045	205.623260498
3.68907029478	205.50453186
3.69197278912	205.385864258
3.69487528345	205.148727417
3.69777777778	204.911865234
3.70068027211	204.67527771
3.70358276644	204.67527771
3.70648526077	204.67527771
3.7093877551	204.67527771
3.71229024943	204.55708313
3.71519274376	204.793533325
3.7180952381	204.793533325
3.72099773243	205.030258179
3.72390022676	205.148727417
3.72680272109	205.148727417
3.72970521542	205.030258179
3.73260770975	205.030258179
3.73551020408	205.030258179
3.73841269841	204.911865234
3.74131519274	204.911865234
3.74421768707	204.67527771
3.74712018141	204.438964844
3.75002267574	204.438964844
3.75292517007	204.438964844
3.7558276644	204.55708313
3.75873015873	204.438964844
3.76163265306	204.202926636
3.76453514739	203.967163086
3.76743764172	203.614013672
3.77034013605	203.496429443
3.77324263039	203.261489868
3.77614512472	202.909561157
3.77904761905	202.44128418
3.78195011338	201.974090576
3.78485260771	201.624389648
3.78775510204	201.159072876
3.79065759637	200.810806274
3.7935600907	200.463119507
3.79646258503	200.578948975
3.79936507937	201.275314331
3.8022675737	202.207550049
3.80517006803	202.44128418
3.80807256236	202.909561157
3.81097505669	199.538925171
3.81387755102	200.578948975
3.81678004535	200.578948975
3.81968253968	199.078414917
3.82258503401	204.793533325
3.82548752834	204.320907593
3.82839002268	204.202926636
3.83129251701	204.085006714
3.83419501134	204.202926636
3.83709750567	200.810806274
3.84	202.675292969
3.84290249433	203.731658936
3.84580498866	203.967163086
3.84870748299	203.967163086
3.85160997732	203.967163086
3.85451247166	203.849380493
3.85741496599	203.849380493
3.86031746032	203.967163086
3.86321995465	203.967163086
3.86612244898	204.085006714
3.86902494331	204.202926636
3.87192743764	204.320907593
3.87482993197	204.438964844
3.8777324263	204.55708313
3.88063492063	204.55708313
3.88353741497	204.67527771
3.8864399093	204.55708313
3.88934240363	204.438964844
3.89224489796	204.320907593
3.89514739229	204.085006714
3.89804988662	203.967163086
3.90095238095	203.849380493
3.90385487528	203.614013672
3.90675736961	203.378921509
3.90965986395	203.144104004
3.91256235828	202.675292969
3.91546485261	202.44128418
3.91836734694	202.090789795
3.92126984127	201.740890503
3.9241723356	201.507965088
3.92707482993	201.391601562
3.92997732426	201.624389648
3.93287981859	201.740890503
3.93578231293	201.974090576
3.93868480726	202.207550049
3.94158730159	202.44128418
3.94448979592	202.44128418
3.94739229025	202.324386597
3.95029478458	202.090789795
3.95319727891	201.624389648
3.95609977324	201.391601562
3.95900226757	201.042922974
3.9619047619	200.694839478
3.96480725624	200.463119507
3.96770975057	199.884994507
3.9706122449	199.193450928
3.97351473923	197.817520142
3.97641723356	196.224273682
3.97931972789	195.4324646
3.98222222222	195.319610596
3.98512471655	195.997711182
3.98802721088	196.791809082
3.99092970522	198.275100708
3.99383219955	199.769577026
3.99673469388	201.740890503
3.99963718821	203.731658936
4.00253968254	204.911865234
4.00544217687	206.098907471
4.0083446712	207.173126221
4.01124716553	207.173126221
4.01414965986	206.456359863
4.0170521542	205.623260498
4.01995464853	204.55708313
4.02285714286	203.496429443
4.02575963719	202.792388916
4.02866213152	202.558258057
4.03156462585	202.792388916
4.03446712018	203.261489868
4.03736961451	203.496429443
4.04027210884	203.849380493
4.04317460317	203.967163086
4.04607709751	203.731658936
4.04897959184	203.849380493
4.05188208617	204.085006714
4.0547845805	204.320907593
4.05768707483	204.911865234
4.06058956916	204.793533325
4.06349206349	204.911865234
4.06639455782	204.202926636
4.06929705215	203.496429443
4.07219954649	202.792388916
4.07510204082	202.090789795
4.07800453515	201.740890503
4.08090702948	201.857452393
4.08380952381	202.324386597
4.08671201814	203.026794434
4.08961451247	203.731658936
4.0925170068	204.320907593
4.09541950113	204.793533325
4.09832199546	204.911865234
4.1012244898	205.030258179
4.10412698413	205.385864258
4.10702947846	206.217987061
4.10993197279	207.65234375
4.11283446712	208.132675171
4.11573696145	208.855270386
4.11863945578	208.97593689
4.12154195011	208.373260498
4.12444444444	206.933929443
4.12734693878	205.50453186
4.13024943311	204.793533325
4.13315192744	204.202926636
4.13605442177	203.849380493
4.1389569161	204.202926636
4.14185941043	204.67527771
4.14476190476	205.385864258
4.14766439909	205.860946655
4.15056689342	205.623260498
4.15346938776	205.623260498
4.15637188209	204.55708313
4.15927437642	203.378921509
4.16217687075	202.324386597
4.16507936508	201.974090576
4.16798185941	201.974090576
4.17088435374	202.324386597
4.17378684807	203.378921509
4.1766893424	204.793533325
4.17959183673	206.098907471
4.18249433107	206.217987061
4.1853968254	205.50453186
4.18829931973	204.438964844
4.19120181406	203.378921509
4.19410430839	203.026794434
4.19700680272	203.614013672
4.19990929705	203.849380493
4.20281179138	205.148727417
4.20571428571	206.814437866
4.20861678005	209.701446533
4.21151927438	214.975189209
4.21442176871	220.254302979
4.21732426304	223.328933716
4.22022675737	228.681060791
4.2231292517	270.5390625
4.22603174603	268.20513916
4.22893424036	268.360107422
4.23183673469	264.81842041
4.23473922902	200.694839478
4.23764172336	204.085006714
4.24054421769	205.979888916
4.24344671202	206.337142944
4.24634920635	204.085006714
4.24925170068	201.624389648
4.25215419501	201.624389648
4.25505668934	201.391601562
4.25795918367	202.207550049
4.260861678	202.558258057
4.26376417234	202.44128418
4.26666666667	201.740890503
4.269569161	201.042922974
4.27247165533	201.159072876
4.27537414966	201.740890503
4.27827664399	202.675292969
4.28117913832	203.144104004
4.28408163265	203.261489868
4.28698412698	203.026794434
4.28988662132	203.378921509
4.29278911565	205.030258179
4.29569160998	211.648483276
4.29859410431	203.144104004
4.30149659864	202.324386597
4.30439909297	201.857452393
4.3073015873	201.159072876
4.31020408163	201.740890503
4.31310657596	202.090789795
4.31600907029	202.207550049
4.31891156463	202.090789795
4.32181405896	202.44128418
4.32471655329	203.026794434
4.32761904762	203.378921509
4.33052154195	203.261489868
4.33342403628	203.144104004
4.33632653061	202.324386597
4.33922902494	197.817520142
4.34213151927	198.618988037
4.34503401361	201.391601562
4.34793650794	199.078414917
4.35083900227	198.160614014
4.3537414966	198.046173096
4.35664399093	199.078414917
4.35954648526	201.042922974
4.36244897959	202.44128418
4.36535147392	203.261489868
4.36825396825	203.261489868
4.37115646259	202.324386597
4.37405895692	201.159072876
4.37696145125	199.654220581
4.37986394558	198.848571777
4.38276643991	198.963470459
4.38566893424	199.654220581
4.38857142857	200.810806274
4.3914739229	201.740890503
4.39437641723	201.857452393
4.39727891156	201.740890503
4.4001814059	201.624389648
4.40308390023	201.507965088
4.40598639456	201.391601562
4.40888888889	200.926818848
4.41179138322	200.231674194
4.41469387755	199.769577026
4.41759637188	199.423690796
4.42049886621	199.078414917
4.42340136054	198.963470459
4.42630385488	198.50428772
4.42920634921	198.160614014
4.43210884354	198.275100708
4.43501133787	198.275100708
4.4379138322	196.67817688
4.44081632653	198.50428772
4.44371882086	198.618988037
4.44662131519	198.73374939
4.44952380952	198.73374939
4.45242630385	198.848571777
4.45532879819	199.884994507
4.45823129252	199.769577026
4.46113378685	200.116043091
4.46403628118	200.810806274
4.46693877551	201.042922974
4.46984126984	200.810806274
4.47274376417	200.347366333
4.4756462585	200.347366333
4.47854875283	200.116043091
4.48145124717	199.308532715
4.4843537415	198.160614014
4.48725623583	197.475021362
4.49015873016	198.046173096
4.49306122449	196.67817688
4.49596371882	195.658370972
4.49886621315	197.133117676
4.50176870748	198.389663696
4.50467120181	199.654220581
4.50757369615	200.810806274
4.51047619048	201.159072876
4.51337868481	201.740890503
4.51628117914	201.740890503
4.51918367347	201.624389648
4.5220861678	201.275314331
4.52498866213	200.926818848
4.52789115646	199.078414917
4.53079365079	198.50428772
4.53369614512	198.046173096
4.53659863946	197.247024536
4.53950113379	197.703292847
4.54240362812	198.963470459
4.54530612245	200.926818848
4.54820861678	201.624389648
4.55111111111	200.810806274
4.55401360544	200.116043091
4.55691609977	201.624389648
4.5598185941	200.578948975
4.56272108844	198.046173096
4.56562358277	196.67817688
4.5685260771	197.019287109
4.57142857143	198.275100708
4.57433106576	198.73374939
4.57723356009	199.423690796
4.58013605442	199.308532715
4.58303854875	201.974090576
4.58594104308	203.496429443
4.58884353741	204.55708313
4.59174603175	204.911865234
4.59464852608	204.793533325
4.59755102041	204.793533325
4.60045351474	202.090789795
4.60335600907	199.423690796
4.6062585034	194.531463623
4.60916099773	195.094100952
4.61206349206	240.327789307
4.61496598639	235.654006958
4.61786848073	231.605606079
4.62077097506	228.813186646
4.62367346939	226.839233398
4.62657596372	225.532730103
4.62947845805	224.363327026
4.63238095238	223.199966431
4.63528344671	221.530227661
4.63818594104	219.872955322
4.64108843537	218.48034668
4.64399092971	217.096557617
4.64689342404	215.846176147
4.64979591837	214.85105896
4.6526984127	213.984085083
4.65560090703	213.366973877
4.65850340136	212.75163269
4.66140589569	212.260635376
4.66430839002	211.770782471
4.66721088435	211.282043457
4.67011337868	210.794448853
4.67301587302	210.30796814
4.67591836735	209.701446533
4.67882086168	209.096679688
4.68172335601	208.614120483
4.68462585034	208.252944946
4.68752834467	208.132675171
4.690430839	208.252944946
4.69333333333	208.493667603
4.69623582766	208.97593689
4.699138322	209.701446533
4.70204081633	210.551071167
4.70494331066	211.282043457
4.70784580499	211.8931427
4.71074829932	212.138061523
4.71365079365	212.383285522
4.71655328798	212.383285522
4.71945578231	212.383285522
4.72235827664	212.383285522
4.72526077098	212.383285522
4.72816326531	212.383285522
4.73106575964	212.383285522
4.73396825397	212.505996704
4.7368707483	212.505996704
4.73977324263	212.505996704
4.74267573696	212.505996704
4.74557823129	212.260635376
4.74848072562	211.770782471
4.75138321995	211.282043457
4.75428571429	210.794448853
4.75718820862	210.30796814
4.76009070295	209.701446533
4.76299319728	209.217498779
4.76589569161	208.734664917
4.76879818594	208.373260498
4.77170068027	207.892379761
4.7746031746	207.173126221
4.77750566893	206.217987061
4.78040816327	205.26725769
4.7833106576	204.438964844
4.78621315193	203.731658936
4.78911564626	203.378921509
4.79201814059	203.144104004
4.79492063492	203.261489868
4.79782312925	203.731658936
4.80072562358	204.320907593
4.80362811791	204.911865234
4.80653061224	205.385864258
4.80943310658	205.623260498
4.81233560091	205.623260498
4.81523809524	205.50453186
4.81814058957	205.50453186
4.8210430839	205.26725769
4.82394557823	204.911865234
4.82684807256	204.67527771
4.82975056689	204.320907593
4.83265306122	204.085006714
4.83555555556	203.731658936
4.83845804989	203.496429443
4.84136054422	203.261489868
4.84426303855	203.144104004
4.84716553288	203.026794434
4.85006802721	203.144104004
4.85297052154	203.378921509
4.85587301587	203.614013672
4.8587755102	203.967163086
4.86167800454	204.202926636
4.86458049887	204.438964844
4.8674829932	204.55708313
4.87038548753	204.67527771
4.87328798186	204.67527771
4.87619047619	204.55708313
4.87909297052	204.67527771
4.88199546485	204.793533325
4.88489795918	204.793533325
4.88780045351	205.030258179
4.89070294785	205.26725769
4.89360544218	205.385864258
4.89650793651	205.385864258
4.89941043084	205.385864258
4.90231292517	205.26725769
4.9052154195	205.148727417
4.90811791383	205.030258179
4.91102040816	204.67527771
4.91392290249	204.55708313
4.91682539683	204.438964844
4.91972789116	204.320907593
4.92263038549	204.320907593
4.92553287982	204.320907593
4.92843537415	204.085006714
4.93133786848	203.849380493
4.93424036281	203.614013672
4.93714285714	203.378921509
4.94004535147	203.261489868
4.9429478458	203.144104004
4.94585034014	203.261489868
4.94875283447	203.378921509
4.9516553288	203.496429443
4.95455782313	203.731658936
4.95746031746	203.967163086
4.96036281179	203.967163086
4.96326530612	204.085006714
4.96616780045	204.085006714
4.96907029478	204.085006714
4.97197278912	204.085006714
4.97487528345	204.085006714
4.97777777778	203.849380493
4.98068027211	203.731658936
4.98358276644	203.614013672
4.98648526077	203.496429443
4.9893877551	203.378921509
4.99229024943	203.378921509
4.99519274376	203.261489868
4.9980952381	203.144104004
5.00099773243	202.909561157
5.00390022676	202.558258057
5.00680272109	202.090789795
5.00970521542	201.740890503
5.01260770975	201.507965088
5.01551020408	201.507965088
5.01841269841	201.857452393
5.02131519274	202.558258057
5.02421768707	203.614013672
5.02712018141	204.67527771
5.03002267574	205.742080688
5.03292517007	206.695007324
5.0358276644	207.532440186
5.03873015873	208.132675171
5.04163265306	208.734664917
5.04453514739	209.217498779
5.04743764172	209.580352783
5.05034013605	209.822616577
5.05324263039	210.186523438
5.05614512472	210.794448853
5.05904761905	211.648483276
5.06195011338	212.874557495
5.06485260771	214.602996826
5.06775510204	216.345458984
5.07065759637	217.850265503
5.0735600907	219.238861084
5.07646258503	220.508895874
5.07936507937	221.530227661
5.0822675737	222.299316406
5.08517006803	222.813537598
5.08807256236	222.942276001
5.09097505669	222.942276001
5.09387755102	222.556274414
5.09678004535	222.042663574
5.09968253968	221.530227661
5.10258503401	220.891342163
5.10548752834	220.508895874
5.10839002268	220.254302979
5.11129251701	220.0
5.11419501134	220.0
5.11709750567	220.0
5.12	220.127120972
5.12290249433	220.381561279
5.12580498866	221.14666748
5.12870748299	222.170944214
5.13160997732	222.170944214
5.13451247166	221.91444397
5.13741496599	222.042663574
5.14031746032	222.556274414
5.14321995465	222.299316406
5.14612244898	220.381561279
5.14902494331	218.732894897
5.15192743764	217.724456787
5.15482993197	216.845901489
5.1577324263	215.97088623
5.16063492063	215.472457886
5.16353741497	215.34803772
5.1664399093	215.472457886
5.16934240363	215.846176147
5.17224489796	216.470458984
5.17514739229	217.222000122
5.17804988662	218.354187012
5.18095238095	219.745986938
5.18385487528	221.14666748
5.18675736961	222.042663574
5.18965986395	222.042663574
5.19256235828	221.7862854
5.19546485261	221.402297974
5.19836734694	220.891342163
5.20126984127	220.254302979
5.2041723356	219.365524292
5.20707482993	218.859268188
5.20997732426	218.606582642
5.21287981859	218.606582642
5.21578231293	218.606582642
5.21868480726	218.606582642
5.22158730159	218.732894897
5.22448979592	218.859268188
5.22739229025	218.859268188
5.23029478458	218.985733032
5.23319727891	219.238861084
5.23609977324	219.492279053
5.23900226757	219.619094849
5.2419047619	219.745986938
5.24480725624	220.0
5.24770975057	220.127120972
5.2506122449	220.254302979
5.25351473923	220.381561279
5.25641723356	220.381561279
5.25931972789	220.254302979
5.26222222222	220.127120972
5.26512471655	219.872955322
5.26802721088	219.492279053
5.27092970522	218.985733032
5.27383219955	218.606582642
5.27673469388	218.228103638
5.27963718821	218.102081299
5.28253968254	218.102081299
5.28544217687	218.228103638
5.2883446712	218.48034668
5.29124716553	218.859268188
5.29414965986	219.238861084
5.2970521542	219.492279053
5.29995464853	219.872955322
5.30285714286	220.254302979
5.30575963719	220.636306763
5.30866213152	221.14666748
5.31156462585	221.530227661
5.31446712018	221.91444397
5.31736961451	222.042663574
5.32027210884	222.042663574
5.32317460317	221.91444397
5.32607709751	221.530227661
5.32897959184	221.14666748
5.33188208617	220.508895874
5.3347845805	219.619094849
5.33768707483	218.859268188
5.34058956916	217.976135254
5.34349206349	217.222000122
5.34639455782	216.720687866
5.34929705215	216.595535278
5.35219954649	216.595535278
5.35510204082	216.971191406
5.35800453515	217.598739624
5.36090702948	218.354187012
5.36380952381	218.859268188
5.36671201814	219.365524292
5.36961451247	219.745986938
5.3725170068	219.872955322
5.37541950113	219.872955322
5.37832199546	219.872955322
5.3812244898	219.745986938
5.38412698413	219.745986938
5.38702947846	219.745986938
5.38993197279	219.745986938
5.39283446712	220.0
5.39573696145	220.0
5.39863945578	219.745986938
5.40154195011	219.365524292
5.40444444444	218.606582642
5.40734693878	217.598739624
5.41024943311	216.470458984
5.41315192744	215.223678589
5.41605442177	213.984085083
5.4189569161	212.997558594
5.42185941043	212.015563965
5.42476190476	211.160049438
5.42766439909	210.429489136
5.43056689342	209.701446533
5.43346938776	209.096679688
5.43637188209	208.614120483
5.43927437642	208.252944946
5.44217687075	208.012496948
5.44507936508	207.772323608
5.44798185941	207.532440186
5.45088435374	207.292831421
5.45378684807	206.814437866
5.4566893424	206.098907471
5.45959183673	205.860946655
5.46249433107	206.098907471
5.4653968254	206.217987061
5.46829931973	206.337142944
5.47120181406	206.456359863
5.47410430839	206.337142944
5.47700680272	206.217987061
5.47990929705	205.979888916
5.48281179138	205.50453186
5.48571428571	205.030258179
5.48861678005	204.320907593
5.49151927438	203.614013672
5.49442176871	202.558258057
5.49732426304	201.740890503
5.50022675737	201.624389648
5.5031292517	201.740890503
5.50603174603	201.857452393
5.50893424036	202.207550049
5.51183673469	202.909561157
5.51473922902	203.849380493
5.51764172336	204.438964844
5.52054421769	204.793533325
5.52344671202	205.030258179
5.52634920635	205.148727417
5.52925170068	205.26725769
5.53215419501	205.50453186
5.53505668934	205.742080688
5.53795918367	205.860946655
5.540861678	205.860946655
5.54376417234	205.50453186
5.54666666667	205.030258179
5.549569161	204.67527771
5.55247165533	204.085006714
5.55537414966	203.614013672
5.55827664399	203.261489868
5.56117913832	203.144104004
5.56408163265	203.261489868
5.56698412698	203.496429443
5.56988662132	203.849380493
5.57278911565	204.085006714
5.57569160998	204.55708313
5.57859410431	205.148727417
5.58149659864	205.742080688
5.58439909297	206.337142944
5.5873015873	206.933929443
5.59020408163	207.532440186
5.59310657596	208.012496948
5.59600907029	208.493667603
5.59891156463	208.97593689
5.60181405896	209.459335327
5.60471655329	210.065155029
5.60761904762	210.30796814
5.61052154195	210.794448853
5.61342403628	211.160049438
5.61632653061	211.160049438
5.61922902494	211.282043457
5.62213151927	211.038101196
5.62503401361	210.794448853
5.62793650794	210.672714233
5.63083900227	210.30796814
5.6337414966	209.822616577
5.63664399093	209.338378906
5.63954648526	208.734664917
5.64244897959	208.252944946
5.64535147392	207.892379761
5.64825396825	207.65234375
5.65115646259	207.292831421
5.65405895692	207.053497314
5.65696145125	206.575653076
5.65986394558	206.098907471
5.66276643991	205.623260498
5.66566893424	205.030258179
5.66857142857	204.202926636
5.6714739229	203.496429443
5.67437641723	202.909561157
5.67727891156	202.675292969
5.6801814059	202.792388916
5.68308390023	203.026794434
5.68598639456	203.496429443
5.68888888889	203.849380493
5.69179138322	204.202926636
5.69469387755	204.202926636
5.69759637188	203.849380493
5.70049886621	203.496429443
5.70340136054	204.202926636
5.70630385488	204.911865234
5.70920634921	205.860946655
5.71210884354	205.979888916
5.71501133787	206.575653076
5.7179138322	206.337142944
5.72081632653	206.337142944
5.72371882086	207.053497314
5.72662131519	207.173126221
5.72952380952	207.292831421
5.73242630385	207.292831421
5.73532879819	206.575653076
5.73823129252	206.456359863
5.74113378685	206.098907471
5.74403628118	203.849380493
5.74693877551	203.731658936
5.74984126984	203.378921509
5.75274376417	202.44128418
5.7556462585	201.391601562
5.75854875283	172.110702515
5.76145124717	171.713500977
5.7643537415	171.51524353
5.76725623583	172.907867432
5.77015873016	171.713500977
5.77306122449	171.119430542
5.77596371882	171.119430542
5.77886621315	171.614349365
5.78176870748	172.309646606
5.78467120181	172.808029175
5.78757369615	172.608505249
5.79047619048	172.110702515
5.79337868481	171.317214966
5.79628117914	170.625930786
5.79918367347	170.428924561
5.8020861678	170.527389526
5.80498866213	170.921859741
5.80789115646	171.614349365
5.81079365079	172.011322021
5.81369614512	171.713500977
5.81659863946	171.218292236
5.81950113379	170.921859741
5.82240362812	170.724502563
5.82530612245	170.823150635
5.82820861678	171.812713623
5.83111111111	173.809082031
5.83401360544	176.337203979
5.83691609977	177.256286621
5.8398185941	177.153930664
5.84272108844	177.461181641
5.84562358277	176.949401855
5.8485260771	174.815948486
5.85142857143	173.207748413
5.85433106576	172.708236694
5.85723356009	172.608505249
5.86013605442	172.708236694
5.86303854875	173.407974243
5.86594104308	175.321578979
5.86884353741	176.643035889
5.87174603175	177.051635742
5.87464852608	176.745101929
5.87755102041	176.031890869
5.88045351474	175.422866821
5.88335600907	174.614120483
5.8862585034	173.909515381
5.88916099773	173.007766724
5.89206349206	172.210144043
5.89496598639	171.614349365
5.89786848073	170.823150635
5.90077097506	168.763565063
5.90367346939	167.694671631
5.90657596372	167.017990112
5.90947845805	166.632537842
5.91238095238	166.632537842
5.91528344671	166.632537842
5.91818594104	166.728820801
5.92108843537	166.921539307
5.92399092971	167.211044312
5.92689342404	167.791564941
5.92979591837	168.666122437
5.9326984127	169.44732666
5.93560090703	170.625930786
5.93850340136	171.218292236
5.94140589569	171.218292236
5.94430839002	170.921859741
5.94721088435	170.527389526
5.95011337868	170.330505371
5.95301587302	169.937408447
5.95591836735	170.133850098
5.95882086168	171.317214966
5.96172335601	173.10774231
5.96462585034	175.01802063
5.96752834467	175.727127075
5.970430839	176.031890869
5.97333333333	175.727127075
5.97623582766	175.119155884
5.979138322	174.513290405
5.98204081633	173.809082031
5.98494331066	173.307830811
5.98784580499	173.10774231
5.99074829932	173.307830811
5.99365079365	173.708724976
5.99655328798	174.311798096
5.99945578231	175.119155884
6.00235827664	175.930252075
6.00526077098	176.235366821
6.00816326531	176.235366821
6.01106575964	175.930252075
6.01396825397	175.524230957
6.0168707483	174.815948486
6.01977324263	174.009994507
6.02267573696	173.407974243
6.02557823129	173.10774231
6.02848072562	172.907867432
6.03138321995	172.808029175
6.03428571429	172.808029175
6.03718820862	172.608505249
6.04009070295	172.210144043
6.04299319728	171.317214966
6.04589569161	169.545227051
6.04879818594	167.985519409
6.05170068027	167.114486694
6.0546031746	166.344039917
6.05750566893	165.960144043
6.06040816327	165.960144043
6.0633106576	165.960144043
6.06621315193	165.864318848
6.06911564626	165.768539429
6.07201814059	166.440155029
6.07492063492	169.545227051
6.07782312925	169.937408447
6.08072562358	169.741210938
6.08362811791	169.545227051
6.08653061224	168.958648682
6.08943310658	167.791564941
6.09233560091	166.24798584
6.09523809524	165.00428772
6.09814058957	163.675323486
6.1010430839	162.357070923
6.10394557823	162.638656616
6.10684807256	162.169616699
6.10975056689	161.795349121
6.11265306122	161.32875061
6.11555555556	160.306930542
6.11845804989	160.770584106
6.12136054422	161.421966553
6.12426303855	161.515228271
6.12716553288	161.421966553
6.13006802721	161.701919556
6.13297052154	161.888839722
6.13587301587	161.888839722
6.1387755102	161.515228271
6.14167800454	160.956420898
6.14458049887	160.121856689
6.1474829932	159.291595459
6.15038548753	158.465652466
6.15328798186	157.735076904
6.15619047619	157.189361572
6.15909297052	157.007873535
6.16199546485	157.007873535
6.16489795918	157.189361572
6.16780045351	157.461975098
6.17070294785	158.008651733
6.17360544218	158.557220459
6.17650793651	159.199615479
6.17941043084	159.475723267
6.18231292517	159.660064697
6.1852154195	159.660064697
6.18811791383	159.660064697
6.19102040816	159.567871094
6.19392290249	159.567871094
6.19682539683	159.475723267
6.19972789116	159.383636475
6.20263038549	159.383636475
6.20553287982	159.475723267
6.20843537415	159.660064697
6.21133786848	160.121856689
6.21424036281	160.492233276
6.21714285714	160.956420898
6.22004535147	161.421966553
6.2229478458	161.982376099
6.22585034014	162.450881958
6.22875283447	162.920730591
6.2316553288	163.486343384
6.23455782313	163.864517212
6.23746031746	164.243560791
6.24036281179	164.433410645
6.24326530612	164.528427124
6.24616780045	164.718612671
6.24907029478	164.813781738
6.25197278912	165.00428772
6.25487528345	165.099624634
6.25777777778	165.290466309
6.26068027211	165.385971069
6.26358276644	165.481521606
6.26648526077	165.481521606
6.2693877551	165.481521606
6.27229024943	165.385971069
6.27519274376	165.195022583
6.2780952381	164.909011841
6.28099773243	164.433410645
6.28390022676	163.959197998
6.28680272109	163.297592163
6.28970521542	162.450881958
6.29260770975	161.608551025
6.29551020408	160.770584106
6.29841269841	160.029388428
6.30131519274	159.475723267
6.30421768707	159.015808105
6.30712018141	158.740493774
6.31002267574	158.557220459
6.31292517007	158.648834229
6.3158276644	158.740493774
6.31873015873	159.015808105
6.32163265306	159.383636475
6.32453514739	159.936981201
6.32743764172	160.39956665
6.33034013605	161.049423218
6.33324263039	161.795349121
6.33614512472	162.263320923
6.33904761905	162.826644897
6.34195011338	162.638656616
6.34485260771	162.357070923
6.34775510204	161.608551025
6.35065759637	161.515228271
6.3535600907	161.888839722
6.35646258503	162.075973511
6.35936507937	162.169616699
6.3622675737	162.357070923
6.36517006803	162.357070923
6.36807256236	162.169616699
6.37097505669	161.795349121
6.37387755102	161.32875061
6.37678004535	160.770584106
6.37968253968	160.214370728
6.38258503401	160.029388428
6.38548752834	159.567871094
6.38839002268	159.199615479
6.39129251701	158.832214355
6.39419501134	158.465652466
6.39709750567	158.099945068
6.4	157.643997192
6.40290249433	157.098587036
6.40580498866	156.013427734
6.40870748299	154.846298218
6.41160997732	153.865539551
6.41451247166	152.802719116
6.41741496599	151.834915161
6.42031746032	150.43812561
6.42321995465	149.140304565
6.42612244898	146.239883423
6.42902494331	144.476699829
6.43192743764	141.666976929
6.43482993197	143.644577026
6.4377324263	142.734771729
6.44063492063	142.240951538
6.44353741497	142.323135376
6.4464399093	142.569976807
6.44934240363	142.076721191
6.45224489796	144.060043335
6.45514739229	145.818145752
6.45804988662	146.578170776
6.46095238095	146.324386597
6.46385487528	145.565673828
6.46675736961	144.560180664
6.46965986395	143.644577026
6.47256235828	142.817245483
6.47546485261	142.240951538
6.47836734694	141.666976929
6.48126984127	141.258422852
6.4841723356	141.095321655
6.48707482993	141.176849365
6.48997732426	141.340042114
6.49287981859	141.748840332
6.49578231293	142.076721191
6.49868480726	142.40536499
6.50158730159	142.65234375
6.50448979592	142.65234375
6.50739229025	142.569976807
6.51029478458	142.487640381
6.51319727891	142.323135376
6.51609977324	142.158813477
6.51900226757	141.994674683
6.5219047619	141.748840332
6.52480725624	141.585174561
6.52770975057	141.585174561
6.5306122449	141.666976929
6.53351473923	141.830734253
6.53641723356	142.240951538
6.53931972789	142.817245483
6.54222222222	143.230316162
6.54512471655	143.478729248
6.54802721088	143.72756958
6.55092970522	143.810623169
6.55383219955	143.893707275
6.55673469388	143.893707275
6.55963718821	143.810623169
6.56253968254	143.644577026
6.56544217687	143.478729248
6.5683446712	143.313064575
6.57124716553	143.147598267
6.57414965986	142.982330322
6.5770521542	142.817245483
6.57995464853	142.817245483
6.58285714286	142.899765015
6.58575963719	143.064941406
6.58866213152	143.230316162
6.59156462585	143.313064575
6.59446712018	143.313064575
6.59736961451	143.230316162
6.60027210884	142.982330322
6.60317460317	142.734771729
6.60607709751	142.40536499
6.60897959184	142.076721191
6.61188208617	141.830734253
6.6147845805	141.666976929
6.61768707483	141.666976929
6.62058956916	141.912689209
6.62349206349	142.323135376
6.62639455782	142.734771729
6.62929705215	143.064941406
6.63219954649	143.395874023
6.63510204082	143.478729248
6.63800453515	143.561630249
6.64090702948	143.395874023
6.64380952381	143.147598267
6.64671201814	142.65234375
6.64961451247	142.240951538
6.6525170068	141.994674683
6.65541950113	141.666976929
6.65832199546	141.503417969
6.6612244898	141.421707153
6.66412698413	141.503417969
6.66702947846	141.830734253
6.66993197279	142.323135376
6.67283446712	142.982330322
6.67573696145	143.72756958
6.67863945578	144.476699829
6.68154195011	145.145874023
6.68444444444	145.733932495
6.68734693878	145.649780273
6.69024943311	144.810897827
6.69315192744	143.561630249
6.69605442177	142.569976807
6.6989569161	141.421707153
6.70185941043	140.12071228
6.70476190476	138.911895752
6.70766439909	137.952362061
6.71056689342	136.053131104
6.71346938776	136.131744385
6.71637188209	137.316360474
6.71927437642	139.394165039
6.72217687075	141.585174561
6.72507936508	143.893707275
6.72798185941	145.481613159
6.73088435374	147.257064819
6.73378684807	148.882080078
6.7366893424	150.090942383
6.73959183673	150.960403442
6.74249433107	151.834915161
6.7453968254	152.89100647
6.74829931973	159.752319336
6.75120181406	159.844619751
6.75410430839	160.029388428
6.75700680272	160.584976196
6.75990929705	161.701919556
6.76281179138	162.450881958
6.76571428571	162.075973511
6.76861678005	161.701919556
6.77151927438	161.982376099
6.77442176871	162.450881958
6.77732426304	162.54473877
6.78022675737	161.982376099
6.7831292517	161.701919556
6.78603174603	161.608551025
6.78893424036	161.795349121
6.79183673469	161.888839722
6.79473922902	161.888839722
6.79764172336	161.888839722
6.80054421769	161.888839722
6.80344671202	162.075973511
6.80634920635	162.54473877
6.80925170068	163.109054565
6.81215419501	164.053939819
6.81505668934	165.00428772
6.81795918367	165.768539429
6.820861678	166.24798584
6.82376417234	166.440155029
6.82666666667	166.440155029
6.829569161	166.24798584
6.83247165533	165.864318848
6.83537414966	165.385971069
6.83827664399	164.813781738
6.84117913832	164.528427124
6.84408163265	164.338470459
6.84698412698	164.243560791
6.84988662132	164.243560791
6.85278911565	164.338470459
6.85569160998	164.433410645
6.85859410431	164.338470459
6.86149659864	164.148727417
6.86439909297	163.864517212
6.8673015873	163.580810547
6.87020408163	163.297592163
6.87310657596	163.014862061
6.87600907029	162.54473877
6.87891156463	162.169616699
6.88181405896	161.701919556
6.88471655329	161.515228271
6.88761904762	161.421966553
6.89052154195	161.515228271
6.89342403628	161.701919556
6.89632653061	161.888839722
6.89922902494	162.075973511
6.90213151927	162.357070923
6.90503401361	162.54473877
6.90793650794	162.732620239
6.91083900227	163.014862061
6.9137414966	163.203292847
6.91664399093	163.391937256
6.91954648526	163.580810547
6.92244897959	163.769897461
6.92535147392	163.769897461
6.92825396825	163.580810547
6.93115646259	163.297592163
6.93405895692	162.826644897
6.93696145125	162.263320923
6.93986394558	161.701919556
6.94276643991	161.142486572
6.94566893424	160.770584106
6.94857142857	160.492233276
6.9514739229	160.306930542
6.95437641723	160.121856689
6.95727891156	160.121856689
6.9601814059	160.214370728
6.96308390023	160.39956665
6.96598639456	160.770584106
6.96888888889	161.235580444
6.97179138322	161.795349121
6.97469387755	162.357070923
6.97759637188	162.920730591
6.98049886621	163.297592163
6.98340136054	163.675323486
6.98630385488	163.864517212
6.98920634921	163.959197998
6.99210884354	163.864517212
6.99501133787	163.675323486
6.9979138322	163.391937256
7.00081632653	163.203292847
7.00371882086	163.014862061
7.00662131519	162.920730591
7.00952380952	162.920730591
7.01242630385	163.014862061
7.01532879819	163.109054565
7.01823129252	163.486343384
7.02113378685	163.959197998
7.02403628118	164.338470459
7.02693877551	164.62348938
7.02984126984	164.813781738
7.03274376417	165.00428772
7.0356462585	164.909011841
7.03854875283	164.62348938
7.04145124717	164.148727417
7.0443537415	163.580810547
7.04725623583	163.109054565
7.05015873016	162.920730591
7.05306122449	163.014862061
7.05596371882	163.203292847
7.05886621315	163.864517212
7.06176870748	164.909011841
7.06467120181	166.151977539
7.06757369615	165.290466309
7.07047619048	164.813781738
7.07337868481	164.718612671
7.07628117914	164.528427124
7.07918367347	164.433410645
7.0820861678	164.148727417
7.08498866213	164.718612671
7.08789115646	164.528427124
7.09079365079	163.769897461
7.09369614512	163.297592163
7.09659863946	163.203292847
7.09950113379	163.203292847
7.10240362812	163.391937256
7.10530612245	163.486343384
7.10820861678	163.486343384
7.11111111111	165.385971069
7.11401360544	164.433410645
7.11691609977	163.486343384
7.1198185941	162.826644897
7.12272108844	162.169616699
7.12562358277	161.982376099
7.1285260771	162.357070923
7.13142857143	162.920730591
7.13433106576	164.148727417
7.13723356009	165.385971069
7.14013605442	166.24798584
7.14303854875	166.728820801
7.14594104308	166.728820801
7.14884353741	166.440155029
7.15174603175	165.768539429
7.15464852608	164.909011841
7.15755102041	163.864517212
7.16045351474	162.732620239
7.16335600907	161.049423218
7.1662585034	159.844619751
7.16916099773	159.199615479
7.17206349206	165.672805786
7.17496598639	165.099624634
7.17786848073	164.053939819
7.18077097506	162.263320923
7.18367346939	161.32875061
7.18657596372	162.920730591
7.18947845805	163.675323486
7.19238095238	163.297592163
7.19528344671	162.920730591
7.19818594104	163.203292847
7.20108843537	163.203292847
7.20399092971	162.638656616
7.20689342404	162.450881958
7.20979591837	162.450881958
7.2126984127	162.638656616
7.21560090703	162.920730591
7.21850340136	163.109054565
7.22140589569	163.391937256
7.22430839002	163.675323486
7.22721088435	163.959197998
7.23011337868	164.338470459
7.23301587302	164.62348938
7.23591836735	164.62348938
7.23882086168	164.338470459
7.24172335601	163.959197998
7.24462585034	163.580810547
7.24752834467	162.732620239
7.250430839	161.421966553
7.25333333333	160.029388428
7.25623582766	159.475723267
7.259138322	159.291595459
7.26204081633	159.383636475
7.26494331066	159.660064697
7.26784580499	160.39956665
7.27074829932	161.515228271
7.27365079365	162.826644897
7.27655328798	164.528427124
7.27945578231	165.960144043
7.28235827664	166.632537842
7.28526077098	166.728820801
7.28816326531	166.24798584
7.29106575964	165.672805786
7.29396825397	164.62348938
7.2968707483	163.486343384
7.29977324263	161.982376099
7.30267573696	160.770584106
7.30557823129	159.383636475
7.30848072562	157.735076904
7.31138321995	155.653381348
7.31428571429	155.383880615
7.31718820862	156.645523071
7.32009070295	160.121856689
7.32299319728	162.450881958
7.32589569161	164.718612671
7.32879818594	166.536315918
7.33170068027	167.985519409
7.3346031746	169.44732666
7.33750566893	169.545227051
7.34040816327	168.374099731
7.3433106576	166.921539307
7.34621315193	165.672805786
7.34911564626	164.62348938
7.35201814059	162.920730591
7.35492063492	161.982376099
7.35782312925	161.049423218
7.36072562358	161.049423218
7.36362811791	161.049423218
7.36653061224	161.049423218
7.36943310658	160.956420898
7.37233560091	161.701919556
7.37523809524	163.864517212
7.37814058957	165.290466309
7.3810430839	166.728820801
7.38394557823	167.404327393
7.38684807256	168.374099731
7.38975056689	167.985519409
7.39265306122	166.056045532
7.39555555556	164.338470459
7.39845804989	162.920730591
7.40136054422	162.169616699
7.40426303855	161.982376099
7.40716553288	161.982376099
7.41006802721	162.357070923
7.41297052154	162.920730591
7.41587301587	163.391937256
7.4187755102	164.148727417
7.42167800454	165.00428772
7.42458049887	165.577148438
7.4274829932	165.960144043
7.43038548753	166.440155029
7.43328798186	166.825149536
7.43619047619	167.114486694
7.43909297052	168.276870728
7.44199546485	168.958648682
7.44489795918	167.501052856
7.44780045351	165.099624634
7.45070294785	196.67817688
7.45360544218	197.817520142
7.45650793651	198.046173096
7.45941043084	198.50428772
7.46231292517	198.963470459
7.4652154195	200.231674194
7.46811791383	200.116043091
7.47102040816	199.884994507
7.47392290249	199.654220581
7.47682539683	200.347366333
7.47972789116	201.042922974
7.48263038549	200.926818848
7.48553287982	199.769577026
7.48843537415	198.618988037
7.49133786848	199.884994507
7.49424036281	202.090789795
7.49714285714	201.507965088
7.50004535147	201.391601562
7.5029478458	199.193450928
7.50585034014	196.451095581
7.50875283447	195.094100952
7.5116553288	194.868850708
7.51455782313	194.868850708
7.51746031746	196.564605713
7.52036281179	200.463119507
7.52326530612	203.849380493
7.52616780045	206.695007324
7.52907029478	209.822616577
7.53197278912	212.75163269
7.53487528345	205.385864258
7.53777777778	204.320907593
7.54068027211	202.090789795
7.54358276644	199.654220581
7.54648526077	199.423690796
7.5493877551	198.046173096
7.55229024943	200.578948975
7.55519274376	200.578948975
7.5580952381	200.694839478
7.56099773243	202.324386597
7.56390022676	200.694839478
7.56680272109	200.347366333
7.56970521542	198.618988037
7.57260770975	197.475021362
7.57551020408	197.247024536
7.57841269841	197.247024536
7.58131519274	198.046173096
7.58421768707	0.0
7.58712018141	0.0
7.59002267574	0.0
7.59292517007	0.0
7.5958276644	0.0
7.59873015873	0.0
7.60163265306	0.0
7.60453514739	0.0
7.60743764172	0.0
7.61034013605	0.0
7.61324263039	0.0
7.61614512472	0.0
7.61904761905	0.0
7.62195011338	0.0
7.62485260771	0.0
7.62775510204	0.0
7.63065759637	0.0
7.6335600907	0.0
7.63646258503	0.0
7.63936507937	0.0
7.6422675737	0.0
7.64517006803	0.0
7.64807256236	0.0
7.65097505669	0.0
7.65387755102	0.0
7.65678004535	0.0
7.65968253968	0.0
7.66258503401	0.0
7.66548752834	0.0
7.66839002268	0.0
7.67129251701	0.0
7.67419501134	0.0
7.67709750567	0.0
7.68	0.0
7.68290249433	0.0
7.68580498866	0.0
7.68870748299	0.0
7.69160997732	0.0
7.69451247166	0.0
7.69741496599	0.0
7.70031746032	0.0
7.70321995465	0.0
7.70612244898	0.0
7.70902494331	0.0
7.71192743764	0.0
7.71482993197	0.0
7.7177324263	0.0
7.72063492063	0.0
7.72353741497	0.0
7.7264399093	0.0
7.72934240363	0.0
7.73224489796	0.0
7.73514739229	0.0
7.73804988662	0.0
7.74095238095	0.0
7.74385487528	0.0
7.74675736961	0.0
7.74965986395	0.0
7.75256235828	0.0
7.75546485261	0.0
7.75836734694	0.0
7.76126984127	0.0
7.7641723356	0.0
7.76707482993	0.0
7.76997732426	0.0
7.77287981859	0.0
7.77578231293	0.0
7.77868480726	0.0
7.78158730159	0.0
7.78448979592	0.0
7.78739229025	0.0
7.79029478458	0.0
7.79319727891	0.0
7.79609977324	0.0
7.79900226757	0.0
7.8019047619	0.0
7.80480725624	0.0
7.80770975057	0.0
7.8106122449	0.0
7.81351473923	0.0
7.81641723356	0.0
7.81931972789	0.0
7.82222222222	0.0
7.82512471655	0.0
7.82802721088	0.0
7.83092970522	0.0
7.83383219955	0.0
7.83673469388	0.0
7.83963718821	0.0
7.84253968254	0.0
7.84544217687	0.0
7.8483446712	0.0
7.85124716553	0.0
7.85414965986	0.0
7.8570521542	0.0
7.85995464853	0.0
7.86285714286	0.0
7.86575963719	0.0
7.86866213152	0.0
7.87156462585	0.0
7.87446712018	0.0
7.87736961451	0.0
7.88027210884	0.0
7.88317460317	0.0
7.88607709751	0.0
7.88897959184	0.0
7.89188208617	0.0
7.8947845805	0.0
7.89768707483	0.0
7.90058956916	0.0
7.90349206349	0.0
7.90639455782	0.0
7.90929705215	0.0
7.91219954649	0.0
7.91510204082	0.0
7.91800453515	0.0
7.92090702948	0.0
7.92380952381	0.0
7.92671201814	0.0
7.92961451247	0.0
7.9325170068	0.0
7.93541950113	0.0
7.93832199546	0.0
7.9412244898	0.0
7.94412698413	0.0
7.94702947846	0.0
7.94993197279	0.0
7.95283446712	0.0
7.95573696145	0.0
7.95863945578	0.0
7.96154195011	0.0
7.96444444444	0.0
7.96734693878	0.0
7.97024943311	0.0
7.97315192744	0.0
7.97605442177	0.0
7.9789569161	0.0
7.98185941043	0.0
7.98476190476	0.0
7.98766439909	0.0
7.99056689342	0.0
7.99346938776	0.0
7.99637188209	0.0
7.99927437642	0.0
8.00217687075	0.0
8.00507936508	0.0
8.00798185941	0.0
8.01088435374	0.0
8.01378684807	0.0
8.0166893424	0.0
8.01959183673	0.0
8.02249433107	0.0
8.0253968254	0.0
8.02829931973	0.0
8.03120181406	0.0
8.03410430839	0.0
8.03700680272	0.0
8.03990929705	0.0
8.04281179138	0.0
8.04571428571	0.0
8.04861678005	0.0
8.05151927438	0.0
8.05442176871	0.0
8.05732426304	0.0
8.06022675737	0.0
8.0631292517	0.0
8.06603174603	0.0
8.06893424036	0.0
8.07183673469	0.0
8.07473922902	0.0
8.07764172336	0.0
8.08054421769	0.0
8.08344671202	0.0
8.08634920635	0.0
8.08925170068	0.0
8.09215419501	0.0
8.09505668934	0.0
8.09795918367	0.0
8.100861678	0.0
8.10376417234	0.0
8.10666666667	0.0
8.109569161	0.0
8.11247165533	0.0
8.11537414966	0.0
8.11827664399	0.0
8.12117913832	0.0
8.12408163265	0.0
8.12698412698	0.0
8.12988662132	0.0
8.13278911565	0.0
8.13569160998	0.0
8.13859410431	0.0
8.14149659864	0.0
8.14439909297	0.0
8.1473015873	0.0
8.15020408163	0.0
8.15310657596	0.0
8.15600907029	0.0
8.15891156463	0.0
8.16181405896	0.0
8.16471655329	0.0
8.16761904762	0.0
8.17052154195	0.0
8.17342403628	0.0
8.17632653061	0.0
8.17922902494	0.0
8.18213151927	0.0
8.18503401361	0.0
8.18793650794	0.0
8.19083900227	0.0
8.1937414966	0.0
8.19664399093	0.0
8.19954648526	0.0
8.20244897959	0.0
8.20535147392	0.0
8.20825396825	0.0
8.21115646259	0.0
8.21405895692	0.0
8.21696145125	0.0
8.21986394558	0.0
8.22276643991	0.0
8.22566893424	0.0
8.22857142857	0.0
8.2314739229	0.0
8.23437641723	0.0
8.23727891156	0.0
8.2401814059	0.0
8.24308390023	0.0
8.24598639456	0.0
8.24888888889	0.0
8.25179138322	0.0
8.25469387755	0.0
8.25759637188	0.0
8.26049886621	0.0
8.26340136054	0.0
8.26630385488	0.0
8.26920634921	0.0
8.27210884354	0.0
8.27501133787	0.0
8.2779138322	0.0
8.28081632653	0.0
8.28371882086	0.0
8.28662131519	0.0
8.28952380952	0.0
8.29242630385	0.0
8.29532879819	0.0
8.29823129252	0.0
8.30113378685	0.0
8.30403628118	0.0
8.30693877551	0.0
8.30984126984	0.0
8.31274376417	0.0
8.3156462585	0.0
8.31854875283	0.0
8.32145124717	0.0
8.3243537415	0.0
8.32725623583	0.0
8.33015873016	0.0
8.33306122449	0.0
8.33596371882	0.0
8.33886621315	0.0
8.34176870748	269.291778564
8.34467120181	264.81842041
8.34757369615	260.871063232
8.35047619048	257.428222656
8.35337868481	254.471405029
8.35628117914	252.421859741
8.35918367347	251.548553467
8.3620861678	251.258117676
8.36498866213	251.403289795
8.36789115646	252.13041687
8.37079365079	253.151931763
8.37369614512	254.030822754
8.37659863946	254.765548706
8.37950113379	255.354858398
8.38240362812	255.650024414
8.38530612245	256.093414307
8.38820861678	255.060028076
8.39111111111	265.124542236
8.39401360544	270.851776123
8.39691609977	272.735687256
8.3998185941	273.524536133
8.40272108844	273.840698242
8.40562358277	273.050964355
8.4085260771	270.5390625
8.41142857143	268.670288086
8.41433106576	267.895477295
8.41723356009	267.740783691
8.42013605442	268.050262451
8.42303854875	268.515167236
8.42594104308	268.825531006
8.42884353741	268.980865479
8.43174603175	268.980865479
8.43464852608	268.825531006
8.43755102041	268.670288086
8.44045351474	268.360107422
8.44335600907	267.895477295
8.4462585034	267.895477295
8.44916099773	268.20513916
8.45206349206	269.291778564
8.45496598639	270.070648193
8.45786848073	270.851776123
8.46077097506	271.164855957
8.46367346939	271.478302002
8.46657596372	271.321533203
8.46947845805	271.008270264
8.47238095238	270.5390625
8.47528344671	269.75881958
8.47818594104	268.670288086
8.48108843537	267.431640625
8.48399092971	266.352508545
8.48689342404	265.277709961
8.48979591837	262.079315186
8.4926984127	260.419372559
8.49560090703	258.321929932
8.49850340136	256.685821533
8.50140589569	246.514099121
8.50430839002	241.301498413
8.50721088435	239.773162842
8.51011337868	239.358032227
8.51301587302	240.327789307
8.51591836735	242.13923645
8.51882086168	245.377593994
8.52172335601	247.655883789
8.52462585034	248.372161865
8.52752834467	248.372161865
8.530430839	248.515670776
8.53333333333	248.515670776
8.53623582766	248.372161865
8.539138322	248.515670776
8.54204081633	248.65927124
8.54494331066	248.802932739
8.54784580499	248.94670105
8.55074829932	249.090530396
8.55365079365	249.090530396
8.55655328798	249.234451294
8.55945578231	249.378463745
8.56235827664	249.810974121
8.56526077098	250.099731445
8.56816326531	250.388824463
8.57106575964	250.968017578
8.57396825397	251.548553467
8.5768707483	252.13041687
8.57977324263	253.151931763
8.58267573696	254.324447632
8.58557823129	255.354858398
8.58848072562	256.389434814
8.59138321995	257.279571533
8.59428571429	257.874694824
8.59718820862	257.428222656
8.60009070295	256.685821533
8.60299319728	255.50239563
8.60589569161	254.324447632
8.60879818594	253.444564819
8.61170068027	252.859649658
8.6146031746	252.13041687
8.61750566893	251.693893433
8.62040816327	251.548553467
8.6233106576	251.113021851
8.62621315193	250.533493042
8.62911564626	249.810974121
8.63201814059	248.65927124
8.63492063492	247.369934082
8.63782312925	246.371749878
8.64072562358	245.235900879
8.64362811791	244.528656006
8.64653061224	244.105285645
8.64943310658	243.823440552
8.65233560091	243.823440552
8.65523809524	243.964324951
8.65814058957	243.823440552
8.6610430839	243.401290894
8.66394557823	242.69934082
8.66684807256	241.859664917
8.66975056689	240.744613647
8.67265306122	239.63470459
8.67555555556	238.667724609
8.67845804989	237.842010498
8.68136054422	237.430206299
8.68426303855	237.156082153
8.68716553288	237.430206299
8.69006802721	237.704666138
8.69297052154	238.116928101
8.69587301587	238.392166138
8.6987755102	238.529907227
8.70167800454	238.529907227
8.70458049887	238.667724609
8.7074829932	238.943603516
8.71038548753	239.773162842
8.71328798186	240.883712769
8.71619047619	242.279144287
8.71909297052	243.682647705
8.72199546485	244.246322632
8.72489795918	244.528656006
8.72780045351	244.246322632
8.73070294785	243.541931152
8.73360544218	242.13923645
8.73650793651	240.466659546
8.73941043084	238.805633545
8.74231292517	237.293106079
8.7452154195	236.335586548
8.74811791383	235.926391602
8.75102040816	235.926391602
8.75392290249	236.335586548
8.75682539683	236.745483398
8.75972789116	237.156082153
8.76263038549	237.156082153
8.76553287982	237.019134521
8.76843537415	236.745483398
8.77133786848	236.608764648
8.77424036281	236.062713623
8.77714285714	230.671035767
8.78004535147	229.077667236
8.7829478458	227.62677002
8.78585034014	225.92388916
8.78875283447	224.622665405
8.7916553288	250.968017578
8.79455782313	249.52255249
8.79746031746	246.087295532
8.80036281179	241.720001221
8.80326530612	238.116928101
8.80616780045	235.517929077
8.80907029478	232.678329468
8.81197278912	227.889877319
8.81487528345	224.363327026
8.81777777778	222.556274414
8.82068027211	221.018966675
8.82358276644	219.365524292
8.82648526077	217.850265503
8.8293877551	216.220535278
8.83229024943	215.099411011
8.83519274376	214.602996826
8.8380952381	214.355209351
8.84099773243	214.231430054
8.84390022676	214.602996826
8.84680272109	215.223678589
8.84970521542	216.220535278
8.85260770975	217.096557617
8.85551020408	217.724456787
8.85841269841	218.102081299
8.86131519274	218.102081299
8.86421768707	217.850265503
8.86712018141	217.473083496
8.87002267574	216.971191406
8.87292517007	216.470458984
8.8758276644	216.095672607
8.87873015873	215.596969604
8.88163265306	215.223678589
8.88453514739	214.975189209
8.88743764172	214.726989746
8.89034013605	214.479064941
8.89324263039	214.231430054
8.89614512472	214.107727051
8.89904761905	213.984085083
8.90195011338	213.860519409
8.90485260771	213.737030029
8.90775510204	213.860519409
8.91065759637	213.984085083
8.9135600907	214.355209351
8.91646258503	214.602996826
8.91936507937	214.602996826
8.9222675737	214.231430054
8.92517006803	213.120620728
8.92807256236	212.260635376
8.93097505669	211.648483276
8.93387755102	211.282043457
8.93678004535	211.038101196
8.93968253968	211.404129028
8.94258503401	213.120620728
8.94548752834	214.85105896
8.94839002268	215.596969604
8.95129251701	215.846176147
8.95419501134	215.472457886
8.95709750567	214.726989746
8.96	213.490249634
8.96290249433	212.260635376
8.96580498866	211.404129028
8.96870748299	211.038101196
8.97160997732	211.038101196
8.97451247166	211.526275635
8.97741496599	212.383285522
8.98031746032	213.490249634
8.98321995465	214.602996826
8.98612244898	215.472457886
8.98902494331	215.97088623
8.99192743764	216.220535278
8.99482993197	216.095672607
8.9977324263	215.7215271
9.00063492063	214.726989746
9.00353741497	213.490249634
9.0064399093	212.138061523
9.00934240363	211.282043457
9.01224489796	210.916244507
9.01514739229	211.038101196
9.01804988662	211.8931427
9.02095238095	213.366973877
9.02385487528	214.975189209
9.02675736961	216.095672607
9.02965986395	216.845901489
9.03256235828	216.845901489
9.03546485261	216.720687866
9.03836734694	216.095672607
9.04126984127	215.596969604
9.0441723356	214.975189209
9.04707482993	214.726989746
9.04997732426	214.602996826
9.05287981859	214.726989746
9.05578231293	214.975189209
9.05868480726	215.472457886
9.06158730159	215.7215271
9.06448979592	215.7215271
9.06739229025	215.472457886
9.07029478458	214.85105896
9.07319727891	213.984085083
9.07609977324	213.120620728
9.07900226757	212.505996704
9.0819047619	212.138061523
9.08480725624	211.770782471
9.08770975057	211.648483276
9.0906122449	211.648483276
9.09351473923	211.8931427
9.09641723356	212.138061523
9.09931972789	212.138061523
9.10222222222	211.770782471
9.10512471655	210.916244507
9.10802721088	210.065155029
9.11092970522	208.855270386
9.11383219955	207.65234375
9.11673469388	206.933929443
9.11963718821	206.456359863
9.12253968254	206.217987061
9.12544217687	206.575653076
9.1283446712	207.173126221
9.13124716553	207.412597656
9.13414965986	207.053497314
9.1370521542	205.742080688
9.13995464853	204.67527771
9.14285714286	203.731658936
9.14575963719	202.792388916
9.14866213152	202.090789795
9.15156462585	201.391601562
9.15446712018	200.926818848
9.15736961451	200.347366333
9.16027210884	200.000488281
9.16317460317	199.654220581
9.16607709751	199.538925171
9.16897959184	199.538925171
9.17188208617	200.000488281
9.1747845805	200.463119507
9.17768707483	201.391601562
9.18058956916	202.207550049
9.18349206349	203.026794434
9.18639455782	203.378921509
9.18929705215	203.261489868
9.19219954649	202.792388916
9.19510204082	202.090789795
9.19800453515	201.275314331
9.20090702948	200.578948975
9.20380952381	200.000488281
9.20671201814	199.654220581
9.20961451247	199.423690796
9.2125170068	199.423690796
9.21541950113	199.423690796
9.21832199546	199.654220581
9.2212244898	200.116043091
9.22412698413	200.694839478
9.22702947846	201.391601562
9.22993197279	201.974090576
9.23283446712	202.675292969
9.23573696145	203.261489868
9.23863945578	203.496429443
9.24154195011	203.496429443
9.24444444444	203.261489868
9.24734693878	203.026794434
9.25024943311	202.909561157
9.25315192744	202.675292969
9.25605442177	202.558258057
9.2589569161	202.44128418
9.26185941043	202.558258057
9.26476190476	202.675292969
9.26766439909	202.909561157
9.27056689342	203.378921509
9.27346938776	203.731658936
9.27637188209	204.085006714
9.27927437642	204.320907593
9.28217687075	204.438964844
9.28507936508	204.55708313
9.28798185941	204.55708313
9.29088435374	204.67527771
9.29378684807	204.67527771
9.2966893424	204.793533325
9.29959183673	204.911865234
9.30249433107	204.911865234
9.3053968254	204.911865234
9.30829931973	204.911865234
9.31120181406	204.911865234
9.31410430839	204.793533325
9.31700680272	204.793533325
9.31990929705	204.55708313
9.32281179138	204.438964844
9.32571428571	204.202926636
9.32861678005	203.967163086
9.33151927438	203.614013672
9.33442176871	203.144104004
9.33732426304	202.558258057
9.34022675737	201.974090576
9.3431292517	201.624389648
9.34603174603	201.275314331
9.34893424036	201.159072876
9.35183673469	201.159072876
9.35473922902	201.275314331
9.35764172336	201.391601562
9.36054421769	201.275314331
9.36344671202	200.694839478
9.36634920635	199.884994507
9.36925170068	198.73374939
9.37215419501	197.360992432
9.37505668934	196.224273682
9.37795918367	195.206832886
9.380861678	194.419128418
9.38376417234	194.082519531
9.38666666667	193.970443726
9.389569161	193.522796631
9.39247165533	193.970443726
9.39537414966	194.531463623
9.39827664399	195.206832886
9.40117913832	196.110961914
9.40408163265	201.159072876
9.40698412698	201.624389648
9.40988662132	203.144104004
9.41278911565	204.085006714
9.41569160998	204.793533325
9.41859410431	205.148727417
9.42149659864	205.860946655
9.42439909297	205.742080688
9.4273015873	204.793533325
9.43020408163	203.261489868
9.43310657596	201.042922974
9.43600907029	198.848571777
9.43891156463	196.791809082
9.44181405896	195.094100952
9.44471655329	193.299362183
9.44761904762	192.853256226
9.45052154195	192.297073364
9.45342403628	191.07913208
9.45632653061	184.997207642
9.45922902494	178.077285767
9.46213151927	175.321578979
9.46503401361	174.311798096
9.46793650794	175.524230957
9.47083900227	178.489212036
9.4737414966	182.239654541
9.47664399093	188.557373047
9.47954648526	192.297073364
9.48244897959	193.187744141
9.48535147392	193.299362183
9.48825396825	193.299362183
9.49115646259	193.522796631
9.49405895692	194.082519531
9.49696145125	195.206832886
9.49986394558	198.389663696
9.50276643991	203.614013672
9.50566893424	207.173126221
9.50857142857	209.701446533
9.5114739229	210.065155029
9.51437641723	208.734664917
9.51727891156	205.26725769
9.5201814059	198.848571777
9.52308390023	193.522796631
9.52598639456	190.858505249
9.52888888889	188.448486328
9.53179138322	187.471359253
9.53469387755	186.714874268
9.53759637188	185.532272339
9.54049886621	183.93170166
9.54340136054	182.450302124
9.54630385488	181.1900177
9.54920634921	180.250534058
9.55210884354	179.523193359
9.55501133787	179.005447388
9.5579138322	178.695526123
9.56081632653	178.695526123
9.56371882086	179.005447388
9.56662131519	179.626907349
9.56952380952	180.146438599
9.57242630385	180.458892822
9.57532879819	180.458892822
9.57823129252	179.626907349
9.58113378685	178.489212036
9.58403628118	176.643035889
9.58693877551	175.220336914
9.58984126984	174.815948486
9.59274376417	174.91696167
9.5956462585	175.321578979
9.59854875283	175.828659058
9.60145124717	176.643035889
9.6043537415	177.358703613
9.60725623583	177.974456787
9.61015873016	178.489212036
9.61306122449	178.592330933
9.61596371882	178.489212036
9.61886621315	178.386138916
9.62176870748	178.077285767
9.62467120181	177.256286621
9.62757369615	176.337203979
9.63047619048	176.337203979
9.63337868481	177.051635742
9.63628117914	177.153930664
9.63918367347	177.051635742
9.6420861678	176.949401855
9.64498866213	176.847213745
9.64789115646	176.541030884
9.65079365079	175.828659058
9.65369614512	176.439086914
9.65659863946	176.643035889
9.65950113379	176.643035889
9.66240362812	176.949401855
9.66530612245	177.256286621
9.66820861678	177.461181641
9.67111111111	177.358703613
9.67401360544	177.153930664
9.67691609977	176.847213745
9.6798185941	176.541030884
9.68272108844	176.439086914
9.68562358277	176.439086914
9.6885260771	176.541030884
9.69142857143	176.745101929
9.69433106576	177.051635742
9.69723356009	177.461181641
9.70013605442	177.768966675
9.70303854875	177.974456787
9.70594104308	177.871688843
9.70884353741	177.768966675
9.71174603175	177.358703613
9.71464852608	177.051635742
9.71755102041	176.541030884
9.72045351474	176.337203979
9.72335600907	176.031890869
9.7262585034	176.031890869
9.72916099773	176.031890869
9.73206349206	176.133605957
9.73496598639	176.133605957
9.73786848073	176.031890869
9.74077097506	175.828659058
9.74367346939	175.524230957
9.74657596372	175.119155884
9.74947845805	174.513290405
9.75238095238	173.909515381
9.75528344671	173.207748413
9.75818594104	172.708236694
9.76108843537	172.309646606
9.76399092971	172.011322021
9.76689342404	171.911987305
9.76979591837	171.812713623
9.7726984127	171.713500977
9.77560090703	171.51524353
9.77850340136	171.218292236
9.78140589569	170.527389526
9.78430839002	169.937408447
9.78721088435	168.666122437
9.79011337868	167.888519287
9.79301587302	167.307662964
9.79591836735	167.017990112
9.79882086168	166.825149536
9.80172335601	166.344039917
9.80462585034	165.385971069
9.80752834467	164.053939819
9.810430839	162.638656616
9.81333333333	161.795349121
9.81623582766	161.421966553
9.819138322	161.421966553
9.82204081633	161.982376099
9.82494331066	162.54473877
9.82784580499	162.169616699
9.83074829932	161.515228271
9.83365079365	161.421966553
9.83655328798	161.795349121
9.83945578231	162.54473877
9.84235827664	163.864517212
9.84526077098	165.481521606
9.84816326531	167.017990112
9.85106575964	168.276870728
9.85396825397	168.958648682
9.8568707483	169.153945923
9.85977324263	169.349472046
9.86267573696	169.545227051
9.86557823129	169.741210938
9.86848072562	169.839279175
9.87138321995	169.937408447
9.87428571429	170.035598755
9.87718820862	169.937408447
9.88009070295	169.545227051
9.88299319728	169.153945923
9.88589569161	168.763565063
9.88879818594	168.666122437
9.89170068027	168.861083984
9.8946031746	168.861083984
9.89750566893	169.251678467
9.90040816327	169.839279175
9.9033106576	170.232147217
9.90621315193	170.428924561
9.90911564626	170.330505371
9.91201814059	169.839279175
9.91492063492	169.44732666
9.91782312925	168.958648682
9.92072562358	168.471374512
9.92362811791	168.082580566
9.92653061224	167.888519287
9.92943310658	167.694671631
9.93233560091	167.694671631
9.93523809524	167.694671631
9.93814058957	167.501052856
9.9410430839	167.114486694
9.94394557823	166.632537842
9.94684807256	166.24798584
9.94975056689	166.056045532
9.95265306122	165.864318848
9.95555555556	165.768539429
9.95845804989	165.768539429
9.96136054422	165.672805786
9.96426303855	165.481521606
9.96716553288	165.385971069
9.97006802721	165.195022583
9.97297052154	164.813781738
9.97587301587	164.338470459
9.9787755102	163.864517212
9.98167800454	163.486343384
9.98458049887	163.486343384
9.9874829932	163.864517212
9.99038548753	163.769897461
9.99328798186	163.486343384
9.99619047619	164.148727417
9.99909297052	164.813781738
10.0019954649	165.481521606
10.0048979592	165.672805786
10.0078004535	166.24798584
10.0107029478	166.344039917
10.0136054422	166.24798584
10.0165079365	166.24798584
10.0194104308	166.151977539
10.0223129252	166.151977539
10.0252154195	166.056045532
10.0281179138	165.960144043
10.0310204082	165.768539429
10.0339229025	165.577148438
10.0368253968	165.195022583
10.0397278912	164.718612671
10.0426303855	164.243560791
10.0455328798	163.675323486
10.0484353741	162.920730591
10.0513378685	162.263320923
10.0542403628	161.235580444
10.0571428571	160.306930542
10.0600453515	159.199615479
10.0629478458	158.282699585
10.0658503401	157.552963257
10.0687528345	156.826583862
10.0716553288	156.10357666
10.0745578231	155.563491821
10.0774603175	155.204483032
10.0803628118	154.221466064
10.0832653061	153.510452271
10.0861678005	153.067733765
10.0890702948	153.244659424
10.0919727891	154.043395996
10.0948752834	154.846298218
10.0977777778	155.114852905
10.1006802721	155.47366333
10.1035827664	155.74331665
10.1064852608	156.464660645
10.1093877551	158.374145508
10.1122902494	162.075973511
10.1151927438	164.053939819
10.1180952381	165.672805786
10.1209977324	167.791564941
10.1239002268	170.625930786
10.1268027211	171.51524353
10.1297052154	170.428924561
10.1326077098	168.861083984
10.1355102041	166.536315918
10.1384126984	163.486343384
10.1413151927	0.0
10.1442176871	0.0
10.1471201814	0.0
10.1500226757	0.0
10.1529251701	0.0
10.1558276644	0.0
10.1587301587	0.0
10.1616326531	0.0
10.1645351474	0.0
10.1674376417	0.0
10.1703401361	0.0
10.1732426304	0.0
10.1761451247	0.0
10.179047619	0.0
10.1819501134	0.0
10.1848526077	0.0
10.187755102	0.0
10.1906575964	0.0
10.1935600907	0.0
10.196462585	0.0
10.1993650794	0.0
10.2022675737	142.899765015
10.205170068	145.481613159
10.2080725624	146.747589111
10.2109750567	147.342147827
10.213877551	147.427276611
10.2167800454	147.087051392
10.2196825397	146.747589111
10.222585034	146.408920288
10.2254875283	146.578170776
10.2283900227	146.239883423
10.231292517	145.818145752
10.2341950113	145.565673828
10.2370975057	144.810897827
10.24	144.476699829
10.2429024943	143.976852417
10.2458049887	143.478729248
10.248707483	143.230316162
10.2516099773	143.230316162
10.2545124717	143.478729248
10.257414966	143.561630249
10.2603174603	143.644577026
10.2632199546	143.395874023
10.266122449	142.982330322
10.2690249433	142.817245483
10.2719274376	142.899765015
10.274829932	143.644577026
10.2777324263	144.2265625
10.2806349206	144.894561768
10.283537415	145.733932495
10.2864399093	146.239883423
10.2893424036	146.662857056
10.292244898	146.662857056
10.2951473923	146.324386597
10.2980498866	145.818145752
10.300952381	145.397613525
10.3038548753	145.313644409
10.3067573696	145.481613159
10.3096598639	146.324386597
10.3125623583	143.230316162
10.3154648526	142.076721191
10.3183673469	144.143280029
10.3212698413	144.727279663
10.3241723356	144.894561768
10.3270748299	144.727279663
10.3299773243	148.710189819
10.3328798186	148.452713013
10.3357823129	145.313644409
10.3386848073	145.481613159
10.3415873016	146.408920288
10.3444897959	147.257064819
10.3473922902	147.939117432
10.3502947846	148.19569397
10.3531972789	148.19569397
10.3560997732	147.853683472
10.3590022676	147.257064819
10.3619047619	145.986694336
10.3648072562	144.393264771
10.3677097506	142.899765015
10.3706122449	144.643707275
10.3735147392	144.978286743
10.3764172336	145.313644409
10.3793197279	145.818145752
10.3822222222	145.649780273
10.3851247166	146.832382202
10.3880272109	148.710189819
10.3909297052	150.004272461
10.3938321995	154.756881714
10.3967346939	156.464660645
10.3996371882	157.917404175
10.4025396825	158.740493774
10.4054421769	159.199615479
10.4083446712	159.660064697
10.4112471655	159.567871094
10.4141496599	160.029388428
10.4170521542	160.121856689
10.4199546485	160.956420898
10.4228571429	162.638656616
10.4257596372	163.864517212
10.4286621315	165.290466309
10.4315646259	166.24798584
10.4344671202	167.017990112
10.4373696145	167.307662964
10.4402721088	166.921539307
10.4431746032	166.921539307
10.4460770975	166.921539307
10.4489795918	167.017990112
10.4518820862	166.825149536
10.4547845805	166.632537842
10.4576870748	166.344039917
10.4605895692	166.056045532
10.4634920635	165.768539429
10.4663945578	165.672805786
10.4692970522	165.672805786
10.4721995465	165.481521606
10.4751020408	165.099624634
10.4780045351	164.338470459
10.4809070295	163.391937256
10.4838095238	162.54473877
10.4867120181	161.515228271
10.4896145125	160.677749634
10.4925170068	160.121856689
10.4954195011	159.475723267
10.4983219955	158.740493774
10.5012244898	157.098587036
10.5041269841	155.025283813
10.5070294785	158.374145508
10.5099319728	159.107681274
10.5128344671	160.492233276
10.5157369615	162.075973511
10.5186394558	164.148727417
10.5215419501	165.672805786
10.5244444444	162.357070923
10.5273469388	166.536315918
10.5302494331	167.501052856
10.5331519274	167.597839355
10.5360544218	167.211044312
10.5389569161	166.536315918
10.5418594104	166.24798584
10.5447619048	165.577148438
10.5476643991	165.00428772
10.5505668934	164.528427124
10.5534693878	163.864517212
10.5563718821	162.54473877
10.5592743764	160.956420898
10.5621768707	159.660064697
10.5650793651	158.465652466
10.5679818594	157.461975098
10.5708843537	157.280181885
10.5737868481	158.099945068
10.5766893424	159.015808105
10.5795918367	160.39956665
10.5824943311	162.075973511
10.5853968254	163.014862061
10.5882993197	163.769897461
10.5912018141	164.148727417
10.5941043084	164.62348938
10.5970068027	165.672805786
10.5999092971	166.24798584
10.6028117914	166.536315918
10.6057142857	166.536315918
10.60861678	0.0
