0.0	0.0
0.00290249433107	0.0
0.00580498866213	0.0
0.0087074829932	0.0
0.0116099773243	0.0
0.0145124716553	0.0
0.0174149659864	0.0
0.0203174603175	0.0
0.0232199546485	0.0
0.0261224489796	0.0
0.0290249433107	0.0
0.0319274376417	0.0
0.0348299319728	0.0
0.0377324263039	0.0
0.0406349206349	0.0
0.043537414966	0.0
0.0464399092971	0.0
0.0493424036281	0.0
0.0522448979592	0.0
0.0551473922902	0.0
0.0580498866213	0.0
0.0609523809524	0.0
0.0638548752834	0.0
0.0667573696145	0.0
0.0696598639456	0.0
0.0725623582766	0.0
0.0754648526077	0.0
0.0783673469388	0.0
0.0812698412698	0.0
0.0841723356009	0.0
0.087074829932	0.0
0.089977324263	0.0
0.0928798185941	0.0
0.0957823129252	0.0
0.0986848072562	0.0
0.101587301587	0.0
0.104489795918	0.0
0.107392290249	272.420806885
0.11029478458	269.291778564
0.113197278912	266.96862793
0.116099773243	265.584350586
0.119002267574	262.837341309
0.121904761905	261.927978516
0.124807256236	261.172607422
0.127709750567	260.118713379
0.130612244898	258.919494629
0.133514739229	257.725769043
0.13641723356	257.428222656
0.139319727891	257.576965332
0.142222222222	257.576965332
0.145124716553	257.576965332
0.148027210884	258.023681641
0.150929705215	259.218780518
0.153832199546	260.569854736
0.156734693878	261.625579834
0.159637188209	262.533874512
0.16253968254	263.141143799
0.165442176871	263.90222168
0.168344671202	264.512664795
0.171247165533	264.665496826
0.174149659864	264.512664795
0.177052154195	264.054718018
0.179954648526	263.90222168
0.182857142857	263.4453125
0.185759637188	262.837341309
0.188662131519	262.533874512
0.19156462585	262.230743408
0.194467120181	261.776733398
0.197369614512	261.474487305
0.200272108844	261.323486328
0.203174603175	261.172607422
0.206077097506	261.172607422
0.208979591837	261.625579834
0.211882086168	261.776733398
0.214784580499	261.927978516
0.21768707483	261.927978516
0.220589569161	262.079315186
0.223492063492	262.079315186
0.226394557823	262.382263184
0.229297052154	262.685546875
0.232199546485	262.989196777
0.235102040816	263.141143799
0.238004535147	262.989196777
0.240907029478	262.685546875
0.24380952381	262.533874512
0.246712018141	262.382263184
0.249614512472	262.230743408
0.252517006803	262.230743408
0.255419501134	262.079315186
0.258321995465	261.625579834
0.261224489796	261.323486328
0.264126984127	260.720397949
0.267029478458	260.419372559
0.269931972789	260.419372559
0.27283446712	260.569854736
0.275736961451	260.569854736
0.278639455782	260.720397949
0.281541950113	261.172607422
0.284444444444	261.776733398
0.287346938776	262.079315186
0.290249433107	262.230743408
0.293151927438	262.230743408
0.296054421769	262.079315186
0.2989569161	261.927978516
0.301859410431	261.776733398
0.304761904762	261.474487305
0.307664399093	261.323486328
0.310566893424	261.172607422
0.313469387755	261.021789551
0.316371882086	261.021789551
0.319274376417	260.871063232
0.322176870748	260.871063232
0.325079365079	260.871063232
0.32798185941	261.021789551
0.330884353741	261.021789551
0.333786848073	261.021789551
0.336689342404	261.172607422
0.339591836735	261.172607422
0.342494331066	261.323486328
0.345396825397	261.323486328
0.348299319728	261.474487305
0.351201814059	261.625579834
0.35410430839	261.776733398
0.357006802721	261.776733398
0.359909297052	261.776733398
0.362811791383	261.625579834
0.365714285714	261.776733398
0.368616780045	261.625579834
0.371519274376	261.625579834
0.374421768707	261.474487305
0.377324263039	261.474487305
0.38022675737	261.474487305
0.383129251701	261.323486328
0.386031746032	261.323486328
0.388934240363	261.323486328
0.391836734694	261.323486328
0.394739229025	261.474487305
0.397641723356	261.625579834
0.400544217687	261.927978516
0.403446712018	262.079315186
0.406349206349	262.382263184
0.40925170068	262.382263184
0.412154195011	262.382263184
0.415056689342	262.382263184
0.417959183673	262.230743408
0.420861678005	262.079315186
0.423764172336	261.776733398
0.426666666667	261.625579834
0.429569160998	261.625579834
0.432471655329	261.625579834
0.43537414966	261.625579834
0.438276643991	261.776733398
0.441179138322	261.776733398
0.444081632653	261.776733398
0.446984126984	261.776733398
0.449886621315	261.776733398
0.452789115646	261.625579834
0.455691609977	261.625579834
0.458594104308	261.474487305
0.461496598639	261.474487305
0.464399092971	261.323486328
0.467301587302	261.172607422
0.470204081633	261.172607422
0.473106575964	261.172607422
0.476009070295	261.172607422
0.478911564626	261.323486328
0.481814058957	261.323486328
0.484716553288	261.474487305
0.487619047619	261.474487305
0.49052154195	261.625579834
0.493424036281	261.625579834
0.496326530612	261.776733398
0.499229024943	261.776733398
0.502131519274	261.776733398
0.505034013605	261.776733398
0.507936507937	261.625579834
0.510839002268	261.474487305
0.513741496599	261.474487305
0.51664399093	261.323486328
0.519546485261	261.323486328
0.522448979592	261.323486328
0.525351473923	261.474487305
0.528253968254	261.474487305
0.531156462585	261.474487305
0.534058956916	261.474487305
0.536961451247	261.625579834
0.539863945578	261.474487305
0.542766439909	261.474487305
0.54566893424	261.474487305
0.548571428571	261.625579834
0.551473922902	261.625579834
0.554376417234	261.776733398
0.557278911565	261.776733398
0.560181405896	261.927978516
0.563083900227	261.927978516
0.565986394558	261.927978516
0.568888888889	261.927978516
0.57179138322	261.776733398
0.574693877551	261.776733398
0.577596371882	261.625579834
0.580498866213	261.474487305
0.583401360544	261.323486328
0.586303854875	261.323486328
0.589206349206	261.172607422
0.592108843537	261.172607422
0.595011337868	261.172607422
0.5979138322	261.172607422
0.600816326531	261.172607422
0.603718820862	261.172607422
0.606621315193	261.172607422
0.609523809524	261.323486328
0.612426303855	261.323486328
0.615328798186	261.323486328
0.618231292517	261.323486328
0.621133786848	261.323486328
0.624036281179	261.474487305
0.62693877551	261.474487305
0.629841269841	261.474487305
0.632743764172	261.474487305
0.635646258503	261.474487305
0.638548752834	261.474487305
0.641451247166	261.474487305
0.644353741497	261.474487305
0.647256235828	261.474487305
0.650158730159	261.474487305
0.65306122449	261.625579834
0.655963718821	261.474487305
0.658866213152	261.474487305
0.661768707483	261.474487305
0.664671201814	261.474487305
0.667573696145	261.474487305
0.670476190476	261.625579834
0.673378684807	261.776733398
0.676281179138	261.776733398
0.679183673469	261.927978516
0.6820861678	261.927978516
0.684988662132	261.927978516
0.687891156463	261.927978516
0.690793650794	261.776733398
0.693696145125	261.776733398
0.696598639456	261.776733398
0.699501133787	261.625579834
0.702403628118	261.625579834
0.705306122449	261.625579834
0.70820861678	261.474487305
0.711111111111	261.474487305
0.714013605442	261.474487305
0.716916099773	261.474487305
0.719818594104	261.474487305
0.722721088435	261.474487305
0.725623582766	261.474487305
0.728526077098	261.474487305
0.731428571429	261.776733398
0.73433106576	261.927978516
0.737233560091	261.927978516
0.740136054422	262.079315186
0.743038548753	261.927978516
0.745941043084	261.625579834
0.748843537415	388.389312744
0.751746031746	389.512664795
0.754648526077	389.962890625
0.757551020408	390.413665771
0.760453514739	390.413665771
0.76335600907	389.737701416
0.766258503401	388.389312744
0.769160997732	386.375488281
0.772063492063	384.150115967
0.774965986395	382.15826416
0.777868480726	380.396392822
0.780770975057	379.957183838
0.783673469388	380.396392822
0.786575963719	381.937561035
0.78947845805	383.928283691
0.792380952381	385.706512451
0.795283446712	387.492980957
0.798185941043	388.613739014
0.801088435374	389.287719727
0.803990929705	390.188201904
0.806893424036	390.864929199
0.809795918367	391.769073486
0.812698412698	392.221923828
0.815600907029	392.902191162
0.818503401361	393.129211426
0.821405895692	393.129211426
0.824308390023	393.129211426
0.827210884354	392.675292969
0.830113378685	392.448547363
0.833015873016	392.221923828
0.835918367347	391.995422363
0.838820861678	391.769073486
0.841723356009	391.995422363
0.84462585034	391.995422363
0.847528344671	392.221923828
0.850430839002	392.448547363
0.853333333333	392.675292969
0.856235827664	392.675292969
0.859138321995	392.675292969
0.862040816327	392.675292969
0.864943310658	392.221923828
0.867845804989	392.221923828
0.87074829932	391.769073486
0.873650793651	391.54284668
0.876553287982	391.54284668
0.879455782313	391.54284668
0.882358276644	391.54284668
0.885260770975	391.54284668
0.888163265306	391.769073486
0.891065759637	391.769073486
0.893968253968	391.769073486
0.896870748299	391.769073486
0.89977324263	391.54284668
0.902675736961	391.316741943
0.905578231293	390.864929199
0.908480725624	390.639221191
0.911383219955	390.639221191
0.914285714286	390.413665771
0.917188208617	390.413665771
0.920090702948	390.413665771
0.922993197279	390.639221191
0.92589569161	390.864929199
0.928798185941	390.864929199
0.931700680272	391.316741943
0.934603174603	391.54284668
0.937505668934	391.769073486
0.940408163265	391.769073486
0.943310657596	391.995422363
0.946213151927	391.995422363
0.949115646259	391.995422363
0.95201814059	391.995422363
0.954920634921	392.221923828
0.957823129252	392.221923828
0.960725623583	392.221923828
0.963628117914	392.221923828
0.966530612245	392.448547363
0.969433106576	392.448547363
0.972335600907	392.221923828
0.975238095238	392.221923828
0.978140589569	391.995422363
0.9810430839	391.769073486
0.983945578231	391.54284668
0.986848072562	391.316741943
0.989750566893	391.090789795
0.992653061224	391.090789795
0.995555555556	390.864929199
0.998458049887	390.864929199
1.00136054422	390.864929199
1.00426303855	390.864929199
1.00716553288	390.864929199
1.01006802721	390.864929199
1.01297052154	391.090789795
1.01587301587	391.090789795
1.0187755102	391.090789795
1.02167800454	391.090789795
1.02458049887	391.090789795
1.0274829932	391.090789795
1.03038548753	391.090789795
1.03328798186	391.090789795
1.03619047619	391.090789795
1.03909297052	391.316741943
1.04199546485	391.54284668
1.04489795918	391.995422363
1.04780045351	392.675292969
1.05070294785	393.35635376
1.05360544218	393.583618164
1.05650793651	393.129211426
1.05941043084	391.995422363
1.06231292517	390.188201904
1.0652154195	387.940887451
1.06811791383	385.261199951
1.07102040816	383.485015869
1.07392290249	384.150115967
1.07682539683	386.82208252
1.07972789116	346.615661621
1.08263038549	344.619293213
1.08553287982	344.619293213
1.08843537415	345.217010498
1.09133786848	347.417449951
1.09424036281	352.674407959
1.09714285714	353.286071777
1.10004535147	351.45425415
1.1029478458	350.238311768
1.10585034014	349.430023193
1.10875283447	349.228240967
1.1116553288	349.228240967
1.11455782313	349.430023193
1.11746031746	349.430023193
1.12036281179	348.623596191
1.12326530612	347.618164062
1.12616780045	346.815948486
1.12907029478	346.415496826
1.13197278912	346.415496826
1.13487528345	347.016326904
1.13777777778	348.221069336
1.14068027211	349.631896973
1.14358276644	350.238311768
1.14648526077	350.238311768
1.1493877551	349.83392334
1.15229024943	349.631896973
1.15519274376	349.631896973
1.1580952381	350.03604126
1.16099773243	350.845733643
1.16390022676	351.251281738
1.16680272109	350.643157959
1.16970521542	349.228240967
1.17260770975	348.019989014
1.17551020408	347.417449951
1.17841269841	347.016326904
1.18131519274	347.216827393
1.18421768707	348.221069336
1.18712018141	349.228240967
1.19002267574	349.83392334
1.19292517007	349.430023193
1.1958276644	349.026580811
1.19873015873	348.623596191
1.20163265306	348.825012207
1.20453514739	349.430023193
1.20743764172	350.238311768
1.21034013605	351.45425415
1.21324263039	352.063781738
1.21614512472	351.86050415
1.21904761905	350.845733643
1.22195011338	349.631896973
1.22485260771	349.026580811
1.22775510204	348.422271729
1.23065759637	348.623596191
1.2335600907	348.825012207
1.23646258503	349.026580811
1.23936507937	349.228240967
1.2422675737	349.228240967
1.24517006803	349.026580811
1.24807256236	348.825012207
1.25097505669	348.825012207
1.25387755102	349.026580811
1.25678004535	349.228240967
1.25968253968	349.631896973
1.26258503401	349.83392334
1.26548752834	350.03604126
1.26839002268	350.03604126
1.27129251701	349.83392334
1.27419501134	349.631896973
1.27709750567	349.430023193
1.28	349.430023193
1.28290249433	349.430023193
1.28580498866	349.430023193
1.28870748299	349.026580811
1.29160997732	348.825012207
1.29451247166	348.623596191
1.29741496599	348.623596191
1.30031746032	348.623596191
1.30321995465	348.623596191
1.30612244898	349.026580811
1.30902494331	349.228240967
1.31192743764	349.430023193
1.31482993197	349.228240967
1.3177324263	349.228240967
1.32063492063	349.026580811
1.32353741497	348.825012207
1.3264399093	349.026580811
1.32934240363	349.228240967
1.33224489796	349.83392334
1.33514739229	350.238311768
1.33804988662	350.643157959
1.34095238095	350.845733643
1.34385487528	350.643157959
1.34675736961	350.238311768
1.34965986395	349.83392334
1.35256235828	349.430023193
1.35546485261	349.228240967
1.35836734694	348.422271729
1.36126984127	347.618164062
1.3641723356	346.815948486
1.36707482993	345.815734863
1.36997732426	345.61605835
1.37287981859	345.61605835
1.37578231293	345.217010498
1.37868480726	345.815734863
1.38158730159	345.217010498
1.38448979592	342.436584473
1.38739229025	338.503356934
1.39029478458	335.777038574
1.39319727891	334.035980225
1.39609977324	332.303955078
1.39900226757	334.035980225
1.4019047619	338.698944092
1.40480725624	341.054779053
1.40770975057	337.527130127
1.4106122449	332.112091064
1.41351473923	331.345611572
1.41641723356	329.24697876
1.41931972789	327.350646973
1.42222222222	326.783874512
1.42512471655	327.539794922
1.42802721088	329.056854248
1.43092970522	330.199249268
1.43383219955	330.771942139
1.43673469388	330.580932617
1.43963718821	330.390045166
1.44253968254	329.627563477
1.44544217687	329.24697876
1.4483446712	329.24697876
1.45124716553	329.437225342
1.45414965986	329.818023682
1.4570521542	330.390045166
1.45995464853	330.771942139
1.46285714286	330.771942139
1.46575963719	330.771942139
1.46866213152	330.580932617
1.47156462585	330.771942139
1.47446712018	330.963043213
1.47736961451	331.154296875
1.48027210884	331.154296875
1.48317460317	330.963043213
1.48607709751	330.580932617
1.48897959184	330.199249268
1.49188208617	329.818023682
1.4947845805	329.24697876
1.49768707483	328.866821289
1.50058956916	328.676940918
1.50349206349	328.676940918
1.50639455782	328.676940918
1.50929705215	328.866821289
1.51219954649	329.056854248
1.51510204082	329.24697876
1.51800453515	329.437225342
1.52090702948	329.437225342
1.52380952381	329.627563477
1.52671201814	329.818023682
1.52961451247	329.818023682
1.5325170068	329.818023682
1.53541950113	329.627563477
1.53832199546	329.627563477
1.5412244898	329.24697876
1.54412698413	329.056854248
1.54702947846	328.866821289
1.54993197279	328.487121582
1.55283446712	328.676940918
1.55573696145	328.676940918
1.55863945578	328.866821289
1.56154195011	329.24697876
1.56444444444	329.437225342
1.56734693878	329.818023682
1.57024943311	329.818023682
1.57315192744	330.008575439
1.57605442177	329.818023682
1.5789569161	329.818023682
1.58185941043	329.818023682
1.58476190476	329.627563477
1.58766439909	329.437225342
1.59056689342	329.437225342
1.59346938776	329.437225342
1.59637188209	329.437225342
1.59927437642	329.437225342
1.60217687075	329.627563477
1.60507936508	329.627563477
1.60798185941	329.627563477
1.61088435374	329.818023682
1.61378684807	329.818023682
1.6166893424	329.818023682
1.61959183673	329.818023682
1.62249433107	329.818023682
1.6253968254	330.008575439
1.62829931973	330.008575439
1.63120181406	330.199249268
1.63410430839	330.199249268
1.63700680272	330.199249268
1.63990929705	330.199249268
1.64281179138	330.199249268
1.64571428571	330.008575439
1.64861678005	330.008575439
1.65151927438	329.818023682
1.65442176871	329.627563477
1.65732426304	329.437225342
1.66022675737	329.24697876
1.6631292517	329.24697876
1.66603174603	329.056854248
1.66893424036	329.24697876
1.67183673469	329.437225342
1.67473922902	330.008575439
1.67764172336	330.390045166
1.68054421769	330.963043213
1.68344671202	331.154296875
1.68634920635	330.963043213
1.68925170068	330.008575439
1.69215419501	328.487121582
1.69505668934	327.350646973
1.69795918367	326.406585693
1.700861678	326.406585693
1.70376417234	326.972686768
1.70666666667	328.676940918
1.709569161	330.963043213
1.71247165533	333.072631836
1.71537414966	334.615325928
1.71827664399	335.389343262
1.72117913832	336.359375
1.72408163265	337.527130127
1.72698412698	338.698944092
1.72988662132	340.07119751
1.73278911565	341.251861572
1.73569160998	342.634429932
1.73859410431	345.017669678
1.74149659864	349.228240967
1.74439909297	352.267211914
1.7473015873	353.082061768
1.75020408163	353.082061768
1.75310657596	352.470733643
1.75600907029	350.440673828
1.75891156463	344.81842041
1.76181405896	342.041229248
1.76471655329	341.843719482
1.76761904762	342.041229248
1.77052154195	342.634429932
1.77342403628	343.030487061
1.77632653061	344.022644043
1.77922902494	345.017669678
1.78213151927	345.815734863
1.78503401361	346.815948486
1.78793650794	347.819030762
1.79083900227	349.228240967
1.7937414966	350.845733643
1.79664399093	352.063781738
1.79954648526	352.674407959
1.80244897959	352.470733643
1.80535147392	351.86050415
1.80825396825	350.440673828
1.81115646259	348.825012207
1.81405895692	346.815948486
1.81696145125	345.416473389
1.81986394558	344.619293213
1.82276643991	344.221405029
1.82566893424	344.221405029
1.82857142857	344.022644043
1.8314739229	344.221405029
1.83437641723	344.81842041
1.83727891156	345.815734863
1.8401814059	347.016326904
1.84308390023	349.026580811
1.84598639456	351.45425415
1.84888888889	353.286071777
1.85179138322	353.898803711
1.85469387755	353.69442749
1.85759637188	353.082061768
1.86049886621	352.063781738
1.86340136054	350.440673828
1.86630385488	348.825012207
1.86920634921	347.016326904
1.87210884354	346.015533447
1.87501133787	345.61605835
1.8779138322	345.217010498
1.88081632653	345.017669678
1.88371882086	344.81842041
1.88662131519	345.017669678
1.88952380952	345.61605835
1.89242630385	346.215484619
1.89532879819	347.618164062
1.89823129252	348.825012207
1.90113378685	350.440673828
1.90403628118	351.45425415
1.90693877551	352.470733643
1.90984126984	352.878173828
1.91274376417	352.878173828
1.9156462585	352.063781738
1.91854875283	351.048461914
1.92145124717	349.83392334
1.9243537415	348.623596191
1.92725623583	347.618164062
1.93015873016	346.815948486
1.93306122449	346.415496826
1.93596371882	346.415496826
1.93886621315	346.415496826
1.94176870748	346.415496826
1.94467120181	346.615661621
1.94757369615	347.016326904
1.95047619048	347.618164062
1.95337868481	348.422271729
1.95628117914	349.228240967
1.95918367347	350.03604126
1.9620861678	351.048461914
1.96498866213	352.063781738
1.96789115646	352.674407959
1.97079365079	352.878173828
1.97369614512	352.674407959
1.97659863946	351.86050415
1.97950113379	350.440673828
1.98240362812	348.825012207
1.98530612245	347.417449951
1.98820861678	346.215484619
1.99111111111	345.416473389
1.99401360544	345.217010498
1.99691609977	345.416473389
1.9998185941	346.215484619
2.00272108844	347.417449951
2.00562358277	349.026580811
2.0085260771	350.845733643
2.01142857143	353.490203857
2.01433106576	358.010894775
2.01723356009	392.448547363
2.02013605442	390.639221191
2.02303854875	390.413665771
2.02594104308	390.639221191
2.02884353741	390.864929199
2.03174603175	389.962890625
2.03464852608	388.838256836
2.03755102041	386.598724365
2.04045351474	384.150115967
2.04335600907	381.717010498
2.0462585034	379.518493652
2.04916099773	378.64263916
2.05206349206	379.080322266
2.05496598639	381.056121826
2.05786848073	383.485015869
2.06077097506	385.706512451
2.06367346939	387.492980957
2.06657596372	388.838256836
2.06947845805	389.737701416
2.07238095238	390.639221191
2.07528344671	391.316741943
2.07818594104	391.995422363
2.08108843537	392.448547363
2.08399092971	392.902191162
2.08689342404	393.129211426
2.08979591837	393.129211426
2.0926984127	392.902191162
2.09560090703	392.675292969
2.09850340136	392.448547363
2.10140589569	392.448547363
2.10430839002	392.221923828
2.10721088435	391.995422363
2.11011337868	391.995422363
2.11301587302	392.221923828
2.11591836735	392.221923828
2.11882086168	392.448547363
2.12172335601	392.675292969
2.12462585034	392.675292969
2.12752834467	392.448547363
2.130430839	392.448547363
2.13333333333	392.221923828
2.13623582766	391.995422363
2.139138322	391.769073486
2.14204081633	391.769073486
2.14494331066	391.54284668
2.14784580499	391.54284668
2.15074829932	391.54284668
2.15365079365	391.54284668
2.15655328798	391.54284668
2.15945578231	391.769073486
2.16235827664	391.769073486
2.16526077098	391.54284668
2.16816326531	391.316741943
2.17106575964	391.090789795
2.17396825397	390.639221191
2.1768707483	390.639221191
2.17977324263	390.413665771
2.18267573696	390.413665771
2.18557823129	390.413665771
2.18848072562	390.639221191
2.19138321995	390.864929199
2.19428571429	390.864929199
2.19718820862	391.090789795
2.20009070295	391.090789795
2.20299319728	391.316741943
2.20589569161	391.54284668
2.20879818594	391.54284668
2.21170068027	391.769073486
2.2146031746	391.995422363
2.21750566893	392.221923828
2.22040816327	392.221923828
2.2233106576	392.221923828
2.22621315193	392.221923828
2.22911564626	392.221923828
2.23201814059	392.221923828
2.23492063492	392.221923828
2.23782312925	392.221923828
2.24072562358	392.221923828
2.24362811791	391.995422363
2.24653061224	391.769073486
2.24943310658	391.769073486
2.25233560091	391.54284668
2.25523809524	391.54284668
2.25814058957	391.316741943
2.2610430839	391.090789795
2.26394557823	390.864929199
2.26684807256	390.639221191
2.26975056689	390.864929199
2.27265306122	390.864929199
2.27555555556	390.864929199
2.27845804989	391.090789795
2.28136054422	391.090789795
2.28426303855	391.090789795
2.28716553288	391.090789795
2.29006802721	390.864929199
2.29297052154	390.864929199
2.29587301587	390.864929199
2.2987755102	391.090789795
2.30167800454	391.316741943
2.30458049887	391.316741943
2.3074829932	391.316741943
2.31038548753	391.316741943
2.31328798186	391.316741943
2.31619047619	391.316741943
2.31909297052	391.316741943
2.32199546485	391.316741943
2.32489795918	391.54284668
2.32780045351	391.54284668
2.33070294785	391.54284668
2.33360544218	391.316741943
2.33650793651	391.090789795
2.33941043084	390.864929199
2.34231292517	390.413665771
2.3452154195	390.188201904
2.34811791383	390.188201904
2.35102040816	390.188201904
2.35392290249	390.639221191
2.35682539683	391.090789795
2.35972789116	391.316741943
2.36263038549	391.316741943
2.36553287982	391.316741943
2.36843537415	391.316741943
2.37133786848	391.316741943
2.37424036281	391.316741943
2.37714285714	391.316741943
2.38004535147	391.54284668
2.3829478458	391.769073486
2.38585034014	391.995422363
2.38875283447	391.769073486
2.3916553288	391.769073486
2.39455782313	391.316741943
2.39746031746	391.316741943
2.40036281179	391.316741943
2.40326530612	391.316741943
2.40616780045	391.54284668
2.40907029478	391.995422363
2.41197278912	391.995422363
2.41487528345	391.769073486
2.41777777778	391.54284668
2.42068027211	391.316741943
2.42358276644	391.090789795
2.42648526077	390.864929199
2.4293877551	391.090789795
2.43229024943	391.316741943
2.43519274376	391.54284668
2.4380952381	391.769073486
2.44099773243	391.995422363
2.44390022676	391.769073486
2.44680272109	391.769073486
2.44970521542	391.54284668
2.45260770975	391.769073486
2.45551020408	391.995422363
2.45841269841	392.221923828
2.46131519274	392.221923828
2.46421768707	391.995422363
2.46712018141	391.769073486
2.47002267574	391.316741943
2.47292517007	391.090789795
2.4758276644	0.0
2.47873015873	0.0
2.48163265306	0.0
2.48453514739	0.0
2.48743764172	0.0
2.49034013605	0.0
2.49324263039	0.0
2.49614512472	0.0
2.49904761905	0.0
2.50195011338	0.0
2.50485260771	0.0
2.50775510204	0.0
2.51065759637	0.0
2.5135600907	0.0
2.51646258503	0.0
2.51936507937	0.0
2.5222675737	0.0
2.52517006803	0.0
2.52807256236	0.0
2.53097505669	0.0
2.53387755102	0.0
2.53678004535	0.0
2.53968253968	0.0
2.54258503401	0.0
2.54548752834	0.0
2.54839002268	0.0
2.55129251701	0.0
2.55419501134	0.0
2.55709750567	0.0
2.56	0.0
2.56290249433	0.0
2.56580498866	0.0
2.56870748299	0.0
2.57160997732	0.0
2.57451247166	0.0
2.57741496599	0.0
2.58031746032	0.0
2.58321995465	0.0
2.58612244898	0.0
2.58902494331	0.0
2.59192743764	0.0
2.59482993197	0.0
2.5977324263	0.0
2.60063492063	0.0
2.60353741497	0.0
2.6064399093	0.0
2.60934240363	0.0
2.61224489796	0.0
2.61514739229	0.0
2.61804988662	0.0
2.62095238095	0.0
2.62385487528	0.0
2.62675736961	0.0
2.62965986395	0.0
2.63256235828	0.0
2.63546485261	0.0
2.63836734694	0.0
2.64126984127	400.000976562
2.6441723356	405.116516113
2.64707482993	412.674285889
2.64997732426	424.03112793
2.65287981859	430.696075439
2.65578231293	433.441375732
2.65868480726	434.946166992
2.66158730159	436.204162598
2.66448979592	437.465789795
2.66739229025	439.238189697
2.67029478458	441.527557373
2.67319727891	443.828887939
2.67609977324	445.627075195
2.67900226757	447.432556152
2.6819047619	448.467529297
2.68480725624	448.985900879
2.68770975057	448.726654053
2.6906122449	447.432556152
2.69351473923	445.369720459
2.69641723356	443.572570801
2.69931972789	441.527557373
2.70222222222	439.238189697
2.70512471655	436.456207275
2.70802721088	434.193115234
2.71092970522	433.441375732
2.71383219955	434.444000244
2.71673469388	435.448913574
2.71963718821	437.213165283
2.72253968254	438.477722168
2.72544217687	439.491973877
2.7283446712	440.0
2.73124716553	440.0
2.73414965986	439.491973877
2.7370521542	438.731048584
2.73995464853	438.731048584
2.74285714286	438.477722168
2.74575963719	437.971466064
2.74866213152	437.718536377
2.75156462585	438.224517822
2.75446712018	439.745910645
2.75736961451	442.293334961
2.76027210884	444.341888428
2.76317460317	446.91595459
2.76607709751	448.985900879
2.76897959184	450.544677734
2.77188208617	450.284515381
2.7747845805	449.76461792
2.77768707483	447.691070557
2.78058956916	445.884552002
2.78349206349	444.085327148
2.78639455782	442.293334961
2.78929705215	440.763122559
2.79219954649	440.254241943
2.79510204082	440.0
2.79800453515	440.0
2.80090702948	440.254241943
2.80380952381	440.763122559
2.80671201814	441.272613525
2.80961451247	441.527557373
2.8125170068	441.272613525
2.81541950113	441.017791748
2.81832199546	440.254241943
2.8212244898	438.731048584
2.82412698413	437.465789795
2.82702947846	436.960693359
2.82993197279	437.465789795
2.83283446712	438.984558105
2.83573696145	440.254241943
2.83863945578	441.272613525
2.84154195011	441.782684326
2.84444444444	442.03793335
2.84734693878	441.782684326
2.85024943311	441.527557373
2.85315192744	441.527557373
2.85605442177	441.527557373
2.8589569161	442.03793335
2.86185941043	442.293334961
2.86476190476	442.03793335
2.86766439909	441.782684326
2.87056689342	441.017791748
2.87346938776	440.0
2.87637188209	439.491973877
2.87927437642	438.984558105
2.88217687075	438.731048584
2.88507936508	439.238189697
2.88798185941	439.745910645
2.89088435374	440.254241943
2.89378684807	440.508605957
2.8966893424	440.508605957
2.89959183673	440.0
2.90249433107	439.745910645
2.9053968254	439.491973877
2.90829931973	439.491973877
2.91120181406	440.0
2.91410430839	440.763122559
2.91700680272	441.782684326
2.91990929705	442.54888916
2.92281179138	443.060455322
2.92571428571	442.804595947
2.92861678005	441.782684326
2.93151927438	440.508605957
2.93442176871	438.984558105
2.93732426304	437.971466064
2.94022675737	437.465789795
2.9431292517	437.971466064
2.94603174603	438.731048584
2.94893424036	440.0
2.95183673469	441.527557373
2.95473922902	443.828887939
2.95764172336	445.369720459
2.96054421769	444.598632812
2.96344671202	442.293334961
2.96634920635	438.984558105
2.96925170068	388.613739014
2.97215419501	390.188201904
2.97505668934	391.316741943
2.97795918367	391.54284668
2.980861678	391.316741943
2.98376417234	390.639221191
2.98666666667	389.512664795
2.989569161	388.165039062
2.99247165533	385.706512451
2.99537414966	383.263580322
2.99827664399	381.056121826
3.00117913832	379.737762451
3.00408163265	379.737762451
3.00698412698	380.836090088
3.00988662132	382.600006104
3.01278911565	384.372070312
3.01569160998	386.598724365
3.01859410431	388.165039062
3.02149659864	389.287719727
3.02439909297	390.188201904
3.0273015873	390.639221191
3.03020408163	391.316741943
3.03310657596	391.995422363
3.03600907029	392.448547363
3.03891156463	392.675292969
3.04181405896	392.675292969
3.04471655329	392.675292969
3.04761904762	392.448547363
3.05052154195	392.221923828
3.05342403628	391.995422363
3.05632653061	391.769073486
3.05922902494	391.54284668
3.06213151927	391.54284668
3.06503401361	391.54284668
3.06793650794	391.769073486
3.07083900227	392.221923828
3.0737414966	392.448547363
3.07664399093	392.448547363
3.07954648526	392.675292969
3.08244897959	392.448547363
3.08535147392	392.448547363
3.08825396825	392.221923828
3.09115646259	391.995422363
3.09405895692	391.769073486
3.09696145125	391.769073486
3.09986394558	391.769073486
3.10276643991	391.769073486
3.10566893424	391.769073486
3.10857142857	391.769073486
3.1114739229	391.769073486
3.11437641723	391.769073486
3.11727891156	391.769073486
3.1201814059	391.54284668
3.12308390023	391.769073486
3.12598639456	391.54284668
3.12888888889	391.090789795
3.13179138322	390.864929199
3.13469387755	390.639221191
3.13759637188	390.639221191
3.14049886621	390.864929199
3.14340136054	390.639221191
3.14630385488	390.639221191
3.14920634921	390.864929199
3.15210884354	391.090789795
3.15501133787	391.316741943
3.1579138322	391.316741943
3.16081632653	391.54284668
3.16371882086	391.54284668
3.16662131519	391.54284668
3.16952380952	391.769073486
3.17242630385	391.769073486
3.17532879819	391.995422363
3.17823129252	391.995422363
3.18113378685	392.221923828
3.18403628118	392.221923828
3.18693877551	392.448547363
3.18984126984	392.448547363
3.19274376417	392.221923828
3.1956462585	392.221923828
3.19854875283	391.769073486
3.20145124717	391.54284668
3.2043537415	391.54284668
3.20725623583	391.090789795
3.21015873016	390.864929199
3.21306122449	390.864929199
3.21596371882	390.639221191
3.21886621315	390.413665771
3.22176870748	390.413665771
3.22467120181	390.413665771
3.22757369615	390.413665771
3.23047619048	390.639221191
3.23337868481	390.864929199
3.23628117914	390.864929199
3.23918367347	391.090789795
3.2420861678	391.090789795
3.24498866213	391.090789795
3.24789115646	391.090789795
3.25079365079	391.090789795
3.25369614512	391.090789795
3.25659863946	391.090789795
3.25950113379	391.090789795
3.26240362812	391.090789795
3.26530612245	391.090789795
3.26820861678	390.413665771
3.27111111111	389.512664795
3.27401360544	388.613739014
3.27691609977	387.045593262
3.2798185941	385.929382324
3.28272108844	386.152374268
3.28562358277	391.316741943
3.2885260771	352.063781738
3.29142857143	349.228240967
3.29433106576	347.819030762
3.29723356009	346.815948486
3.30013605442	346.015533447
3.30303854875	346.015533447
3.30594104308	346.415496826
3.30884353741	346.815948486
3.31174603175	347.216827393
3.31464852608	347.819030762
3.31755102041	348.422271729
3.32045351474	349.631896973
3.32335600907	351.048461914
3.3262585034	351.45425415
3.32916099773	351.048461914
3.33206349206	350.03604126
3.33496598639	348.422271729
3.33786848073	347.417449951
3.34077097506	346.815948486
3.34367346939	346.815948486
3.34657596372	347.016326904
3.34947845805	347.417449951
3.35238095238	348.019989014
3.35528344671	348.422271729
3.35818594104	348.825012207
3.36108843537	349.228240967
3.36399092971	349.430023193
3.36689342404	350.03604126
3.36979591837	350.643157959
3.3726984127	351.251281738
3.37560090703	351.45425415
3.37850340136	351.251281738
3.38140589569	350.440673828
3.38430839002	349.631896973
3.38721088435	348.825012207
3.39011337868	348.221069336
3.39301587302	348.019989014
3.39591836735	348.019989014
3.39882086168	348.221069336
3.40172335601	348.422271729
3.40462585034	348.221069336
3.40752834467	348.221069336
3.410430839	348.221069336
3.41333333333	348.422271729
3.41623582766	349.026580811
3.419138322	349.631896973
3.42204081633	350.238311768
3.42494331066	350.440673828
3.42784580499	350.238311768
3.43074829932	349.83392334
3.43365079365	349.83392334
3.43655328798	349.430023193
3.43945578231	349.430023193
3.44235827664	349.631896973
3.44526077098	349.631896973
3.44816326531	349.631896973
3.45106575964	349.631896973
3.45396825397	349.228240967
3.4568707483	349.026580811
3.45977324263	349.026580811
3.46267573696	349.228240967
3.46557823129	349.430023193
3.46848072562	349.430023193
3.47138321995	349.631896973
3.47428571429	349.430023193
3.47718820862	349.430023193
3.48009070295	349.430023193
3.48299319728	349.430023193
3.48589569161	349.430023193
3.48879818594	349.83392334
3.49170068027	349.83392334
3.4946031746	350.03604126
3.49750566893	349.83392334
3.50040816327	349.83392334
3.5033106576	349.631896973
3.50621315193	349.228240967
3.50911564626	349.026580811
3.51201814059	348.825012207
3.51492063492	348.623596191
3.51782312925	348.623596191
3.52072562358	348.825012207
3.52362811791	349.026580811
3.52653061224	349.026580811
3.52943310658	349.228240967
3.53233560091	349.228240967
3.53523809524	349.228240967
3.53814058957	349.228240967
3.5410430839	349.228240967
3.54394557823	349.228240967
3.54684807256	349.430023193
3.54975056689	349.430023193
3.55265306122	349.631896973
3.55555555556	349.83392334
3.55845804989	349.83392334
3.56136054422	349.83392334
3.56426303855	349.631896973
3.56716553288	349.228240967
3.57006802721	348.422271729
3.57297052154	347.618164062
3.57587301587	347.016326904
3.5787755102	346.615661621
3.58167800454	346.615661621
3.58458049887	346.615661621
3.5874829932	347.417449951
3.59038548753	347.819030762
3.59328798186	347.819030762
3.59619047619	347.417449951
3.59909297052	346.815948486
3.60199546485	346.815948486
3.60489795918	348.221069336
3.60780045351	350.03604126
3.61070294785	351.86050415
3.61360544218	354.307861328
3.61650793651	356.566253662
3.61941043084	356.566253662
3.62231292517	356.566253662
3.6252154195	356.566253662
3.62811791383	350.440673828
3.63102040816	340.661010742
3.63392290249	335.971038818
3.63682539683	334.422088623
3.63972789116	333.843078613
3.64263038549	333.072631836
3.64553287982	332.688079834
3.64843537415	332.303955078
3.65133786848	331.537078857
3.65424036281	330.390045166
3.65714285714	329.24697876
3.66004535147	328.487121582
3.6629478458	327.539794922
3.66585034014	327.539794922
3.66875283447	327.729034424
3.6716553288	328.487121582
3.67455782313	329.437225342
3.67746031746	330.580932617
3.68036281179	331.920288086
3.68326530612	332.880310059
3.68616780045	333.072631836
3.68907029478	332.688079834
3.69197278912	331.920288086
3.69487528345	331.154296875
3.69777777778	330.390045166
3.70068027211	329.627563477
3.70358276644	329.056854248
3.70648526077	328.676940918
3.7093877551	328.297454834
3.71229024943	328.107879639
3.71519274376	328.297454834
3.7180952381	328.107879639
3.72099773243	328.297454834
3.72390022676	328.487121582
3.72680272109	328.866821289
3.72970521542	329.24697876
3.73260770975	330.008575439
3.73551020408	330.580932617
3.73841269841	330.771942139
3.74131519274	330.771942139
3.74421768707	330.390045166
3.74712018141	330.008575439
3.75002267574	329.437225342
3.75292517007	328.676940918
3.7558276644	327.918395996
3.75873015873	327.729034424
3.76163265306	327.918395996
3.76453514739	328.297454834
3.76743764172	328.866821289
3.77034013605	329.437225342
3.77324263039	329.818023682
3.77614512472	330.199249268
3.77904761905	330.390045166
3.78195011338	330.390045166
3.78485260771	330.390045166
3.78775510204	330.199249268
3.79065759637	330.008575439
3.7935600907	329.818023682
3.79646258503	329.627563477
3.79936507937	329.627563477
3.8022675737	329.437225342
3.80517006803	329.24697876
3.80807256236	329.24697876
3.81097505669	329.437225342
3.81387755102	329.437225342
3.81678004535	329.818023682
3.81968253968	330.008575439
3.82258503401	330.008575439
3.82548752834	330.008575439
3.82839002268	330.008575439
3.83129251701	330.008575439
3.83419501134	330.008575439
3.83709750567	329.818023682
3.84	330.008575439
3.84290249433	329.818023682
3.84580498866	329.818023682
3.84870748299	329.818023682
3.85160997732	329.818023682
3.85451247166	329.818023682
3.85741496599	329.627563477
3.86031746032	329.627563477
3.86321995465	329.437225342
3.86612244898	329.437225342
3.86902494331	329.24697876
3.87192743764	329.24697876
3.87482993197	329.437225342
3.8777324263	329.437225342
3.88063492063	329.627563477
3.88353741497	329.627563477
3.8864399093	329.818023682
3.88934240363	330.008575439
3.89224489796	330.199249268
3.89514739229	330.390045166
3.89804988662	330.963043213
3.90095238095	331.537078857
3.90385487528	332.303955078
3.90675736961	332.880310059
3.90965986395	333.265075684
3.91256235828	332.688079834
3.91546485261	330.963043213
3.91836734694	327.918395996
3.92126984127	324.901763916
3.9241723356	323.217102051
3.92707482993	323.403839111
3.92997732426	324.339233398
3.93287981859	326.218109131
3.93578231293	328.866821289
3.93868480726	331.537078857
3.94158730159	333.843078613
3.94448979592	335.389343262
3.94739229025	336.942749023
3.95029478458	338.698944092
3.95319727891	340.267700195
3.95609977324	341.64630127
3.95900226757	343.22869873
3.9619047619	344.221405029
3.96480725624	345.217010498
3.96770975057	346.615661621
3.9706122449	348.623596191
3.97351473923	350.440673828
3.97641723356	351.45425415
3.97931972789	351.657318115
3.98222222222	351.45425415
3.98512471655	350.440673828
3.98802721088	348.623596191
3.99092970522	346.815948486
3.99383219955	345.815734863
3.99673469388	345.61605835
3.99963718821	346.015533447
4.00253968254	346.215484619
4.00544217687	346.415496826
4.0083446712	346.815948486
4.01124716553	347.216827393
4.01414965986	347.618164062
4.0170521542	348.221069336
4.01995464853	349.026580811
4.02285714286	350.03604126
4.02575963719	350.845733643
4.02866213152	351.251281738
4.03156462585	351.45425415
4.03446712018	351.251281738
4.03736961451	350.845733643
4.04027210884	349.83392334
4.04317460317	348.623596191
4.04607709751	347.417449951
4.04897959184	346.615661621
4.05188208617	346.015533447
4.0547845805	345.815734863
4.05768707483	345.815734863
4.06058956916	346.015533447
4.06349206349	346.615661621
4.06639455782	347.417449951
4.06929705215	348.221069336
4.07219954649	349.228240967
4.07510204082	350.238311768
4.07800453515	350.845733643
4.08090702948	351.45425415
4.08380952381	351.86050415
4.08671201814	351.86050415
4.08961451247	351.86050415
4.0925170068	351.45425415
4.09541950113	350.845733643
4.09832199546	349.83392334
4.1012244898	349.026580811
4.10412698413	348.019989014
4.10702947846	347.417449951
4.10993197279	346.815948486
4.11283446712	346.815948486
4.11573696145	346.615661621
4.11863945578	347.016326904
4.12154195011	347.618164062
4.12444444444	348.221069336
4.12734693878	348.825012207
4.13024943311	349.631896973
4.13315192744	350.238311768
4.13605442177	350.845733643
4.1389569161	351.048461914
4.14185941043	351.048461914
4.14476190476	350.845733643
4.14766439909	350.440673828
4.15056689342	350.03604126
4.15346938776	349.430023193
4.15637188209	349.026580811
4.15927437642	348.623596191
4.16217687075	348.422271729
4.16507936508	348.019989014
4.16798185941	347.819030762
4.17088435374	347.819030762
4.17378684807	347.618164062
4.1766893424	347.819030762
4.17959183673	348.019989014
4.18249433107	348.623596191
4.1853968254	349.228240967
4.18829931973	350.03604126
4.19120181406	350.845733643
4.19410430839	351.048461914
4.19700680272	351.251281738
4.19990929705	350.845733643
4.20281179138	350.238311768
4.20571428571	349.83392334
4.20861678005	349.026580811
4.21151927438	348.623596191
4.21442176871	348.422271729
4.21732426304	348.623596191
4.22022675737	348.825012207
4.2231292517	348.623596191
4.22603174603	348.019989014
4.22893424036	347.417449951
4.23183673469	347.016326904
4.23473922902	290.12411499
4.23764172336	291.131347656
4.24054421769	292.648773193
4.24344671202	293.156341553
4.24634920635	292.479766846
4.24925170068	291.131347656
4.25215419501	289.789123535
4.25505668934	288.786529541
4.25795918367	288.619781494
4.260861678	288.786529541
4.26376417234	289.454559326
4.26666666667	290.12411499
4.269569161	290.963226318
4.27247165533	291.804779053
4.27537414966	292.479766846
4.27827664399	292.479766846
4.28117913832	292.479766846
4.28408163265	292.310882568
4.28698412698	292.310882568
4.28988662132	292.817840576
4.29278911565	293.325714111
4.29569160998	293.834442139
4.29859410431	294.004211426
4.30149659864	294.004211426
4.30439909297	293.834442139
4.3073015873	293.664764404
4.31020408163	293.834442139
4.31310657596	293.834442139
4.31600907029	294.004211426
4.31891156463	294.004211426
4.32181405896	294.004211426
4.32471655329	294.004211426
4.32761904762	293.834442139
4.33052154195	293.495178223
4.33342403628	293.156341553
4.33632653061	293.156341553
4.33922902494	293.156341553
4.34213151927	293.325714111
4.34503401361	293.834442139
4.34793650794	294.344055176
4.35083900227	294.684295654
4.3537414966	294.684295654
4.35664399093	294.174102783
4.35954648526	293.834442139
4.36244897959	293.495178223
4.36535147392	293.325714111
4.36825396825	293.156341553
4.37115646259	292.987030029
4.37405895692	292.817840576
4.37696145125	292.817840576
4.37986394558	292.648773193
4.38276643991	292.648773193
4.38566893424	292.479766846
4.38857142857	292.142089844
4.3914739229	292.142089844
4.39437641723	292.310882568
4.39727891156	292.479766846
4.4001814059	292.987030029
4.40308390023	292.987030029
4.40598639456	293.156341553
4.40888888889	292.817840576
4.41179138322	292.817840576
4.41469387755	292.817840576
4.41759637188	292.817840576
4.42049886621	292.987030029
4.42340136054	292.987030029
4.42630385488	293.156341553
4.42920634921	293.495178223
4.43210884354	293.664764404
4.43501133787	293.834442139
4.4379138322	294.004211426
4.44081632653	294.004211426
4.44371882086	294.004211426
4.44662131519	294.174102783
4.44952380952	294.174102783
4.45242630385	294.344055176
4.45532879819	294.344055176
4.45823129252	294.344055176
4.46113378685	294.174102783
4.46403628118	294.174102783
4.46693877551	293.834442139
4.46984126984	293.495178223
4.47274376417	293.495178223
4.4756462585	293.156341553
4.47854875283	293.325714111
4.48145124717	293.325714111
4.4843537415	293.495178223
4.48725623583	293.834442139
4.49015873016	294.174102783
4.49306122449	294.174102783
4.49596371882	294.174102783
4.49886621315	294.174102783
4.50176870748	293.834442139
4.50467120181	293.834442139
4.50757369615	294.004211426
4.51047619048	294.004211426
4.51337868481	294.004211426
4.51628117914	294.004211426
4.51918367347	294.004211426
4.5220861678	294.004211426
4.52498866213	293.834442139
4.52789115646	293.834442139
4.53079365079	293.156341553
4.53369614512	292.142089844
4.53659863946	290.291748047
4.53950113379	286.791748047
4.54240362812	277.984313965
4.54530612245	269.603057861
4.54820861678	264.512664795
4.55111111111	260.720397949
4.55401360544	259.218780518
4.55691609977	259.368530273
4.5598185941	259.818389893
4.56272108844	260.118713379
4.56562358277	259.968505859
4.5685260771	258.919494629
4.57142857143	257.874694824
4.57433106576	257.576965332
4.57723356009	257.576965332
4.58013605442	257.576965332
4.58303854875	257.725769043
4.58594104308	258.321929932
4.58884353741	259.668365479
4.59174603175	261.172607422
4.59464852608	262.079315186
4.59755102041	262.079315186
4.60045351474	262.230743408
4.60335600907	262.382263184
4.6062585034	262.837341309
4.60916099773	263.749847412
4.61206349206	264.665496826
4.61496598639	264.359924316
4.61786848073	262.989196777
4.62077097506	262.989196777
4.62367346939	262.837341309
4.62657596372	262.230743408
4.62947845805	262.230743408
4.63238095238	261.776733398
4.63528344671	261.474487305
4.63818594104	261.323486328
4.64108843537	261.172607422
4.64399092971	261.172607422
4.64689342404	261.323486328
4.64979591837	261.323486328
4.6526984127	261.474487305
4.65560090703	261.625579834
4.65850340136	261.474487305
4.66140589569	261.474487305
4.66430839002	261.776733398
4.66721088435	261.625579834
4.67011337868	261.625579834
4.67301587302	261.625579834
4.67591836735	261.625579834
4.67882086168	261.776733398
4.68172335601	263.293182373
4.68462585034	263.90222168
4.68752834467	263.293182373
4.690430839	262.382263184
4.69333333333	261.474487305
4.69623582766	260.720397949
4.699138322	260.419372559
4.70204081633	260.269012451
4.70494331066	260.419372559
4.70784580499	260.569854736
4.71074829932	260.720397949
4.71365079365	260.871063232
4.71655328798	261.172607422
4.71945578231	261.172607422
4.72235827664	261.021789551
4.72526077098	260.871063232
4.72816326531	260.720397949
4.73106575964	260.720397949
4.73396825397	260.871063232
4.7368707483	261.323486328
4.73977324263	261.776733398
4.74267573696	262.382263184
4.74557823129	262.533874512
4.74848072562	262.382263184
4.75138321995	261.474487305
4.75428571429	260.720397949
4.75718820862	260.419372559
4.76009070295	260.569854736
4.76299319728	260.569854736
4.76589569161	260.720397949
4.76879818594	261.021789551
4.77170068027	262.382263184
4.7746031746	261.927978516
4.77750566893	261.927978516
4.78040816327	261.323486328
4.7833106576	261.776733398
4.78621315193	261.776733398
4.78911564626	261.474487305
4.79201814059	261.625579834
4.79492063492	261.625579834
4.79782312925	261.625579834
4.80072562358	261.625579834
4.80362811791	261.625579834
4.80653061224	261.625579834
4.80943310658	262.382263184
4.81233560091	261.776733398
4.81523809524	261.323486328
4.81814058957	261.021789551
4.8210430839	260.871063232
4.82394557823	261.021789551
4.82684807256	261.625579834
4.82975056689	262.533874512
4.83265306122	262.989196777
4.83555555556	262.989196777
4.83845804989	262.989196777
4.84136054422	262.685546875
4.84426303855	262.382263184
4.84716553288	262.079315186
4.85006802721	261.927978516
4.85297052154	261.776733398
4.85587301587	261.927978516
4.8587755102	261.927978516
4.86167800454	262.230743408
4.86458049887	262.382263184
4.8674829932	262.382263184
4.87038548753	262.230743408
4.87328798186	262.079315186
4.87619047619	261.776733398
4.87909297052	261.625579834
4.88199546485	261.625579834
4.88489795918	261.625579834
4.88780045351	261.776733398
4.89070294785	262.079315186
4.89360544218	262.230743408
4.89650793651	262.382263184
4.89941043084	262.533874512
4.90231292517	262.382263184
4.9052154195	262.079315186
4.90811791383	261.776733398
4.91102040816	261.474487305
4.91392290249	261.323486328
4.91682539683	261.323486328
4.91972789116	261.323486328
4.92263038549	261.625579834
4.92553287982	261.776733398
4.92843537415	261.927978516
4.93133786848	261.927978516
4.93424036281	261.776733398
4.93714285714	261.776733398
4.94004535147	261.625579834
4.9429478458	261.625579834
4.94585034014	261.625579834
4.94875283447	261.625579834
4.9516553288	261.625579834
4.95455782313	261.625579834
4.95746031746	261.625579834
4.96036281179	261.625579834
4.96326530612	261.776733398
4.96616780045	261.625579834
4.96907029478	261.625579834
4.97197278912	261.474487305
4.97487528345	261.474487305
4.97777777778	261.474487305
4.98068027211	261.474487305
4.98358276644	261.625579834
4.98648526077	261.625579834
4.9893877551	261.776733398
4.99229024943	261.776733398
4.99519274376	261.776733398
4.9980952381	261.927978516
5.00099773243	261.927978516
5.00390022676	261.927978516
5.00680272109	261.927978516
5.00970521542	261.927978516
5.01260770975	261.927978516
5.01551020408	261.776733398
5.01841269841	261.776733398
5.02131519274	261.776733398
5.02421768707	261.776733398
5.02712018141	261.776733398
5.03002267574	261.776733398
5.03292517007	261.776733398
5.0358276644	261.776733398
5.03873015873	261.625579834
5.04163265306	261.474487305
5.04453514739	261.474487305
5.04743764172	261.474487305
5.05034013605	261.474487305
5.05324263039	261.625579834
5.05614512472	261.625579834
5.05904761905	261.776733398
5.06195011338	261.625579834
5.06485260771	261.625579834
5.06775510204	261.474487305
5.07065759637	261.474487305
5.0735600907	261.474487305
5.07646258503	261.323486328
5.07936507937	261.323486328
5.0822675737	261.625579834
5.08517006803	261.776733398
5.08807256236	261.776733398
5.09097505669	261.625579834
5.09387755102	261.474487305
5.09678004535	261.474487305
5.09968253968	261.474487305
5.10258503401	261.625579834
5.10548752834	261.776733398
5.10839002268	261.927978516
5.11129251701	262.079315186
5.11419501134	262.079315186
5.11709750567	262.079315186
5.12	261.927978516
5.12290249433	261.776733398
5.12580498866	261.625579834
5.12870748299	261.474487305
5.13160997732	261.323486328
5.13451247166	261.172607422
5.13741496599	261.172607422
5.14031746032	261.172607422
5.14321995465	261.323486328
5.14612244898	261.474487305
5.14902494331	261.625579834
5.15192743764	261.625579834
5.15482993197	261.625579834
5.1577324263	261.625579834
5.16063492063	261.625579834
5.16353741497	261.776733398
5.1664399093	261.776733398
5.16934240363	261.776733398
5.17224489796	261.927978516
5.17514739229	262.079315186
5.17804988662	261.927978516
5.18095238095	261.776733398
5.18385487528	261.474487305
5.18675736961	261.474487305
5.18965986395	261.474487305
5.19256235828	261.474487305
5.19546485261	261.474487305
5.19836734694	261.625579834
5.20126984127	261.776733398
5.2041723356	262.079315186
5.20707482993	262.079315186
5.20997732426	262.079315186
5.21287981859	261.776733398
5.21578231293	261.776733398
5.21868480726	261.776733398
5.22158730159	261.927978516
5.22448979592	261.927978516
5.22739229025	262.079315186
5.23029478458	262.079315186
5.23319727891	262.079315186
5.23609977324	261.927978516
5.23900226757	261.776733398
5.2419047619	261.625579834
5.24480725624	261.625579834
5.24770975057	261.776733398
5.2506122449	261.927978516
5.25351473923	261.927978516
5.25641723356	261.927978516
5.25931972789	261.927978516
5.26222222222	261.776733398
5.26512471655	261.927978516
5.26802721088	261.927978516
5.27092970522	262.079315186
5.27383219955	262.382263184
5.27673469388	0.0
5.27963718821	0.0
5.28253968254	0.0
5.28544217687	0.0
5.2883446712	0.0
5.29124716553	0.0
5.29414965986	0.0
5.2970521542	0.0
5.29995464853	0.0
5.30285714286	0.0
5.30575963719	0.0
5.30866213152	0.0
5.31156462585	0.0
5.31446712018	0.0
5.31736961451	0.0
5.32027210884	0.0
5.32317460317	0.0
5.32607709751	0.0
5.32897959184	0.0
5.33188208617	0.0
5.3347845805	0.0
5.33768707483	0.0
5.34058956916	0.0
5.34349206349	0.0
5.34639455782	0.0
5.34929705215	0.0
5.35219954649	0.0
5.35510204082	0.0
5.35800453515	0.0
5.36090702948	0.0
5.36380952381	0.0
5.36671201814	0.0
5.36961451247	0.0
5.3725170068	0.0
5.37541950113	0.0
5.37832199546	0.0
5.3812244898	0.0
5.38412698413	0.0
5.38702947846	0.0
5.38993197279	0.0
5.39283446712	0.0
5.39573696145	0.0
5.39863945578	0.0
5.40154195011	0.0
5.40444444444	0.0
5.40734693878	0.0
5.41024943311	0.0
5.41315192744	0.0
5.41605442177	0.0
5.4189569161	0.0
5.42185941043	0.0
5.42476190476	0.0
5.42766439909	0.0
5.43056689342	0.0
5.43346938776	0.0
5.43637188209	0.0
5.43927437642	0.0
5.44217687075	0.0
5.44507936508	0.0
5.44798185941	0.0
5.45088435374	0.0
5.45378684807	0.0
5.4566893424	0.0
5.45959183673	0.0
5.46249433107	0.0
5.4653968254	0.0
5.46829931973	0.0
5.47120181406	0.0
5.47410430839	0.0
5.47700680272	0.0
5.47990929705	0.0
5.48281179138	0.0
5.48571428571	0.0
5.48861678005	0.0
