0.0	0.0
0.00290249433107	0.0
0.00580498866213	0.0
0.0087074829932	0.0
0.0116099773243	0.0
0.0145124716553	0.0
0.0174149659864	0.0
0.0203174603175	0.0
0.0232199546485	0.0
0.0261224489796	0.0
0.0290249433107	0.0
0.0319274376417	0.0
0.0348299319728	0.0
0.0377324263039	0.0
0.0406349206349	0.0
0.043537414966	0.0
0.0464399092971	0.0
0.0493424036281	0.0
0.0522448979592	0.0
0.0551473922902	0.0
0.0580498866213	0.0
0.0609523809524	0.0
0.0638548752834	0.0
0.0667573696145	0.0
0.0696598639456	0.0
0.0725623582766	0.0
0.0754648526077	0.0
0.0783673469388	0.0
0.0812698412698	0.0
0.0841723356009	0.0
0.087074829932	0.0
0.089977324263	0.0
0.0928798185941	0.0
0.0957823129252	0.0
0.0986848072562	0.0
0.101587301587	0.0
0.104489795918	0.0
0.107392290249	0.0
0.11029478458	0.0
0.113197278912	133.870391846
0.116099773243	133.561431885
0.119002267574	133.561431885
0.121904761905	134.10256958
0.124807256236	134.801528931
0.127709750567	135.425888062
0.130612244898	135.896057129
0.133514739229	136.053131104
0.13641723356	136.289093018
0.139319727891	136.683288574
0.142222222222	137.157821655
0.145124716553	137.475082397
0.148027210884	137.713516235
0.150929705215	138.111831665
0.153832199546	138.431304932
0.156734693878	138.671386719
0.159637188209	138.911895752
0.16253968254	139.152816772
0.165442176871	139.555297852
0.168344671202	140.12071228
0.171247165533	140.769699097
0.174149659864	142.323135376
0.177052154195	143.810623169
0.179954648526	145.565673828
0.182857142857	145.733932495
0.185759637188	146.239883423
0.188662131519	146.071044922
0.19156462585	145.649780273
0.194467120181	145.145874023
0.197369614512	144.643707275
0.200272108844	144.727279663
0.203174603175	144.143280029
0.206077097506	144.560180664
0.208979591837	145.062057495
0.211882086168	145.229736328
0.214784580499	145.565673828
0.21768707483	145.818145752
0.220589569161	146.324386597
0.223492063492	146.917221069
0.226394557823	147.597702026
0.229297052154	148.452713013
0.232199546485	149.312698364
0.235102040816	150.264434814
0.238004535147	151.222229004
0.240907029478	151.922637939
0.24380952381	152.450073242
0.246712018141	152.802719116
0.249614512472	152.9793396
0.252517006803	152.9793396
0.255419501134	152.802719116
0.258321995465	152.538162231
0.261224489796	152.362045288
0.264126984127	152.802719116
0.267029478458	154.132400513
0.269931972789	156.013427734
0.27283446712	157.826217651
0.275736961451	158.648834229
0.278639455782	158.648834229
0.281541950113	158.557220459
0.284444444444	157.917404175
0.287346938776	156.917205811
0.290249433107	156.013427734
0.293151927438	155.653381348
0.296054421769	155.653381348
0.2989569161	155.47366333
0.301859410431	155.74331665
0.304761904762	156.464660645
0.307664399093	156.013427734
0.310566893424	155.923339844
0.313469387755	156.284011841
0.316371882086	156.826583862
0.319274376417	157.098587036
0.322176870748	157.280181885
0.325079365079	157.461975098
0.32798185941	157.552963257
0.330884353741	157.461975098
0.333786848073	157.189361572
0.336689342404	156.55506897
0.339591836735	155.923339844
0.342494331066	155.383880615
0.345396825397	155.114852905
0.348299319728	155.294158936
0.351201814059	155.923339844
0.35410430839	156.917205811
0.357006802721	158.191299438
0.359909297052	158.832214355
0.362811791383	159.291595459
0.365714285714	159.660064697
0.368616780045	159.475723267
0.371519274376	159.291595459
0.374421768707	159.199615479
0.377324263039	159.291595459
0.38022675737	159.567871094
0.383129251701	159.752319336
0.386031746032	159.752319336
0.388934240363	159.567871094
0.391836734694	159.291595459
0.394739229025	159.107681274
0.397641723356	158.832214355
0.400544217687	158.557220459
0.403446712018	158.465652466
0.406349206349	158.648834229
0.40925170068	159.107681274
0.412154195011	159.567871094
0.415056689342	159.936981201
0.417959183673	160.121856689
0.420861678005	160.306930542
0.423764172336	160.39956665
0.426666666667	160.39956665
0.429569160998	160.492233276
0.432471655329	160.584976196
0.43537414966	160.584976196
0.438276643991	160.584976196
0.441179138322	160.306930542
0.444081632653	160.029388428
0.446984126984	159.936981201
0.449886621315	159.936981201
0.452789115646	160.121856689
0.455691609977	160.39956665
0.458594104308	160.863479614
0.461496598639	161.421966553
0.464399092971	161.701919556
0.467301587302	161.795349121
0.470204081633	161.608551025
0.473106575964	161.515228271
0.476009070295	161.608551025
0.478911564626	161.888839722
0.481814058957	162.263320923
0.484716553288	163.014862061
0.487619047619	163.486343384
0.49052154195	163.391937256
0.493424036281	163.297592163
0.496326530612	163.014862061
0.499229024943	162.450881958
0.502131519274	161.888839722
0.505034013605	161.701919556
0.507936507937	162.075973511
0.510839002268	162.54473877
0.513741496599	163.109054565
0.51664399093	163.959197998
0.519546485261	164.813781738
0.522448979592	165.385971069
0.525351473923	165.481521606
0.528253968254	165.195022583
0.531156462585	164.62348938
0.534058956916	164.433410645
0.536961451247	164.338470459
0.539863945578	164.528427124
0.542766439909	164.433410645
0.54566893424	164.909011841
0.548571428571	165.864318848
0.551473922902	165.672805786
0.554376417234	165.099624634
0.557278911565	165.099624634
0.560181405896	165.864318848
0.563083900227	165.864318848
0.565986394558	165.385971069
0.568888888889	165.099624634
0.57179138322	165.00428772
0.574693877551	165.099624634
0.577596371882	165.290466309
0.580498866213	165.385971069
0.583401360544	164.909011841
0.586303854875	164.243560791
0.589206349206	163.391937256
0.592108843537	162.450881958
0.595011337868	161.235580444
0.5979138322	160.677749634
0.600816326531	160.770584106
0.603718820862	161.049423218
0.606621315193	161.888839722
0.609523809524	163.014862061
0.612426303855	163.580810547
0.615328798186	164.053939819
0.618231292517	164.909011841
0.621133786848	164.243560791
0.624036281179	162.920730591
0.62693877551	162.54473877
0.629841269841	163.391937256
0.632743764172	163.864517212
0.635646258503	163.675323486
0.638548752834	164.62348938
0.641451247166	166.440155029
0.644353741497	167.791564941
0.647256235828	167.888519287
0.650158730159	167.694671631
0.65306122449	167.307662964
0.655963718821	166.536315918
0.658866213152	166.440155029
0.661768707483	167.307662964
0.664671201814	168.374099731
0.667573696145	174.614120483
0.670476190476	179.730697632
0.673378684807	181.819076538
0.676281179138	185.639480591
0.679183673469	187.796508789
0.6820861678	190.088363647
0.684988662132	192.297073364
0.687891156463	193.970443726
0.690793650794	194.868850708
0.693696145125	195.884536743
0.696598639456	197.019287109
0.699501133787	198.50428772
0.702403628118	199.654220581
0.705306122449	200.810806274
0.70820861678	202.090789795
0.711111111111	203.614013672
0.714013605442	207.412597656
0.716916099773	210.551071167
0.719818594104	213.366973877
0.722721088435	215.596969604
0.725623582766	217.724456787
0.728526077098	219.365524292
0.731428571429	220.636306763
0.73433106576	221.018966675
0.737233560091	220.763778687
0.740136054422	220.508895874
0.743038548753	220.127120972
0.745941043084	219.745986938
0.748843537415	219.492279053
0.751746031746	218.102081299
0.754648526077	217.222000122
0.757551020408	218.228103638
0.760453514739	219.492279053
0.76335600907	220.254302979
0.766258503401	220.381561279
0.769160997732	220.127120972
0.772063492063	219.492279053
0.774965986395	218.354187012
0.777868480726	217.724456787
0.780770975057	218.354187012
0.783673469388	218.48034668
0.786575963719	217.724456787
0.78947845805	216.845901489
0.792380952381	216.720687866
0.795283446712	217.096557617
0.798185941043	217.598739624
0.801088435374	218.228103638
0.803990929705	218.859268188
0.806893424036	218.859268188
0.809795918367	218.859268188
0.812698412698	219.112258911
0.815600907029	219.365524292
0.818503401361	219.365524292
0.821405895692	218.732894897
0.824308390023	218.354187012
0.827210884354	218.985733032
0.830113378685	219.238861084
0.833015873016	218.985733032
0.835918367347	219.619094849
0.838820861678	220.636306763
0.841723356009	221.27444458
0.84462585034	221.530227661
0.847528344671	221.530227661
0.850430839002	221.14666748
0.853333333333	220.763778687
0.856235827664	221.7862854
0.859138321995	221.91444397
0.862040816327	222.170944214
0.864943310658	222.042663574
0.867845804989	222.042663574
0.87074829932	222.299316406
0.873650793651	222.299316406
0.876553287982	222.684860229
0.879455782313	222.942276001
0.882358276644	223.071090698
0.885260770975	223.328933716
0.888163265306	223.587081909
0.891065759637	223.845535278
0.893968253968	223.587081909
0.896870748299	223.328933716
0.89977324263	223.199966431
0.902675736961	223.071090698
0.905578231293	222.556274414
0.908480725624	222.042663574
0.911383219955	222.684860229
0.914285714286	222.427764893
0.917188208617	221.91444397
0.920090702948	221.402297974
0.922993197279	221.018966675
0.92589569161	220.508895874
0.928798185941	219.872955322
0.931700680272	219.365524292
0.934603174603	218.354187012
0.937505668934	217.724456787
0.940408163265	216.345458984
0.943310657596	214.479064941
0.946213151927	208.855270386
0.949115646259	208.734664917
0.95201814059	209.217498779
0.954920634921	209.580352783
0.957823129252	209.580352783
0.960725623583	209.580352783
0.963628117914	209.943847656
0.966530612245	210.065155029
0.969433106576	209.943847656
0.972335600907	209.338378906
0.975238095238	208.855270386
0.978140589569	207.772323608
0.9810430839	206.456359863
0.983945578231	204.55708313
0.986848072562	203.967163086
0.989750566893	204.55708313
0.992653061224	205.385864258
0.995555555556	205.979888916
0.998458049887	205.742080688
1.00136054422	205.030258179
1.00426303855	204.202926636
1.00716553288	203.378921509
1.01006802721	202.909561157
1.01297052154	202.675292969
1.01587301587	202.792388916
1.0187755102	203.026794434
1.02167800454	203.261489868
1.02458049887	203.144104004
1.0274829932	202.675292969
1.03038548753	201.974090576
1.03328798186	201.507965088
1.03619047619	201.391601562
1.03909297052	201.507965088
1.04199546485	201.740890503
1.04489795918	202.090789795
1.04780045351	202.44128418
1.05070294785	202.792388916
1.05360544218	203.026794434
1.05650793651	203.026794434
1.05941043084	202.558258057
1.06231292517	201.974090576
1.0652154195	201.974090576
1.06811791383	202.558258057
1.07102040816	202.909561157
1.07392290249	203.026794434
1.07682539683	203.026794434
1.07972789116	203.026794434
1.08263038549	203.261489868
1.08553287982	203.731658936
1.08843537415	204.438964844
1.09133786848	205.030258179
1.09424036281	205.50453186
1.09714285714	205.50453186
1.10004535147	205.385864258
1.1029478458	205.148727417
1.10585034014	204.911865234
1.10875283447	204.438964844
1.1116553288	204.55708313
1.11455782313	205.26725769
1.11746031746	206.098907471
1.12036281179	207.053497314
1.12326530612	208.012496948
1.12616780045	208.373260498
1.12907029478	208.614120483
1.13197278912	208.734664917
1.13487528345	208.493667603
1.13777777778	208.252944946
1.14068027211	208.012496948
1.14358276644	207.772323608
1.14648526077	207.532440186
1.1493877551	207.292831421
1.15229024943	207.292831421
1.15519274376	207.173126221
1.1580952381	207.173126221
1.16099773243	207.173126221
1.16390022676	206.933929443
1.16680272109	206.695007324
1.16970521542	206.575653076
1.17260770975	206.337142944
1.17551020408	206.337142944
1.17841269841	206.456359863
1.18131519274	206.575653076
1.18421768707	206.456359863
1.18712018141	206.337142944
1.19002267574	206.098907471
1.19292517007	205.860946655
1.1958276644	205.623260498
1.19873015873	205.385864258
1.20163265306	205.26725769
1.20453514739	205.148727417
1.20743764172	205.030258179
1.21034013605	205.030258179
1.21324263039	205.030258179
1.21614512472	205.030258179
1.21904761905	205.030258179
1.22195011338	205.030258179
1.22485260771	204.911865234
1.22775510204	204.793533325
1.23065759637	204.67527771
1.2335600907	204.55708313
1.23646258503	204.438964844
1.23936507937	204.320907593
1.2422675737	204.438964844
1.24517006803	204.438964844
1.24807256236	204.67527771
1.25097505669	204.793533325
1.25387755102	204.911865234
1.25678004535	204.911865234
1.25968253968	204.67527771
1.26258503401	204.438964844
1.26548752834	204.085006714
1.26839002268	203.967163086
1.27129251701	203.849380493
1.27419501134	203.967163086
1.27709750567	204.085006714
1.28	204.320907593
1.28290249433	204.55708313
1.28580498866	204.911865234
1.28870748299	205.148727417
1.29160997732	205.385864258
1.29451247166	205.623260498
1.29741496599	205.742080688
1.30031746032	205.979888916
1.30321995465	206.217987061
1.30612244898	206.575653076
1.30902494331	206.814437866
1.31192743764	207.053497314
1.31482993197	207.173126221
1.3177324263	207.412597656
1.32063492063	207.772323608
1.32353741497	208.252944946
1.3264399093	208.97593689
1.32934240363	209.943847656
1.33224489796	210.429489136
1.33514739229	210.916244507
1.33804988662	211.404129028
1.34095238095	211.8931427
1.34385487528	212.383285522
1.34675736961	212.015563965
1.34965986395	210.916244507
1.35256235828	209.943847656
1.35546485261	209.338378906
1.35836734694	212.015563965
1.36126984127	213.737030029
1.3641723356	213.737030029
1.36707482993	213.613601685
1.36997732426	213.613601685
1.37287981859	213.860519409
1.37578231293	214.231430054
1.37868480726	214.85105896
1.38158730159	215.596969604
1.38448979592	216.345458984
1.38739229025	216.971191406
1.39029478458	217.724456787
1.39319727891	218.48034668
1.39609977324	219.238861084
1.39900226757	219.745986938
1.4019047619	218.985733032
1.40480725624	217.976135254
1.40770975057	217.598739624
1.4106122449	217.850265503
1.41351473923	217.976135254
1.41641723356	217.724456787
1.41931972789	217.347503662
1.42222222222	217.096557617
1.42512471655	216.971191406
1.42802721088	216.845901489
1.43092970522	216.845901489
1.43383219955	216.720687866
1.43673469388	216.720687866
1.43963718821	216.720687866
1.44253968254	216.720687866
1.44544217687	216.720687866
1.4483446712	216.720687866
1.45124716553	216.845901489
1.45414965986	216.971191406
1.4570521542	217.347503662
1.45995464853	217.598739624
1.46285714286	217.976135254
1.46575963719	218.48034668
1.46866213152	218.859268188
1.47156462585	219.365524292
1.47446712018	219.872955322
1.47736961451	221.14666748
1.48027210884	221.658218384
1.48317460317	221.658218384
1.48607709751	221.7862854
1.48897959184	222.042663574
1.49188208617	222.170944214
1.4947845805	221.27444458
1.49768707483	222.042663574
1.50058956916	222.427764893
1.50349206349	222.556274414
1.50639455782	222.813537598
1.50929705215	222.684860229
1.51219954649	222.556274414
1.51510204082	222.556274414
1.51800453515	222.170944214
1.52090702948	221.91444397
1.52380952381	221.530227661
1.52671201814	221.14666748
1.52961451247	220.763778687
1.5325170068	220.763778687
1.53541950113	220.254302979
1.53832199546	219.745986938
1.5412244898	219.238861084
1.54412698413	218.859268188
1.54702947846	218.732894897
1.54993197279	218.606582642
1.55283446712	218.354187012
1.55573696145	218.102081299
1.55863945578	217.976135254
1.56154195011	218.732894897
1.56444444444	220.127120972
1.56734693878	221.14666748
1.57024943311	222.427764893
1.57315192744	222.427764893
1.57605442177	222.042663574
1.5789569161	221.14666748
1.58185941043	219.112258911
1.58476190476	216.720687866
1.58766439909	215.846176147
1.59056689342	214.726989746
1.59346938776	213.366973877
1.59637188209	211.526275635
1.59927437642	209.217498779
1.60217687075	207.772323608
1.60507936508	207.053497314
1.60798185941	206.575653076
1.61088435374	206.575653076
1.61378684807	206.695007324
1.6166893424	206.695007324
1.61959183673	206.695007324
1.62249433107	206.337142944
1.6253968254	205.979888916
1.62829931973	206.217987061
1.63120181406	206.933929443
1.63410430839	207.292831421
1.63700680272	207.892379761
1.63990929705	208.132675171
1.64281179138	208.132675171
1.64571428571	208.132675171
1.64861678005	207.772323608
1.65151927438	207.292831421
1.65442176871	206.695007324
1.65732426304	206.217987061
1.66022675737	205.860946655
1.6631292517	205.623260498
1.66603174603	205.50453186
1.66893424036	205.385864258
1.67183673469	205.623260498
1.67473922902	205.742080688
1.67764172336	205.860946655
1.68054421769	205.979888916
1.68344671202	206.098907471
1.68634920635	206.337142944
1.68925170068	206.814437866
1.69215419501	207.292831421
1.69505668934	208.012496948
1.69795918367	208.614120483
1.700861678	209.096679688
1.70376417234	209.338378906
1.70666666667	209.580352783
1.709569161	209.459335327
1.71247165533	209.217498779
1.71537414966	209.096679688
1.71827664399	208.97593689
1.72117913832	209.096679688
1.72408163265	209.338378906
1.72698412698	209.580352783
1.72988662132	209.943847656
1.73278911565	210.065155029
1.73569160998	210.065155029
1.73859410431	210.065155029
1.74149659864	210.065155029
1.74439909297	209.943847656
1.7473015873	209.822616577
1.75020408163	209.580352783
1.75310657596	209.459335327
1.75600907029	209.338378906
1.75891156463	209.217498779
1.76181405896	209.096679688
1.76471655329	208.734664917
1.76761904762	208.493667603
1.77052154195	208.012496948
1.77342403628	207.65234375
1.77632653061	207.412597656
1.77922902494	207.412597656
1.78213151927	207.532440186
1.78503401361	207.772323608
1.78793650794	207.892379761
1.79083900227	208.132675171
1.7937414966	208.373260498
1.79664399093	208.373260498
1.79954648526	208.493667603
1.80244897959	208.493667603
1.80535147392	208.614120483
1.80825396825	208.614120483
1.81115646259	208.734664917
1.81405895692	208.614120483
1.81696145125	208.493667603
1.81986394558	208.252944946
1.82276643991	207.892379761
1.82566893424	207.532440186
1.82857142857	207.173126221
1.8314739229	207.053497314
1.83437641723	206.814437866
1.83727891156	206.695007324
1.8401814059	206.337142944
1.84308390023	206.217987061
1.84598639456	205.979888916
1.84888888889	205.742080688
1.85179138322	205.50453186
1.85469387755	205.50453186
1.85759637188	205.26725769
1.86049886621	205.148727417
1.86340136054	205.26725769
1.86630385488	205.26725769
1.86920634921	205.385864258
1.87210884354	205.623260498
1.87501133787	205.623260498
1.8779138322	205.742080688
1.88081632653	205.742080688
1.88371882086	205.742080688
1.88662131519	205.742080688
1.88952380952	205.742080688
1.89242630385	205.623260498
1.89532879819	205.742080688
1.89823129252	206.456359863
1.90113378685	207.532440186
1.90403628118	208.493667603
1.90693877551	209.580352783
1.90984126984	210.429489136
1.91274376417	211.038101196
1.9156462585	211.282043457
1.91854875283	211.282043457
1.92145124717	210.916244507
1.9243537415	210.551071167
1.92725623583	210.186523438
1.93015873016	210.186523438
1.93306122449	210.065155029
1.93596371882	210.186523438
1.93886621315	210.30796814
1.94176870748	210.551071167
1.94467120181	210.794448853
1.94757369615	211.038101196
1.95047619048	211.160049438
1.95337868481	210.551071167
1.95628117914	211.160049438
1.95918367347	211.770782471
1.9620861678	212.505996704
1.96498866213	212.75163269
1.96789115646	214.726989746
1.97079365079	215.223678589
1.97369614512	212.015563965
1.97659863946	207.292831421
1.97950113379	204.202926636
1.98240362812	203.967163086
1.98530612245	203.496429443
1.98820861678	204.202926636
1.99111111111	237.842010498
1.99401360544	232.141357422
1.99691609977	229.077667236
1.9998185941	228.945388794
2.00272108844	229.740234375
2.00562358277	231.204620361
2.0085260771	233.216552734
2.01142857143	235.517929077
2.01433106576	237.567398071
2.01723356009	238.943603516
2.02013605442	239.911697388
2.02303854875	240.18901062
2.02594104308	239.773162842
2.02884353741	239.63470459
2.03174603175	239.081665039
2.03464852608	240.466659546
2.03755102041	243.541931152
2.04045351474	245.661224365
2.04335600907	245.519378662
2.0462585034	245.519378662
2.04916099773	245.377593994
2.05206349206	244.811309814
2.05496598639	243.964324951
2.05786848073	243.682647705
2.06077097506	243.964324951
2.06367346939	244.669937134
2.06657596372	245.235900879
2.06947845805	245.519378662
2.07238095238	245.519378662
2.07528344671	245.094284058
2.07818594104	244.387451172
2.08108843537	243.682647705
2.08399092971	243.260742188
2.08689342404	243.120269775
2.08979591837	243.260742188
2.0926984127	243.401290894
2.09560090703	243.682647705
2.09850340136	243.964324951
2.10140589569	244.387451172
2.10430839002	244.952758789
2.10721088435	245.519378662
2.11011337868	245.94519043
2.11301587302	246.514099121
2.11591836735	247.227096558
2.11882086168	247.798965454
2.12172335601	248.228744507
2.12462585034	248.65927124
2.12752834467	248.94670105
2.130430839	249.234451294
2.13333333333	249.234451294
2.13623582766	249.090530396
2.139138322	248.802932739
2.14204081633	248.372161865
2.14494331066	247.942138672
2.14784580499	247.655883789
2.15074829932	247.369934082
2.15365079365	247.512863159
2.15655328798	247.798965454
2.15945578231	248.372161865
2.16235827664	249.810974121
2.16526077098	252.567703247
2.16816326531	254.324447632
2.17106575964	254.030822754
2.17396825397	254.030822754
2.1768707483	254.324447632
2.17977324263	253.591003418
2.18267573696	250.678253174
2.18557823129	249.955307007
2.18848072562	249.810974121
2.19138321995	249.810974121
2.19428571429	249.810974121
2.19718820862	249.955307007
2.20009070295	249.955307007
2.20299319728	249.810974121
2.20589569161	249.378463745
2.20879818594	248.94670105
2.21170068027	248.515670776
2.2146031746	248.085403442
2.21750566893	247.942138672
2.22040816327	247.942138672
2.2233106576	247.798965454
2.22621315193	247.798965454
2.22911564626	247.655883789
2.23201814059	247.655883789
2.23492063492	247.655883789
2.23782312925	247.369934082
2.24072562358	246.656539917
2.24362811791	245.519378662
2.24653061224	243.823440552
2.24943310658	242.69934082
2.25233560091	243.120269775
2.25523809524	242.419128418
2.25814058957	241.720001221
2.2610430839	240.883712769
2.26394557823	239.773162842
2.26684807256	239.081665039
2.26975056689	238.392166138
2.27265306122	238.529907227
2.27555555556	238.667724609
2.27845804989	241.720001221
2.28136054422	245.094284058
2.28426303855	247.084335327
2.28716553288	249.666717529
2.29006802721	251.548553467
2.29297052154	252.713638306
2.29587301587	252.859649658
2.2987755102	251.839309692
2.30167800454	249.955307007
2.30458049887	246.799057007
2.3074829932	241.580413818
2.31038548753	217.473083496
2.31328798186	221.530227661
2.31619047619	219.745986938
2.31909297052	218.606582642
2.32199546485	217.473083496
2.32489795918	216.595535278
2.32780045351	215.472457886
2.33070294785	214.975189209
2.33360544218	214.85105896
2.33650793651	214.355209351
2.33941043084	213.613601685
2.34231292517	213.860519409
2.3452154195	215.099411011
2.34811791383	217.222000122
2.35102040816	219.872955322
2.35392290249	222.170944214
2.35682539683	222.684860229
2.35972789116	222.427764893
2.36263038549	221.530227661
2.36553287982	220.508895874
2.36843537415	219.365524292
2.37133786848	218.228103638
2.37424036281	217.598739624
2.37714285714	217.222000122
2.38004535147	217.222000122
2.3829478458	217.473083496
2.38585034014	218.102081299
2.38875283447	218.859268188
2.3916553288	219.365524292
2.39455782313	219.872955322
2.39746031746	219.872955322
2.40036281179	219.492279053
2.40326530612	218.859268188
2.40616780045	219.238861084
2.40907029478	219.745986938
2.41197278912	220.127120972
2.41487528345	219.872955322
2.41777777778	220.127120972
2.42068027211	221.7862854
2.42358276644	223.328933716
2.42648526077	224.363327026
2.4293877551	224.88230896
2.43229024943	225.272338867
2.43519274376	225.532730103
2.4380952381	225.793426514
2.44099773243	225.793426514
2.44390022676	225.92388916
2.44680272109	225.663040161
2.44970521542	225.402496338
2.45260770975	225.14225769
2.45551020408	224.752456665
2.45841269841	223.457977295
2.46131519274	222.942276001
2.46421768707	222.813537598
2.46712018141	222.684860229
2.47002267574	222.684860229
2.47292517007	222.813537598
2.4758276644	222.299316406
2.47873015873	222.170944214
2.48163265306	222.042663574
2.48453514739	221.91444397
2.48743764172	221.7862854
2.49034013605	222.042663574
2.49324263039	221.402297974
2.49614512472	222.556274414
2.49904761905	222.684860229
2.50195011338	222.556274414
2.50485260771	222.427764893
2.50775510204	221.27444458
2.51065759637	220.763778687
2.5135600907	220.763778687
2.51646258503	220.508895874
2.51936507937	220.381561279
2.5222675737	220.381561279
2.52517006803	221.018966675
2.52807256236	221.402297974
2.53097505669	221.402297974
2.53387755102	221.27444458
2.53678004535	221.27444458
2.53968253968	221.27444458
2.54258503401	221.27444458
2.54548752834	221.7862854
2.54839002268	222.042663574
2.55129251701	222.170944214
2.55419501134	222.299316406
2.55709750567	221.530227661
2.56	220.636306763
2.56290249433	220.254302979
2.56580498866	221.402297974
2.56870748299	221.658218384
2.57160997732	222.170944214
2.57451247166	222.556274414
2.57741496599	221.27444458
2.58031746032	220.763778687
2.58321995465	220.636306763
2.58612244898	220.508895874
2.58902494331	220.891342163
2.59192743764	220.891342163
2.59482993197	220.636306763
2.5977324263	220.0
2.60063492063	220.0
2.60353741497	220.891342163
2.6064399093	222.042663574
2.60934240363	222.813537598
2.61224489796	223.328933716
2.61514739229	223.716278076
2.61804988662	223.845535278
2.62095238095	223.716278076
2.62385487528	223.328933716
2.62675736961	222.556274414
2.62965986395	221.402297974
2.63256235828	220.381561279
2.63546485261	219.492279053
2.63836734694	218.985733032
2.64126984127	219.745986938
2.6441723356	221.018966675
2.64707482993	220.0
2.64997732426	221.018966675
2.65287981859	221.530227661
2.65578231293	222.042663574
2.65868480726	222.684860229
2.66158730159	222.942276001
2.66448979592	223.328933716
2.66739229025	223.328933716
2.67029478458	223.199966431
2.67319727891	223.328933716
2.67609977324	223.716278076
2.67900226757	224.363327026
2.6819047619	224.104278564
2.68480725624	223.845535278
2.68770975057	223.974868774
2.6906122449	224.104278564
2.69351473923	223.587081909
2.69641723356	222.556274414
2.69931972789	221.91444397
2.70222222222	221.27444458
2.70512471655	220.763778687
2.70802721088	218.859268188
2.71092970522	216.971191406
2.71383219955	217.850265503
2.71673469388	219.872955322
2.71963718821	222.042663574
2.72253968254	223.457977295
2.72544217687	223.716278076
2.7283446712	223.071090698
2.73124716553	222.170944214
2.73414965986	221.14666748
2.7370521542	219.872955322
2.73995464853	218.606582642
2.74285714286	217.347503662
2.74575963719	215.97088623
2.74866213152	214.107727051
2.75156462585	213.366973877
2.75446712018	214.602996826
2.75736961451	217.598739624
2.76027210884	222.427764893
2.76317460317	226.185043335
2.76607709751	228.681060791
2.76897959184	230.671035767
2.77188208617	230.671035767
2.7747845805	227.232650757
2.77768707483	222.556274414
2.78058956916	217.976135254
2.78349206349	214.975189209
2.78639455782	212.505996704
2.78929705215	210.186523438
2.79219954649	207.772323608
2.79510204082	206.814437866
2.79800453515	208.493667603
2.80090702948	212.138061523
2.80380952381	216.720687866
2.80671201814	220.636306763
2.80961451247	224.88230896
2.8125170068	219.619094849
2.81541950113	220.127120972
2.81832199546	220.636306763
2.8212244898	229.210037231
2.82412698413	221.530227661
2.82702947846	216.470458984
2.82993197279	208.012496948
2.83283446712	201.740890503
2.83573696145	198.275100708
2.83863945578	195.658370972
2.84154195011	193.746490479
2.84444444444	192.186035156
2.84734693878	190.968780518
2.85024943311	190.528060913
2.85315192744	190.748306274
2.85605442177	193.970443726
2.8589569161	197.589126587
2.86185941043	200.347366333
2.86476190476	203.026794434
2.86766439909	205.50453186
2.87056689342	204.911865234
2.87346938776	200.463119507
2.87637188209	194.868850708
2.87927437642	191.631790161
2.88217687075	190.858505249
2.88507936508	191.189529419
2.88798185941	192.186035156
2.89088435374	195.884536743
2.89378684807	201.391601562
2.8966893424	203.731658936
2.89959183673	205.030258179
2.90249433107	205.979888916
2.9053968254	205.623260498
2.90829931973	205.148727417
2.91120181406	203.614013672
2.91410430839	201.391601562
2.91700680272	198.618988037
2.91990929705	195.658370972
2.92281179138	193.187744141
2.92571428571	191.853286743
2.92861678005	191.410522461
2.93151927438	191.853286743
2.93442176871	193.187744141
2.93732426304	194.981445312
2.94022675737	196.110961914
2.9431292517	195.77142334
2.94603174603	193.522796631
2.94893424036	192.519363403
2.95183673469	193.634613037
2.95473922902	194.981445312
2.95764172336	203.849380493
2.96054421769	203.378921509
2.96344671202	204.438964844
2.96634920635	204.911865234
2.96925170068	204.438964844
2.97215419501	203.967163086
2.97505668934	203.849380493
2.97795918367	204.202926636
2.980861678	204.793533325
2.98376417234	205.50453186
2.98666666667	206.217987061
2.989569161	206.695007324
2.99247165533	206.814437866
2.99537414966	206.695007324
2.99827664399	206.695007324
3.00117913832	206.695007324
3.00408163265	206.933929443
3.00698412698	207.292831421
3.00988662132	208.012496948
3.01278911565	208.855270386
3.01569160998	209.943847656
3.01859410431	211.160049438
3.02149659864	212.138061523
3.02439909297	212.874557495
3.0273015873	213.984085083
3.03020408163	214.975189209
3.03310657596	215.846176147
3.03600907029	216.595535278
3.03891156463	217.222000122
3.04181405896	218.228103638
3.04471655329	218.732894897
3.04761904762	219.112258911
3.05052154195	219.238861084
3.05342403628	222.042663574
3.05632653061	226.315734863
3.05922902494	226.708251953
3.06213151927	226.970306396
3.06503401361	227.10144043
3.06793650794	226.970306396
3.07083900227	226.839233398
3.0737414966	226.577331543
3.07664399093	226.577331543
3.07954648526	225.793426514
3.08244897959	225.402496338
3.08535147392	225.272338867
3.08825396825	225.532730103
3.09115646259	225.012252808
3.09405895692	225.012252808
3.09696145125	225.14225769
3.09986394558	225.012252808
3.10276643991	224.752456665
3.10566893424	223.974868774
3.10857142857	223.328933716
3.1114739229	222.427764893
3.11437641723	222.042663574
3.11727891156	222.684860229
3.1201814059	222.684860229
3.12308390023	222.556274414
3.12598639456	222.299316406
3.12888888889	222.042663574
3.13179138322	221.7862854
3.13469387755	221.530227661
3.13759637188	221.7862854
3.14049886621	221.7862854
3.14340136054	222.042663574
3.14630385488	222.427764893
3.14920634921	222.427764893
3.15210884354	222.684860229
3.15501133787	222.684860229
3.1579138322	222.684860229
3.16081632653	222.556274414
3.16371882086	222.556274414
3.16662131519	222.427764893
3.16952380952	222.427764893
3.17242630385	222.427764893
3.17532879819	222.299316406
3.17823129252	222.170944214
3.18113378685	222.042663574
3.18403628118	222.042663574
3.18693877551	222.299316406
3.18984126984	222.813537598
3.19274376417	222.942276001
3.1956462585	222.684860229
3.19854875283	222.684860229
3.20145124717	222.684860229
3.2043537415	222.813537598
3.20725623583	222.427764893
3.21015873016	222.299316406
3.21306122449	222.299316406
3.21596371882	222.170944214
3.21886621315	222.170944214
3.22176870748	222.299316406
3.22467120181	222.299316406
3.22757369615	222.170944214
3.23047619048	222.170944214
3.23337868481	222.042663574
3.23628117914	221.402297974
3.23918367347	221.530227661
3.2420861678	221.530227661
3.24498866213	221.402297974
3.24789115646	221.402297974
3.25079365079	221.14666748
3.25369614512	220.763778687
3.25659863946	220.508895874
3.25950113379	220.381561279
3.26240362812	219.745986938
3.26530612245	220.0
3.26820861678	220.127120972
3.27111111111	220.0
3.27401360544	220.0
3.27691609977	219.745986938
3.2798185941	219.238861084
3.28272108844	218.48034668
3.28562358277	217.850265503
3.2885260771	217.222000122
3.29142857143	216.720687866
3.29433106576	216.220535278
3.29723356009	215.97088623
3.30013605442	216.095672607
3.30303854875	216.345458984
3.30594104308	216.845901489
3.30884353741	217.598739624
3.31174603175	218.228103638
3.31464852608	218.732894897
3.31755102041	219.112258911
3.32045351474	219.112258911
3.32335600907	219.238861084
3.3262585034	219.238861084
3.32916099773	219.365524292
3.33206349206	219.112258911
3.33496598639	218.859268188
3.33786848073	218.48034668
3.34077097506	217.976135254
3.34367346939	217.347503662
3.34657596372	216.720687866
3.34947845805	216.095672607
3.35238095238	215.7215271
3.35528344671	215.472457886
3.35818594104	215.099411011
3.36108843537	216.595535278
3.36399092971	218.102081299
3.36689342404	218.354187012
3.36979591837	218.859268188
3.3726984127	216.845901489
3.37560090703	216.470458984
3.37850340136	216.220535278
3.38140589569	215.846176147
3.38430839002	215.34803772
3.38721088435	214.602996826
3.39011337868	213.737030029
3.39301587302	212.75163269
3.39591836735	211.404129028
3.39882086168	210.30796814
3.40172335601	209.338378906
3.40462585034	208.855270386
3.40752834467	208.734664917
3.410430839	208.855270386
3.41333333333	208.855270386
3.41623582766	212.75163269
3.419138322	214.479064941
3.42204081633	215.7215271
3.42494331066	216.720687866
3.42784580499	217.096557617
3.43074829932	216.720687866
3.43365079365	215.846176147
3.43655328798	214.355209351
3.43945578231	213.737030029
3.44235827664	212.997558594
3.44526077098	212.015563965
3.44816326531	211.404129028
3.45106575964	211.282043457
3.45396825397	211.526275635
3.4568707483	212.138061523
3.45977324263	214.479064941
3.46267573696	217.096557617
3.46557823129	219.112258911
3.46848072562	219.238861084
3.47138321995	214.975189209
3.47428571429	165.768539429
3.47718820862	165.481521606
3.48009070295	166.728820801
3.48299319728	167.211044312
3.48589569161	167.597839355
3.48879818594	166.728820801
3.49170068027	167.985519409
3.4946031746	169.545227051
3.49750566893	170.527389526
3.50040816327	171.614349365
3.5033106576	173.407974243
3.50621315193	167.597839355
3.50911564626	166.825149536
3.51201814059	166.344039917
3.51492063492	165.481521606
3.51782312925	167.114486694
3.52072562358	164.718612671
3.52362811791	164.62348938
3.52653061224	165.099624634
3.52943310658	166.056045532
3.53233560091	170.035598755
3.53523809524	170.921859741
3.53814058957	175.727127075
3.5410430839	174.110534668
3.54394557823	173.508163452
3.54684807256	173.608413696
3.54975056689	174.412506104
3.55265306122	175.727127075
3.55555555556	177.358703613
3.55845804989	178.695526123
3.56136054422	174.311798096
3.56426303855	173.708724976
3.56716553288	171.119430542
3.57006802721	172.907867432
3.57297052154	173.10774231
3.57587301587	172.907867432
3.5787755102	172.011322021
3.58167800454	173.909515381
3.58458049887	174.311798096
3.5874829932	174.614120483
3.59038548753	174.815948486
3.59328798186	175.01802063
3.59619047619	175.119155884
3.59909297052	175.321578979
3.60199546485	175.524230957
3.60489795918	175.828659058
3.60780045351	176.235366821
3.61070294785	176.337203979
3.61360544218	176.643035889
3.61650793651	176.949401855
3.61941043084	177.051635742
3.62231292517	176.949401855
3.6252154195	176.949401855
3.62811791383	176.847213745
3.63102040816	177.051635742
3.63392290249	177.563720703
3.63682539683	177.256286621
3.63972789116	177.153930664
3.64263038549	177.256286621
3.64553287982	177.256286621
3.64843537415	177.153930664
3.65133786848	176.745101929
3.65424036281	176.337203979
3.65714285714	176.133605957
3.66004535147	175.930252075
3.6629478458	175.930252075
3.66585034014	176.337203979
3.66875283447	176.847213745
3.6716553288	177.461181641
3.67455782313	177.871688843
3.67746031746	177.871688843
3.68036281179	177.768966675
3.68326530612	178.077285767
3.68616780045	178.283126831
3.68907029478	178.077285767
3.69197278912	177.974456787
3.69487528345	178.180175781
3.69777777778	178.386138916
3.70068027211	178.180175781
3.70358276644	178.695526123
3.70648526077	178.902084351
3.7093877551	178.902084351
3.71229024943	178.902084351
3.71519274376	178.077285767
3.7180952381	178.902084351
3.72099773243	179.212371826
3.72390022676	179.005447388
3.72680272109	178.798782349
3.72970521542	179.10887146
3.73260770975	179.626907349
3.73551020408	180.250534058
3.73841269841	180.563156128
3.74131519274	180.458892822
3.74421768707	179.83454895
3.74712018141	178.283126831
3.75002267574	178.283126831
3.75292517007	178.695526123
3.7558276644	178.592330933
3.75873015873	177.974456787
3.76163265306	177.256286621
3.76453514739	177.563720703
3.76743764172	178.077285767
3.77034013605	178.386138916
3.77324263039	178.386138916
3.77614512472	178.283126831
3.77904761905	178.077285767
3.78195011338	178.180175781
3.78485260771	178.180175781
3.78775510204	178.592330933
3.79065759637	178.592330933
3.7935600907	177.358703613
3.79646258503	176.235366821
3.79936507937	175.524230957
3.8022675737	175.01802063
3.80517006803	174.715011597
3.80807256236	174.412506104
3.81097505669	174.311798096
3.81387755102	174.91696167
3.81678004535	176.031890869
3.81968253968	176.643035889
3.82258503401	177.153930664
3.82548752834	177.461181641
3.82839002268	177.256286621
3.83129251701	176.643035889
3.83419501134	175.119155884
3.83709750567	174.110534668
3.84	172.808029175
3.84290249433	171.51524353
3.84580498866	170.035598755
3.84870748299	169.937408447
3.85160997732	174.412506104
3.85451247166	174.412506104
3.85741496599	175.727127075
3.86031746032	177.358703613
3.86321995465	178.695526123
3.86612244898	180.250534058
3.86902494331	182.239654541
3.87192743764	184.144317627
3.87482993197	185.425140381
3.8777324263	185.318069458
3.88063492063	184.037979126
3.88353741497	182.661193848
3.8864399093	180.980819702
3.88934240363	179.83454895
3.89224489796	177.768966675
3.89514739229	175.930252075
3.89804988662	174.009994507
3.90095238095	172.309646606
3.90385487528	171.614349365
3.90675736961	171.218292236
3.90965986395	170.823150635
3.91256235828	170.625930786
3.91546485261	170.330505371
3.91836734694	170.133850098
3.92126984127	169.643188477
3.9241723356	168.082580566
3.92707482993	166.056045532
3.92997732426	165.960144043
3.93287981859	165.672805786
3.93578231293	165.385971069
3.93868480726	165.00428772
3.94158730159	164.718612671
3.94448979592	164.433410645
3.94739229025	164.338470459
3.95029478458	164.528427124
3.95319727891	164.718612671
3.95609977324	165.099624634
3.95900226757	165.385971069
3.9619047619	165.672805786
3.96480725624	165.960144043
3.96770975057	166.056045532
3.9706122449	166.344039917
3.97351473923	166.536315918
3.97641723356	166.728820801
3.97931972789	166.921539307
3.98222222222	167.114486694
3.98512471655	167.114486694
3.98802721088	167.017990112
3.99092970522	169.741210938
3.99383219955	169.937408447
3.99673469388	169.44732666
3.99963718821	168.958648682
4.00253968254	168.666122437
4.00544217687	168.374099731
4.0083446712	168.276870728
4.01124716553	168.374099731
4.01414965986	168.568725586
4.0170521542	168.861083984
4.01995464853	169.251678467
4.02285714286	169.44732666
4.02575963719	169.056274414
4.02866213152	168.082580566
4.03156462585	167.694671631
4.03446712018	167.404327393
4.03736961451	166.728820801
4.04027210884	166.536315918
4.04317460317	166.344039917
4.04607709751	166.24798584
4.04897959184	166.056045532
4.05188208617	166.056045532
4.0547845805	166.825149536
4.05768707483	166.921539307
4.06058956916	166.825149536
4.06349206349	166.440155029
4.06639455782	166.056045532
4.06929705215	165.577148438
4.07219954649	165.385971069
4.07510204082	165.481521606
4.07800453515	165.960144043
4.08090702948	166.536315918
4.08380952381	167.017990112
4.08671201814	167.404327393
4.08961451247	167.597839355
4.0925170068	167.791564941
4.09541950113	167.694671631
4.09832199546	167.211044312
4.1012244898	166.536315918
4.10412698413	166.344039917
4.10702947846	166.344039917
4.10993197279	166.728820801
4.11283446712	167.307662964
4.11573696145	167.888519287
4.11863945578	168.1796875
4.12154195011	168.1796875
4.12444444444	167.791564941
4.12734693878	166.825149536
4.13024943311	166.921539307
4.13315192744	168.082580566
4.13605442177	167.888519287
4.1389569161	167.694671631
4.14185941043	166.151977539
4.14476190476	165.768539429
4.14766439909	166.632537842
4.15056689342	167.597839355
4.15346938776	168.276870728
4.15637188209	168.276870728
4.15927437642	167.985519409
4.16217687075	167.211044312
4.16507936508	166.536315918
4.16798185941	166.056045532
4.17088435374	165.960144043
4.17378684807	166.151977539
4.1766893424	166.632537842
4.17959183673	167.307662964
4.18249433107	167.985519409
4.1853968254	168.374099731
4.18829931973	168.082580566
4.19120181406	166.151977539
4.19410430839	166.825149536
4.19700680272	166.440155029
4.19990929705	166.24798584
4.20281179138	165.099624634
4.20571428571	166.536315918
4.20861678005	168.1796875
4.21151927438	167.694671631
4.21442176871	168.471374512
4.21732426304	168.958648682
4.22022675737	169.251678467
4.2231292517	169.349472046
4.22603174603	168.958648682
4.22893424036	168.471374512
4.23183673469	167.791564941
4.23473922902	165.577148438
4.23764172336	165.960144043
4.24054421769	165.290466309
4.24344671202	164.909011841
4.24634920635	164.813781738
4.24925170068	165.00428772
4.25215419501	168.763565063
4.25505668934	167.791564941
4.25795918367	166.151977539
4.260861678	165.577148438
4.26376417234	165.385971069
4.26666666667	165.290466309
4.269569161	165.099624634
4.27247165533	165.672805786
4.27537414966	166.728820801
4.27827664399	165.195022583
4.28117913832	165.00428772
4.28408163265	164.813781738
4.28698412698	164.718612671
4.28988662132	164.62348938
4.29278911565	165.672805786
4.29569160998	164.053939819
4.29859410431	165.195022583
4.30149659864	165.290466309
4.30439909297	164.528427124
4.3073015873	165.481521606
4.31020408163	165.195022583
4.31310657596	164.528427124
4.31600907029	164.053939819
4.31891156463	163.769897461
4.32181405896	163.580810547
4.32471655329	163.959197998
4.32761904762	164.62348938
4.33052154195	165.290466309
4.33342403628	165.864318848
4.33632653061	166.440155029
4.33922902494	166.056045532
4.34213151927	167.211044312
4.34503401361	167.017990112
4.34793650794	166.24798584
4.35083900227	165.099624634
4.3537414966	163.769897461
4.35664399093	167.114486694
4.35954648526	161.701919556
4.36244897959	159.844619751
4.36535147392	158.282699585
4.36825396825	162.920730591
4.37115646259	161.888839722
4.37405895692	164.433410645
4.37696145125	165.290466309
4.37986394558	165.672805786
4.38276643991	165.672805786
4.38566893424	166.344039917
4.38857142857	166.344039917
4.3914739229	166.825149536
4.39437641723	166.344039917
4.39727891156	166.056045532
4.4001814059	166.344039917
4.40308390023	166.344039917
4.40598639456	166.728820801
4.40888888889	167.211044312
4.41179138322	167.211044312
4.41469387755	167.501052856
4.41759637188	167.597839355
4.42049886621	167.694671631
4.42340136054	167.791564941
4.42630385488	168.082580566
4.42920634921	168.666122437
4.43210884354	171.119430542
4.43501133787	171.614349365
4.4379138322	172.409210205
4.44081632653	173.708724976
4.44371882086	175.524230957
4.44662131519	178.180175781
4.44952380952	181.294708252
4.45242630385	183.401260376
4.45532879819	182.766738892
4.45823129252	182.239654541
4.46113378685	180.250534058
4.46403628118	177.461181641
4.46693877551	173.407974243
4.46984126984	171.218292236
4.47274376417	169.44732666
4.4756462585	167.307662964
4.47854875283	166.825149536
4.48145124717	166.536315918
4.4843537415	166.151977539
4.48725623583	167.307662964
4.49015873016	167.404327393
4.49306122449	167.307662964
4.49596371882	167.307662964
4.49886621315	167.211044312
4.50176870748	171.614349365
4.50467120181	170.625930786
4.50757369615	169.643188477
4.51047619048	168.763565063
4.51337868481	168.082580566
4.51628117914	167.985519409
4.51918367347	168.276870728
4.5220861678	168.958648682
4.52498866213	169.545227051
4.52789115646	170.035598755
4.53079365079	169.937408447
4.53369614512	169.44732666
4.53659863946	168.763565063
4.53950113379	168.471374512
4.54240362812	168.471374512
4.54530612245	168.958648682
4.54820861678	169.839279175
4.55111111111	170.921859741
4.55401360544	172.011322021
4.55691609977	172.907867432
4.5598185941	173.508163452
4.56272108844	173.708724976
4.56562358277	173.608413696
4.5685260771	173.407974243
4.57142857143	172.907867432
4.57433106576	172.708236694
4.57723356009	172.608505249
4.58013605442	172.808029175
4.58303854875	172.907867432
4.58594104308	172.907867432
4.58884353741	173.007766724
4.59174603175	173.207748413
4.59464852608	173.307830811
4.59755102041	173.608413696
4.60045351474	173.809082031
4.60335600907	174.311798096
4.6062585034	174.815948486
4.60916099773	175.220336914
4.61206349206	175.422866821
4.61496598639	175.625640869
4.61786848073	174.614120483
4.62077097506	175.524230957
4.62367346939	175.930252075
4.62657596372	176.133605957
4.62947845805	176.337203979
4.63238095238	176.337203979
4.63528344671	177.461181641
4.63818594104	178.386138916
4.64108843537	179.419525146
4.64399092971	180.042419434
4.64689342404	180.354675293
4.64979591837	180.458892822
4.6526984127	180.354675293
4.65560090703	180.250534058
4.65850340136	179.83454895
4.66140589569	179.005447388
4.66430839002	180.354675293
4.66721088435	180.876312256
4.67011337868	181.1900177
4.67301587302	181.294708252
4.67591836735	181.1900177
4.67882086168	179.938446045
4.68172335601	180.250534058
4.68462585034	179.10887146
4.68752834467	178.592330933
4.690430839	178.180175781
4.69333333333	178.283126831
4.69623582766	178.386138916
4.699138322	178.386138916
4.70204081633	178.592330933
4.70494331066	178.077285767
4.70784580499	177.358703613
4.71074829932	177.051635742
4.71365079365	176.949401855
4.71655328798	176.745101929
4.71945578231	176.643035889
4.72235827664	176.439086914
4.72526077098	176.133605957
4.72816326531	175.727127075
4.73106575964	175.321578979
4.73396825397	175.119155884
4.7368707483	175.321578979
4.73977324263	175.625640869
4.74267573696	175.930252075
4.74557823129	176.235366821
4.74848072562	176.337203979
4.75138321995	176.439086914
4.75428571429	176.949401855
4.75718820862	177.051635742
4.76009070295	176.745101929
4.76299319728	176.235366821
4.76589569161	175.828659058
4.76879818594	175.524230957
4.77170068027	175.524230957
4.7746031746	175.119155884
4.77750566893	174.614120483
4.78040816327	174.715011597
4.7833106576	175.422866821
4.78621315193	175.930252075
4.78911564626	176.235366821
4.79201814059	176.337203979
4.79492063492	176.541030884
4.79782312925	176.745101929
4.80072562358	176.745101929
4.80362811791	176.235366821
4.80653061224	175.930252075
4.80943310658	175.422866821
4.81233560091	175.119155884
4.81523809524	175.01802063
4.81814058957	174.91696167
4.8210430839	174.815948486
4.82394557823	174.815948486
4.82684807256	174.91696167
4.82975056689	175.119155884
4.83265306122	175.321578979
4.83555555556	175.625640869
4.83845804989	176.031890869
4.84136054422	176.439086914
4.84426303855	176.949401855
4.84716553288	176.949401855
4.85006802721	176.745101929
4.85297052154	176.133605957
4.85587301587	175.119155884
4.8587755102	173.809082031
4.86167800454	173.207748413
4.86458049887	171.911987305
4.8674829932	171.614349365
4.87038548753	172.210144043
4.87328798186	176.235366821
4.87619047619	0.0
4.87909297052	0.0
4.88199546485	0.0
4.88489795918	0.0
4.88780045351	0.0
4.89070294785	0.0
4.89360544218	0.0
4.89650793651	0.0
4.89941043084	0.0
4.90231292517	0.0
4.9052154195	0.0
4.90811791383	0.0
4.91102040816	0.0
4.91392290249	0.0
4.91682539683	0.0
4.91972789116	0.0
4.92263038549	0.0
4.92553287982	0.0
4.92843537415	0.0
4.93133786848	0.0
4.93424036281	0.0
4.93714285714	0.0
4.94004535147	0.0
4.9429478458	0.0
4.94585034014	0.0
4.94875283447	0.0
4.9516553288	0.0
4.95455782313	0.0
4.95746031746	0.0
4.96036281179	0.0
4.96326530612	0.0
4.96616780045	0.0
4.96907029478	0.0
4.97197278912	0.0
4.97487528345	0.0
4.97777777778	0.0
4.98068027211	0.0
4.98358276644	0.0
4.98648526077	0.0
4.9893877551	0.0
4.99229024943	0.0
4.99519274376	0.0
4.9980952381	0.0
5.00099773243	0.0
5.00390022676	0.0
5.00680272109	0.0
5.00970521542	0.0
5.01260770975	0.0
5.01551020408	0.0
5.01841269841	0.0
5.02131519274	0.0
5.02421768707	0.0
5.02712018141	0.0
5.03002267574	0.0
5.03292517007	0.0
5.0358276644	0.0
5.03873015873	0.0
5.04163265306	0.0
5.04453514739	0.0
5.04743764172	0.0
5.05034013605	0.0
5.05324263039	0.0
5.05614512472	0.0
5.05904761905	0.0
5.06195011338	0.0
5.06485260771	0.0
5.06775510204	0.0
5.07065759637	0.0
5.0735600907	0.0
5.07646258503	0.0
5.07936507937	0.0
5.0822675737	0.0
5.08517006803	0.0
5.08807256236	0.0
5.09097505669	0.0
5.09387755102	0.0
5.09678004535	0.0
5.09968253968	0.0
5.10258503401	0.0
5.10548752834	0.0
5.10839002268	0.0
5.11129251701	0.0
5.11419501134	0.0
5.11709750567	0.0
5.12	0.0
5.12290249433	0.0
5.12580498866	0.0
5.12870748299	0.0
5.13160997732	124.905487061
5.13451247166	124.905487061
5.13741496599	124.905487061
5.14031746032	122.688796997
5.14321995465	121.770965576
5.14612244898	121.911720276
5.14902494331	122.830612183
5.15192743764	124.473350525
5.15482993197	126.795501709
5.1577324263	126.138046265
5.16063492063	125.774276733
5.16353741497	125.339126587
5.1664399093	124.689231873
5.16934240363	124.042701721
5.17224489796	123.613548279
5.17514739229	123.043647766
5.17804988662	122.476379395
5.18095238095	122.547142029
5.18385487528	124.617225647
5.18675736961	125.629058838
5.18965986395	126.795501709
5.19256235828	127.898872375
5.19546485261	128.639785767
5.19836734694	128.342910767
5.20126984127	125.919654846
5.2041723356	123.613548279
5.20707482993	123.043647766
5.20997732426	122.972595215
5.21287981859	123.185874939
5.21578231293	124.40146637
5.21868480726	126.942062378
5.22158730159	129.834182739
5.22448979592	131.95111084
5.22739229025	133.561431885
5.23029478458	134.568130493
5.23319727891	135.26953125
5.23609977324	135.739151001
5.23900226757	136.446640015
5.2419047619	137.475082397
5.24480725624	140.769699097
5.24770975057	141.095321655
5.2506122449	138.191619873
5.25351473923	136.131744385
5.25641723356	134.87940979
5.25931972789	132.945678711
5.26222222222	129.534545898
5.26512471655	129.01184082
5.26802721088	129.086380005
5.27092970522	129.98425293
5.27383219955	132.409210205
5.27673469388	135.974563599
5.27963718821	140.039794922
5.28253968254	142.817245483
5.28544217687	143.064941406
5.2883446712	143.72756958
5.29124716553	145.229736328
5.29414965986	146.408920288
5.2970521542	147.087051392
5.29995464853	147.512466431
5.30285714286	147.68296814
5.30575963719	147.597702026
5.30866213152	147.342147827
5.31156462585	147.257064819
5.31446712018	147.257064819
5.31736961451	147.342147827
5.32027210884	147.342147827
5.32317460317	147.768310547
5.32607709751	148.538497925
5.32897959184	148.882080078
5.33188208617	149.140304565
5.3347845805	149.140304565
5.33768707483	149.312698364
5.34058956916	149.05418396
5.34349206349	148.882080078
5.34639455782	148.796112061
5.34929705215	148.796112061
5.35219954649	148.882080078
5.35510204082	149.140304565
5.35800453515	149.312698364
5.36090702948	149.658081055
5.36380952381	149.831069946
5.36671201814	150.177658081
5.36961451247	150.525039673
5.3725170068	150.525039673
5.37541950113	151.047622681
5.37832199546	151.222229004
5.3812244898	151.48449707
5.38412698413	151.747238159
5.38702947846	152.450073242
5.38993197279	151.922637939
5.39283446712	152.186126709
5.39573696145	153.776687622
5.39863945578	154.221466064
5.40154195011	153.776687622
5.40444444444	153.244659424
5.40734693878	152.9793396
5.41024943311	152.098251343
5.41315192744	151.834915161
5.41605442177	150.87322998
5.4189569161	150.004272461
5.42185941043	149.658081055
5.42476190476	148.968109131
5.42766439909	148.796112061
5.43056689342	148.624313354
5.43346938776	148.19569397
5.43637188209	147.68296814
5.43927437642	147.257064819
5.44217687075	147.002105713
5.44507936508	146.747589111
5.44798185941	146.662857056
5.45088435374	146.578170776
5.45378684807	146.324386597
5.4566893424	146.155441284
5.45959183673	145.986694336
5.46249433107	145.902389526
5.4653968254	145.818145752
5.46829931973	145.902389526
5.47120181406	145.986694336
5.47410430839	146.324386597
5.47700680272	146.493515015
5.47990929705	146.747589111
5.48281179138	146.917221069
5.48571428571	146.917221069
5.48861678005	146.408920288
5.49151927438	145.818145752
5.49442176871	145.313644409
5.49732426304	144.978286743
5.50022675737	145.145874023
5.5031292517	145.397613525
5.50603174603	145.649780273
5.50893424036	145.649780273
5.51183673469	145.229736328
5.51473922902	144.978286743
5.51764172336	144.560180664
5.52054421769	144.309890747
5.52344671202	144.393264771
5.52634920635	144.978286743
5.52925170068	145.986694336
5.53215419501	147.002105713
5.53505668934	147.939117432
5.53795918367	148.624313354
5.540861678	148.882080078
5.54376417234	149.140304565
5.54666666667	149.226470947
5.549569161	149.226470947
5.55247165533	149.658081055
5.55537414966	149.744552612
5.55827664399	149.571655273
5.56117913832	149.226470947
5.56408163265	147.939117432
5.56698412698	147.427276611
5.56988662132	147.342147827
5.57278911565	146.832382202
5.57569160998	145.986694336
5.57859410431	145.733932495
5.58149659864	145.902389526
5.58439909297	146.071044922
5.5873015873	146.071044922
5.59020408163	146.324386597
5.59310657596	146.324386597
5.59600907029	146.071044922
5.59891156463	145.649780273
5.60181405896	144.978286743
5.60471655329	145.313644409
5.60761904762	145.481613159
5.61052154195	145.313644409
5.61342403628	145.062057495
5.61632653061	144.727279663
5.61922902494	144.560180664
5.62213151927	144.894561768
5.62503401361	145.313644409
5.62793650794	145.818145752
5.63083900227	146.324386597
5.6337414966	146.832382202
5.63664399093	147.342147827
5.63954648526	147.68296814
5.64244897959	147.768310547
5.64535147392	147.597702026
5.64825396825	147.257064819
5.65115646259	146.917221069
5.65405895692	146.662857056
5.65696145125	146.408920288
5.65986394558	147.939117432
5.66276643991	148.710189819
5.66566893424	149.226470947
5.66857142857	149.312698364
5.6714739229	149.398971558
5.67437641723	149.485290527
5.67727891156	148.366989136
5.6801814059	148.024597168
5.68308390023	148.19569397
5.68598639456	148.624313354
5.68888888889	148.796112061
5.69179138322	153.599151611
5.69469387755	150.43812561
5.69759637188	148.452713013
5.70049886621	145.986694336
5.70340136054	143.893707275
5.70630385488	143.478729248
5.70920634921	144.2265625
5.71210884354	145.481613159
5.71501133787	146.747589111
5.7179138322	147.939117432
5.72081632653	149.312698364
5.72371882086	150.177658081
5.72662131519	147.939117432
5.72952380952	146.071044922
5.73242630385	145.145874023
5.73532879819	144.810897827
5.73823129252	145.565673828
5.74113378685	147.68296814
5.74403628118	148.624313354
5.74693877551	146.155441284
5.74984126984	147.512466431
5.75274376417	148.538497925
5.7556462585	149.312698364
5.75854875283	152.010421753
5.76145124717	196.67817688
5.7643537415	195.997711182
5.76725623583	195.545394897
5.77015873016	195.319610596
5.77306122449	195.094100952
5.77596371882	195.094100952
5.77886621315	195.206832886
5.78176870748	195.884536743
5.78467120181	196.905517578
5.78757369615	196.337646484
5.79047619048	195.884536743
5.79337868481	195.997711182
5.79628117914	196.67817688
5.79918367347	197.589126587
5.8020861678	197.703292847
5.80498866213	197.133117676
5.80789115646	196.564605713
5.81079365079	196.451095581
5.81369614512	196.791809082
5.81659863946	196.451095581
5.81950113379	194.756332397
5.82240362812	193.41104126
5.82530612245	193.970443726
5.82820861678	195.997711182
5.83111111111	197.589126587
5.83401360544	197.360992432
5.83691609977	196.110961914
5.8398185941	194.868850708
5.84272108844	193.299362183
5.84562358277	192.075057983
5.8485260771	192.741897583
5.85142857143	193.522796631
5.85433106576	195.094100952
5.85723356009	195.997711182
5.86013605442	197.360992432
5.86303854875	198.275100708
5.86594104308	198.618988037
5.86884353741	198.618988037
5.87174603175	198.389663696
5.87464852608	198.50428772
5.87755102041	198.160614014
5.88045351474	197.817520142
5.88335600907	197.247024536
5.8862585034	196.791809082
5.88916099773	196.564605713
5.89206349206	196.110961914
5.89496598639	195.319610596
5.89786848073	195.206832886
5.90077097506	194.643859863
5.90367346939	194.756332397
5.90657596372	195.094100952
5.90947845805	195.4324646
5.91238095238	0.0
5.91528344671	0.0
5.91818594104	0.0
5.92108843537	0.0
5.92399092971	0.0
5.92689342404	0.0
5.92979591837	0.0
5.9326984127	0.0
5.93560090703	0.0
5.93850340136	0.0
5.94140589569	0.0
5.94430839002	0.0
