0.0	0.0
0.00290249433107	0.0
0.00580498866213	0.0
0.0087074829932	0.0
0.0116099773243	0.0
0.0145124716553	0.0
0.0174149659864	0.0
0.0203174603175	0.0
0.0232199546485	0.0
0.0261224489796	0.0
0.0290249433107	0.0
0.0319274376417	0.0
0.0348299319728	0.0
0.0377324263039	0.0
0.0406349206349	0.0
0.043537414966	0.0
0.0464399092971	0.0
0.0493424036281	0.0
0.0522448979592	0.0
0.0551473922902	0.0
0.0580498866213	0.0
0.0609523809524	0.0
0.0638548752834	0.0
0.0667573696145	0.0
0.0696598639456	0.0
0.0725623582766	0.0
0.0754648526077	0.0
0.0783673469388	263.141143799
0.0812698412698	262.079315186
0.0841723356009	261.927978516
0.087074829932	262.079315186
0.089977324263	262.382263184
0.0928798185941	262.837341309
0.0957823129252	262.685546875
0.0986848072562	262.230743408
0.101587301587	261.776733398
0.104489795918	260.871063232
0.107392290249	260.269012451
0.11029478458	260.419372559
0.113197278912	260.118713379
0.116099773243	260.871063232
0.119002267574	262.079315186
0.121904761905	263.141143799
0.124807256236	264.359924316
0.127709750567	264.971435547
0.130612244898	265.584350586
0.133514739229	265.737823486
0.13641723356	265.584350586
0.139319727891	265.277709961
0.142222222222	264.971435547
0.145124716553	264.665496826
0.148027210884	264.207275391
0.150929705215	264.207275391
0.153832199546	264.207275391
0.156734693878	264.207275391
0.159637188209	264.207275391
0.16253968254	264.207275391
0.165442176871	263.90222168
0.168344671202	263.4453125
0.171247165533	262.837341309
0.174149659864	262.382263184
0.177052154195	261.927978516
0.179954648526	261.927978516
0.182857142857	261.927978516
0.185759637188	262.230743408
0.188662131519	262.685546875
0.19156462585	263.141143799
0.194467120181	263.293182373
0.197369614512	263.4453125
0.200272108844	263.293182373
0.203174603175	263.293182373
0.206077097506	262.989196777
0.208979591837	262.837341309
0.211882086168	262.989196777
0.214784580499	262.989196777
0.21768707483	263.141143799
0.220589569161	263.293182373
0.223492063492	263.141143799
0.226394557823	263.141143799
0.229297052154	262.989196777
0.232199546485	262.837341309
0.235102040816	262.837341309
0.238004535147	262.837341309
0.240907029478	262.837341309
0.24380952381	262.837341309
0.246712018141	262.837341309
0.249614512472	262.989196777
0.252517006803	262.989196777
0.255419501134	262.989196777
0.258321995465	263.141143799
0.261224489796	263.141143799
0.264126984127	263.141143799
0.267029478458	262.989196777
0.269931972789	262.989196777
0.27283446712	262.989196777
0.275736961451	262.989196777
0.278639455782	262.989196777
0.281541950113	262.837341309
0.284444444444	262.685546875
0.287346938776	262.533874512
0.290249433107	262.382263184
0.293151927438	262.230743408
0.296054421769	262.079315186
0.2989569161	262.079315186
0.301859410431	262.079315186
0.304761904762	262.230743408
0.307664399093	262.230743408
0.310566893424	262.230743408
0.313469387755	262.230743408
0.316371882086	262.230743408
0.319274376417	262.230743408
0.322176870748	262.382263184
0.325079365079	262.533874512
0.32798185941	262.685546875
0.330884353741	262.837341309
0.333786848073	262.989196777
0.336689342404	262.989196777
0.339591836735	262.685546875
0.342494331066	262.533874512
0.345396825397	262.230743408
0.348299319728	261.927978516
0.351201814059	261.776733398
0.35410430839	261.776733398
0.357006802721	261.776733398
0.359909297052	261.927978516
0.362811791383	262.079315186
0.365714285714	262.533874512
0.368616780045	262.685546875
0.371519274376	262.685546875
0.374421768707	262.837341309
0.377324263039	262.837341309
0.38022675737	262.685546875
0.383129251701	262.533874512
0.386031746032	262.230743408
0.388934240363	262.079315186
0.391836734694	261.927978516
0.394739229025	261.625579834
0.397641723356	261.625579834
0.400544217687	261.625579834
0.403446712018	261.625579834
0.406349206349	261.776733398
0.40925170068	261.776733398
0.412154195011	261.927978516
0.415056689342	261.776733398
0.417959183673	261.625579834
0.420861678005	261.323486328
0.423764172336	261.172607422
0.426666666667	261.172607422
0.429569160998	261.323486328
0.432471655329	261.323486328
0.43537414966	261.474487305
0.438276643991	261.776733398
0.441179138322	261.927978516
0.444081632653	262.079315186
0.446984126984	261.927978516
0.449886621315	261.776733398
0.452789115646	261.474487305
0.455691609977	261.323486328
0.458594104308	261.172607422
0.461496598639	261.021789551
0.464399092971	261.021789551
0.467301587302	261.021789551
0.470204081633	261.021789551
0.473106575964	261.021789551
0.476009070295	261.172607422
0.478911564626	261.323486328
0.481814058957	261.323486328
0.484716553288	261.474487305
0.487619047619	261.625579834
0.49052154195	261.776733398
0.493424036281	261.776733398
0.496326530612	261.927978516
0.499229024943	261.927978516
0.502131519274	262.079315186
0.505034013605	262.230743408
0.507936507937	262.230743408
0.510839002268	262.382263184
0.513741496599	262.382263184
0.51664399093	262.382263184
0.519546485261	262.230743408
0.522448979592	262.079315186
0.525351473923	262.079315186
0.528253968254	261.927978516
0.531156462585	261.776733398
0.534058956916	261.625579834
0.536961451247	261.625579834
0.539863945578	261.625579834
0.542766439909	261.776733398
0.54566893424	261.776733398
0.548571428571	261.776733398
0.551473922902	261.927978516
0.554376417234	261.927978516
0.557278911565	261.927978516
0.560181405896	261.927978516
0.563083900227	262.079315186
0.565986394558	262.079315186
0.568888888889	261.927978516
0.57179138322	261.776733398
0.574693877551	261.776733398
0.577596371882	261.625579834
0.580498866213	261.625579834
0.583401360544	261.474487305
0.586303854875	261.474487305
0.589206349206	261.474487305
0.592108843537	261.474487305
0.595011337868	261.474487305
0.5979138322	261.474487305
0.600816326531	261.474487305
0.603718820862	261.474487305
0.606621315193	261.474487305
0.609523809524	261.474487305
0.612426303855	261.625579834
0.615328798186	261.625579834
0.618231292517	261.776733398
0.621133786848	261.776733398
0.624036281179	261.927978516
0.62693877551	261.927978516
0.629841269841	262.079315186
0.632743764172	262.079315186
0.635646258503	262.230743408
0.638548752834	262.230743408
0.641451247166	262.230743408
0.644353741497	262.230743408
0.647256235828	262.230743408
0.650158730159	262.230743408
0.65306122449	262.079315186
0.655963718821	261.927978516
0.658866213152	261.927978516
0.661768707483	261.776733398
0.664671201814	261.776733398
0.667573696145	261.776733398
0.670476190476	261.776733398
0.673378684807	261.927978516
0.676281179138	262.079315186
0.679183673469	262.079315186
0.6820861678	262.230743408
0.684988662132	262.079315186
0.687891156463	261.927978516
0.690793650794	261.776733398
0.693696145125	261.323486328
0.696598639456	261.172607422
0.699501133787	261.323486328
0.702403628118	261.172607422
0.705306122449	261.625579834
0.70820861678	261.625579834
0.711111111111	261.776733398
0.714013605442	261.927978516
0.716916099773	388.165039062
0.719818594104	390.188201904
0.722721088435	391.54284668
0.725623582766	392.221923828
0.728526077098	391.995422363
0.731428571429	393.129211426
0.73433106576	393.811035156
0.737233560091	394.721984863
0.740136054422	395.406585693
0.743038548753	396.321228027
0.745941043084	396.321228027
0.748843537415	396.321228027
0.751746031746	395.863616943
0.754648526077	395.406585693
0.757551020408	394.950042725
0.760453514739	394.038574219
0.76335600907	393.583618164
0.766258503401	392.675292969
0.769160997732	392.221923828
0.772063492063	391.769073486
0.774965986395	391.316741943
0.777868480726	391.090789795
0.780770975057	391.090789795
0.783673469388	390.864929199
0.786575963719	390.864929199
0.78947845805	391.090789795
0.792380952381	391.316741943
0.795283446712	391.54284668
0.798185941043	391.995422363
0.801088435374	392.448547363
0.803990929705	392.902191162
0.806893424036	393.35635376
0.809795918367	393.583618164
0.812698412698	393.811035156
0.815600907029	393.583618164
0.818503401361	393.35635376
0.821405895692	392.675292969
0.824308390023	391.995422363
0.827210884354	391.316741943
0.830113378685	390.413665771
0.833015873016	389.962890625
0.835918367347	389.512664795
0.838820861678	389.512664795
0.841723356009	389.512664795
0.84462585034	389.962890625
0.847528344671	390.639221191
0.850430839002	391.316741943
0.853333333333	391.995422363
0.856235827664	392.448547363
0.859138321995	392.902191162
0.862040816327	393.35635376
0.864943310658	393.35635376
0.867845804989	393.583618164
0.87074829932	393.583618164
0.873650793651	393.35635376
0.876553287982	393.129211426
0.879455782313	393.129211426
0.882358276644	392.902191162
0.885260770975	392.675292969
0.888163265306	392.675292969
0.891065759637	392.675292969
0.893968253968	392.902191162
0.896870748299	392.902191162
0.89977324263	392.902191162
0.902675736961	392.902191162
0.905578231293	392.902191162
0.908480725624	392.675292969
0.911383219955	392.675292969
0.914285714286	392.448547363
0.917188208617	391.995422363
0.920090702948	391.769073486
0.922993197279	391.54284668
0.92589569161	391.54284668
0.928798185941	391.54284668
0.931700680272	391.769073486
0.934603174603	391.769073486
0.937505668934	391.995422363
0.940408163265	392.221923828
0.943310657596	392.221923828
0.946213151927	392.221923828
0.949115646259	392.221923828
0.95201814059	392.448547363
0.954920634921	392.448547363
0.957823129252	392.448547363
0.960725623583	392.448547363
0.963628117914	391.995422363
0.966530612245	391.54284668
0.969433106576	391.316741943
0.972335600907	391.769073486
0.975238095238	393.129211426
0.978140589569	394.721984863
0.9810430839	395.178253174
0.983945578231	395.406585693
0.986848072562	394.950042725
0.989750566893	393.811035156
0.992653061224	392.221923828
0.995555555556	390.639221191
0.998458049887	390.188201904
1.00136054422	391.090789795
1.00426303855	392.448547363
1.00716553288	393.129211426
1.01006802721	393.583618164
1.01297052154	393.583618164
1.01587301587	392.675292969
1.0187755102	391.995422363
1.02167800454	392.902191162
1.02458049887	394.721984863
1.0274829932	350.440673828
1.03038548753	349.228240967
1.03328798186	348.623596191
1.03619047619	348.221069336
1.03909297052	347.618164062
1.04199546485	346.615661621
1.04489795918	346.615661621
1.04780045351	346.615661621
1.05070294785	346.815948486
1.05360544218	346.815948486
1.05650793651	346.815948486
1.05941043084	346.415496826
1.06231292517	346.215484619
1.0652154195	346.415496826
1.06811791383	346.815948486
1.07102040816	347.216827393
1.07392290249	347.819030762
1.07682539683	349.430023193
1.07972789116	350.238311768
1.08263038549	354.922363281
1.08553287982	352.674407959
1.08843537415	350.845733643
1.09133786848	349.430023193
1.09424036281	348.623596191
1.09714285714	348.422271729
1.10004535147	348.422271729
1.1029478458	348.422271729
1.10585034014	348.019989014
1.10875283447	347.417449951
1.1116553288	346.615661621
1.11455782313	346.215484619
1.11746031746	346.015533447
1.12036281179	346.215484619
1.12326530612	346.815948486
1.12616780045	347.417449951
1.12907029478	348.221069336
1.13197278912	348.623596191
1.13487528345	349.430023193
1.13777777778	350.03604126
1.14068027211	351.251281738
1.14358276644	352.267211914
1.14648526077	354.922363281
1.1493877551	350.238311768
1.15229024943	350.238311768
1.15519274376	350.03604126
1.1580952381	349.83392334
1.16099773243	351.657318115
1.16390022676	350.03604126
1.16680272109	349.430023193
1.16970521542	349.228240967
1.17260770975	349.631896973
1.17551020408	350.845733643
1.17841269841	351.86050415
1.18131519274	351.657318115
1.18421768707	350.845733643
1.18712018141	350.03604126
1.19002267574	349.83392334
1.19292517007	349.83392334
1.1958276644	350.238311768
1.19873015873	351.048461914
1.20163265306	351.86050415
1.20453514739	351.657318115
1.20743764172	350.643157959
1.21034013605	349.631896973
1.21324263039	349.026580811
1.21614512472	348.825012207
1.21904761905	349.430023193
1.22195011338	350.238311768
1.22485260771	351.45425415
1.22775510204	352.063781738
1.23065759637	351.251281738
1.2335600907	349.83392334
1.23646258503	348.825012207
1.23936507937	348.221069336
1.2422675737	348.623596191
1.24517006803	348.623596191
1.24807256236	347.016326904
1.25097505669	344.221405029
1.25387755102	340.07119751
1.25678004535	336.553741455
1.25968253968	333.072631836
1.26258503401	330.771942139
1.26548752834	329.056854248
1.26839002268	327.918395996
1.27129251701	327.350646973
1.27419501134	327.161621094
1.27709750567	327.350646973
1.28	327.539794922
1.28290249433	327.539794922
1.28580498866	327.918395996
1.28870748299	328.107879639
1.29160997732	328.297454834
1.29451247166	328.487121582
1.29741496599	328.676940918
1.30031746032	328.866821289
1.30321995465	329.437225342
1.30612244898	329.818023682
1.30902494331	330.008575439
1.31192743764	330.199249268
1.31482993197	329.818023682
1.3177324263	329.627563477
1.32063492063	329.24697876
1.32353741497	328.866821289
1.3264399093	328.487121582
1.32934240363	328.487121582
1.33224489796	328.866821289
1.33514739229	329.627563477
1.33804988662	330.199249268
1.34095238095	330.771942139
1.34385487528	331.154296875
1.34675736961	331.537078857
1.34965986395	331.345611572
1.35256235828	330.963043213
1.35546485261	330.390045166
1.35836734694	329.818023682
1.36126984127	329.056854248
1.3641723356	328.487121582
1.36707482993	327.918395996
1.36997732426	327.729034424
1.37287981859	327.729034424
1.37578231293	328.107879639
1.37868480726	328.676940918
1.38158730159	329.627563477
1.38448979592	330.580932617
1.38739229025	331.345611572
1.39029478458	331.920288086
1.39319727891	332.112091064
1.39609977324	331.920288086
1.39900226757	331.728637695
1.4019047619	331.728637695
1.40480725624	331.345611572
1.40770975057	331.154296875
1.4106122449	330.580932617
1.41351473923	330.199249268
1.41641723356	329.627563477
1.41931972789	329.437225342
1.42222222222	329.056854248
1.42512471655	328.866821289
1.42802721088	328.866821289
1.43092970522	329.056854248
1.43383219955	329.24697876
1.43673469388	329.437225342
1.43963718821	329.437225342
1.44253968254	329.627563477
1.44544217687	329.627563477
1.4483446712	329.24697876
1.45124716553	329.056854248
1.45414965986	328.487121582
1.4570521542	328.107879639
1.45995464853	327.729034424
1.46285714286	327.729034424
1.46575963719	327.918395996
1.46866213152	328.487121582
1.47156462585	329.056854248
1.47446712018	329.627563477
1.47736961451	330.008575439
1.48027210884	330.390045166
1.48317460317	330.199249268
1.48607709751	330.008575439
1.48897959184	329.24697876
1.49188208617	328.866821289
1.4947845805	328.487121582
1.49768707483	328.297454834
1.50058956916	328.297454834
1.50349206349	328.487121582
1.50639455782	328.866821289
1.50929705215	329.056854248
1.51219954649	329.437225342
1.51510204082	329.627563477
1.51800453515	329.818023682
1.52090702948	329.818023682
1.52380952381	329.627563477
1.52671201814	329.437225342
1.52961451247	329.056854248
1.5325170068	329.24697876
1.53541950113	329.818023682
1.53832199546	330.580932617
1.5412244898	331.728637695
1.54412698413	333.072631836
1.54702947846	335.002105713
1.54993197279	335.971038818
1.55283446712	337.137451172
1.55573696145	338.503356934
1.55863945578	338.503356934
1.56154195011	335.583129883
1.56444444444	327.350646973
1.56734693878	323.403839111
1.57024943311	321.726959229
1.57315192744	319.689239502
1.57605442177	321.355499268
1.5789569161	326.029724121
1.58185941043	337.332244873
1.58476190476	339.874816895
1.58766439909	341.449005127
1.59056689342	342.238861084
1.59346938776	342.634429932
1.59637188209	342.634429932
1.59927437642	342.238861084
1.60217687075	341.251861572
1.60507936508	338.89465332
1.60798185941	336.748199463
1.61088435374	334.422088623
1.61378684807	331.728637695
1.6166893424	329.24697876
1.61959183673	324.714141846
1.62249433107	322.284973145
1.6253968254	321.726959229
1.62829931973	322.471160889
1.63120181406	324.151947021
1.63410430839	326.783874512
1.63700680272	330.199249268
1.63990929705	344.022644043
1.64281179138	341.64630127
1.64571428571	341.449005127
1.64861678005	342.041229248
1.65151927438	343.030487061
1.65442176871	344.420288086
1.65732426304	345.416473389
1.66022675737	345.815734863
1.6631292517	346.015533447
1.66603174603	346.215484619
1.66893424036	346.015533447
1.67183673469	346.415496826
1.67473922902	346.815948486
1.67764172336	347.618164062
1.68054421769	348.221069336
1.68344671202	348.825012207
1.68634920635	349.631896973
1.68925170068	350.03604126
1.69215419501	350.440673828
1.69505668934	350.643157959
1.69795918367	350.845733643
1.700861678	350.643157959
1.70376417234	350.440673828
1.70666666667	350.03604126
1.709569161	349.631896973
1.71247165533	349.430023193
1.71537414966	349.631896973
1.71827664399	350.643157959
1.72117913832	352.267211914
1.72408163265	353.69442749
1.72698412698	354.307861328
1.72988662132	354.512573242
1.73278911565	353.69442749
1.73569160998	352.878173828
1.73859410431	351.45425415
1.74149659864	350.03604126
1.74439909297	349.228240967
1.7473015873	349.026580811
1.75020408163	349.026580811
1.75310657596	349.430023193
1.75600907029	349.83392334
1.75891156463	350.03604126
1.76181405896	350.03604126
1.76471655329	349.83392334
1.76761904762	349.83392334
1.77052154195	349.631896973
1.77342403628	349.430023193
1.77632653061	349.228240967
1.77922902494	349.026580811
1.78213151927	348.825012207
1.78503401361	348.623596191
1.78793650794	348.623596191
1.79083900227	348.825012207
1.7937414966	349.026580811
1.79664399093	349.430023193
1.79954648526	349.83392334
1.80244897959	350.238311768
1.80535147392	350.440673828
1.80825396825	350.643157959
1.81115646259	350.643157959
1.81405895692	350.440673828
1.81696145125	350.440673828
1.81986394558	350.238311768
1.82276643991	350.238311768
1.82566893424	349.83392334
1.82857142857	349.228240967
1.8314739229	348.221069336
1.83437641723	347.216827393
1.83727891156	346.215484619
1.8401814059	346.015533447
1.84308390023	346.615661621
1.84598639456	347.618164062
1.84888888889	349.631896973
1.85179138322	352.878173828
1.85469387755	357.184661865
1.85759637188	381.937561035
1.86049886621	389.287719727
1.86340136054	391.54284668
1.86630385488	393.35635376
1.86920634921	394.721984863
1.87210884354	395.863616943
1.87501133787	396.550201416
1.8779138322	397.237976074
1.88081632653	396.321228027
1.88371882086	395.863616943
1.88662131519	395.406585693
1.88952380952	395.178253174
1.89242630385	394.494049072
1.89532879819	393.583618164
1.89823129252	392.902191162
1.90113378685	392.221923828
1.90403628118	391.995422363
1.90693877551	391.54284668
1.90984126984	391.316741943
1.91274376417	390.864929199
1.9156462585	390.413665771
1.91854875283	389.962890625
1.92145124717	389.737701416
1.9243537415	390.188201904
1.92725623583	391.090789795
1.93015873016	392.221923828
1.93306122449	393.129211426
1.93596371882	393.811035156
1.93886621315	394.038574219
1.94176870748	393.811035156
1.94467120181	393.583618164
1.94757369615	393.583618164
1.95047619048	393.35635376
1.95337868481	393.35635376
1.95628117914	393.129211426
1.95918367347	392.675292969
1.9620861678	391.995422363
1.96498866213	390.864929199
1.96789115646	389.287719727
1.97079365079	388.165039062
1.97369614512	387.492980957
1.97659863946	387.716888428
1.97950113379	388.613739014
1.98240362812	389.962890625
1.98530612245	391.316741943
1.98820861678	392.221923828
1.99111111111	392.675292969
1.99401360544	393.129211426
1.99691609977	393.129211426
1.9998185941	393.129211426
2.00272108844	393.129211426
2.00562358277	393.129211426
2.0085260771	393.129211426
2.01142857143	393.35635376
2.01433106576	393.129211426
2.01723356009	392.902191162
2.02013605442	392.675292969
2.02303854875	392.448547363
2.02594104308	392.675292969
2.02884353741	392.675292969
2.03174603175	392.902191162
2.03464852608	393.129211426
2.03755102041	392.902191162
2.04045351474	392.675292969
2.04335600907	392.448547363
2.0462585034	391.995422363
2.04916099773	391.769073486
2.05206349206	391.769073486
2.05496598639	391.995422363
2.05786848073	392.221923828
2.06077097506	392.448547363
2.06367346939	392.448547363
2.06657596372	392.221923828
2.06947845805	391.995422363
2.07238095238	391.769073486
2.07528344671	391.769073486
2.07818594104	391.995422363
2.08108843537	392.448547363
2.08399092971	392.902191162
2.08689342404	393.129211426
2.08979591837	393.129211426
2.0926984127	393.129211426
2.09560090703	392.902191162
2.09850340136	392.675292969
2.10140589569	392.448547363
2.10430839002	392.675292969
2.10721088435	392.902191162
2.11011337868	392.902191162
2.11301587302	393.35635376
2.11591836735	393.35635376
2.11882086168	393.35635376
2.12172335601	393.129211426
2.12462585034	392.902191162
2.12752834467	392.448547363
2.130430839	392.221923828
2.13333333333	392.221923828
2.13623582766	392.448547363
2.139138322	392.675292969
2.14204081633	392.902191162
2.14494331066	392.902191162
2.14784580499	392.902191162
2.15074829932	392.902191162
2.15365079365	392.902191162
2.15655328798	392.902191162
2.15945578231	392.902191162
2.16235827664	392.675292969
2.16526077098	392.448547363
2.16816326531	392.221923828
2.17106575964	391.995422363
2.17396825397	391.54284668
2.1768707483	391.54284668
2.17977324263	391.316741943
2.18267573696	391.316741943
2.18557823129	391.316741943
2.18848072562	391.54284668
2.19138321995	391.54284668
2.19428571429	391.769073486
2.19718820862	391.769073486
2.20009070295	391.769073486
2.20299319728	391.769073486
2.20589569161	391.769073486
2.20879818594	391.769073486
2.21170068027	391.769073486
2.2146031746	391.769073486
2.21750566893	391.995422363
2.22040816327	391.995422363
2.2233106576	391.995422363
2.22621315193	392.221923828
2.22911564626	392.221923828
2.23201814059	391.995422363
2.23492063492	391.995422363
2.23782312925	391.769073486
2.24072562358	391.54284668
2.24362811791	391.316741943
2.24653061224	391.316741943
2.24943310658	391.316741943
2.25233560091	391.316741943
2.25523809524	391.769073486
2.25814058957	391.995422363
2.2610430839	391.995422363
2.26394557823	392.221923828
2.26684807256	392.221923828
2.26975056689	392.221923828
2.27265306122	392.221923828
2.27555555556	391.995422363
2.27845804989	391.995422363
2.28136054422	391.769073486
2.28426303855	391.769073486
2.28716553288	391.769073486
2.29006802721	391.995422363
2.29297052154	391.995422363
2.29587301587	392.221923828
2.2987755102	392.221923828
2.30167800454	392.221923828
2.30458049887	392.221923828
2.3074829932	392.221923828
2.31038548753	392.221923828
2.31328798186	392.221923828
2.31619047619	392.221923828
2.31909297052	392.221923828
2.32199546485	392.221923828
2.32489795918	391.995422363
2.32780045351	391.995422363
2.33070294785	391.995422363
2.33360544218	392.221923828
2.33650793651	392.221923828
2.33941043084	392.448547363
2.34231292517	392.448547363
2.3452154195	392.221923828
2.34811791383	392.221923828
2.35102040816	392.221923828
2.35392290249	391.995422363
2.35682539683	391.995422363
2.35972789116	391.995422363
2.36263038549	391.995422363
2.36553287982	391.995422363
2.36843537415	392.221923828
2.37133786848	391.995422363
2.37424036281	391.995422363
2.37714285714	391.995422363
2.38004535147	391.995422363
2.3829478458	392.221923828
2.38585034014	392.221923828
2.38875283447	391.995422363
2.3916553288	391.54284668
2.39455782313	391.090789795
2.39746031746	391.316741943
2.40036281179	391.995422363
2.40326530612	393.129211426
2.40616780045	395.178253174
2.40907029478	398.386901855
2.41197278912	0.0
2.41487528345	0.0
2.41777777778	0.0
2.42068027211	0.0
2.42358276644	0.0
2.42648526077	0.0
2.4293877551	0.0
2.43229024943	0.0
2.43519274376	0.0
2.4380952381	0.0
2.44099773243	0.0
2.44390022676	0.0
2.44680272109	0.0
2.44970521542	0.0
2.45260770975	0.0
2.45551020408	0.0
2.45841269841	0.0
2.46131519274	0.0
2.46421768707	0.0
2.46712018141	0.0
2.47002267574	0.0
2.47292517007	0.0
2.4758276644	0.0
2.47873015873	0.0
2.48163265306	0.0
2.48453514739	0.0
2.48743764172	0.0
2.49034013605	0.0
2.49324263039	0.0
2.49614512472	0.0
2.49904761905	0.0
2.50195011338	0.0
2.50485260771	0.0
2.50775510204	0.0
2.51065759637	0.0
2.5135600907	0.0
2.51646258503	0.0
2.51936507937	0.0
2.5222675737	0.0
2.52517006803	0.0
2.52807256236	0.0
2.53097505669	0.0
2.53387755102	0.0
2.53678004535	0.0
2.53968253968	0.0
2.54258503401	0.0
2.54548752834	0.0
2.54839002268	0.0
2.55129251701	0.0
2.55419501134	0.0
2.55709750567	0.0
2.56	0.0
2.56290249433	0.0
2.56580498866	0.0
2.56870748299	0.0
2.57160997732	0.0
2.57451247166	0.0
2.57741496599	0.0
2.58031746032	0.0
2.58321995465	0.0
2.58612244898	0.0
2.58902494331	0.0
2.59192743764	0.0
2.59482993197	0.0
2.5977324263	0.0
2.60063492063	0.0
2.60353741497	0.0
2.6064399093	0.0
2.60934240363	0.0
2.61224489796	0.0
2.61514739229	0.0
2.61804988662	0.0
2.62095238095	0.0
2.62385487528	0.0
2.62675736961	0.0
2.62965986395	0.0
2.63256235828	0.0
2.63546485261	0.0
2.63836734694	0.0
2.64126984127	0.0
2.6441723356	0.0
2.64707482993	0.0
2.64997732426	0.0
2.65287981859	0.0
2.65578231293	0.0
2.65868480726	0.0
2.66158730159	0.0
2.66448979592	0.0
2.66739229025	0.0
2.67029478458	0.0
2.67319727891	0.0
2.67609977324	0.0
2.67900226757	0.0
2.6819047619	0.0
2.68480725624	0.0
2.68770975057	0.0
2.6906122449	0.0
2.69351473923	0.0
2.69641723356	0.0
2.69931972789	0.0
2.70222222222	0.0
2.70512471655	0.0
2.70802721088	0.0
2.71092970522	0.0
2.71383219955	0.0
2.71673469388	0.0
2.71963718821	0.0
2.72253968254	0.0
2.72544217687	0.0
2.7283446712	0.0
2.73124716553	0.0
2.73414965986	0.0
2.7370521542	0.0
2.73995464853	0.0
2.74285714286	394.266235352
2.74575963719	398.61706543
2.74866213152	398.847381592
2.75156462585	397.237976074
2.75446712018	395.863616943
2.75736961451	394.950042725
2.76027210884	394.266235352
2.76317460317	393.583618164
2.76607709751	393.35635376
2.76897959184	393.129211426
2.77188208617	392.448547363
2.7747845805	391.995422363
2.77768707483	391.54284668
2.78058956916	391.090789795
2.78349206349	391.090789795
2.78639455782	391.090789795
2.78929705215	391.316741943
2.79219954649	391.090789795
2.79510204082	391.090789795
2.79800453515	391.090789795
2.80090702948	391.316741943
2.80380952381	391.54284668
2.80671201814	392.221923828
2.80961451247	393.129211426
2.8125170068	393.811035156
2.81541950113	394.038574219
2.81832199546	394.038574219
2.8212244898	393.35635376
2.82412698413	392.675292969
2.82702947846	391.995422363
2.82993197279	391.769073486
2.83283446712	391.090789795
2.83573696145	390.413665771
2.83863945578	389.962890625
2.84154195011	389.512664795
2.84444444444	389.737701416
2.84734693878	389.737701416
2.85024943311	390.413665771
2.85315192744	390.864929199
2.85605442177	391.54284668
2.8589569161	392.221923828
2.86185941043	392.675292969
2.86476190476	392.675292969
2.86766439909	392.675292969
2.87056689342	392.902191162
2.87346938776	393.129211426
2.87637188209	393.583618164
2.87927437642	393.583618164
2.88217687075	393.129211426
2.88507936508	392.902191162
2.88798185941	392.448547363
2.89088435374	392.448547363
2.89378684807	392.448547363
2.8966893424	392.675292969
2.89959183673	392.902191162
2.90249433107	392.675292969
2.9053968254	392.675292969
2.90829931973	392.448547363
2.91120181406	392.448547363
2.91410430839	392.221923828
2.91700680272	392.675292969
2.91990929705	392.675292969
2.92281179138	392.221923828
2.92571428571	391.769073486
2.92861678005	391.54284668
2.93151927438	391.316741943
2.93442176871	391.316741943
2.93732426304	391.316741943
2.94022675737	391.769073486
2.9431292517	391.995422363
2.94603174603	392.221923828
2.94893424036	392.448547363
2.95183673469	392.221923828
2.95473922902	392.448547363
2.95764172336	392.448547363
2.96054421769	392.675292969
2.96344671202	392.902191162
2.96634920635	392.902191162
2.96925170068	393.129211426
2.97215419501	392.902191162
2.97505668934	392.902191162
2.97795918367	392.902191162
2.980861678	392.902191162
2.98376417234	392.902191162
2.98666666667	392.902191162
2.989569161	392.675292969
2.99247165533	392.448547363
2.99537414966	391.769073486
2.99827664399	391.090789795
3.00117913832	390.639221191
3.00408163265	391.090789795
3.00698412698	392.902191162
3.00988662132	394.721984863
3.01278911565	395.406585693
3.01569160998	395.406585693
3.01859410431	394.721984863
3.02149659864	343.625427246
3.02439909297	344.420288086
3.0273015873	345.61605835
3.03020408163	346.215484619
3.03310657596	346.615661621
3.03600907029	346.815948486
3.03891156463	347.618164062
3.04181405896	348.422271729
3.04471655329	350.643157959
3.04761904762	348.019989014
3.05052154195	348.422271729
3.05342403628	348.825012207
3.05632653061	357.597564697
3.05922902494	352.063781738
3.06213151927	350.238311768
3.06503401361	349.228240967
3.06793650794	348.422271729
3.07083900227	347.216827393
3.0737414966	346.215484619
3.07664399093	346.215484619
3.07954648526	346.615661621
3.08244897959	347.016326904
3.08535147392	347.216827393
3.08825396825	346.815948486
3.09115646259	346.415496826
3.09405895692	346.015533447
3.09696145125	346.615661621
3.09986394558	346.815948486
3.10276643991	347.417449951
3.10566893424	348.422271729
3.10857142857	350.643157959
3.1114739229	353.898803711
3.11437641723	353.69442749
3.11727891156	352.674407959
3.1201814059	351.45425415
3.12308390023	350.238311768
3.12598639456	349.430023193
3.12888888889	349.026580811
3.13179138322	348.825012207
3.13469387755	348.623596191
3.13759637188	348.221069336
3.14049886621	347.618164062
3.14340136054	347.016326904
3.14630385488	346.615661621
3.14920634921	346.615661621
3.15210884354	346.815948486
3.15501133787	347.417449951
3.1579138322	347.819030762
3.16081632653	348.422271729
3.16371882086	348.623596191
3.16662131519	349.026580811
3.16952380952	349.83392334
3.17242630385	350.643157959
3.17532879819	351.86050415
3.17823129252	353.490203857
3.18113378685	358.010894775
3.18403628118	349.83392334
3.18693877551	359.253814697
3.18984126984	353.898803711
3.19274376417	351.45425415
3.1956462585	350.238311768
3.19854875283	349.83392334
3.20145124717	349.83392334
3.2043537415	350.238311768
3.20725623583	351.251281738
3.21015873016	351.86050415
3.21306122449	351.45425415
3.21596371882	350.845733643
3.21886621315	350.238311768
3.22176870748	350.03604126
3.22467120181	350.238311768
3.22757369615	350.643157959
3.23047619048	351.048461914
3.23337868481	351.45425415
3.23628117914	351.048461914
3.23918367347	350.03604126
3.2420861678	349.228240967
3.24498866213	348.825012207
3.24789115646	349.026580811
3.25079365079	349.430023193
3.25369614512	350.238311768
3.25659863946	351.048461914
3.25950113379	351.657318115
3.26240362812	351.251281738
3.26530612245	350.440673828
3.26820861678	349.430023193
3.27111111111	348.221069336
3.27401360544	346.415496826
3.27691609977	345.017669678
3.2798185941	341.64630127
3.28272108844	337.917297363
3.28562358277	335.002105713
3.2885260771	332.880310059
3.29142857143	330.963043213
3.29433106576	329.818023682
3.29723356009	328.866821289
3.30013605442	327.918395996
3.30303854875	327.161621094
3.30594104308	326.783874512
3.30884353741	326.783874512
3.31174603175	326.972686768
3.31464852608	327.350646973
3.31755102041	327.918395996
3.32045351474	328.487121582
3.32335600907	328.866821289
3.3262585034	329.24697876
3.32916099773	329.627563477
3.33206349206	330.008575439
3.33496598639	330.390045166
3.33786848073	330.580932617
3.34077097506	330.963043213
3.34367346939	331.154296875
3.34657596372	330.963043213
3.34947845805	330.390045166
3.35238095238	329.818023682
3.35528344671	329.056854248
3.35818594104	328.676940918
3.36108843537	328.297454834
3.36399092971	328.487121582
3.36689342404	328.866821289
3.36979591837	329.437225342
3.3726984127	330.008575439
3.37560090703	330.580932617
3.37850340136	330.963043213
3.38140589569	331.345611572
3.38430839002	331.154296875
3.38721088435	330.771942139
3.39011337868	330.008575439
3.39301587302	329.056854248
3.39591836735	328.297454834
3.39882086168	327.729034424
3.40172335601	327.729034424
3.40462585034	328.107879639
3.40752834467	328.866821289
3.410430839	330.008575439
3.41333333333	331.345611572
3.41623582766	332.112091064
3.419138322	332.880310059
3.42204081633	333.072631836
3.42494331066	332.880310059
3.42784580499	332.688079834
3.43074829932	332.112091064
3.43365079365	331.537078857
3.43655328798	330.771942139
3.43945578231	329.818023682
3.44235827664	329.056854248
3.44526077098	328.487121582
3.44816326531	327.918395996
3.45106575964	327.729034424
3.45396825397	327.918395996
3.4568707483	328.297454834
3.45977324263	328.866821289
3.46267573696	329.437225342
3.46557823129	329.627563477
3.46848072562	330.008575439
3.47138321995	329.818023682
3.47428571429	329.627563477
3.47718820862	329.24697876
3.48009070295	328.866821289
3.48299319728	328.487121582
3.48589569161	328.107879639
3.48879818594	328.107879639
3.49170068027	328.107879639
3.4946031746	328.297454834
3.49750566893	328.866821289
3.50040816327	329.627563477
3.5033106576	330.199249268
3.50621315193	330.580932617
3.50911564626	330.580932617
3.51201814059	330.390045166
3.51492063492	330.008575439
3.51782312925	329.437225342
3.52072562358	328.676940918
3.52362811791	328.297454834
3.52653061224	328.107879639
3.52943310658	327.918395996
3.53233560091	327.918395996
3.53523809524	327.918395996
3.53814058957	327.729034424
3.5410430839	327.539794922
3.54394557823	327.161621094
3.54684807256	327.161621094
3.54975056689	327.539794922
3.55265306122	328.107879639
3.55555555556	329.056854248
3.55845804989	330.771942139
3.56136054422	332.688079834
3.56426303855	334.808654785
3.56716553288	336.553741455
3.57006802721	337.527130127
3.57297052154	338.112548828
3.57587301587	338.89465332
3.5787755102	339.482421875
3.58167800454	340.464294434
3.58458049887	342.041229248
3.5874829932	344.619293213
3.59038548753	354.307861328
3.59328798186	357.184661865
3.59619047619	359.461395264
3.59909297052	358.424743652
3.60199546485	355.948913574
3.60489795918	349.430023193
3.60780045351	343.625427246
3.61070294785	341.843719482
3.61360544218	340.661010742
3.61650793651	339.874816895
3.61941043084	339.090454102
3.62231292517	339.286376953
3.6252154195	339.67855835
3.62811791383	340.07119751
3.63102040816	340.267700195
3.63392290249	341.251861572
3.63682539683	341.251861572
3.63972789116	341.843719482
3.64263038549	343.22869873
3.64553287982	345.416473389
3.64843537415	348.825012207
3.65133786848	351.657318115
3.65424036281	353.286071777
3.65714285714	354.103271484
3.66004535147	354.307861328
3.6629478458	354.103271484
3.66585034014	352.878173828
3.66875283447	351.048461914
3.6716553288	349.228240967
3.67455782313	347.819030762
3.67746031746	346.615661621
3.68036281179	345.815734863
3.68326530612	345.017669678
3.68616780045	344.619293213
3.68907029478	344.420288086
3.69197278912	344.619293213
3.69487528345	345.017669678
3.69777777778	345.61605835
3.70068027211	346.815948486
3.70358276644	348.221069336
3.70648526077	350.03604126
3.7093877551	351.657318115
3.71229024943	352.878173828
3.71519274376	353.286071777
3.7180952381	353.490203857
3.72099773243	353.490203857
3.72390022676	353.082061768
3.72680272109	352.674407959
3.72970521542	352.063781738
3.73260770975	351.45425415
3.73551020408	351.048461914
3.73841269841	350.643157959
3.74131519274	350.440673828
3.74421768707	350.440673828
3.74712018141	350.238311768
3.75002267574	350.238311768
3.75292517007	350.440673828
3.7558276644	350.440673828
3.75873015873	350.440673828
3.76163265306	350.643157959
3.76453514739	350.643157959
3.76743764172	350.643157959
3.77034013605	350.440673828
3.77324263039	350.440673828
3.77614512472	350.440673828
3.77904761905	350.238311768
3.78195011338	350.238311768
3.78485260771	350.03604126
3.78775510204	350.03604126
3.79065759637	349.631896973
3.7935600907	349.631896973
3.79646258503	349.430023193
3.79936507937	349.430023193
3.8022675737	349.026580811
3.80517006803	349.026580811
3.80807256236	348.825012207
3.81097505669	348.825012207
3.81387755102	349.026580811
3.81678004535	349.228240967
3.81968253968	349.631896973
3.82258503401	350.03604126
3.82548752834	350.440673828
3.82839002268	350.845733643
3.83129251701	351.048461914
3.83419501134	350.845733643
3.83709750567	350.643157959
3.84	350.238311768
3.84290249433	349.631896973
3.84580498866	348.623596191
3.84870748299	347.618164062
3.85160997732	346.215484619
3.85451247166	345.217010498
3.85741496599	345.61605835
3.86031746032	347.216827393
3.86321995465	348.623596191
3.86612244898	349.228240967
3.86902494331	349.83392334
3.87192743764	293.664764404
3.87482993197	292.987030029
3.8777324263	292.987030029
3.88063492063	293.156341553
3.88353741497	293.495178223
3.8864399093	293.664764404
3.88934240363	293.156341553
3.89224489796	292.648773193
3.89514739229	292.310882568
3.89804988662	292.310882568
3.90095238095	292.648773193
3.90385487528	293.325714111
3.90675736961	293.834442139
3.90965986395	294.514129639
3.91256235828	295.024932861
3.91546485261	295.536621094
3.91836734694	295.878234863
3.92126984127	295.878234863
3.9241723356	295.707366943
3.92707482993	295.365936279
3.92997732426	294.854553223
3.93287981859	294.684295654
3.93578231293	294.684295654
3.93868480726	295.024932861
3.94158730159	295.195404053
3.94448979592	295.365936279
3.94739229025	295.365936279
3.95029478458	295.365936279
3.95319727891	295.365936279
3.95609977324	295.195404053
3.95900226757	294.854553223
3.9619047619	294.344055176
3.96480725624	294.004211426
3.96770975057	294.004211426
3.9706122449	294.514129639
3.97351473923	294.854553223
3.97641723356	294.854553223
3.97931972789	294.514129639
3.98222222222	294.174102783
3.98512471655	294.174102783
3.98802721088	294.344055176
3.99092970522	294.344055176
3.99383219955	294.684295654
3.99673469388	294.684295654
3.99963718821	294.684295654
4.00253968254	294.684295654
4.00544217687	294.514129639
4.0083446712	294.344055176
4.01124716553	294.004211426
4.01414965986	293.664764404
4.0170521542	293.664764404
4.01995464853	293.495178223
4.02285714286	293.834442139
4.02575963719	294.004211426
4.02866213152	293.834442139
4.03156462585	293.664764404
4.03446712018	293.664764404
4.03736961451	293.834442139
4.04027210884	294.004211426
4.04317460317	294.004211426
4.04607709751	294.174102783
4.04897959184	294.004211426
4.05188208617	293.834442139
4.0547845805	293.834442139
4.05768707483	293.834442139
4.06058956916	293.834442139
4.06349206349	293.834442139
4.06639455782	293.664764404
4.06929705215	294.004211426
4.07219954649	294.174102783
4.07510204082	294.514129639
4.07800453515	294.514129639
4.08090702948	294.344055176
4.08380952381	294.174102783
4.08671201814	294.004211426
4.08961451247	294.004211426
4.0925170068	294.004211426
4.09541950113	294.004211426
4.09832199546	294.004211426
4.1012244898	294.174102783
4.10412698413	294.344055176
4.10702947846	294.514129639
4.10993197279	294.684295654
4.11283446712	294.514129639
4.11573696145	294.344055176
4.11863945578	294.174102783
4.12154195011	294.174102783
4.12444444444	294.004211426
4.12734693878	293.834442139
4.13024943311	293.834442139
4.13315192744	294.174102783
4.13605442177	294.684295654
4.1389569161	295.195404053
4.14185941043	295.707366943
4.14476190476	295.707366943
4.14766439909	295.365936279
4.15056689342	294.344055176
4.15346938776	293.156341553
4.15637188209	291.973388672
4.15927437642	291.131347656
4.16217687075	291.46786499
4.16507936508	293.495178223
4.16798185941	295.707366943
4.17088435374	297.420379639
4.17378684807	298.452941895
4.1766893424	298.625396729
4.17959183673	297.592224121
4.18249433107	295.536621094
4.1853968254	292.479766846
4.18829931973	289.789123535
4.19120181406	288.286560059
4.19410430839	287.621246338
4.19700680272	288.12008667
4.19990929705	291.636291504
4.20281179138	264.81842041
4.20571428571	261.474487305
4.20861678005	260.569854736
4.21151927438	260.569854736
4.21442176871	261.625579834
4.21732426304	265.584350586
4.22022675737	277.663360596
4.2231292517	276.702728271
4.22603174603	275.109039307
4.22893424036	271.008270264
4.23183673469	265.891357422
4.23473922902	262.533874512
4.23764172336	260.720397949
4.24054421769	260.269012451
4.24344671202	260.720397949
4.24634920635	261.625579834
4.24925170068	262.989196777
4.25215419501	264.81842041
4.25505668934	265.430999756
4.25795918367	265.277709961
4.260861678	264.512664795
4.26376417234	263.90222168
4.26666666667	263.293182373
4.269569161	262.989196777
4.27247165533	263.141143799
4.27537414966	262.989196777
4.27827664399	262.837341309
4.28117913832	262.533874512
4.28408163265	262.230743408
4.28698412698	262.079315186
4.28988662132	261.927978516
4.29278911565	262.230743408
4.29569160998	262.685546875
4.29859410431	263.4453125
4.30149659864	264.054718018
4.30439909297	264.359924316
4.3073015873	264.054718018
4.31020408163	263.293182373
4.31310657596	262.382263184
4.31600907029	262.079315186
4.31891156463	261.927978516
4.32181405896	262.230743408
4.32471655329	262.837341309
4.32761904762	263.749847412
4.33052154195	264.81842041
4.33342403628	265.430999756
4.33632653061	264.81842041
4.33922902494	263.59753418
4.34213151927	262.533874512
4.34503401361	261.625579834
4.34793650794	261.172607422
4.35083900227	261.172607422
4.3537414966	261.474487305
4.35664399093	262.079315186
4.35954648526	262.837341309
4.36244897959	263.293182373
4.36535147392	263.293182373
4.36825396825	262.685546875
4.37115646259	261.927978516
4.37405895692	261.474487305
4.37696145125	261.172607422
4.37986394558	261.474487305
4.38276643991	261.927978516
4.38566893424	262.533874512
4.38857142857	262.989196777
4.3914739229	263.293182373
4.39437641723	263.141143799
4.39727891156	262.685546875
4.4001814059	262.230743408
4.40308390023	261.625579834
4.40598639456	261.474487305
4.40888888889	261.474487305
4.41179138322	261.625579834
4.41469387755	261.776733398
4.41759637188	261.927978516
4.42049886621	261.927978516
4.42340136054	262.230743408
4.42630385488	262.533874512
4.42920634921	262.837341309
4.43210884354	263.141143799
4.43501133787	263.59753418
4.4379138322	263.749847412
4.44081632653	263.749847412
4.44371882086	263.141143799
4.44662131519	262.382263184
4.44952380952	261.625579834
4.45242630385	261.021789551
4.45532879819	260.871063232
4.45823129252	261.021789551
4.46113378685	261.474487305
4.46403628118	262.079315186
4.46693877551	262.685546875
4.46984126984	262.837341309
4.47274376417	262.382263184
4.4756462585	261.625579834
4.47854875283	260.871063232
4.48145124717	260.569854736
4.4843537415	260.569854736
4.48725623583	260.871063232
4.49015873016	261.474487305
4.49306122449	262.382263184
4.49596371882	262.837341309
4.49886621315	262.685546875
4.50176870748	262.382263184
4.50467120181	261.927978516
4.50757369615	261.474487305
4.51047619048	261.172607422
4.51337868481	261.021789551
4.51628117914	261.172607422
4.51918367347	261.172607422
4.5220861678	261.172607422
4.52498866213	260.871063232
4.52789115646	260.419372559
4.53079365079	260.269012451
4.53369614512	260.419372559
4.53659863946	260.720397949
4.53950113379	261.172607422
4.54240362812	261.927978516
4.54530612245	262.382263184
4.54820861678	262.533874512
4.55111111111	262.382263184
4.55401360544	261.927978516
4.55691609977	261.474487305
4.5598185941	261.323486328
4.56272108844	261.474487305
4.56562358277	261.927978516
4.5685260771	262.533874512
4.57142857143	263.141143799
4.57433106576	263.4453125
4.57723356009	263.293182373
4.58013605442	262.989196777
4.58303854875	262.382263184
4.58594104308	0.0
4.58884353741	0.0
4.59174603175	0.0
4.59464852608	0.0
4.59755102041	0.0
4.60045351474	0.0
4.60335600907	0.0
4.6062585034	0.0
4.60916099773	0.0
4.61206349206	0.0
4.61496598639	0.0
4.61786848073	0.0
4.62077097506	0.0
4.62367346939	0.0
4.62657596372	0.0
4.62947845805	0.0
4.63238095238	0.0
4.63528344671	0.0
4.63818594104	0.0
4.64108843537	0.0
4.64399092971	0.0
4.64689342404	0.0
4.64979591837	0.0
4.6526984127	0.0
4.65560090703	0.0
4.65850340136	0.0
4.66140589569	0.0
4.66430839002	0.0
4.66721088435	0.0
4.67011337868	0.0
4.67301587302	0.0
4.67591836735	0.0
4.67882086168	0.0
4.68172335601	0.0
4.68462585034	0.0
4.68752834467	0.0
4.690430839	0.0
4.69333333333	0.0
4.69623582766	0.0
4.699138322	0.0
4.70204081633	0.0
4.70494331066	0.0
4.70784580499	0.0
4.71074829932	0.0
4.71365079365	0.0
4.71655328798	0.0
4.71945578231	0.0
4.72235827664	0.0
4.72526077098	0.0
4.72816326531	0.0
4.73106575964	0.0
4.73396825397	0.0
4.7368707483	0.0
4.73977324263	0.0
4.74267573696	0.0
4.74557823129	0.0
4.74848072562	0.0
4.75138321995	0.0
4.75428571429	0.0
4.75718820862	0.0
4.76009070295	0.0
4.76299319728	0.0
4.76589569161	0.0
4.76879818594	0.0
4.77170068027	0.0
4.7746031746	0.0
4.77750566893	0.0
4.78040816327	0.0
4.7833106576	0.0
4.78621315193	0.0
4.78911564626	0.0
4.79201814059	0.0
4.79492063492	0.0
4.79782312925	0.0
4.80072562358	0.0
4.80362811791	0.0
