0.0	0.0
0.00290249433107	0.0
0.00580498866213	0.0
0.0087074829932	126.429824829
0.0116099773243	126.795501709
0.0145124716553	126.942062378
0.0174149659864	126.942062378
0.0203174603175	126.356819153
0.0232199546485	125.774276733
0.0261224489796	125.556510925
0.0290249433107	125.339126587
0.0319274376417	125.556510925
0.0348299319728	125.846946716
0.0377324263039	125.774276733
0.0406349206349	125.556510925
0.043537414966	125.484008789
0.0464399092971	125.484008789
0.0493424036281	125.556510925
0.0522448979592	125.194412231
0.0551473922902	125.122116089
0.0580498866213	125.122116089
0.0609523809524	125.266746521
0.0638548752834	125.484008789
0.0667573696145	125.992416382
0.0696598639456	126.283851624
0.0725623582766	126.575965881
0.0754648526077	126.575965881
0.0783673469388	126.72228241
0.0812698412698	126.72228241
0.0841723356009	126.575965881
0.087074829932	126.649101257
0.089977324263	126.502876282
0.0928798185941	126.502876282
0.0957823129252	126.502876282
0.0986848072562	126.283851624
0.101587301587	126.065208435
0.104489795918	125.919654846
0.107392290249	125.774276733
0.11029478458	125.846946716
0.113197278912	125.992416382
0.116099773243	126.065208435
0.119002267574	126.210929871
0.121904761905	126.283851624
0.124807256236	126.283851624
0.127709750567	126.502876282
0.130612244898	126.502876282
0.133514739229	126.649101257
0.13641723356	126.795501709
0.139319727891	126.868759155
0.142222222222	127.088798523
0.145124716553	127.162223816
0.148027210884	127.088798523
0.150929705215	127.235702515
0.153832199546	127.235702515
0.156734693878	127.235702515
0.159637188209	127.30921936
0.16253968254	127.235702515
0.165442176871	127.30921936
0.168344671202	127.30921936
0.171247165533	127.30921936
0.174149659864	127.30921936
0.177052154195	127.382774353
0.179954648526	127.382774353
0.182857142857	127.530014038
0.185759637188	127.530014038
0.188662131519	127.60369873
0.19156462585	127.677429199
0.194467120181	127.677429199
0.197369614512	127.751197815
0.200272108844	127.751197815
0.203174603175	127.751197815
0.206077097506	127.825012207
0.208979591837	127.825012207
0.211882086168	127.898872375
0.214784580499	128.046707153
0.21768707483	128.120697021
0.220589569161	128.120697021
0.223492063492	128.194717407
0.226394557823	128.194717407
0.229297052154	128.342910767
0.232199546485	128.342910767
0.235102040816	128.491256714
0.238004535147	128.565490723
0.240907029478	128.639785767
0.24380952381	128.788482666
0.246712018141	129.01184082
0.249614512472	129.235595703
0.252517006803	129.534545898
0.255419501134	129.609390259
0.258321995465	129.75920105
0.261224489796	129.909194946
0.264126984127	129.834182739
0.267029478458	129.834182739
0.269931972789	129.609390259
0.27283446712	129.459747314
0.275736961451	129.384979248
0.278639455782	129.384979248
0.281541950113	129.384979248
0.284444444444	129.75920105
0.287346938776	129.684265137
0.290249433107	129.459747314
0.293151927438	129.384979248
0.296054421769	129.310272217
0.2989569161	129.235595703
0.301859410431	129.235595703
0.304761904762	129.235595703
0.307664399093	129.310272217
0.310566893424	129.310272217
0.313469387755	129.310272217
0.316371882086	129.310272217
0.319274376417	129.310272217
0.322176870748	129.310272217
0.325079365079	129.235595703
0.32798185941	129.235595703
0.330884353741	129.310272217
0.333786848073	129.310272217
0.336689342404	129.384979248
0.339591836735	129.534545898
0.342494331066	129.534545898
0.345396825397	129.684265137
0.348299319728	129.75920105
0.351201814059	129.75920105
0.35410430839	129.834182739
0.357006802721	129.834182739
0.359909297052	129.909194946
0.362811791383	129.98425293
0.365714285714	130.059356689
0.368616780045	130.134506226
0.371519274376	130.209686279
0.374421768707	130.360198975
0.377324263039	130.510894775
0.38022675737	130.661743164
0.383129251701	130.888366699
0.386031746032	131.115371704
0.388934240363	131.039657593
0.391836734694	131.039657593
0.394739229025	131.115371704
0.397641723356	131.039657593
0.400544217687	131.191131592
0.403446712018	130.963989258
0.406349206349	130.888366699
0.40925170068	130.963989258
0.412154195011	131.039657593
0.415056689342	131.039657593
0.417959183673	130.963989258
0.420861678005	131.039657593
0.423764172336	130.963989258
0.426666666667	131.039657593
0.429569160998	131.115371704
0.432471655329	131.115371704
0.43537414966	131.191131592
0.438276643991	131.266937256
0.441179138322	131.342773438
0.444081632653	131.342773438
0.446984126984	131.418670654
0.449886621315	131.570571899
0.452789115646	131.646591187
0.455691609977	131.79876709
0.458594104308	131.95111084
0.461496598639	132.179962158
0.464399092971	132.332748413
0.467301587302	132.562271118
0.470204081633	132.792175293
0.473106575964	133.022491455
0.476009070295	133.484313965
0.478911564626	133.793075562
0.481814058957	134.335144043
0.484716553288	134.801528931
0.487619047619	135.504135132
0.49052154195	136.053131104
0.493424036281	137.157821655
0.496326530612	137.952362061
0.499229024943	138.75151062
0.502131519274	140.525985718
0.505034013605	138.511291504
0.507936507937	135.660766602
0.510839002268	135.739151001
0.513741496599	135.896057129
0.51664399093	135.817581177
0.519546485261	136.604354858
0.522448979592	136.762268066
0.525351473923	136.525482178
0.528253968254	136.210403442
0.531156462585	134.568130493
0.534058956916	134.490432739
0.536961451247	136.053131104
0.539863945578	135.26953125
0.542766439909	139.797332764
0.54566893424	143.313064575
0.548571428571	143.72756958
0.551473922902	145.062057495
0.554376417234	147.002105713
0.557278911565	147.939117432
0.560181405896	155.47366333
0.563083900227	155.74331665
0.565986394558	155.653381348
0.568888888889	155.923339844
0.57179138322	156.10357666
0.574693877551	156.284011841
0.577596371882	156.736022949
0.580498866213	157.643997192
0.583401360544	158.832214355
0.586303854875	159.383636475
0.589206349206	162.732620239
0.592108843537	167.791564941
0.595011337868	168.374099731
0.5979138322	168.861083984
0.600816326531	169.056274414
0.603718820862	169.153945923
0.606621315193	169.251678467
0.609523809524	170.330505371
0.612426303855	170.823150635
0.615328798186	171.317214966
0.618231292517	172.210144043
0.621133786848	173.708724976
0.624036281179	173.10774231
0.62693877551	171.713500977
0.629841269841	171.51524353
0.632743764172	171.416213989
0.635646258503	172.110702515
0.638548752834	172.907867432
0.641451247166	174.412506104
0.644353741497	175.01802063
0.647256235828	175.727127075
0.650158730159	175.930252075
0.65306122449	176.031890869
0.655963718821	176.235366821
0.658866213152	176.541030884
0.661768707483	175.524230957
0.664671201814	175.220336914
0.667573696145	175.625640869
0.670476190476	176.235366821
0.673378684807	177.153930664
0.676281179138	177.051635742
0.679183673469	176.949401855
0.6820861678	177.051635742
0.684988662132	177.256286621
0.687891156463	177.666320801
0.690793650794	178.077285767
0.693696145125	178.180175781
0.696598639456	178.180175781
0.699501133787	178.283126831
0.702403628118	178.283126831
0.705306122449	178.180175781
0.70820861678	177.871688843
0.711111111111	177.358703613
0.714013605442	176.643035889
0.716916099773	176.133605957
0.719818594104	176.133605957
0.722721088435	176.541030884
0.725623582766	176.235366821
0.728526077098	178.180175781
0.731428571429	179.419525146
0.73433106576	179.626907349
0.737233560091	179.83454895
0.740136054422	179.523193359
0.743038548753	179.315917969
0.745941043084	179.419525146
0.748843537415	179.005447388
0.751746031746	179.10887146
0.754648526077	179.419525146
0.757551020408	180.250534058
0.760453514739	181.085388184
0.76335600907	182.134414673
0.766258503401	182.977996826
0.769160997732	184.890380859
0.772063492063	185.639480591
0.774965986395	185.854064941
0.777868480726	185.854064941
0.780770975057	185.746734619
0.783673469388	185.746734619
0.786575963719	185.854064941
0.78947845805	185.96144104
0.792380952381	186.176391602
0.795283446712	186.176391602
0.798185941043	185.96144104
0.801088435374	185.532272339
0.803990929705	185.318069458
0.806893424036	184.890380859
0.809795918367	184.037979126
0.812698412698	183.401260376
0.815600907029	183.295349121
0.818503401361	182.661193848
0.821405895692	182.977996826
0.824308390023	182.977996826
0.827210884354	183.083724976
0.830113378685	182.555725098
0.833015873016	183.295349121
0.835918367347	183.189498901
0.838820861678	183.507217407
0.841723356009	183.295349121
0.84462585034	183.613250732
0.847528344671	183.93170166
0.850430839002	183.401260376
0.853333333333	183.93170166
0.856235827664	184.144317627
0.859138321995	184.144317627
0.862040816327	184.357162476
0.864943310658	184.463684082
0.867845804989	183.719345093
0.87074829932	183.719345093
0.873650793651	183.295349121
0.876553287982	181.714080811
0.879455782313	180.042419434
0.882358276644	181.1900177
0.885260770975	179.938446045
0.888163265306	179.315917969
0.891065759637	178.592330933
0.893968253968	176.847213745
0.896870748299	175.828659058
0.89977324263	177.153930664
0.902675736961	178.695526123
0.905578231293	180.458892822
0.908480725624	183.083724976
0.911383219955	185.104095459
0.914285714286	187.471359253
0.917188208617	174.211135864
0.920090702948	173.809082031
0.922993197279	173.207748413
0.92589569161	174.91696167
0.928798185941	177.871688843
0.931700680272	177.461181641
0.934603174603	177.051635742
0.937505668934	176.745101929
0.940408163265	176.337203979
0.943310657596	175.930252075
0.946213151927	174.91696167
0.949115646259	173.708724976
0.95201814059	173.007766724
0.954920634921	172.508834839
0.957823129252	172.309646606
0.960725623583	172.011322021
0.963628117914	171.713500977
0.966530612245	171.218292236
0.969433106576	170.823150635
0.972335600907	170.330505371
0.975238095238	170.133850098
0.978140589569	170.035598755
0.9810430839	169.937408447
0.983945578231	169.839279175
0.986848072562	169.643188477
0.989750566893	169.643188477
0.992653061224	169.839279175
0.995555555556	170.035598755
0.998458049887	170.232147217
1.00136054422	170.133850098
1.00426303855	169.741210938
1.00716553288	169.44732666
1.01006802721	169.44732666
1.01297052154	169.349472046
1.01587301587	169.349472046
1.0187755102	169.251678467
1.02167800454	169.251678467
1.02458049887	169.251678467
1.0274829932	169.153945923
1.03038548753	168.958648682
1.03328798186	168.958648682
1.03619047619	168.763565063
1.03909297052	168.666122437
1.04199546485	168.471374512
1.04489795918	168.374099731
1.04780045351	168.276870728
1.05070294785	168.276870728
1.05360544218	168.374099731
1.05650793651	168.763565063
1.05941043084	169.349472046
1.06231292517	170.133850098
1.0652154195	170.625930786
1.06811791383	171.119430542
1.07102040816	171.416213989
1.07392290249	171.51524353
1.07682539683	171.51524353
1.07972789116	171.416213989
1.08263038549	171.119430542
1.08553287982	171.020614624
1.08843537415	170.724502563
1.09133786848	170.527389526
1.09424036281	170.330505371
1.09714285714	170.133850098
1.10004535147	170.035598755
1.1029478458	169.839279175
1.10585034014	169.741210938
1.10875283447	169.349472046
1.1116553288	169.153945923
1.11455782313	169.153945923
1.11746031746	169.153945923
1.12036281179	169.349472046
1.12326530612	169.643188477
1.12616780045	169.741210938
1.12907029478	169.741210938
1.13197278912	169.545227051
1.13487528345	169.153945923
1.13777777778	168.958648682
1.14068027211	169.349472046
1.14358276644	169.44732666
1.14648526077	169.251678467
1.1493877551	169.056274414
1.15229024943	168.763565063
1.15519274376	168.471374512
1.1580952381	168.082580566
1.16099773243	167.888519287
1.16390022676	167.791564941
1.16680272109	167.985519409
1.16970521542	168.1796875
1.17260770975	168.471374512
1.17551020408	168.666122437
1.17841269841	168.861083984
1.18131519274	169.056274414
1.18421768707	169.153945923
1.18712018141	169.251678467
1.19002267574	169.349472046
1.19292517007	169.44732666
1.1958276644	169.44732666
1.19873015873	169.44732666
1.20163265306	169.44732666
1.20453514739	169.44732666
1.20743764172	169.44732666
1.21034013605	169.349472046
1.21324263039	169.251678467
1.21614512472	169.056274414
1.21904761905	169.056274414
1.22195011338	169.056274414
1.22485260771	169.153945923
1.22775510204	169.153945923
1.23065759637	169.251678467
1.2335600907	169.251678467
1.23646258503	169.251678467
1.23936507937	169.251678467
1.2422675737	169.153945923
1.24517006803	169.056274414
1.24807256236	168.958648682
1.25097505669	168.958648682
1.25387755102	168.861083984
1.25678004535	168.861083984
1.25968253968	168.861083984
1.26258503401	168.763565063
1.26548752834	168.666122437
1.26839002268	168.763565063
1.27129251701	168.276870728
1.27419501134	168.374099731
1.27709750567	168.276870728
1.28	168.1796875
1.28290249433	167.888519287
1.28580498866	167.985519409
1.28870748299	167.791564941
1.29160997732	167.501052856
1.29451247166	167.404327393
1.29741496599	167.307662964
1.30031746032	167.211044312
1.30321995465	167.211044312
1.30612244898	167.307662964
1.30902494331	167.501052856
1.31192743764	167.985519409
1.31482993197	168.471374512
1.3177324263	168.763565063
1.32063492063	168.763565063
1.32353741497	168.568725586
1.3264399093	168.276870728
1.32934240363	167.694671631
1.33224489796	167.501052856
1.33514739229	167.017990112
1.33804988662	166.921539307
1.34095238095	166.921539307
1.34385487528	167.307662964
1.34675736961	167.694671631
1.34965986395	167.985519409
1.35256235828	168.276870728
1.35546485261	168.568725586
1.35836734694	168.763565063
1.36126984127	168.958648682
1.3641723356	169.153945923
1.36707482993	169.44732666
1.36997732426	169.839279175
1.37287981859	170.428924561
1.37578231293	170.625930786
1.37868480726	170.823150635
1.38158730159	170.527389526
1.38448979592	170.330505371
1.38739229025	169.937408447
1.39029478458	169.545227051
1.39319727891	169.349472046
1.39609977324	169.349472046
1.39900226757	169.349472046
1.4019047619	169.44732666
1.40480725624	169.545227051
1.40770975057	169.643188477
1.4106122449	169.643188477
1.41351473923	169.643188477
1.41641723356	169.741210938
1.41931972789	169.937408447
1.42222222222	170.232147217
1.42512471655	170.428924561
1.42802721088	170.724502563
1.43092970522	170.921859741
1.43383219955	170.921859741
1.43673469388	171.020614624
1.43963718821	170.823150635
1.44253968254	170.724502563
1.44544217687	170.527389526
1.4483446712	170.921859741
1.45124716553	170.921859741
1.45414965986	171.119430542
1.4570521542	171.416213989
1.45995464853	171.317214966
1.46285714286	171.812713623
1.46575963719	172.210144043
1.46866213152	172.608505249
1.47156462585	173.007766724
1.47446712018	173.407974243
1.47736961451	174.110534668
1.48027210884	174.513290405
1.48317460317	175.119155884
1.48607709751	175.524230957
1.48897959184	175.930252075
1.49188208617	176.031890869
1.4947845805	176.337203979
1.49768707483	176.541030884
1.50058956916	176.541030884
1.50349206349	176.541030884
1.50639455782	176.643035889
1.50929705215	176.439086914
1.51219954649	176.439086914
1.51510204082	175.625640869
1.51800453515	176.031890869
1.52090702948	176.337203979
1.52380952381	176.541030884
1.52671201814	176.643035889
1.52961451247	176.847213745
1.5325170068	176.949401855
1.53541950113	176.949401855
1.53832199546	176.847213745
1.5412244898	176.745101929
1.54412698413	175.930252075
1.54702947846	177.153930664
1.54993197279	179.730697632
1.55283446712	180.042419434
1.55573696145	180.146438599
1.55863945578	180.042419434
1.56154195011	179.005447388
1.56444444444	177.358703613
1.56734693878	176.745101929
1.57024943311	177.256286621
1.57315192744	177.768966675
1.57605442177	178.386138916
1.5789569161	179.005447388
1.58185941043	179.523193359
1.58476190476	180.250534058
1.58766439909	180.876312256
1.59056689342	181.609146118
1.59346938776	182.239654541
1.59637188209	182.555725098
1.59927437642	182.555725098
1.60217687075	182.450302124
1.60507936508	182.766738892
1.60798185941	182.450302124
1.61088435374	182.134414673
1.61378684807	181.819076538
1.6166893424	181.1900177
1.61959183673	180.458892822
1.62249433107	179.10887146
1.6253968254	178.902084351
1.62829931973	178.798782349
1.63120181406	178.902084351
1.63410430839	195.319610596
1.63700680272	195.4324646
1.63990929705	196.905517578
1.64281179138	197.817520142
1.64571428571	198.618988037
1.64861678005	199.308532715
1.65151927438	199.654220581
1.65442176871	199.538925171
1.65732426304	198.963470459
1.66022675737	198.275100708
1.6631292517	198.160614014
1.66603174603	206.456359863
1.66893424036	205.623260498
1.67183673469	208.855270386
1.67473922902	209.943847656
1.67764172336	209.822616577
1.68054421769	208.012496948
1.68344671202	206.695007324
1.68634920635	206.098907471
1.68925170068	205.979888916
1.69215419501	206.098907471
1.69505668934	206.098907471
1.69795918367	206.337142944
1.700861678	205.979888916
1.70376417234	205.860946655
1.70666666667	205.50453186
1.709569161	205.148727417
1.71247165533	205.148727417
1.71537414966	205.385864258
1.71827664399	205.50453186
1.72117913832	205.623260498
1.72408163265	205.742080688
1.72698412698	205.860946655
1.72988662132	205.860946655
1.73278911565	205.742080688
1.73569160998	205.623260498
1.73859410431	205.50453186
1.74149659864	205.50453186
1.74439909297	205.623260498
1.7473015873	205.623260498
1.75020408163	205.742080688
1.75310657596	205.860946655
1.75600907029	205.860946655
1.75891156463	205.860946655
1.76181405896	205.742080688
1.76471655329	205.623260498
1.76761904762	205.385864258
1.77052154195	205.26725769
1.77342403628	205.26725769
1.77632653061	205.148727417
1.77922902494	205.148727417
1.78213151927	205.148727417
1.78503401361	205.030258179
1.78793650794	204.793533325
1.79083900227	204.793533325
1.7937414966	204.793533325
1.79664399093	204.793533325
1.79954648526	204.793533325
1.80244897959	204.55708313
1.80535147392	204.55708313
1.80825396825	204.55708313
1.81115646259	204.438964844
1.81405895692	204.320907593
1.81696145125	204.085006714
1.81986394558	203.967163086
1.82276643991	203.731658936
1.82566893424	203.496429443
1.82857142857	203.261489868
1.8314739229	203.026794434
1.83437641723	202.792388916
1.83727891156	202.675292969
1.8401814059	202.558258057
1.84308390023	202.44128418
1.84598639456	202.44128418
1.84888888889	202.44128418
1.85179138322	202.324386597
1.85469387755	202.324386597
1.85759637188	202.207550049
1.86049886621	202.090789795
1.86340136054	202.090789795
1.86630385488	201.974090576
1.86920634921	201.857452393
1.87210884354	201.740890503
1.87501133787	201.624389648
1.8779138322	201.507965088
1.88081632653	201.507965088
1.88371882086	201.507965088
1.88662131519	201.391601562
1.88952380952	201.275314331
1.89242630385	201.275314331
1.89532879819	201.275314331
1.89823129252	201.275314331
1.90113378685	201.391601562
1.90403628118	201.507965088
1.90693877551	201.740890503
1.90984126984	201.857452393
1.91274376417	202.090789795
1.9156462585	202.090789795
1.91854875283	202.207550049
1.92145124717	202.090789795
1.9243537415	201.974090576
1.92725623583	201.857452393
1.93015873016	201.974090576
1.93306122449	201.974090576
1.93596371882	201.974090576
1.93886621315	201.857452393
1.94176870748	201.740890503
1.94467120181	201.740890503
1.94757369615	201.740890503
1.95047619048	201.740890503
1.95337868481	201.740890503
1.95628117914	201.857452393
1.95918367347	201.974090576
1.9620861678	201.974090576
1.96498866213	202.090789795
1.96789115646	202.207550049
1.97079365079	202.558258057
1.97369614512	202.675292969
1.97659863946	202.909561157
1.97950113379	203.026794434
1.98240362812	203.144104004
1.98530612245	203.378921509
1.98820861678	203.614013672
1.99111111111	203.849380493
1.99401360544	203.967163086
1.99691609977	204.202926636
1.9998185941	204.320907593
2.00272108844	204.438964844
2.00562358277	204.55708313
2.0085260771	204.67527771
2.01142857143	204.793533325
2.01433106576	204.911865234
2.01723356009	204.911865234
2.02013605442	205.030258179
2.02303854875	205.030258179
2.02594104308	205.030258179
2.02884353741	205.148727417
2.03174603175	205.030258179
2.03464852608	204.911865234
2.03755102041	204.67527771
2.04045351474	204.438964844
2.04335600907	204.202926636
2.0462585034	203.967163086
2.04916099773	203.731658936
2.05206349206	203.614013672
2.05496598639	203.614013672
2.05786848073	203.614013672
2.06077097506	203.849380493
2.06367346939	203.967163086
2.06657596372	204.085006714
2.06947845805	204.320907593
2.07238095238	204.55708313
2.07528344671	204.67527771
2.07818594104	204.793533325
2.08108843537	204.793533325
2.08399092971	204.911865234
2.08689342404	204.911865234
2.08979591837	204.911865234
2.0926984127	205.030258179
2.09560090703	205.148727417
2.09850340136	205.26725769
2.10140589569	205.50453186
2.10430839002	205.623260498
2.10721088435	205.860946655
2.11011337868	205.979888916
2.11301587302	206.217987061
2.11591836735	206.456359863
2.11882086168	206.456359863
2.12172335601	206.098907471
2.12462585034	205.623260498
2.12752834467	205.50453186
2.130430839	205.742080688
2.13333333333	206.337142944
2.13623582766	206.456359863
2.139138322	206.695007324
2.14204081633	208.252944946
2.14494331066	206.933929443
2.14784580499	206.695007324
2.15074829932	206.098907471
2.15365079365	205.385864258
2.15655328798	204.793533325
2.15945578231	205.030258179
2.16235827664	204.67527771
2.16526077098	205.742080688
2.16816326531	207.65234375
2.17106575964	207.892379761
2.17396825397	208.012496948
2.1768707483	208.373260498
2.17977324263	209.096679688
2.18267573696	210.065155029
2.18557823129	212.138061523
2.18848072562	217.347503662
2.19138321995	222.813537598
2.19428571429	225.012252808
2.19718820862	226.577331543
2.20009070295	228.02154541
2.20299319728	229.872970581
2.20589569161	232.947280884
2.20879818594	234.974395752
2.21170068027	236.199111938
2.2146031746	237.156082153
2.21750566893	237.842010498
2.22040816327	238.116928101
2.2233106576	237.979431152
2.22621315193	237.704666138
2.22911564626	237.430206299
2.23201814059	237.293106079
2.23492063492	237.430206299
2.23782312925	237.430206299
2.24072562358	237.430206299
2.24362811791	237.156082153
2.24653061224	237.019134521
2.24943310658	236.745483398
2.25233560091	236.472137451
2.25523809524	236.199111938
2.25814058957	235.654006958
2.2610430839	235.517929077
2.26394557823	235.246002197
2.26684807256	235.246002197
2.26975056689	235.246002197
2.27265306122	235.246002197
2.27555555556	235.110153198
2.27845804989	234.974395752
2.28136054422	234.974395752
2.28426303855	235.246002197
2.28716553288	234.838699341
2.29006802721	234.296737671
2.29297052154	233.891082764
2.29587301587	233.486129761
2.2987755102	233.081878662
2.30167800454	231.739425659
2.30458049887	231.071105957
2.3074829932	230.404708862
2.31038548753	229.872970581
2.31328798186	229.342468262
2.31619047619	229.210037231
2.31909297052	228.813186646
2.32199546485	228.285125732
2.32489795918	228.417022705
2.32780045351	228.681060791
2.33070294785	229.210037231
2.33360544218	228.813186646
2.33650793651	229.474975586
2.33941043084	230.00579834
2.34231292517	227.363952637
2.3452154195	227.363952637
2.34811791383	227.62677002
2.35102040816	227.758285522
2.35392290249	228.548995972
2.35682539683	229.210037231
2.35972789116	229.872970581
2.36263038549	229.872970581
2.36553287982	229.872970581
2.36843537415	229.872970581
2.37133786848	229.872970581
2.37424036281	229.740234375
2.37714285714	229.740234375
2.38004535147	229.740234375
2.3829478458	229.607574463
2.38585034014	229.342468262
2.38875283447	229.210037231
2.3916553288	229.077667236
2.39455782313	228.813186646
2.39746031746	228.548995972
2.40036281179	228.153305054
2.40326530612	227.758285522
2.40616780045	227.62677002
2.40907029478	227.62677002
2.41197278912	227.495315552
2.41487528345	227.10144043
2.41777777778	226.577331543
2.42068027211	226.054428101
2.42358276644	225.532730103
2.42648526077	225.012252808
2.4293877551	225.012252808
2.43229024943	225.012252808
2.43519274376	225.402496338
2.4380952381	225.532730103
2.44099773243	226.054428101
2.44390022676	226.577331543
2.44680272109	226.970306396
2.44970521542	227.495315552
2.45260770975	227.889877319
2.45551020408	228.417022705
2.45841269841	229.342468262
2.46131519274	230.138687134
2.46421768707	230.804321289
2.46712018141	231.071105957
2.47002267574	230.937667847
2.47292517007	230.404708862
2.4758276644	229.740234375
2.47873015873	228.681060791
2.48163265306	226.708251953
2.48453514739	224.492950439
2.48743764172	221.402297974
2.49034013605	219.872955322
2.49324263039	216.345458984
2.49614512472	214.231430054
2.49904761905	213.490249634
2.50195011338	213.243759155
2.50485260771	212.874557495
2.50775510204	212.628768921
2.51065759637	212.505996704
2.5135600907	212.383285522
2.51646258503	212.505996704
2.51936507937	212.505996704
2.5222675737	212.874557495
2.52517006803	213.120620728
2.52807256236	210.186523438
2.53097505669	209.822616577
2.53387755102	222.813537598
2.53678004535	222.813537598
2.53968253968	221.91444397
2.54258503401	218.859268188
2.54548752834	215.596969604
2.54839002268	215.97088623
2.55129251701	214.479064941
2.55419501134	213.984085083
2.55709750567	213.613601685
2.56	213.120620728
2.56290249433	212.874557495
2.56580498866	212.383285522
2.56870748299	212.015563965
2.57160997732	211.648483276
2.57451247166	211.160049438
2.57741496599	210.672714233
2.58031746032	210.186523438
2.58321995465	209.459335327
2.58612244898	209.096679688
2.58902494331	208.97593689
2.59192743764	208.97593689
2.59482993197	209.338378906
2.5977324263	209.580352783
2.60063492063	209.822616577
2.60353741497	209.943847656
2.6064399093	209.701446533
2.60934240363	209.459335327
2.61224489796	208.855270386
2.61514739229	208.373260498
2.61804988662	208.373260498
2.62095238095	208.614120483
2.62385487528	208.734664917
2.62675736961	208.734664917
2.62965986395	208.614120483
2.63256235828	208.855270386
2.63546485261	209.338378906
2.63836734694	209.701446533
2.64126984127	209.943847656
2.6441723356	210.065155029
2.64707482993	210.186523438
2.64997732426	210.429489136
2.65287981859	210.429489136
2.65578231293	210.30796814
2.65868480726	209.943847656
2.66158730159	209.459335327
2.66448979592	208.855270386
2.66739229025	208.373260498
2.67029478458	208.012496948
2.67319727891	207.772323608
2.67609977324	207.772323608
2.67900226757	207.772323608
2.6819047619	207.772323608
2.68480725624	207.65234375
2.68770975057	207.532440186
2.6906122449	207.412597656
2.69351473923	207.412597656
2.69641723356	207.412597656
2.69931972789	207.412597656
2.70222222222	207.65234375
2.70512471655	208.132675171
2.70802721088	208.493667603
2.71092970522	208.614120483
2.71383219955	208.614120483
2.71673469388	208.252944946
2.71963718821	207.772323608
2.72253968254	207.412597656
2.72544217687	207.053497314
2.7283446712	206.814437866
2.73124716553	206.695007324
2.73414965986	206.933929443
2.7370521542	207.532440186
2.73995464853	209.580352783
2.74285714286	210.429489136
2.74575963719	210.551071167
2.74866213152	210.672714233
2.75156462585	209.943847656
2.75446712018	207.772323608
2.75736961451	207.173126221
2.76027210884	206.575653076
2.76317460317	205.623260498
2.76607709751	204.438964844
2.76897959184	203.496429443
2.77188208617	202.44128418
2.7747845805	201.857452393
2.77768707483	205.50453186
2.78058956916	205.623260498
2.78349206349	206.337142944
2.78639455782	205.030258179
2.78929705215	204.55708313
2.79219954649	203.731658936
2.79510204082	202.909561157
2.79800453515	203.026794434
2.80090702948	202.324386597
2.80380952381	199.423690796
2.80671201814	198.848571777
2.80961451247	197.817520142
2.8125170068	195.997711182
2.81541950113	194.531463623
2.81832199546	196.905517578
2.8212244898	202.207550049
2.82412698413	201.507965088
2.82702947846	204.67527771
2.82993197279	205.50453186
2.83283446712	206.337142944
2.83573696145	207.173126221
2.83863945578	207.532440186
2.84154195011	204.911865234
2.84444444444	206.575653076
2.84734693878	208.012496948
2.85024943311	208.012496948
2.85315192744	207.65234375
2.85605442177	204.55708313
2.8589569161	203.967163086
2.86185941043	204.202926636
2.86476190476	204.55708313
2.86766439909	204.202926636
2.87056689342	204.085006714
2.87346938776	202.324386597
2.87637188209	202.090789795
2.87927437642	196.337646484
2.88217687075	193.522796631
2.88507936508	190.748306274
2.88798185941	186.822753906
2.89088435374	177.666320801
2.89378684807	177.051635742
2.8966893424	176.031890869
2.89959183673	175.119155884
2.90249433107	174.614120483
2.9053968254	174.412506104
2.90829931973	174.211135864
2.91120181406	174.412506104
2.91410430839	174.614120483
2.91700680272	174.815948486
2.91990929705	175.01802063
2.92281179138	175.119155884
2.92571428571	175.119155884
2.92861678005	175.220336914
2.93151927438	175.119155884
2.93442176871	175.01802063
2.93732426304	174.715011597
2.94022675737	174.513290405
2.9431292517	174.311798096
2.94603174603	174.211135864
2.94893424036	174.110534668
2.95183673469	174.110534668
2.95473922902	174.311798096
2.95764172336	174.513290405
2.96054421769	174.815948486
2.96344671202	174.815948486
2.96634920635	174.815948486
2.96925170068	174.715011597
2.97215419501	174.614120483
2.97505668934	174.614120483
2.97795918367	174.614120483
2.980861678	174.815948486
2.98376417234	174.91696167
2.98666666667	174.91696167
2.989569161	174.815948486
2.99247165533	174.513290405
2.99537414966	174.110534668
2.99827664399	173.809082031
3.00117913832	173.508163452
3.00408163265	173.10774231
3.00698412698	172.907867432
3.00988662132	172.608505249
3.01278911565	172.309646606
3.01569160998	172.808029175
3.01859410431	173.007766724
3.02149659864	173.608413696
3.02439909297	173.708724976
3.0273015873	173.909515381
3.03020408163	174.009994507
3.03310657596	174.110534668
3.03600907029	174.211135864
3.03891156463	174.311798096
3.04181405896	174.513290405
3.04471655329	174.614120483
3.04761904762	174.91696167
3.05052154195	175.321578979
3.05342403628	175.828659058
3.05632653061	176.031890869
3.05922902494	160.214370728
3.06213151927	159.567871094
3.06503401361	158.923980713
3.06793650794	158.191299438
3.07083900227	157.735076904
3.0737414966	157.643997192
3.07664399093	157.735076904
3.07954648526	159.660064697
3.08244897959	159.844619751
3.08535147392	159.752319336
3.08825396825	159.752319336
3.09115646259	159.844619751
3.09405895692	159.844619751
3.09696145125	159.844619751
3.09986394558	159.844619751
3.10276643991	160.029388428
3.10566893424	160.029388428
3.10857142857	159.936981201
3.1114739229	159.936981201
3.11437641723	159.844619751
3.11727891156	160.029388428
3.1201814059	160.214370728
3.12308390023	160.770584106
3.12598639456	161.235580444
3.12888888889	161.888839722
3.13179138322	162.263320923
3.13469387755	162.450881958
3.13759637188	162.075973511
3.14049886621	161.32875061
3.14340136054	160.492233276
3.14630385488	159.844619751
3.14920634921	159.383636475
3.15210884354	159.291595459
3.15501133787	159.383636475
3.1579138322	159.567871094
3.16081632653	159.844619751
3.16371882086	160.029388428
3.16662131519	160.121856689
3.16952380952	160.029388428
3.17242630385	159.936981201
3.17532879819	159.660064697
3.17823129252	159.475723267
3.18113378685	159.107681274
3.18403628118	158.923980713
3.18693877551	158.832214355
3.18984126984	158.923980713
3.19274376417	159.199615479
3.1956462585	159.567871094
3.19854875283	160.029388428
3.20145124717	160.492233276
3.2043537415	160.770584106
3.20725623583	161.049423218
3.21015873016	161.049423218
3.21306122449	160.863479614
3.21596371882	160.863479614
3.21886621315	161.049423218
3.22176870748	161.235580444
3.22467120181	161.515228271
3.22757369615	161.888839722
3.23047619048	162.450881958
3.23337868481	162.920730591
3.23628117914	163.014862061
3.23918367347	162.826644897
3.2420861678	161.982376099
3.24498866213	160.956420898
3.24789115646	160.584976196
3.25079365079	160.584976196
3.25369614512	160.492233276
3.25659863946	160.492233276
3.25950113379	160.306930542
3.26240362812	160.492233276
3.26530612245	160.956420898
3.26820861678	161.32875061
3.27111111111	161.421966553
3.27401360544	161.515228271
3.27691609977	161.421966553
3.2798185941	161.049423218
3.28272108844	160.677749634
3.28562358277	159.936981201
3.2885260771	158.923980713
3.29142857143	160.39956665
3.29433106576	159.752319336
3.29723356009	159.383636475
3.30013605442	158.557220459
3.30303854875	157.098587036
3.30594104308	155.383880615
3.30884353741	152.802719116
3.31174603175	150.960403442
3.31464852608	149.485290527
3.31755102041	148.538497925
3.32045351474	147.427276611
3.32335600907	147.342147827
3.3262585034	147.512466431
3.32916099773	147.257064819
3.33206349206	145.733932495
3.33496598639	0.0
3.33786848073	0.0
3.34077097506	0.0
3.34367346939	0.0
3.34657596372	0.0
3.34947845805	0.0
3.35238095238	0.0
3.35528344671	0.0
3.35818594104	0.0
3.36108843537	0.0
3.36399092971	0.0
3.36689342404	0.0
3.36979591837	0.0
3.3726984127	0.0
3.37560090703	0.0
3.37850340136	138.511291504
3.38140589569	136.604354858
3.38430839002	135.504135132
3.38721088435	134.025131226
3.39011337868	131.342773438
3.39301587302	128.565490723
3.39591836735	127.751197815
3.39882086168	128.937347412
3.40172335601	128.491256714
3.40462585034	126.942062378
3.40752834467	125.774276733
3.410430839	125.049865723
3.41333333333	124.761276245
3.41623582766	125.919654846
3.419138322	124.473350525
3.42204081633	124.689231873
3.42494331066	124.761276245
3.42784580499	124.689231873
3.43074829932	125.194412231
3.43365079365	126.575965881
3.43655328798	126.283851624
3.43945578231	125.556510925
3.44235827664	125.266746521
3.44526077098	125.194412231
3.44816326531	124.977653503
3.45106575964	124.761276245
3.45396825397	124.977653503
3.4568707483	125.339126587
3.45977324263	125.846946716
3.46267573696	126.210929871
3.46557823129	126.283851624
3.46848072562	126.210929871
3.47138321995	126.356819153
3.47428571429	126.575965881
3.47718820862	126.429824829
3.48009070295	126.138046265
3.48299319728	125.701644897
3.48589569161	125.266746521
3.48879818594	125.266746521
3.49170068027	125.122116089
3.4946031746	124.905487061
3.49750566893	124.833358765
3.50040816327	125.122116089
3.5033106576	125.629058838
3.50621315193	125.846946716
3.50911564626	125.992416382
3.51201814059	125.919654846
3.51492063492	125.701644897
3.51782312925	125.484008789
3.52072562358	125.266746521
3.52362811791	125.194412231
3.52653061224	125.194412231
3.52943310658	125.339126587
3.53233560091	125.4115448
3.53523809524	125.4115448
3.53814058957	125.4115448
3.5410430839	125.4115448
3.54394557823	125.266746521
3.54684807256	124.977653503
3.54975056689	124.689231873
3.55265306122	124.257835388
3.55555555556	123.971069336
3.55845804989	123.75643158
3.56136054422	123.75643158
3.56426303855	123.827941895
3.56716553288	123.75643158
3.57006802721	124.186080933
3.57297052154	124.617225647
3.57587301587	124.761276245
3.5787755102	124.689231873
3.58167800454	124.257835388
3.58458049887	124.114372253
3.5874829932	124.114372253
3.59038548753	124.257835388
3.59328798186	124.257835388
3.59619047619	124.114372253
3.59909297052	124.257835388
3.60199546485	124.833358765
3.60489795918	125.194412231
3.60780045351	125.194412231
3.61070294785	124.977653503
3.61360544218	124.761276245
3.61650793651	124.40146637
3.61941043084	124.042701721
3.62231292517	123.613548279
3.6252154195	123.470825195
3.62811791383	123.328269958
3.63102040816	123.328269958
3.63392290249	123.399528503
3.63682539683	123.542167664
3.63972789116	123.75643158
3.64263038549	123.899482727
3.64553287982	124.114372253
3.64843537415	124.40146637
3.65133786848	124.689231873
3.65424036281	124.977653503
3.65714285714	124.905487061
3.66004535147	124.473350525
3.6629478458	123.899482727
3.66585034014	123.257049561
3.66875283447	122.688796997
3.6716553288	122.759689331
3.67455782313	122.759689331
3.67746031746	122.547142029
3.68036281179	122.405654907
3.68326530612	122.334968567
3.68616780045	122.264328003
3.68907029478	121.982162476
3.69197278912	122.193725586
3.69487528345	122.547142029
3.69777777778	123.114738464
3.70068027211	123.470825195
3.70358276644	123.399528503
3.70648526077	123.470825195
3.7093877551	123.399528503
3.71229024943	123.328269958
3.71519274376	123.185874939
3.7180952381	122.972595215
3.72099773243	122.90158844
3.72390022676	122.830612183
3.72680272109	122.90158844
3.72970521542	123.328269958
3.73260770975	123.827941895
3.73551020408	123.971069336
3.73841269841	123.899482727
3.74131519274	123.684967041
3.74421768707	123.257049561
3.74712018141	122.830612183
3.75002267574	122.334968567
3.75292517007	121.841323853
3.7558276644	121.489936829
3.75873015873	121.34967041
3.76163265306	121.279594421
3.76453514739	121.209564209
3.76743764172	121.209564209
3.77034013605	121.34967041
3.77324263039	121.419784546
3.77614512472	121.630371094
3.77904761905	121.911720276
3.78195011338	122.123161316
3.78485260771	122.405654907
3.78775510204	122.688796997
3.79065759637	122.90158844
3.7935600907	122.90158844
3.79646258503	122.759689331
3.79936507937	122.617950439
3.8022675737	122.476379395
3.80517006803	122.405654907
3.80807256236	122.264328003
3.81097505669	122.193725586
3.81387755102	122.193725586
3.81678004535	122.193725586
3.81968253968	122.123161316
3.82258503401	121.982162476
3.82548752834	122.123161316
3.82839002268	122.405654907
3.83129251701	122.972595215
3.83419501134	123.542167664
3.83709750567	123.684967041
3.84	123.542167664
3.84290249433	123.328269958
3.84580498866	122.123161316
3.84870748299	122.405654907
3.85160997732	122.405654907
3.85451247166	122.334968567
3.85741496599	122.334968567
3.86031746032	122.052642822
3.86321995465	122.334968567
3.86612244898	122.547142029
3.86902494331	122.688796997
3.87192743764	122.972595215
3.87482993197	123.257049561
3.8777324263	123.542167664
3.88063492063	123.328269958
3.88353741497	123.043647766
3.8864399093	123.043647766
3.88934240363	123.328269958
3.89224489796	123.971069336
3.89514739229	124.186080933
3.89804988662	123.971069336
3.90095238095	123.542167664
3.90385487528	123.399528503
3.90675736961	123.470825195
3.90965986395	123.542167664
3.91256235828	123.613548279
3.91546485261	123.75643158
3.91836734694	123.971069336
3.92126984127	123.971069336
3.9241723356	124.186080933
3.92707482993	124.833358765
3.92997732426	125.556510925
3.93287981859	126.065208435
3.93578231293	126.210929871
3.93868480726	126.138046265
3.94158730159	125.266746521
3.94448979592	123.971069336
3.94739229025	122.617950439
3.95029478458	121.982162476
3.95319727891	121.560134888
3.95609977324	121.911720276
3.95900226757	121.069618225
3.9619047619	122.123161316
3.96480725624	123.257049561
3.96770975057	124.042701721
3.9706122449	125.122116089
3.97351473923	125.629058838
3.97641723356	125.919654846
3.97931972789	128.417053223
3.98222222222	128.491256714
3.98512471655	127.972770691
3.98802721088	127.751197815
3.99092970522	127.530014038
3.99383219955	122.405654907
3.99673469388	122.972595215
3.99963718821	124.042701721
4.00253968254	125.122116089
4.00544217687	125.919654846
4.0083446712	126.429824829
4.01124716553	126.649101257
4.01414965986	126.649101257
4.0170521542	126.429824829
4.01995464853	126.065208435
4.02285714286	125.484008789
4.02575963719	124.833358765
4.02866213152	124.473350525
4.03156462585	124.042701721
4.03446712018	123.75643158
4.03736961451	123.470825195
4.04027210884	123.328269958
4.04317460317	123.185874939
4.04607709751	123.399528503
4.04897959184	123.470825195
4.05188208617	123.75643158
4.0547845805	124.473350525
4.05768707483	125.266746521
4.06058956916	126.065208435
4.06349206349	126.502876282
4.06639455782	126.942062378
4.06929705215	127.088798523
4.07219954649	127.162223816
4.07510204082	127.30921936
4.07800453515	127.825012207
4.08090702948	128.417053223
4.08380952381	129.310272217
4.08671201814	130.661743164
4.08961451247	131.342773438
4.0925170068	131.72265625
4.09541950113	131.95111084
4.09832199546	131.95111084
4.1012244898	131.79876709
4.10412698413	131.418670654
4.10702947846	130.812789917
4.10993197279	129.75920105
4.11283446712	126.065208435
4.11573696145	125.339126587
4.11863945578	129.310272217
4.12154195011	129.01184082
4.12444444444	128.417053223
4.12734693878	128.491256714
4.13024943311	132.562271118
4.13315192744	134.025131226
4.13605442177	134.87940979
4.1389569161	135.19140625
4.14185941043	134.257583618
4.14476190476	134.645889282
4.14766439909	134.335144043
4.15056689342	133.407226562
4.15346938776	132.63885498
4.15637188209	131.646591187
4.15927437642	130.737243652
4.16217687075	130.059356689
4.16507936508	130.586303711
4.16798185941	132.792175293
4.17088435374	133.484313965
4.17378684807	134.490432739
4.1766893424	135.347686768
4.17959183673	136.131744385
4.18249433107	137.078613281
4.1853968254	137.634002686
4.18829931973	137.79309082
4.19120181406	136.841278076
4.19410430839	136.289093018
4.19700680272	135.347686768
4.19990929705	134.257583618
4.20281179138	133.253204346
4.20571428571	131.570571899
4.20861678005	130.134506226
4.21151927438	129.235595703
4.21442176871	129.534545898
4.21732426304	130.360198975
4.22022675737	131.494598389
4.2231292517	131.646591187
4.22603174603	131.494598389
4.22893424036	132.027359009
4.23183673469	131.95111084
4.23473922902	131.342773438
4.23764172336	130.586303711
4.24054421769	130.134506226
4.24344671202	130.209686279
4.24634920635	130.586303711
4.24925170068	131.039657593
4.25215419501	132.179962158
4.25505668934	136.999465942
4.25795918367	138.75151062
4.260861678	131.646591187
4.26376417234	131.79876709
4.26666666667	132.179962158
4.269569161	133.330200195
4.27247165533	133.407226562
4.27537414966	134.87940979
4.27827664399	135.896057129
4.28117913832	130.737243652
4.28408163265	130.209686279
4.28698412698	130.059356689
4.28988662132	131.646591187
4.29278911565	130.586303711
4.29569160998	130.134506226
4.29859410431	130.812789917
4.30149659864	133.407226562
4.30439909297	135.347686768
4.3073015873	136.683288574
4.31020408163	132.179962158
4.31310657596	133.561431885
4.31600907029	135.347686768
4.31891156463	136.210403442
4.32181405896	138.351364136
4.32471655329	140.039794922
4.32761904762	140.607177734
4.33052154195	139.878112793
4.33342403628	136.604354858
4.33632653061	135.19140625
4.33922902494	134.723693848
4.34213151927	134.335144043
4.34503401361	135.739151001
4.34793650794	136.367843628
4.35083900227	135.425888062
4.3537414966	131.95111084
4.35664399093	131.874923706
4.35954648526	131.874923706
4.36244897959	131.570571899
4.36535147392	131.039657593
4.36825396825	129.684265137
4.37115646259	0.0
4.37405895692	0.0
4.37696145125	0.0
4.37986394558	0.0
4.38276643991	0.0
4.38566893424	0.0
4.38857142857	0.0
4.3914739229	0.0
4.39437641723	0.0
4.39727891156	0.0
4.4001814059	0.0
4.40308390023	0.0
4.40598639456	0.0
4.40888888889	0.0
4.41179138322	0.0
4.41469387755	0.0
4.41759637188	0.0
4.42049886621	0.0
4.42340136054	0.0
4.42630385488	0.0
4.42920634921	0.0
4.43210884354	0.0
4.43501133787	0.0
4.4379138322	0.0
4.44081632653	0.0
4.44371882086	0.0
4.44662131519	0.0
4.44952380952	0.0
4.45242630385	0.0
4.45532879819	0.0
4.45823129252	0.0
4.46113378685	0.0
4.46403628118	0.0
4.46693877551	0.0
4.46984126984	0.0
4.47274376417	0.0
4.4756462585	0.0
4.47854875283	0.0
4.48145124717	0.0
4.4843537415	0.0
4.48725623583	0.0
4.49015873016	0.0
4.49306122449	0.0
4.49596371882	0.0
4.49886621315	0.0
