0.0	0.0
0.00290249433107	0.0
0.00580498866213	0.0
0.0087074829932	158.648834229
0.0116099773243	159.107681274
0.0145124716553	159.475723267
0.0174149659864	159.475723267
0.0203174603175	159.936981201
0.0232199546485	160.121856689
0.0261224489796	160.029388428
0.0290249433107	160.121856689
0.0319274376417	159.844619751
0.0348299319728	159.567871094
0.0377324263039	159.383636475
0.0406349206349	159.383636475
0.043537414966	159.199615479
0.0464399092971	159.107681274
0.0493424036281	159.107681274
0.0522448979592	159.291595459
0.0551473922902	159.475723267
0.0580498866213	159.567871094
0.0609523809524	159.660064697
0.0638548752834	160.121856689
0.0667573696145	160.214370728
0.0696598639456	160.956420898
0.0725623582766	162.263320923
0.0754648526077	162.450881958
0.0783673469388	161.982376099
0.0812698412698	162.263320923
0.0841723356009	162.075973511
0.087074829932	161.888839722
0.089977324263	162.263320923
0.0928798185941	162.732620239
0.0957823129252	163.014862061
0.0986848072562	163.203292847
0.101587301587	163.580810547
0.104489795918	163.959197998
0.107392290249	164.433410645
0.11029478458	164.528427124
0.113197278912	164.62348938
0.116099773243	164.243560791
0.119002267574	164.338470459
0.121904761905	164.338470459
0.124807256236	164.528427124
0.127709750567	164.528427124
0.130612244898	164.62348938
0.133514739229	164.813781738
0.13641723356	165.195022583
0.139319727891	165.672805786
0.142222222222	165.960144043
0.145124716553	165.864318848
0.148027210884	165.768539429
0.150929705215	165.960144043
0.153832199546	165.960144043
0.156734693878	165.960144043
0.159637188209	166.24798584
0.16253968254	166.344039917
0.165442176871	166.344039917
0.168344671202	165.577148438
0.171247165533	164.718612671
0.174149659864	163.864517212
0.177052154195	163.014862061
0.179954648526	162.54473877
0.182857142857	163.014862061
0.185759637188	162.357070923
0.188662131519	162.732620239
0.19156462585	202.207550049
0.194467120181	203.967163086
0.197369614512	205.26725769
0.200272108844	206.456359863
0.203174603175	207.65234375
0.206077097506	208.012496948
0.208979591837	207.892379761
0.211882086168	207.292831421
0.214784580499	206.933929443
0.21768707483	206.695007324
0.220589569161	206.337142944
0.223492063492	206.695007324
0.226394557823	207.292831421
0.229297052154	208.373260498
0.232199546485	209.580352783
0.235102040816	211.160049438
0.238004535147	213.120620728
0.240907029478	213.490249634
0.24380952381	214.107727051
0.246712018141	214.107727051
0.249614512472	213.737030029
0.252517006803	213.860519409
0.255419501134	213.120620728
0.258321995465	212.75163269
0.261224489796	212.138061523
0.264126984127	211.648483276
0.267029478458	212.260635376
0.269931972789	212.997558594
0.27283446712	213.366973877
0.275736961451	213.243759155
0.278639455782	213.243759155
0.281541950113	213.243759155
0.284444444444	212.505996704
0.287346938776	220.891342163
0.290249433107	220.0
0.293151927438	221.27444458
0.296054421769	221.27444458
0.2989569161	220.127120972
0.301859410431	219.872955322
0.304761904762	218.859268188
0.307664399093	218.606582642
0.310566893424	218.48034668
0.313469387755	218.102081299
0.316371882086	217.976135254
0.319274376417	218.228103638
0.322176870748	217.724456787
0.325079365079	217.724456787
0.32798185941	216.595535278
0.330884353741	216.095672607
0.333786848073	215.596969604
0.336689342404	215.34803772
0.339591836735	215.223678589
0.342494331066	214.726989746
0.345396825397	214.355209351
0.348299319728	214.355209351
0.351201814059	213.984085083
0.35410430839	214.355209351
0.357006802721	213.860519409
0.359909297052	213.490249634
0.362811791383	212.874557495
0.365714285714	212.628768921
0.368616780045	212.260635376
0.371519274376	212.75163269
0.374421768707	212.75163269
0.377324263039	213.120620728
0.38022675737	213.737030029
0.383129251701	213.860519409
0.386031746032	213.490249634
0.388934240363	213.120620728
0.391836734694	212.628768921
0.394739229025	211.770782471
0.397641723356	211.404129028
0.400544217687	211.038101196
0.403446712018	210.916244507
0.406349206349	210.916244507
0.40925170068	211.038101196
0.412154195011	211.282043457
0.415056689342	211.404129028
0.417959183673	211.526275635
0.420861678005	211.282043457
0.423764172336	210.916244507
0.426666666667	210.551071167
0.429569160998	210.186523438
0.432471655329	209.943847656
0.43537414966	209.701446533
0.438276643991	209.822616577
0.441179138322	209.943847656
0.444081632653	210.429489136
0.446984126984	211.038101196
0.449886621315	211.282043457
0.452789115646	211.526275635
0.455691609977	211.8931427
0.458594104308	212.015563965
0.461496598639	212.138061523
0.464399092971	212.015563965
0.467301587302	211.8931427
0.470204081633	211.526275635
0.473106575964	210.916244507
0.476009070295	209.580352783
0.478911564626	208.493667603
0.481814058957	207.532440186
0.484716553288	206.814437866
0.487619047619	205.979888916
0.49052154195	205.50453186
0.493424036281	205.148727417
0.496326530612	205.030258179
0.499229024943	205.26725769
0.502131519274	202.909561157
0.505034013605	200.347366333
0.507936507937	197.703292847
0.510839002268	197.247024536
0.513741496599	197.360992432
0.51664399093	0.0
0.519546485261	0.0
0.522448979592	0.0
0.525351473923	0.0
0.528253968254	0.0
0.531156462585	0.0
0.534058956916	0.0
0.536961451247	0.0
0.539863945578	0.0
0.542766439909	0.0
0.54566893424	0.0
0.548571428571	0.0
0.551473922902	0.0
0.554376417234	0.0
0.557278911565	0.0
0.560181405896	0.0
0.563083900227	0.0
0.565986394558	0.0
0.568888888889	0.0
0.57179138322	0.0
0.574693877551	0.0
0.577596371882	0.0
0.580498866213	0.0
0.583401360544	204.67527771
0.586303854875	203.849380493
0.589206349206	202.792388916
0.592108843537	202.909561157
0.595011337868	202.44128418
0.5979138322	202.090789795
0.600816326531	201.974090576
0.603718820862	202.090789795
0.606621315193	202.324386597
0.609523809524	202.44128418
0.612426303855	202.324386597
0.615328798186	202.090789795
0.618231292517	201.740890503
0.621133786848	201.624389648
0.624036281179	201.740890503
0.62693877551	201.507965088
0.629841269841	201.507965088
0.632743764172	201.391601562
0.635646258503	201.275314331
0.638548752834	201.159072876
0.641451247166	201.275314331
0.644353741497	201.740890503
0.647256235828	202.207550049
0.650158730159	202.558258057
0.65306122449	203.026794434
0.655963718821	203.144104004
0.658866213152	203.378921509
0.661768707483	203.378921509
0.664671201814	203.378921509
0.667573696145	203.261489868
0.670476190476	203.144104004
0.673378684807	203.026794434
0.676281179138	203.026794434
0.679183673469	202.792388916
0.6820861678	202.909561157
0.684988662132	202.792388916
0.687891156463	202.909561157
0.690793650794	203.026794434
0.693696145125	203.261489868
0.696598639456	203.849380493
0.699501133787	204.202926636
0.702403628118	204.55708313
0.705306122449	205.148727417
0.70820861678	205.623260498
0.711111111111	207.292831421
0.714013605442	208.373260498
0.716916099773	208.493667603
0.719818594104	208.493667603
0.722721088435	208.855270386
0.725623582766	209.459335327
0.728526077098	209.580352783
0.731428571429	210.429489136
0.73433106576	212.138061523
0.737233560091	214.479064941
0.740136054422	215.099411011
0.743038548753	215.099411011
0.745941043084	215.099411011
0.748843537415	214.85105896
0.751746031746	215.099411011
0.754648526077	215.099411011
0.757551020408	214.85105896
0.760453514739	214.85105896
0.76335600907	215.34803772
0.766258503401	215.7215271
0.769160997732	216.345458984
0.772063492063	216.345458984
0.774965986395	216.470458984
0.777868480726	216.220535278
0.780770975057	215.97088623
0.783673469388	215.97088623
0.786575963719	215.97088623
0.78947845805	214.231430054
0.792380952381	214.107727051
0.795283446712	213.984085083
0.798185941043	213.984085083
0.801088435374	213.984085083
0.803990929705	215.34803772
0.806893424036	215.472457886
0.809795918367	215.472457886
0.812698412698	215.472457886
0.815600907029	215.223678589
0.818503401361	214.85105896
0.821405895692	213.984085083
0.824308390023	213.613601685
0.827210884354	213.366973877
0.830113378685	213.490249634
0.833015873016	213.860519409
0.835918367347	214.355209351
0.838820861678	214.479064941
0.841723356009	214.602996826
0.84462585034	214.479064941
0.847528344671	214.231430054
0.850430839002	213.860519409
0.853333333333	213.613601685
0.856235827664	213.243759155
0.859138321995	213.243759155
0.862040816327	213.120620728
0.864943310658	213.120620728
0.867845804989	213.366973877
0.87074829932	213.613601685
0.873650793651	213.860519409
0.876553287982	213.984085083
0.879455782313	213.984085083
0.882358276644	213.984085083
0.885260770975	213.984085083
0.888163265306	214.107727051
0.891065759637	214.107727051
0.893968253968	214.231430054
0.896870748299	214.355209351
0.89977324263	214.479064941
0.902675736961	214.602996826
0.905578231293	214.602996826
0.908480725624	214.726989746
0.911383219955	214.85105896
0.914285714286	214.975189209
0.917188208617	215.099411011
0.920090702948	215.099411011
0.922993197279	215.099411011
0.92589569161	214.975189209
0.928798185941	214.85105896
0.931700680272	214.726989746
0.934603174603	214.726989746
0.937505668934	214.726989746
0.940408163265	214.726989746
0.943310657596	214.85105896
0.946213151927	214.726989746
0.949115646259	214.602996826
0.95201814059	214.479064941
0.954920634921	213.984085083
0.957823129252	213.613601685
0.960725623583	213.243759155
0.963628117914	213.243759155
0.966530612245	213.366973877
0.969433106576	213.490249634
0.972335600907	213.490249634
0.975238095238	213.243759155
0.978140589569	212.997558594
0.9810430839	212.505996704
0.983945578231	212.015563965
0.986848072562	211.404129028
0.989750566893	210.794448853
0.992653061224	211.404129028
0.995555555556	211.526275635
0.998458049887	211.282043457
1.00136054422	211.038101196
1.00426303855	210.429489136
1.00716553288	209.701446533
1.01006802721	209.580352783
1.01297052154	209.943847656
1.01587301587	211.160049438
1.0187755102	212.015563965
1.02167800454	212.015563965
1.02458049887	212.015563965
1.0274829932	211.8931427
1.03038548753	211.8931427
1.03328798186	197.703292847
1.03619047619	198.046173096
1.03909297052	197.475021362
1.04199546485	196.337646484
1.04489795918	196.110961914
1.04780045351	195.658370972
1.05070294785	195.658370972
1.05360544218	195.997711182
1.05650793651	196.451095581
1.05941043084	197.360992432
1.06231292517	199.423690796
1.0652154195	199.884994507
1.06811791383	200.116043091
1.07102040816	200.116043091
1.07392290249	200.000488281
1.07682539683	200.000488281
1.07972789116	200.000488281
1.08263038549	199.769577026
1.08553287982	199.423690796
1.08843537415	207.053497314
1.09133786848	209.217498779
1.09424036281	207.173126221
1.09714285714	206.217987061
1.10004535147	205.50453186
1.1029478458	204.202926636
1.10585034014	203.144104004
1.10875283447	202.675292969
1.1116553288	202.558258057
1.11455782313	202.558258057
1.11746031746	202.558258057
1.12036281179	202.909561157
1.12326530612	203.144104004
1.12616780045	203.967163086
1.12907029478	204.438964844
1.13197278912	204.793533325
1.13487528345	204.911865234
1.13777777778	204.793533325
1.14068027211	204.55708313
1.14358276644	204.320907593
1.14648526077	204.320907593
1.1493877551	203.967163086
1.15229024943	203.731658936
1.15519274376	203.378921509
1.1580952381	203.026794434
1.16099773243	202.792388916
1.16390022676	202.558258057
1.16680272109	202.207550049
1.16970521542	201.974090576
1.17260770975	201.974090576
1.17551020408	201.857452393
1.17841269841	201.974090576
1.18131519274	202.090789795
1.18421768707	202.324386597
1.18712018141	202.909561157
1.19002267574	203.261489868
1.19292517007	203.496429443
1.1958276644	203.731658936
1.19873015873	203.731658936
1.20163265306	202.792388916
1.20453514739	201.391601562
1.20743764172	201.275314331
1.21034013605	201.159072876
1.21324263039	200.810806274
1.21614512472	199.308532715
1.21904761905	199.769577026
1.22195011338	200.926818848
1.22485260771	200.578948975
1.22775510204	200.347366333
1.23065759637	200.231674194
1.2335600907	199.769577026
1.23646258503	198.73374939
1.23936507937	199.769577026
1.2422675737	198.73374939
1.24517006803	198.160614014
1.24807256236	197.019287109
1.25097505669	194.531463623
1.25387755102	190.858505249
1.25678004535	187.038711548
1.25968253968	186.068893433
1.26258503401	186.283966064
1.26548752834	186.391601562
1.26839002268	183.083724976
1.27129251701	182.555725098
1.27419501134	181.399459839
1.27709750567	180.146438599
1.28	180.876312256
1.28290249433	181.924118042
1.28580498866	181.085388184
1.28870748299	182.134414673
1.29160997732	182.02923584
1.29451247166	182.239654541
1.29741496599	181.714080811
1.30031746032	181.714080811
1.30321995465	181.714080811
1.30612244898	181.924118042
1.30902494331	181.1900177
1.31192743764	181.609146118
1.31482993197	181.819076538
1.3177324263	181.714080811
1.32063492063	182.766738892
1.32353741497	183.93170166
1.3264399093	183.507217407
1.32934240363	183.825500488
1.33224489796	184.250717163
1.33514739229	184.890380859
1.33804988662	185.854064941
1.34095238095	186.822753906
1.34385487528	183.401260376
1.34675736961	183.083724976
1.34965986395	182.344940186
1.35256235828	182.239654541
1.35546485261	182.134414673
1.35836734694	181.924118042
1.36126984127	182.661193848
1.3641723356	182.661193848
1.36707482993	182.555725098
1.36997732426	182.766738892
1.37287981859	182.661193848
1.37578231293	182.344940186
1.37868480726	182.239654541
1.38158730159	182.134414673
1.38448979592	182.239654541
1.38739229025	182.344940186
1.39029478458	182.661193848
1.39319727891	182.766738892
1.39609977324	182.555725098
1.39900226757	182.239654541
1.4019047619	181.819076538
1.40480725624	181.399459839
1.40770975057	180.980819702
1.4106122449	180.771865845
1.41351473923	180.458892822
1.41641723356	180.146438599
1.41931972789	180.354675293
1.42222222222	180.354675293
1.42512471655	180.458892822
1.42802721088	180.458892822
1.43092970522	180.146438599
1.43383219955	179.83454895
1.43673469388	179.626907349
1.43963718821	179.212371826
1.44253968254	178.489212036
1.44544217687	178.592330933
1.4483446712	178.798782349
1.45124716553	179.005447388
1.45414965986	178.902084351
1.4570521542	179.938446045
1.45995464853	180.146438599
1.46285714286	180.250534058
1.46575963719	180.250534058
1.46866213152	180.354675293
1.47156462585	180.458892822
1.47446712018	181.1900177
1.47736961451	181.399459839
1.48027210884	181.399459839
1.48317460317	180.980819702
1.48607709751	181.085388184
1.48897959184	180.250534058
1.49188208617	174.614120483
1.4947845805	175.524230957
1.49768707483	176.847213745
1.50058956916	179.523193359
1.50349206349	179.730697632
1.50639455782	176.337203979
1.50929705215	174.412506104
1.51219954649	172.708236694
1.51510204082	171.51524353
1.51800453515	170.527389526
1.52090702948	169.839279175
1.52380952381	168.568725586
1.52671201814	167.404327393
1.52961451247	166.440155029
1.5325170068	165.672805786
1.53541950113	165.290466309
1.53832199546	165.385971069
1.5412244898	166.440155029
1.54412698413	166.921539307
1.54702947846	167.114486694
1.54993197279	167.211044312
1.55283446712	166.921539307
1.55573696145	166.440155029
1.55863945578	165.960144043
1.56154195011	165.672805786
1.56444444444	165.385971069
1.56734693878	165.290466309
1.57024943311	165.290466309
1.57315192744	165.385971069
1.57605442177	165.672805786
1.5789569161	166.056045532
1.58185941043	166.24798584
1.58476190476	166.440155029
1.58766439909	166.440155029
1.59056689342	166.344039917
1.59346938776	166.151977539
1.59637188209	166.151977539
1.59927437642	166.151977539
1.60217687075	166.24798584
1.60507936508	166.344039917
1.60798185941	166.344039917
1.61088435374	166.151977539
1.61378684807	165.960144043
1.6166893424	165.577148438
1.61959183673	165.290466309
1.62249433107	165.099624634
1.6253968254	165.099624634
1.62829931973	165.195022583
1.63120181406	165.481521606
1.63410430839	165.672805786
1.63700680272	166.056045532
1.63990929705	166.24798584
1.64281179138	166.344039917
1.64571428571	166.344039917
1.64861678005	166.24798584
1.65151927438	166.056045532
1.65442176871	165.768539429
1.65732426304	165.481521606
1.66022675737	165.099624634
1.6631292517	164.909011841
1.66603174603	164.718612671
1.66893424036	164.813781738
1.67183673469	164.813781738
1.67473922902	164.909011841
1.67764172336	165.00428772
1.68054421769	165.00428772
1.68344671202	164.909011841
1.68634920635	164.909011841
1.68925170068	164.909011841
1.69215419501	164.909011841
1.69505668934	165.00428772
1.69795918367	165.099624634
1.700861678	165.290466309
1.70376417234	165.385971069
1.70666666667	165.385971069
1.709569161	165.290466309
1.71247165533	165.00428772
1.71537414966	164.813781738
1.71827664399	164.62348938
1.72117913832	164.62348938
1.72408163265	164.528427124
1.72698412698	164.62348938
1.72988662132	164.62348938
1.73278911565	164.813781738
1.73569160998	164.909011841
1.73859410431	165.099624634
1.74149659864	165.290466309
1.74439909297	165.385971069
1.7473015873	165.481521606
1.75020408163	165.672805786
1.75310657596	165.672805786
1.75600907029	165.672805786
1.75891156463	165.864318848
1.76181405896	165.960144043
1.76471655329	166.440155029
1.76761904762	166.536315918
1.77052154195	166.728820801
1.77342403628	166.632537842
1.77632653061	166.632537842
1.77922902494	166.536315918
1.78213151927	166.440155029
1.78503401361	166.440155029
1.78793650794	166.440155029
1.79083900227	166.344039917
1.7937414966	166.24798584
1.79664399093	166.151977539
1.79954648526	166.056045532
1.80244897959	165.960144043
1.80535147392	165.672805786
1.80825396825	165.385971069
1.81115646259	165.290466309
1.81405895692	165.099624634
1.81696145125	165.290466309
1.81986394558	165.577148438
1.82276643991	165.768539429
1.82566893424	165.864318848
1.82857142857	166.056045532
1.8314739229	166.151977539
1.83437641723	166.056045532
1.83727891156	165.864318848
1.8401814059	165.672805786
1.84308390023	165.385971069
1.84598639456	165.385971069
1.84888888889	165.481521606
1.85179138322	165.577148438
1.85469387755	165.672805786
1.85759637188	165.864318848
1.86049886621	165.864318848
1.86340136054	165.960144043
1.86630385488	165.864318848
1.86920634921	165.960144043
1.87210884354	165.960144043
1.87501133787	165.960144043
1.8779138322	165.960144043
1.88081632653	166.056045532
1.88371882086	166.151977539
1.88662131519	166.151977539
1.88952380952	166.24798584
1.89242630385	166.344039917
1.89532879819	166.24798584
1.89823129252	166.344039917
1.90113378685	166.632537842
1.90403628118	166.921539307
1.90693877551	166.921539307
1.90984126984	166.536315918
1.91274376417	166.536315918
1.9156462585	166.24798584
1.91854875283	165.960144043
1.92145124717	165.672805786
1.9243537415	165.672805786
1.92725623583	165.960144043
1.93015873016	165.960144043
1.93306122449	166.344039917
1.93596371882	166.632537842
1.93886621315	167.017990112
1.94176870748	167.404327393
1.94467120181	167.597839355
1.94757369615	168.1796875
1.95047619048	167.985519409
1.95337868481	167.694671631
1.95628117914	167.404327393
1.95918367347	167.017990112
1.9620861678	166.440155029
1.96498866213	165.864318848
1.96789115646	163.391937256
1.97079365079	162.638656616
1.97369614512	162.920730591
1.97659863946	163.391937256
1.97950113379	163.864517212
1.98240362812	165.290466309
1.98530612245	166.728820801
1.98820861678	166.344039917
1.99111111111	165.960144043
1.99401360544	165.481521606
1.99691609977	165.099624634
1.9998185941	164.62348938
2.00272108844	164.243560791
2.00562358277	164.053939819
2.0085260771	163.675323486
2.01142857143	163.297592163
2.01433106576	162.920730591
2.01723356009	162.920730591
2.02013605442	163.014862061
2.02303854875	164.148727417
2.02594104308	165.290466309
2.02884353741	162.169616699
2.03174603175	161.982376099
2.03464852608	163.864517212
2.03755102041	165.290466309
2.04045351474	166.440155029
2.04335600907	166.825149536
2.0462585034	169.44732666
2.04916099773	171.317214966
2.05206349206	172.011322021
2.05496598639	171.713500977
2.05786848073	169.251678467
2.06077097506	168.666122437
2.06367346939	168.958648682
2.06657596372	167.597839355
2.06947845805	167.017990112
2.07238095238	166.825149536
2.07528344671	166.536315918
2.07818594104	166.056045532
2.08108843537	166.728820801
2.08399092971	167.114486694
2.08689342404	166.825149536
2.08979591837	166.440155029
2.0926984127	166.151977539
2.09560090703	165.864318848
2.09850340136	165.672805786
2.10140589569	165.768539429
2.10430839002	165.768539429
2.10721088435	165.768539429
2.11011337868	165.672805786
2.11301587302	165.672805786
2.11591836735	165.577148438
2.11882086168	165.385971069
2.12172335601	165.195022583
2.12462585034	164.909011841
2.12752834467	164.62348938
2.130430839	164.433410645
2.13333333333	164.243560791
2.13623582766	164.243560791
2.139138322	164.243560791
2.14204081633	164.718612671
2.14494331066	165.195022583
2.14784580499	165.960144043
2.15074829932	166.536315918
2.15365079365	167.114486694
2.15655328798	167.211044312
2.15945578231	167.211044312
2.16235827664	166.921539307
2.16526077098	166.344039917
2.16816326531	165.768539429
2.17106575964	165.195022583
2.17396825397	164.718612671
2.1768707483	164.528427124
2.17977324263	164.433410645
2.18267573696	164.528427124
2.18557823129	164.718612671
2.18848072562	164.813781738
2.19138321995	164.813781738
2.19428571429	164.909011841
2.19718820862	164.909011841
2.20009070295	165.00428772
2.20299319728	165.195022583
2.20589569161	165.481521606
2.20879818594	165.960144043
2.21170068027	166.440155029
2.2146031746	167.017990112
2.21750566893	167.404327393
2.22040816327	167.501052856
2.2233106576	167.501052856
2.22621315193	167.404327393
2.22911564626	167.307662964
2.23201814059	167.307662964
2.23492063492	167.501052856
2.23782312925	167.694671631
2.24072562358	167.888519287
2.24362811791	168.276870728
2.24653061224	168.666122437
2.24943310658	168.958648682
2.25233560091	169.251678467
2.25523809524	168.958648682
2.25814058957	168.861083984
2.2610430839	168.763565063
2.26394557823	168.666122437
2.26684807256	169.153945923
2.26975056689	169.349472046
2.27265306122	169.937408447
2.27555555556	169.937408447
2.27845804989	169.839279175
2.28136054422	169.741210938
2.28426303855	169.643188477
2.28716553288	169.44732666
2.29006802721	169.349472046
2.29297052154	169.251678467
2.29587301587	169.251678467
2.2987755102	169.349472046
2.30167800454	169.44732666
2.30458049887	169.545227051
2.3074829932	169.545227051
2.31038548753	169.643188477
2.31328798186	169.839279175
2.31619047619	169.741210938
2.31909297052	169.44732666
2.32199546485	169.153945923
2.32489795918	168.958648682
2.32780045351	168.666122437
2.33070294785	168.471374512
2.33360544218	168.374099731
2.33650793651	168.1796875
2.33941043084	167.888519287
2.34231292517	167.888519287
2.3452154195	167.694671631
2.34811791383	167.404327393
2.35102040816	167.017990112
2.35392290249	166.440155029
2.35682539683	166.056045532
2.35972789116	165.864318848
2.36263038549	165.577148438
2.36553287982	165.481521606
2.36843537415	165.481521606
2.37133786848	165.099624634
2.37424036281	165.099624634
2.37714285714	165.195022583
2.38004535147	165.290466309
2.3829478458	165.290466309
2.38585034014	165.290466309
2.38875283447	165.290466309
2.3916553288	165.195022583
2.39455782313	165.099624634
2.39746031746	165.00428772
2.40036281179	164.909011841
2.40326530612	164.813781738
2.40616780045	164.909011841
2.40907029478	165.00428772
2.41197278912	165.00428772
2.41487528345	165.00428772
2.41777777778	165.00428772
2.42068027211	165.00428772
2.42358276644	165.099624634
2.42648526077	165.099624634
2.4293877551	165.099624634
2.43229024943	165.099624634
2.43519274376	165.00428772
2.4380952381	164.813781738
2.44099773243	164.718612671
2.44390022676	164.718612671
2.44680272109	164.718612671
2.44970521542	164.909011841
2.45260770975	165.195022583
2.45551020408	165.385971069
2.45841269841	165.672805786
2.46131519274	165.864318848
2.46421768707	166.151977539
2.46712018141	166.344039917
2.47002267574	166.440155029
2.47292517007	166.632537842
2.4758276644	166.728820801
2.47873015873	166.921539307
2.48163265306	166.921539307
2.48453514739	166.921539307
2.48743764172	166.728820801
2.49034013605	166.440155029
2.49324263039	165.960144043
2.49614512472	165.577148438
2.49904761905	165.00428772
2.50195011338	164.528427124
2.50485260771	164.148727417
2.50775510204	163.580810547
2.51065759637	163.486343384
2.5135600907	163.391937256
2.51646258503	163.391937256
2.51936507937	163.675323486
2.5222675737	163.580810547
2.52517006803	163.391937256
2.52807256236	163.014862061
2.53097505669	162.54473877
2.53387755102	161.795349121
2.53678004535	160.584976196
2.53968253968	158.191299438
2.54258503401	157.280181885
2.54548752834	157.098587036
2.54839002268	157.371047974
2.55129251701	160.492233276
2.55419501134	161.142486572
2.55709750567	160.39956665
2.56	159.936981201
2.56290249433	160.39956665
2.56580498866	160.214370728
2.56870748299	161.515228271
2.57160997732	161.049423218
2.57451247166	160.306930542
2.57741496599	158.740493774
2.58031746032	157.643997192
2.58321995465	156.284011841
2.58612244898	154.578201294
2.58902494331	153.421798706
2.59192743764	153.687896729
2.59482993197	154.578201294
2.5977324263	155.47366333
2.60063492063	156.374313354
2.60353741497	157.280181885
2.6064399093	158.191299438
2.60934240363	158.465652466
2.61224489796	158.374145508
2.61514739229	157.917404175
2.61804988662	157.917404175
2.62095238095	157.826217651
2.62385487528	157.643997192
2.62675736961	157.461975098
2.62965986395	158.740493774
2.63256235828	159.291595459
2.63546485261	159.567871094
2.63836734694	160.121856689
2.64126984127	160.306930542
2.6441723356	159.660064697
2.64707482993	158.282699585
2.64997732426	157.552963257
2.65287981859	157.007873535
2.65578231293	156.736022949
2.65868480726	157.371047974
2.66158730159	158.374145508
2.66448979592	160.121856689
2.66739229025	164.053939819
2.67029478458	165.195022583
2.67319727891	166.632537842
2.67609977324	168.1796875
2.67900226757	169.44732666
2.6819047619	170.330505371
2.68480725624	170.823150635
2.68770975057	170.823150635
2.6906122449	170.428924561
2.69351473923	169.349472046
2.69641723356	167.791564941
2.69931972789	166.921539307
2.70222222222	166.440155029
2.70512471655	165.960144043
2.70802721088	164.909011841
2.71092970522	164.62348938
2.71383219955	178.077285767
2.71673469388	178.283126831
2.71963718821	177.256286621
2.72253968254	177.974456787
2.72544217687	178.180175781
2.7283446712	178.283126831
2.73124716553	178.077285767
2.73414965986	177.563720703
2.7370521542	177.256286621
2.73995464853	177.153930664
2.74285714286	177.051635742
2.74575963719	177.051635742
2.74866213152	177.153930664
2.75156462585	177.358703613
2.75446712018	177.563720703
2.75736961451	177.768966675
2.76027210884	178.077285767
2.76317460317	178.180175781
2.76607709751	178.489212036
2.76897959184	178.695526123
2.77188208617	179.005447388
2.7747845805	179.523193359
2.77768707483	179.83454895
2.78058956916	179.83454895
2.78349206349	179.419525146
2.78639455782	179.10887146
2.78929705215	178.695526123
2.79219954649	178.077285767
2.79510204082	177.358703613
2.79800453515	177.563720703
2.80090702948	177.768966675
2.80380952381	177.768966675
2.80671201814	177.666320801
2.80961451247	177.461181641
2.8125170068	177.153930664
2.81541950113	176.847213745
2.81832199546	176.745101929
2.8212244898	176.745101929
2.82412698413	176.847213745
2.82702947846	176.847213745
2.82993197279	176.847213745
2.83283446712	176.847213745
2.83573696145	176.847213745
2.83863945578	176.847213745
2.84154195011	176.949401855
2.84444444444	177.153930664
2.84734693878	177.666320801
2.85024943311	177.974456787
2.85315192744	177.666320801
2.85605442177	177.563720703
2.8589569161	177.666320801
2.86185941043	177.666320801
2.86476190476	177.768966675
2.86766439909	178.695526123
2.87056689342	179.005447388
2.87346938776	179.523193359
2.87637188209	179.83454895
2.87927437642	178.386138916
2.88217687075	178.283126831
2.88507936508	177.358703613
2.88798185941	176.949401855
2.89088435374	176.541030884
2.89378684807	176.847213745
2.8966893424	178.180175781
2.89959183673	180.563156128
2.90249433107	180.667480469
2.9053968254	180.563156128
2.90829931973	180.876312256
2.91120181406	180.980819702
2.91410430839	180.980819702
2.91700680272	181.085388184
2.91990929705	177.768966675
2.92281179138	202.675292969
2.92571428571	201.275314331
2.92861678005	201.159072876
2.93151927438	202.090789795
2.93442176871	202.675292969
2.93732426304	203.849380493
2.94022675737	205.148727417
2.9431292517	206.456359863
2.94603174603	207.412597656
2.94893424036	207.892379761
2.95183673469	208.614120483
2.95473922902	209.217498779
2.95764172336	209.580352783
2.96054421769	209.943847656
2.96344671202	210.429489136
2.96634920635	210.794448853
2.96925170068	210.672714233
2.97215419501	210.30796814
2.97505668934	209.701446533
2.97795918367	207.772323608
2.980861678	205.742080688
2.98376417234	203.378921509
2.98666666667	203.026794434
2.989569161	204.320907593
2.99247165533	204.793533325
2.99537414966	205.979888916
2.99827664399	206.814437866
3.00117913832	207.053497314
3.00408163265	207.053497314
3.00698412698	206.695007324
3.00988662132	206.098907471
3.01278911565	204.67527771
3.01569160998	204.085006714
3.01859410431	202.909561157
3.02149659864	200.463119507
3.02439909297	199.078414917
3.0273015873	198.848571777
3.03020408163	197.703292847
3.03310657596	196.67817688
3.03600907029	196.564605713
3.03891156463	200.926818848
3.04181405896	202.44128418
3.04471655329	202.324386597
3.04761904762	200.810806274
3.05052154195	200.810806274
3.05342403628	201.391601562
3.05632653061	202.324386597
3.05922902494	202.207550049
3.06213151927	202.558258057
3.06503401361	203.261489868
3.06793650794	203.614013672
3.07083900227	202.792388916
3.0737414966	201.159072876
3.07664399093	201.042922974
3.07954648526	199.078414917
3.08244897959	196.564605713
3.08535147392	195.658370972
3.08825396825	195.319610596
3.09115646259	195.4324646
3.09405895692	196.110961914
3.09696145125	197.475021362
3.09986394558	199.654220581
3.10276643991	201.159072876
3.10566893424	201.857452393
3.10857142857	202.792388916
3.1114739229	203.496429443
3.11437641723	204.085006714
3.11727891156	205.385864258
3.1201814059	206.098907471
3.12308390023	206.933929443
3.12598639456	208.252944946
3.12888888889	209.822616577
3.13179138322	210.916244507
3.13469387755	212.015563965
3.13759637188	212.874557495
3.14049886621	213.490249634
3.14340136054	213.613601685
3.14630385488	213.860519409
3.14920634921	214.726989746
3.15210884354	214.975189209
3.15501133787	215.472457886
3.1579138322	216.095672607
3.16081632653	216.470458984
3.16371882086	216.345458984
3.16662131519	215.97088623
3.16952380952	215.596969604
3.17242630385	215.472457886
3.17532879819	215.472457886
3.17823129252	215.472457886
3.18113378685	215.472457886
3.18403628118	215.472457886
3.18693877551	215.34803772
3.18984126984	215.223678589
3.19274376417	215.099411011
3.1956462585	214.975189209
3.19854875283	214.85105896
3.20145124717	214.726989746
3.2043537415	214.602996826
3.20725623583	214.231430054
3.21015873016	214.107727051
3.21306122449	213.984085083
3.21596371882	213.860519409
3.21886621315	213.366973877
3.22176870748	212.997558594
3.22467120181	212.628768921
3.22757369615	212.383285522
3.23047619048	211.648483276
3.23337868481	211.648483276
3.23628117914	211.282043457
3.23918367347	211.160049438
3.2420861678	211.160049438
3.24498866213	211.404129028
3.24789115646	211.648483276
3.25079365079	211.8931427
3.25369614512	212.138061523
3.25659863946	212.260635376
3.25950113379	212.505996704
3.26240362812	212.75163269
3.26530612245	212.628768921
3.26820861678	212.628768921
3.27111111111	212.628768921
3.27401360544	212.997558594
3.27691609977	213.243759155
3.2798185941	213.613601685
3.28272108844	213.613601685
3.28562358277	213.737030029
3.2885260771	213.984085083
3.29142857143	214.355209351
3.29433106576	214.726989746
3.29723356009	215.099411011
3.30013605442	215.34803772
3.30303854875	215.34803772
3.30594104308	215.34803772
3.30884353741	215.472457886
3.31174603175	215.34803772
3.31464852608	215.34803772
3.31755102041	215.472457886
3.32045351474	215.223678589
3.32335600907	215.596969604
3.3262585034	216.220535278
3.32916099773	216.470458984
3.33206349206	216.845901489
3.33496598639	217.347503662
3.33786848073	217.976135254
3.34077097506	218.48034668
3.34367346939	218.606582642
3.34657596372	219.112258911
3.34947845805	220.0
3.35238095238	222.042663574
3.35528344671	221.658218384
3.35818594104	221.018966675
3.36108843537	220.127120972
3.36399092971	219.745986938
3.36689342404	217.850265503
3.36979591837	218.354187012
3.3726984127	219.492279053
3.37560090703	220.763778687
3.37850340136	221.91444397
3.38140589569	223.457977295
3.38430839002	225.402496338
3.38721088435	228.681060791
3.39011337868	232.409683228
3.39301587302	234.161437988
3.39591836735	235.110153198
3.39882086168	235.517929077
3.40172335601	235.654006958
3.40462585034	235.790161133
3.40752834467	235.517929077
3.410430839	234.974395752
3.41333333333	234.161437988
3.41623582766	233.081878662
3.419138322	231.873321533
3.42204081633	230.671035767
3.42494331066	229.342468262
3.42784580499	228.813186646
3.43074829932	228.285125732
3.43365079365	228.681060791
3.43655328798	229.342468262
3.43945578231	229.210037231
3.44235827664	229.740234375
3.44526077098	230.138687134
3.44816326531	230.271652222
3.45106575964	230.537826538
3.45396825397	230.671035767
3.4568707483	230.537826538
3.45977324263	230.271652222
3.46267573696	229.740234375
3.46557823129	229.342468262
3.46848072562	228.681060791
3.47138321995	228.285125732
3.47428571429	228.417022705
3.47718820862	228.285125732
3.48009070295	228.285125732
3.48299319728	228.285125732
3.48589569161	228.285125732
3.48879818594	228.417022705
3.49170068027	228.285125732
3.4946031746	228.285125732
3.49750566893	228.417022705
3.50040816327	228.548995972
3.5033106576	228.681060791
3.50621315193	228.813186646
3.50911564626	228.813186646
3.51201814059	228.945388794
3.51492063492	229.077667236
3.51782312925	229.210037231
3.52072562358	229.210037231
3.52362811791	229.342468262
3.52653061224	229.342468262
3.52943310658	229.210037231
3.53233560091	229.077667236
3.53523809524	229.077667236
3.53814058957	228.813186646
3.5410430839	228.813186646
3.54394557823	228.813186646
3.54684807256	228.945388794
3.54975056689	228.945388794
3.55265306122	228.945388794
3.55555555556	229.210037231
3.55845804989	228.945388794
3.56136054422	228.813186646
3.56426303855	228.681060791
3.56716553288	228.153305054
3.57006802721	228.548995972
3.57297052154	228.548995972
3.57587301587	228.813186646
3.5787755102	229.342468262
3.58167800454	229.740234375
3.58458049887	229.740234375
3.5874829932	230.00579834
3.59038548753	230.00579834
3.59328798186	229.740234375
3.59619047619	229.342468262
3.59909297052	228.813186646
3.60199546485	228.813186646
3.60489795918	228.945388794
3.60780045351	229.077667236
3.61070294785	229.474975586
3.61360544218	229.740234375
3.61650793651	229.607574463
3.61941043084	229.342468262
3.62231292517	229.474975586
3.6252154195	229.077667236
3.62811791383	229.077667236
3.63102040816	229.210037231
3.63392290249	229.607574463
3.63682539683	230.404708862
3.63972789116	231.605606079
3.64263038549	232.947280884
3.64553287982	234.432113647
3.64843537415	237.704666138
3.65133786848	248.228744507
3.65424036281	247.227096558
3.65714285714	247.942138672
3.66004535147	249.234451294
3.6629478458	250.678253174
3.66585034014	251.839309692
3.66875283447	252.567703247
3.6716553288	252.859649658
3.67455782313	252.713638306
3.67746031746	252.13041687
3.68036281179	251.113021851
3.68326530612	250.099731445
3.68616780045	249.378463745
3.68907029478	249.090530396
3.69197278912	249.090530396
3.69487528345	249.090530396
3.69777777778	249.234451294
3.70068027211	249.234451294
3.70358276644	249.234451294
3.70648526077	249.234451294
3.7093877551	249.378463745
3.71229024943	249.955307007
3.71519274376	250.8230896
3.7180952381	251.403289795
3.72099773243	251.403289795
3.72390022676	251.258117676
3.72680272109	250.968017578
3.72970521542	250.678253174
3.73260770975	249.810974121
3.73551020408	248.65927124
3.73841269841	248.228744507
3.74131519274	247.942138672
3.74421768707	247.798965454
3.74712018141	247.512863159
3.75002267574	247.369934082
3.75292517007	247.084335327
3.7558276644	246.941650391
3.75873015873	246.656539917
3.76163265306	246.514099121
3.76453514739	246.371749878
3.76743764172	246.371749878
3.77034013605	246.514099121
3.77324263039	246.656539917
3.77614512472	246.941650391
3.77904761905	247.227096558
3.78195011338	247.369934082
3.78485260771	247.369934082
3.78775510204	247.369934082
3.79065759637	247.369934082
3.7935600907	247.369934082
3.79646258503	247.512863159
3.79936507937	247.798965454
3.8022675737	248.085403442
3.80517006803	248.65927124
3.80807256236	249.090530396
3.81097505669	248.94670105
3.81387755102	249.234451294
3.81678004535	249.378463745
3.81968253968	249.52255249
3.82258503401	250.099731445
3.82548752834	250.244232178
3.82839002268	250.244232178
3.83129251701	250.533493042
3.83419501134	250.968017578
3.83709750567	251.113021851
3.84	251.258117676
3.84290249433	251.403289795
3.84580498866	251.548553467
3.84870748299	251.403289795
3.85160997732	251.403289795
3.85451247166	251.258117676
3.85741496599	251.113021851
3.86031746032	251.113021851
3.86321995465	251.113021851
3.86612244898	250.968017578
3.86902494331	251.113021851
3.87192743764	251.113021851
3.87482993197	250.968017578
3.8777324263	250.678253174
3.88063492063	250.533493042
3.88353741497	250.244232178
3.8864399093	250.244232178
3.88934240363	249.955307007
3.89224489796	249.810974121
3.89514739229	249.52255249
3.89804988662	249.234451294
3.90095238095	249.090530396
3.90385487528	248.802932739
3.90675736961	248.515670776
3.90965986395	247.655883789
3.91256235828	248.802932739
3.91546485261	248.802932739
3.91836734694	249.090530396
3.92126984127	249.234451294
3.9241723356	248.94670105
3.92707482993	248.65927124
3.92997732426	248.085403442
3.93287981859	248.372161865
3.93578231293	248.802932739
3.93868480726	249.234451294
3.94158730159	249.666717529
3.94448979592	249.955307007
3.94739229025	250.533493042
3.95029478458	250.968017578
3.95319727891	251.403289795
3.95609977324	251.548553467
3.95900226757	251.258117676
3.9619047619	251.113021851
3.96480725624	251.113021851
3.96770975057	250.968017578
3.9706122449	250.968017578
3.97351473923	251.548553467
3.97641723356	251.839309692
3.97931972789	252.276092529
3.98222222222	253.298202515
3.98512471655	253.737518311
3.98802721088	253.884124756
3.99092970522	253.884124756
3.99383219955	253.444564819
3.99673469388	253.151931763
3.99963718821	253.005752563
4.00253968254	252.713638306
4.00544217687	252.276092529
4.0083446712	251.693893433
4.01124716553	251.113021851
4.01414965986	250.533493042
4.0170521542	250.099731445
4.01995464853	249.666717529
4.02285714286	249.378463745
4.02575963719	249.52255249
4.02866213152	249.955307007
4.03156462585	250.388824463
4.03446712018	250.968017578
4.03736961451	251.403289795
4.04027210884	251.693893433
4.04317460317	251.548553467
4.04607709751	251.113021851
4.04897959184	250.968017578
4.05188208617	250.678253174
4.0547845805	250.8230896
4.05768707483	251.113021851
4.06058956916	251.548553467
4.06349206349	252.13041687
4.06639455782	252.421859741
4.06929705215	252.859649658
4.07219954649	253.005752563
4.07510204082	253.151931763
4.07800453515	253.298202515
4.08090702948	253.444564819
4.08380952381	253.298202515
4.08671201814	253.151931763
4.08961451247	252.421859741
4.0925170068	251.403289795
4.09541950113	250.533493042
4.09832199546	249.810974121
4.1012244898	249.378463745
4.10412698413	249.234451294
4.10702947846	249.666717529
4.10993197279	249.955307007
4.11283446712	250.678253174
4.11573696145	251.258117676
4.11863945578	251.403289795
4.12154195011	251.113021851
4.12444444444	250.8230896
4.12734693878	250.533493042
4.13024943311	250.388824463
4.13315192744	250.388824463
4.13605442177	250.533493042
4.1389569161	0.0
4.14185941043	0.0
4.14476190476	0.0
4.14766439909	0.0
4.15056689342	0.0
4.15346938776	0.0
4.15637188209	0.0
4.15927437642	0.0
4.16217687075	0.0
4.16507936508	0.0
4.16798185941	0.0
4.17088435374	0.0
4.17378684807	0.0
4.1766893424	0.0
4.17959183673	0.0
4.18249433107	0.0
4.1853968254	0.0
4.18829931973	0.0
4.19120181406	0.0
4.19410430839	0.0
4.19700680272	0.0
4.19990929705	0.0
4.20281179138	0.0
4.20571428571	0.0
4.20861678005	0.0
4.21151927438	0.0
4.21442176871	0.0
4.21732426304	0.0
4.22022675737	0.0
4.2231292517	0.0
4.22603174603	0.0
4.22893424036	0.0
4.23183673469	0.0
4.23473922902	0.0
4.23764172336	0.0
4.24054421769	0.0
4.24344671202	0.0
4.24634920635	0.0
4.24925170068	0.0
4.25215419501	0.0
4.25505668934	0.0
4.25795918367	0.0
4.260861678	0.0
4.26376417234	0.0
4.26666666667	0.0
4.269569161	0.0
4.27247165533	0.0
4.27537414966	0.0
4.27827664399	0.0
4.28117913832	0.0
4.28408163265	0.0
4.28698412698	0.0
4.28988662132	0.0
4.29278911565	0.0
4.29569160998	0.0
4.29859410431	0.0
4.30149659864	0.0
4.30439909297	0.0
4.3073015873	0.0
4.31020408163	0.0
4.31310657596	0.0
4.31600907029	0.0
4.31891156463	0.0
4.32181405896	0.0
4.32471655329	0.0
4.32761904762	0.0
4.33052154195	0.0
