0.0	0.0
0.00290249433107	0.0
0.00580498866213	0.0
0.0087074829932	257.279571533
0.0116099773243	257.279571533
0.0145124716553	257.130981445
0.0174149659864	257.130981445
0.0203174603175	256.537567139
0.0232199546485	256.241394043
0.0261224489796	255.650024414
0.0290249433107	255.50239563
0.0319274376417	255.50239563
0.0348299319728	255.50239563
0.0377324263039	255.650024414
0.0406349206349	255.650024414
0.043537414966	256.093414307
0.0464399092971	256.093414307
0.0493424036281	256.685821533
0.0522448979592	257.576965332
0.0551473922902	258.769958496
0.0580498866213	259.818389893
0.0609523809524	260.720397949
0.0638548752834	261.323486328
0.0667573696145	261.927978516
0.0696598639456	262.685546875
0.0725623582766	263.141143799
0.0754648526077	263.293182373
0.0783673469388	263.293182373
0.0812698412698	263.141143799
0.0841723356009	262.989196777
0.087074829932	262.685546875
0.089977324263	262.382263184
0.0928798185941	261.927978516
0.0957823129252	261.776733398
0.0986848072562	261.625579834
0.101587301587	261.625579834
0.104489795918	261.625579834
0.107392290249	261.927978516
0.11029478458	262.230743408
0.113197278912	262.382263184
0.116099773243	262.230743408
0.119002267574	262.079315186
0.121904761905	261.927978516
0.124807256236	262.079315186
0.127709750567	262.079315186
0.130612244898	261.776733398
0.133514739229	261.172607422
0.13641723356	260.569854736
0.139319727891	260.118713379
0.142222222222	259.818389893
0.145124716553	259.5184021
0.148027210884	259.368530273
0.150929705215	259.069091797
0.153832199546	259.069091797
0.156734693878	259.069091797
0.159637188209	258.919494629
0.16253968254	258.620544434
0.165442176871	258.471191406
0.168344671202	258.471191406
0.171247165533	258.620544434
0.174149659864	258.919494629
0.177052154195	259.368530273
0.179954648526	259.218780518
0.182857142857	259.069091797
0.185759637188	259.069091797
0.188662131519	258.919494629
0.19156462585	258.769958496
0.194467120181	258.769958496
0.197369614512	258.769958496
0.200272108844	258.919494629
0.203174603175	258.919494629
0.206077097506	258.919494629
0.208979591837	258.769958496
0.211882086168	258.769958496
0.214784580499	258.769958496
0.21768707483	258.919494629
0.220589569161	259.218780518
0.223492063492	259.668365479
0.226394557823	260.118713379
0.229297052154	260.569854736
0.232199546485	260.720397949
0.235102040816	261.021789551
0.238004535147	261.323486328
0.240907029478	261.474487305
0.24380952381	261.625579834
0.246712018141	261.474487305
0.249614512472	261.474487305
0.252517006803	261.172607422
0.255419501134	260.720397949
0.258321995465	260.569854736
0.261224489796	260.419372559
0.264126984127	260.269012451
0.267029478458	260.269012451
0.269931972789	260.269012451
0.27283446712	260.269012451
0.275736961451	260.118713379
0.278639455782	260.118713379
0.281541950113	259.968505859
0.284444444444	259.818389893
0.287346938776	259.668365479
0.290249433107	259.668365479
0.293151927438	259.368530273
0.296054421769	259.069091797
0.2989569161	258.620544434
0.301859410431	258.321929932
0.304761904762	258.023681641
0.307664399093	257.725769043
0.310566893424	257.576965332
0.313469387755	257.576965332
0.316371882086	257.725769043
0.319274376417	258.023681641
0.322176870748	258.471191406
0.325079365079	258.769958496
0.32798185941	259.218780518
0.330884353741	259.5184021
0.333786848073	259.668365479
0.336689342404	259.818389893
0.339591836735	260.118713379
0.342494331066	260.269012451
0.345396825397	260.269012451
0.348299319728	260.419372559
0.351201814059	260.419372559
0.35410430839	260.720397949
0.357006802721	260.871063232
0.359909297052	260.871063232
0.362811791383	260.871063232
0.365714285714	260.720397949
0.368616780045	260.569854736
0.371519274376	260.569854736
0.374421768707	260.720397949
0.377324263039	260.720397949
0.38022675737	260.569854736
0.383129251701	260.720397949
0.386031746032	260.871063232
0.388934240363	260.720397949
0.391836734694	260.569854736
0.394739229025	260.118713379
0.397641723356	259.668365479
0.400544217687	259.218780518
0.403446712018	258.769958496
0.406349206349	258.023681641
0.40925170068	257.279571533
0.412154195011	256.685821533
0.415056689342	256.537567139
0.417959183673	256.685821533
0.420861678005	256.537567139
0.423764172336	256.093414307
0.426666666667	255.945541382
0.429569160998	255.945541382
0.432471655329	255.797744751
0.43537414966	255.650024414
0.438276643991	255.797744751
0.441179138322	256.537567139
0.444081632653	257.130981445
0.446984126984	258.919494629
0.449886621315	259.668365479
0.452789115646	258.17276001
0.455691609977	258.321929932
0.458594104308	258.919494629
0.461496598639	259.5184021
0.464399092971	263.749847412
0.467301587302	264.665496826
0.470204081633	264.81842041
0.473106575964	264.81842041
0.476009070295	265.891357422
0.478911564626	267.12286377
0.481814058957	268.360107422
0.484716553288	270.22668457
0.487619047619	272.106262207
0.49052154195	274.157226562
0.493424036281	275.904724121
0.496326530612	277.50302124
0.499229024943	278.627349854
0.502131519274	279.756225586
0.505034013605	280.72744751
0.507936507937	281.376831055
0.510839002268	281.864837646
0.513741496599	282.516845703
0.51664399093	283.170349121
0.519546485261	283.989349365
0.522448979592	285.3046875
0.525351473923	286.791748047
0.528253968254	288.286560059
0.531156462585	289.789123535
0.534058956916	291.299560547
0.536961451247	292.310882568
0.539863945578	292.987030029
0.542766439909	293.325714111
0.54566893424	293.495178223
0.548571428571	293.495178223
0.551473922902	293.495178223
0.554376417234	293.664764404
0.557278911565	294.004211426
0.560181405896	294.684295654
0.563083900227	295.195404053
0.565986394558	295.536621094
0.568888888889	295.707366943
0.57179138322	295.878234863
0.574693877551	295.707366943
0.577596371882	295.707366943
0.580498866213	295.536621094
0.583401360544	295.878234863
0.586303854875	296.562652588
0.589206349206	297.420379639
0.592108843537	298.452941895
0.595011337868	299.316162109
0.5979138322	299.489105225
0.600816326531	299.662139893
0.603718820862	299.489105225
0.606621315193	299.489105225
0.609523809524	299.662139893
0.612426303855	300.008544922
0.615328798186	300.181884766
0.618231292517	300.008544922
0.621133786848	299.316162109
0.624036281179	298.452941895
0.62693877551	297.248626709
0.629841269841	296.562652588
0.632743764172	296.220245361
0.635646258503	296.733978271
0.638548752834	297.592224121
0.641451247166	298.452941895
0.644353741497	299.316162109
0.647256235828	299.835296631
0.650158730159	300.181884766
0.65306122449	300.355316162
0.655963718821	300.702484131
0.658866213152	301.224029541
0.661768707483	302.444458008
0.664671201814	303.494476318
0.667573696145	304.900146484
0.670476190476	305.428955078
0.673378684807	305.958679199
0.676281179138	306.135467529
0.679183673469	305.958679199
0.6820861678	305.428955078
0.684988662132	304.900146484
0.687891156463	304.724090576
0.690793650794	304.900146484
0.693696145125	305.076324463
0.696598639456	305.605438232
0.699501133787	305.958679199
0.702403628118	306.489318848
0.705306122449	306.843597412
0.70820861678	307.020904541
0.711111111111	306.843597412
0.714013605442	306.666412354
0.716916099773	307.375793457
0.719818594104	311.306762695
0.722721088435	314.01574707
0.725623582766	313.110137939
0.728526077098	311.846679688
0.731428571429	309.513763428
0.73433106576	309.156402588
0.737233560091	309.513763428
0.740136054422	309.871520996
0.743038548753	310.229705811
0.745941043084	310.408966064
0.748843537415	310.588317871
0.751746031746	310.408966064
0.754648526077	310.050567627
0.757551020408	309.871520996
0.760453514739	309.692596436
0.76335600907	309.513763428
0.766258503401	309.513763428
0.769160997732	309.513763428
0.772063492063	309.871520996
0.774965986395	310.050567627
0.777868480726	310.229705811
0.780770975057	310.408966064
0.783673469388	310.408966064
0.786575963719	310.408966064
0.78947845805	310.229705811
0.792380952381	310.229705811
0.795283446712	310.050567627
0.798185941043	310.050567627
0.801088435374	310.050567627
0.803990929705	310.229705811
0.806893424036	310.588317871
0.809795918367	310.94732666
0.812698412698	311.306762695
0.815600907029	311.846679688
0.818503401361	312.20715332
0.821405895692	313.110137939
0.824308390023	314.378723145
0.827210884354	315.287994385
0.830113378685	315.652435303
0.833015873016	316.017303467
0.835918367347	316.199890137
0.838820861678	316.199890137
0.841723356009	315.83480835
0.84462585034	315.470153809
0.847528344671	314.923950195
0.850430839002	314.923950195
0.853333333333	314.742095947
0.856235827664	314.742095947
0.859138321995	314.56036377
0.862040816327	314.56036377
0.864943310658	314.378723145
0.867845804989	314.378723145
0.87074829932	314.378723145
0.873650793651	314.742095947
0.876553287982	314.742095947
0.879455782313	315.105926514
0.882358276644	315.470153809
0.885260770975	315.652435303
0.888163265306	315.652435303
0.891065759637	315.287994385
0.893968253968	314.742095947
0.896870748299	314.197174072
0.89977324263	313.834411621
0.902675736961	314.56036377
0.905578231293	315.105926514
0.908480725624	316.56539917
0.911383219955	318.031616211
0.914285714286	319.320129395
0.917188208617	320.428741455
0.920090702948	320.984466553
0.922993197279	321.169952393
0.92589569161	321.169952393
0.928798185941	321.169952393
0.931700680272	321.169952393
0.934603174603	321.169952393
0.937505668934	321.355499268
0.940408163265	321.541168213
0.943310657596	321.912841797
0.946213151927	322.284973145
0.949115646259	322.657501221
0.95201814059	323.590698242
0.954920634921	324.714141846
0.957823129252	325.841461182
0.960725623583	327.918395996
0.963628117914	330.008575439
0.966530612245	332.49597168
0.969433106576	335.195678711
0.972335600907	337.332244873
0.975238095238	338.89465332
0.978140589569	339.482421875
0.9810430839	339.67855835
0.983945578231	339.090454102
0.986848072562	338.307891846
0.989750566893	336.942749023
0.992653061224	335.777038574
0.995555555556	334.422088623
0.998458049887	333.265075684
1.00136054422	332.303955078
1.00426303855	331.728637695
1.00716553288	331.345611572
1.01006802721	330.771942139
1.01297052154	331.345611572
1.01587301587	332.303955078
1.0187755102	333.650299072
1.02167800454	335.389343262
1.02458049887	337.137451172
1.0274829932	338.503356934
1.03038548753	339.482421875
1.03328798186	340.267700195
1.03619047619	340.267700195
1.03909297052	339.482421875
1.04199546485	338.307891846
1.04489795918	336.748199463
1.04780045351	335.002105713
1.05070294785	333.457641602
1.05360544218	332.112091064
1.05650793651	331.154296875
1.05941043084	330.008575439
1.06231292517	329.437225342
1.0652154195	328.676940918
1.06811791383	329.056854248
1.07102040816	329.437225342
1.07392290249	330.008575439
1.07682539683	330.580932617
1.07972789116	331.345611572
1.08263038549	332.112091064
1.08553287982	331.920288086
1.08843537415	331.920288086
1.09133786848	331.728637695
1.09424036281	331.154296875
1.09714285714	330.199249268
1.10004535147	330.008575439
1.1029478458	329.818023682
1.10585034014	329.437225342
1.10875283447	330.008575439
1.1116553288	330.390045166
1.11455782313	330.963043213
1.11746031746	332.112091064
1.12036281179	332.49597168
1.12326530612	332.880310059
1.12616780045	333.650299072
1.12907029478	334.422088623
1.13197278912	335.002105713
1.13487528345	335.583129883
1.13777777778	336.165161133
1.14068027211	336.553741455
1.14358276644	336.942749023
1.14648526077	337.137451172
1.1493877551	337.137451172
1.15229024943	337.137451172
1.15519274376	336.748199463
1.1580952381	336.165161133
1.16099773243	335.389343262
1.16390022676	334.228973389
1.16680272109	332.688079834
1.16970521542	331.154296875
1.17260770975	330.199249268
1.17551020408	328.676940918
1.17841269841	328.107879639
1.18131519274	328.107879639
1.18421768707	328.107879639
1.18712018141	328.107879639
1.19002267574	327.729034424
1.19292517007	326.972686768
1.1958276644	326.218109131
1.19873015873	325.277313232
1.20163265306	324.151947021
1.20453514739	323.590698242
1.20743764172	323.403839111
1.21034013605	323.403839111
1.21324263039	323.777679443
1.21614512472	324.339233398
1.21904761905	324.901763916
1.22195011338	325.465240479
1.22485260771	325.841461182
1.22775510204	325.465240479
1.23065759637	325.277313232
1.2335600907	325.277313232
1.23646258503	325.277313232
1.23936507937	325.841461182
1.2422675737	326.972686768
1.24517006803	328.487121582
1.24807256236	330.390045166
1.25097505669	332.303955078
1.25387755102	333.457641602
1.25678004535	334.615325928
1.25968253968	335.389343262
1.26258503401	336.359375
1.26548752834	337.137451172
1.26839002268	338.307891846
1.27129251701	339.286376953
1.27419501134	340.267700195
1.27709750567	340.661010742
1.28	340.07119751
1.28290249433	332.880310059
1.28580498866	363.428161621
1.28870748299	365.955993652
1.29160997732	366.802520752
1.29451247166	366.378997803
1.29741496599	364.689880371
1.30031746032	359.6690979
1.30321995465	352.470733643
1.30612244898	354.103271484
1.30902494331	357.391052246
1.31192743764	360.501068115
1.31482993197	362.589416504
1.3177324263	363.848236084
1.32063492063	364.479309082
1.32353741497	364.689880371
1.3264399093	364.05847168
1.32934240363	362.589416504
1.33224489796	360.917785645
1.33514739229	360.292877197
1.33804988662	363.218292236
1.34095238095	364.689880371
1.34385487528	364.689880371
1.34675736961	364.479309082
1.34965986395	364.05847168
1.35256235828	362.170776367
1.35546485261	362.589416504
1.35836734694	360.501068115
1.36126984127	359.87689209
1.3641723356	361.543731689
1.36707482993	362.3800354
1.36997732426	362.798919678
1.37287981859	362.798919678
1.37578231293	362.3800354
1.37868480726	360.917785645
1.38158730159	359.046386719
1.38448979592	358.424743652
1.38739229025	358.424743652
1.39029478458	359.461395264
1.39319727891	360.709350586
1.39609977324	361.961639404
1.39900226757	363.008544922
1.4019047619	364.268829346
1.40480725624	365.111450195
1.40770975057	365.322387695
1.4106122449	365.322387695
1.41351473923	365.111450195
1.41641723356	364.689880371
1.41931972789	364.268829346
1.42222222222	364.268829346
1.42512471655	365.111450195
1.42802721088	366.378997803
1.43092970522	367.86340332
1.43383219955	368.714324951
1.43673469388	369.140533447
1.43963718821	369.140533447
1.44253968254	368.714324951
1.44544217687	368.075958252
1.4483446712	367.438690186
1.45124716553	367.226501465
1.45414965986	367.438690186
1.4570521542	367.438690186
1.45995464853	367.438690186
1.46285714286	367.226501465
1.46575963719	366.802520752
1.46866213152	366.167449951
1.47156462585	365.322387695
1.47446712018	364.05847168
1.47736961451	362.798919678
1.48027210884	361.126312256
1.48317460317	358.839050293
1.48607709751	355.948913574
1.48897959184	352.878173828
1.49188208617	349.631896973
1.4947845805	348.019989014
1.49768707483	347.417449951
1.50058956916	347.417449951
1.50349206349	347.618164062
1.50639455782	348.221069336
1.50929705215	348.623596191
1.51219954649	348.825012207
1.51510204082	349.026580811
1.51800453515	348.825012207
1.52090702948	348.422271729
1.52380952381	347.417449951
1.52671201814	346.015533447
1.52961451247	344.022644043
1.5325170068	341.449005127
1.53541950113	338.89465332
1.53832199546	336.359375
1.5412244898	334.615325928
1.54412698413	333.650299072
1.54702947846	333.650299072
1.54993197279	334.422088623
1.55283446712	335.777038574
1.55573696145	337.332244873
1.55863945578	338.307891846
1.56154195011	338.698944092
1.56444444444	338.89465332
1.56734693878	338.89465332
1.57024943311	338.698944092
1.57315192744	338.503356934
1.57605442177	338.112548828
1.5789569161	337.722167969
1.58185941043	336.942749023
1.58476190476	335.971038818
1.58766439909	334.615325928
1.59056689342	332.880310059
1.59346938776	331.345611572
1.59637188209	330.008575439
1.59927437642	329.24697876
1.60217687075	328.676940918
1.60507936508	328.866821289
1.60798185941	329.056854248
1.61088435374	329.627563477
1.61378684807	330.199249268
1.6166893424	330.771942139
1.61959183673	330.963043213
1.62249433107	331.154296875
1.6253968254	331.345611572
1.62829931973	331.154296875
1.63120181406	330.963043213
1.63410430839	330.390045166
1.63700680272	330.199249268
1.63990929705	329.818023682
1.64281179138	329.627563477
1.64571428571	329.437225342
1.64861678005	329.24697876
1.65151927438	329.24697876
1.65442176871	329.24697876
1.65732426304	329.056854248
1.66022675737	328.866821289
1.6631292517	328.676940918
1.66603174603	328.676940918
1.66893424036	328.676940918
1.67183673469	328.866821289
1.67473922902	329.056854248
1.67764172336	329.437225342
1.68054421769	329.818023682
1.68344671202	330.008575439
1.68634920635	330.199249268
1.68925170068	330.008575439
1.69215419501	330.008575439
1.69505668934	330.008575439
1.69795918367	330.390045166
1.700861678	330.963043213
1.70376417234	331.728637695
1.70666666667	332.880310059
1.709569161	333.650299072
1.71247165533	334.422088623
1.71537414966	334.422088623
1.71827664399	334.228973389
1.72117913832	333.843078613
1.72408163265	333.265075684
1.72698412698	332.49597168
1.72988662132	331.345611572
1.73278911565	330.390045166
1.73569160998	329.818023682
1.73859410431	329.627563477
1.74149659864	329.627563477
1.74439909297	329.627563477
1.7473015873	330.008575439
1.75020408163	330.390045166
1.75310657596	330.390045166
1.75600907029	330.390045166
1.75891156463	330.199249268
1.76181405896	329.627563477
1.76471655329	329.24697876
1.76761904762	328.676940918
1.77052154195	328.297454834
1.77342403628	328.297454834
1.77632653061	328.297454834
1.77922902494	328.297454834
1.78213151927	328.107879639
1.78503401361	328.107879639
1.78793650794	327.729034424
1.79083900227	327.539794922
1.7937414966	326.972686768
1.79664399093	326.595184326
1.79954648526	326.218109131
1.80244897959	325.841461182
1.80535147392	325.277313232
1.80825396825	325.089477539
1.81115646259	324.901763916
1.81405895692	324.339233398
1.81696145125	324.151947021
1.81986394558	323.590698242
1.82276643991	322.843933105
1.82566893424	321.726959229
1.82857142857	319.504638672
1.8314739229	315.470153809
1.83437641723	311.306762695
1.83727891156	308.442932129
1.8401814059	307.198303223
1.84308390023	307.198303223
1.84598639456	308.621124268
1.84888888889	311.666595459
1.85179138322	315.470153809
1.85469387755	318.583190918
1.85759637188	320.058776855
1.86049886621	320.984466553
1.86340136054	321.541168213
1.86630385488	321.541168213
1.86920634921	321.169952393
1.87210884354	320.613861084
1.87501133787	320.428741455
1.8779138322	320.243713379
1.88081632653	320.613861084
1.88371882086	320.613861084
1.88662131519	320.984466553
1.88952380952	320.799133301
1.89242630385	320.243713379
1.89532879819	319.320129395
1.89823129252	318.215362549
1.90113378685	317.297668457
1.90403628118	316.56539917
1.90693877551	316.017303467
1.90984126984	315.652435303
1.91274376417	315.652435303
1.9156462585	315.83480835
1.91854875283	316.017303467
1.92145124717	316.017303467
1.9243537415	316.017303467
1.92725623583	316.199890137
1.93015873016	316.382598877
1.93306122449	316.56539917
1.93596371882	316.382598877
1.93886621315	316.382598877
1.94176870748	316.199890137
1.94467120181	316.017303467
1.94757369615	315.652435303
1.95047619048	315.470153809
1.95337868481	315.470153809
1.95628117914	315.470153809
1.95918367347	315.470153809
1.9620861678	315.470153809
1.96498866213	315.652435303
1.96789115646	315.470153809
1.97079365079	315.470153809
1.97369614512	315.287994385
1.97659863946	314.923950195
1.97950113379	314.56036377
1.98240362812	314.197174072
1.98530612245	314.01574707
1.98820861678	314.01574707
1.99111111111	313.834411621
1.99401360544	313.834411621
1.99691609977	314.01574707
1.9998185941	314.378723145
2.00272108844	314.742095947
2.00562358277	315.105926514
2.0085260771	315.470153809
2.01142857143	315.652435303
2.01433106576	315.83480835
2.01723356009	316.017303467
2.02013605442	316.382598877
2.02303854875	316.56539917
2.02594104308	316.931304932
2.02884353741	317.114440918
2.03174603175	317.114440918
2.03464852608	317.297668457
2.03755102041	317.297668457
2.04045351474	317.480987549
2.04335600907	317.664428711
2.0462585034	317.847961426
2.04916099773	317.664428711
2.05206349206	317.847961426
2.05496598639	317.480987549
2.05786848073	316.748291016
2.06077097506	316.017303467
2.06367346939	315.287994385
2.06657596372	315.105926514
2.06947845805	314.923950195
2.07238095238	315.287994385
2.07528344671	315.83480835
2.07818594104	316.56539917
2.08108843537	317.297668457
2.08399092971	317.480987549
2.08689342404	317.480987549
2.08979591837	317.114440918
2.0926984127	316.56539917
2.09560090703	316.017303467
2.09850340136	315.470153809
2.10140589569	314.923950195
2.10430839002	314.378723145
2.10721088435	313.472045898
2.11011337868	312.929321289
2.11301587302	312.387542725
2.11591836735	312.026855469
2.11882086168	311.846679688
2.12172335601	311.666595459
2.12462585034	311.666595459
2.12752834467	311.846679688
2.130430839	312.568023682
2.13333333333	313.834411621
2.13623582766	316.382598877
2.139138322	319.135742188
2.14204081633	320.799133301
2.14494331066	321.355499268
2.14784580499	320.799133301
2.15074829932	318.951446533
2.15365079365	315.652435303
2.15655328798	309.692596436
2.15945578231	303.144042969
2.16235827664	297.592224121
2.16526077098	293.495178223
2.16816326531	288.786529541
2.17106575964	283.989349365
2.17396825397	280.889648438
2.1768707483	279.110595703
2.17977324263	278.466461182
2.18267573696	279.110595703
2.18557823129	282.35369873
2.18848072562	274.632720947
2.19138321995	269.447387695
2.19428571429	275.109039307
2.19718820862	275.745422363
2.20009070295	276.383239746
2.20299319728	277.022583008
2.20589569161	277.342773438
2.20879818594	277.663360596
2.21170068027	278.144927979
2.2146031746	278.788330078
2.21750566893	279.433227539
2.22040816327	279.756225586
2.2233106576	279.756225586
2.22621315193	280.565338135
2.22911564626	281.051971436
2.23201814059	281.539398193
2.23492063492	282.190643311
2.23782312925	283.006835938
2.24072562358	283.497680664
2.24362811791	283.825378418
2.24653061224	283.989349365
2.24943310658	288.286560059
2.25233560091	289.956573486
2.25523809524	289.956573486
2.25814058957	289.621795654
2.2610430839	289.454559326
2.26394557823	289.789123535
2.26684807256	290.12411499
2.26975056689	290.795227051
2.27265306122	291.131347656
2.27555555556	291.131347656
2.27845804989	288.953399658
2.28136054422	281.051971436
2.28426303855	278.466461182
2.28716553288	277.663360596
2.29006802721	277.823791504
2.29297052154	278.949401855
2.29587301587	281.051971436
2.2987755102	280.40335083
2.30167800454	280.72744751
2.30458049887	280.565338135
2.3074829932	280.565338135
2.31038548753	280.72744751
2.31328798186	280.72744751
2.31619047619	280.72744751
2.31909297052	280.889648438
2.32199546485	280.889648438
2.32489795918	281.214355469
2.32780045351	281.539398193
2.33070294785	281.702087402
2.33360544218	282.027709961
2.33650793651	283.006835938
2.33941043084	283.170349121
2.34231292517	283.006835938
2.3452154195	283.333953857
2.34811791383	284.153442383
2.35102040816	285.3046875
2.35392290249	286.62612915
2.35682539683	288.12008667
2.35972789116	288.953399658
2.36263038549	289.789123535
2.36553287982	290.627288818
2.36843537415	290.963226318
2.37133786848	290.963226318
2.37424036281	290.963226318
2.37714285714	290.963226318
2.38004535147	291.131347656
2.3829478458	291.131347656
2.38585034014	290.963226318
2.38875283447	290.795227051
2.3916553288	290.627288818
2.39455782313	290.459472656
2.39746031746	289.454559326
2.40036281179	288.786529541
2.40326530612	287.953704834
2.40616780045	286.62612915
2.40907029478	284.975280762
2.41197278912	283.497680664
2.41487528345	282.843414307
2.41777777778	283.333953857
2.42068027211	284.975280762
2.42358276644	289.454559326
2.42648526077	298.625396729
2.4293877551	306.489318848
2.43229024943	311.126983643
2.43519274376	313.834411621
2.4380952381	316.017303467
2.44099773243	317.664428711
2.44390022676	319.873962402
2.44680272109	322.843933105
2.44970521542	327.539794922
2.45260770975	332.688079834
2.45551020408	336.748199463
2.45841269841	339.482421875
2.46131519274	341.251861572
2.46421768707	342.634429932
2.46712018141	343.427001953
2.47002267574	344.420288086
2.47292517007	346.015533447
2.4758276644	348.422271729
2.47873015873	351.45425415
2.48163265306	355.53793335
2.48453514739	361.334960938
2.48743764172	366.590698242
2.49034013605	370.208190918
2.49324263039	372.783203125
2.49614512472	375.37612915
2.49904761905	379.299346924
2.50195011338	384.594146729
2.50485260771	390.413665771
2.50775510204	396.092346191
2.51065759637	402.550628662
2.5135600907	408.641815186
2.51646258503	413.867858887
2.51936507937	416.505889893
2.5222675737	418.434997559
2.52517006803	419.402893066
2.52807256236	419.645233154
2.53097505669	419.645233154
2.53387755102	419.645233154
2.53678004535	419.645233154
2.53968253968	419.645233154
2.54258503401	419.160705566
2.54548752834	418.434997559
2.54839002268	417.710540771
2.55129251701	416.746520996
2.55419501134	415.544647217
2.55709750567	414.585662842
2.56	413.628875732
2.56290249433	412.435974121
2.56580498866	410.534515381
2.56870748299	407.698760986
2.57160997732	405.350585938
2.57451247166	404.18157959
2.57741496599	403.714904785
2.58031746032	404.18157959
2.58321995465	405.350585938
2.58612244898	406.992858887
2.58902494331	407.934326172
2.59192743764	408.170013428
2.59482993197	408.170013428
2.5977324263	407.698760986
2.60063492063	407.228027344
2.60353741497	406.053588867
2.6064399093	405.350585938
2.60934240363	404.648773193
2.61224489796	403.948181152
2.61514739229	403.481781006
2.61804988662	403.015930176
2.62095238095	402.550628662
2.62385487528	401.853637695
2.62675736961	401.157897949
2.62965986395	400.694732666
2.63256235828	400.926239014
2.63546485261	400.926239014
2.63836734694	400.463348389
2.64126984127	400.463348389
2.6441723356	400.232086182
2.64707482993	400.000976562
2.64997732426	399.308441162
2.65287981859	398.156829834
2.65578231293	397.008575439
2.65868480726	395.635040283
2.66158730159	394.266235352
2.66448979592	393.35635376
2.66739229025	391.090789795
2.67029478458	391.316741943
2.67319727891	391.54284668
2.67609977324	391.995422363
2.67900226757	392.902191162
2.6819047619	392.221923828
2.68480725624	392.448547363
2.68770975057	391.54284668
2.6906122449	390.864929199
2.69351473923	390.413665771
2.69641723356	390.864929199
2.69931972789	391.316741943
2.70222222222	392.221923828
2.70512471655	392.448547363
2.70802721088	392.675292969
2.71092970522	392.448547363
2.71383219955	392.221923828
2.71673469388	391.769073486
2.71963718821	391.54284668
2.72253968254	391.090789795
2.72544217687	391.54284668
2.7283446712	392.221923828
2.73124716553	393.35635376
2.73414965986	393.811035156
2.7370521542	394.038574219
2.73995464853	394.038574219
2.74285714286	394.950042725
2.74575963719	395.178253174
2.74866213152	395.635040283
2.75156462585	396.092346191
2.75446712018	395.863616943
2.75736961451	396.550201416
2.76027210884	397.237976074
2.76317460317	397.697143555
2.76607709751	398.156829834
2.76897959184	398.61706543
2.77188208617	398.847381592
2.7747845805	399.077850342
2.77768707483	399.077850342
2.78058956916	399.077850342
2.78349206349	399.308441162
2.78639455782	400.000976562
2.78929705215	400.000976562
2.79219954649	399.769989014
2.79510204082	399.539154053
2.79800453515	398.386901855
2.80090702948	398.386901855
2.80380952381	398.386901855
2.80671201814	398.386901855
2.80961451247	398.156829834
2.8125170068	397.926940918
2.81541950113	398.156829834
2.81832199546	398.156829834
2.8212244898	398.156829834
2.82412698413	398.156829834
2.82702947846	398.61706543
2.82993197279	398.847381592
2.83283446712	399.077850342
2.83573696145	399.539154053
2.83863945578	399.539154053
2.84154195011	400.000976562
2.84444444444	400.463348389
2.84734693878	400.926239014
2.85024943311	401.621612549
2.85315192744	401.853637695
2.85605442177	402.085845947
2.8589569161	401.853637695
2.86185941043	401.853637695
2.86476190476	401.157897949
2.86766439909	400.926239014
2.87056689342	400.694732666
2.87346938776	400.463348389
2.87637188209	400.232086182
2.87927437642	399.769989014
2.88217687075	399.308441162
2.88507936508	399.077850342
2.88798185941	398.847381592
2.89088435374	398.847381592
2.89378684807	398.847381592
2.8966893424	398.386901855
2.89959183673	398.156829834
2.90249433107	398.156829834
2.9053968254	398.386901855
2.90829931973	398.61706543
2.91120181406	399.077850342
2.91410430839	400.000976562
2.91700680272	400.926239014
2.91990929705	401.853637695
2.92281179138	403.015930176
2.92571428571	403.948181152
2.92861678005	404.882568359
2.93151927438	405.116516113
2.93442176871	405.350585938
2.93732426304	405.350585938
2.94022675737	405.350585938
2.9431292517	405.350585938
2.94603174603	405.350585938
2.94893424036	404.882568359
2.95183673469	404.18157959
2.95473922902	403.248779297
2.95764172336	402.085845947
2.96054421769	401.157897949
2.96344671202	400.232086182
2.96634920635	398.61706543
2.96925170068	396.779327393
2.97215419501	394.950042725
2.97505668934	391.316741943
2.97795918367	383.263580322
2.980861678	371.92288208
2.98376417234	366.167449951
2.98666666667	362.3800354
2.989569161	359.87689209
2.99247165533	358.010894775
2.99537414966	356.154571533
2.99827664399	354.103271484
3.00117913832	352.063781738
3.00408163265	350.238311768
3.00698412698	348.221069336
3.00988662132	346.615661621
3.01278911565	345.217010498
3.01569160998	343.823974609
3.01859410431	342.832427979
3.02149659864	342.041229248
3.02439909297	341.251861572
3.0273015873	340.267700195
3.03020408163	339.090454102
3.03310657596	337.722167969
3.03600907029	335.583129883
3.03891156463	333.843078613
3.04181405896	332.49597168
3.04471655329	331.728637695
3.04761904762	331.537078857
3.05052154195	331.920288086
3.05342403628	332.880310059
3.05632653061	334.035980225
3.05922902494	335.002105713
3.06213151927	335.389343262
3.06503401361	335.389343262
3.06793650794	334.808654785
3.07083900227	334.035980225
3.0737414966	332.880310059
3.07664399093	331.537078857
3.07954648526	330.008575439
3.08244897959	328.487121582
3.08535147392	327.161621094
3.08825396825	326.218109131
3.09115646259	326.029724121
3.09405895692	326.218109131
3.09696145125	326.972686768
3.09986394558	327.918395996
3.10276643991	329.056854248
3.10566893424	330.199249268
3.10857142857	331.154296875
3.1114739229	331.537078857
3.11437641723	331.345611572
3.11727891156	330.963043213
3.1201814059	330.580932617
3.12308390023	330.008575439
3.12598639456	329.24697876
3.12888888889	329.056854248
3.13179138322	329.056854248
3.13469387755	329.24697876
3.13759637188	330.008575439
3.14049886621	330.580932617
3.14340136054	331.537078857
3.14630385488	332.303955078
3.14920634921	332.880310059
3.15210884354	333.457641602
3.15501133787	334.035980225
3.1579138322	334.808654785
3.16081632653	335.195678711
3.16371882086	335.971038818
3.16662131519	336.748199463
3.16952380952	337.527130127
3.17242630385	338.503356934
3.17532879819	338.89465332
3.17823129252	339.874816895
3.18113378685	341.449005127
3.18403628118	343.625427246
3.18693877551	346.015533447
3.18984126984	347.618164062
3.19274376417	348.623596191
3.1956462585	349.631896973
3.19854875283	350.238311768
3.20145124717	350.238311768
3.2043537415	349.430023193
3.20725623583	348.623596191
3.21015873016	348.422271729
3.21306122449	348.221069336
3.21596371882	348.019989014
3.21886621315	348.221069336
3.22176870748	348.623596191
3.22467120181	349.430023193
3.22757369615	350.643157959
3.23047619048	351.86050415
3.23337868481	353.082061768
3.23628117914	353.898803711
3.23918367347	354.103271484
3.2420861678	354.512573242
3.24498866213	354.512573242
3.24789115646	353.69442749
3.25079365079	352.470733643
3.25369614512	351.86050415
3.25659863946	351.251281738
3.25950113379	350.643157959
3.26240362812	350.238311768
3.26530612245	350.03604126
3.26820861678	349.83392334
3.27111111111	349.430023193
3.27401360544	349.026580811
3.27691609977	349.026580811
3.2798185941	348.825012207
3.28272108844	348.019989014
3.28562358277	347.417449951
3.2885260771	346.615661621
3.29142857143	346.015533447
3.29433106576	345.017669678
3.29723356009	344.420288086
3.30013605442	343.030487061
3.30303854875	342.041229248
3.30594104308	342.436584473
3.30884353741	342.436584473
3.31174603175	342.436584473
3.31464852608	342.238861084
3.31755102041	342.041229248
3.32045351474	342.832427979
3.32335600907	343.427001953
3.3262585034	344.420288086
3.32916099773	345.017669678
3.33206349206	345.61605835
3.33496598639	346.415496826
3.33786848073	346.815948486
3.34077097506	347.216827393
3.34367346939	347.216827393
3.34657596372	347.216827393
3.34947845805	347.016326904
3.35238095238	346.215484619
3.35528344671	344.81842041
3.35818594104	343.625427246
3.36108843537	342.832427979
3.36399092971	342.041229248
3.36689342404	341.843719482
3.36979591837	341.64630127
3.3726984127	341.054779053
3.37560090703	340.857849121
3.37850340136	340.464294434
3.38140589569	339.874816895
3.38430839002	339.482421875
3.38721088435	338.698944092
3.39011337868	338.307891846
3.39301587302	337.722167969
3.39591836735	337.137451172
3.39882086168	336.553741455
3.40172335601	336.165161133
3.40462585034	335.777038574
3.40752834467	335.777038574
3.410430839	335.389343262
3.41333333333	335.195678711
3.41623582766	335.389343262
3.419138322	335.777038574
3.42204081633	336.553741455
3.42494331066	337.722167969
3.42784580499	338.698944092
3.43074829932	339.67855835
3.43365079365	340.661010742
3.43655328798	341.251861572
3.43945578231	341.251861572
3.44235827664	341.054779053
3.44526077098	340.464294434
3.44816326531	339.67855835
3.45106575964	338.89465332
3.45396825397	338.112548828
3.4568707483	336.942749023
3.45977324263	335.971038818
3.46267573696	335.195678711
3.46557823129	334.808654785
3.46848072562	334.422088623
3.47138321995	334.615325928
3.47428571429	335.002105713
3.47718820862	335.777038574
3.48009070295	336.553741455
3.48299319728	337.527130127
3.48589569161	338.112548828
3.48879818594	338.307891846
3.49170068027	338.112548828
3.4946031746	337.917297363
3.49750566893	336.942749023
3.50040816327	336.359375
3.5033106576	335.195678711
3.50621315193	334.228973389
3.50911564626	333.072631836
3.51201814059	332.303955078
3.51492063492	331.154296875
3.51782312925	330.390045166
3.52072562358	329.818023682
3.52362811791	329.627563477
3.52653061224	329.437225342
3.52943310658	329.818023682
3.53233560091	330.199249268
3.53523809524	331.154296875
3.53814058957	331.154296875
3.5410430839	331.345611572
3.54394557823	331.345611572
3.54684807256	330.771942139
3.54975056689	330.199249268
3.55265306122	329.818023682
3.55555555556	329.056854248
3.55845804989	328.676940918
3.56136054422	328.487121582
3.56426303855	328.487121582
3.56716553288	328.676940918
3.57006802721	328.866821289
3.57297052154	328.866821289
3.57587301587	329.056854248
3.5787755102	329.24697876
3.58167800454	329.437225342
3.58458049887	329.627563477
3.5874829932	329.627563477
3.59038548753	329.437225342
3.59328798186	329.056854248
3.59619047619	328.676940918
3.59909297052	328.107879639
3.60199546485	327.350646973
3.60489795918	326.595184326
3.60780045351	325.653289795
3.61070294785	324.714141846
3.61360544218	323.590698242
3.61650793651	322.843933105
3.61941043084	321.726959229
3.62231292517	321.169952393
3.6252154195	321.355499268
3.62811791383	322.098846436
3.63102040816	323.217102051
3.63392290249	324.526641846
3.63682539683	330.008575439
3.63972789116	338.112548828
3.64263038549	340.857849121
3.64553287982	340.857849121
3.64843537415	339.286376953
3.65133786848	335.777038574
3.65424036281	330.199249268
3.65714285714	319.873962402
3.66004535147	320.243713379
3.6629478458	320.428741455
3.66585034014	321.355499268
3.66875283447	323.403839111
3.6716553288	325.841461182
3.67455782313	327.539794922
3.67746031746	327.729034424
3.68036281179	326.972686768
3.68326530612	324.901763916
3.68616780045	319.873962402
3.68907029478	306.489318848
3.69197278912	296.562652588
3.69487528345	294.514129639
3.69777777778	292.817840576
3.70068027211	291.131347656
3.70358276644	289.956573486
3.70648526077	288.786529541
3.7093877551	288.12008667
3.71229024943	288.12008667
3.71519274376	288.453125
3.7180952381	289.287414551
3.72099773243	290.459472656
3.72390022676	291.973388672
3.72680272109	293.156341553
3.72970521542	293.834442139
3.73260770975	294.514129639
3.73551020408	294.684295654
3.73841269841	294.514129639
3.74131519274	293.834442139
3.74421768707	292.987030029
3.74712018141	291.299560547
3.75002267574	288.953399658
3.75292517007	286.791748047
3.7558276644	286.129882812
3.75873015873	286.791748047
3.76163265306	287.45513916
3.76453514739	287.953704834
3.76743764172	289.287414551
3.77034013605	291.131347656
3.77324263039	291.804779053
3.77614512472	291.804779053
3.77904761905	291.46786499
3.78195011338	291.131347656
3.78485260771	290.963226318
3.78775510204	290.795227051
3.79065759637	290.795227051
3.7935600907	290.963226318
3.79646258503	290.795227051
3.79936507937	290.627288818
3.8022675737	290.291748047
3.80517006803	289.789123535
3.80807256236	289.454559326
3.81097505669	289.120361328
3.81387755102	288.786529541
3.81678004535	288.286560059
3.81968253968	287.621246338
3.82258503401	287.123260498
3.82548752834	286.791748047
3.82839002268	286.791748047
3.83129251701	287.123260498
3.83419501134	287.787414551
3.83709750567	288.953399658
3.84	290.291748047
3.84290249433	290.963226318
3.84580498866	291.131347656
3.84870748299	290.963226318
3.85160997732	290.459472656
3.85451247166	290.12411499
3.85741496599	289.956573486
3.86031746032	289.956573486
3.86321995465	290.12411499
3.86612244898	290.459472656
3.86902494331	290.963226318
3.87192743764	291.299560547
3.87482993197	291.636291504
3.8777324263	291.973388672
3.88063492063	292.142089844
3.88353741497	292.310882568
3.8864399093	292.479766846
3.88934240363	292.648773193
3.89224489796	292.648773193
3.89514739229	292.817840576
3.89804988662	292.648773193
3.90095238095	292.648773193
3.90385487528	292.479766846
3.90675736961	292.310882568
3.90965986395	291.46786499
3.91256235828	291.46786499
3.91546485261	291.804779053
3.91836734694	292.310882568
3.92126984127	292.987030029
3.9241723356	292.987030029
3.92707482993	292.817840576
3.92997732426	292.310882568
3.93287981859	292.142089844
3.93578231293	291.636291504
3.93868480726	291.636291504
3.94158730159	291.636291504
3.94448979592	291.636291504
3.94739229025	291.804779053
3.95029478458	291.973388672
3.95319727891	291.973388672
3.95609977324	291.973388672
3.95900226757	291.973388672
3.9619047619	292.142089844
3.96480725624	292.648773193
3.96770975057	293.156341553
3.9706122449	293.834442139
3.97351473923	294.854553223
3.97641723356	296.049194336
3.97931972789	297.592224121
3.98222222222	299.489105225
3.98512471655	303.669830322
3.98802721088	312.387542725
3.99092970522	317.480987549
3.99383219955	320.243713379
3.99673469388	321.726959229
3.99963718821	322.284973145
4.00253968254	322.098846436
4.00544217687	321.912841797
4.0083446712	322.843933105
4.01124716553	324.339233398
4.01414965986	326.218109131
4.0170521542	328.487121582
4.01995464853	330.963043213
4.02285714286	333.650299072
4.02575963719	335.971038818
4.02866213152	337.917297363
4.03156462585	339.286376953
4.03446712018	340.07119751
4.03736961451	340.07119751
4.04027210884	339.67855835
4.04317460317	339.286376953
4.04607709751	339.286376953
4.04897959184	340.07119751
4.05188208617	341.251861572
4.0547845805	342.041229248
4.05768707483	342.832427979
4.06058956916	343.625427246
4.06349206349	344.221405029
4.06639455782	345.815734863
4.06929705215	348.422271729
4.07219954649	349.83392334
4.07510204082	350.440673828
4.07800453515	350.238311768
4.08090702948	349.228240967
4.08380952381	347.417449951
4.08671201814	346.215484619
4.08961451247	335.583129883
4.0925170068	340.857849121
4.09541950113	343.22869873
4.09832199546	344.420288086
4.1012244898	345.217010498
4.10412698413	345.217010498
4.10702947846	344.81842041
4.10993197279	344.022644043
4.11283446712	342.832427979
4.11573696145	341.64630127
4.11863945578	341.251861572
4.12154195011	341.054779053
4.12444444444	341.054779053
4.12734693878	341.054779053
4.13024943311	340.661010742
4.13315192744	340.661010742
4.13605442177	340.267700195
4.1389569161	339.874816895
4.14185941043	339.482421875
4.14476190476	339.090454102
4.14766439909	339.090454102
4.15056689342	339.482421875
4.15346938776	339.67855835
4.15637188209	339.482421875
4.15927437642	339.286376953
4.16217687075	338.503356934
4.16507936508	337.917297363
4.16798185941	336.553741455
4.17088435374	334.808654785
4.17378684807	333.650299072
4.1766893424	332.880310059
4.17959183673	332.688079834
4.18249433107	333.457641602
4.1853968254	333.650299072
4.18829931973	334.035980225
4.19120181406	334.035980225
4.19410430839	333.843078613
4.19700680272	332.880310059
4.19990929705	331.728637695
4.20281179138	330.963043213
4.20571428571	329.056854248
4.20861678005	327.539794922
4.21151927438	326.406585693
4.21442176871	324.901763916
4.21732426304	323.403839111
4.22022675737	323.030456543
4.2231292517	322.843933105
4.22603174603	322.471160889
4.22893424036	322.284973145
4.23183673469	322.098846436
4.23473922902	321.726959229
4.23764172336	320.428741455
4.24054421769	319.320129395
4.24344671202	317.664428711
4.24634920635	315.470153809
4.24925170068	312.748626709
4.25215419501	309.692596436
4.25505668934	306.312347412
4.25795918367	303.319213867
4.260861678	301.746459961
4.26376417234	301.398071289
4.26666666667	302.095245361
4.269569161	303.669830322
4.27247165533	307.198303223
4.27537414966	316.382598877
4.27827664399	323.777679443
4.28117913832	326.595184326
4.28408163265	327.539794922
4.28698412698	327.161621094
4.28988662132	325.841461182
4.29278911565	323.217102051
4.29569160998	319.504638672
4.29859410431	314.01574707
4.30149659864	310.408966064
4.30439909297	310.588317871
4.3073015873	316.748291016
4.31020408163	323.777679443
4.31310657596	327.729034424
4.31600907029	329.056854248
4.31891156463	327.918395996
4.32181405896	322.471160889
4.32471655329	311.846679688
4.32761904762	307.553375244
4.33052154195	305.252593994
4.33342403628	302.968994141
4.33632653061	303.144042969
4.33922902494	304.900146484
4.34213151927	306.843597412
4.34503401361	308.442932129
4.34793650794	310.229705811
4.35083900227	311.666595459
4.3537414966	312.568023682
4.35664399093	312.748626709
4.35954648526	311.486633301
4.36244897959	309.335021973
4.36535147392	306.489318848
4.36825396825	303.144042969
4.37115646259	301.050079346
4.37405895692	299.835296631
4.37696145125	300.008544922
4.37986394558	301.224029541
4.38276643991	302.269805908
4.38566893424	302.444458008
4.38857142857	301.746459961
4.3914739229	299.143310547
4.39437641723	294.344055176
4.39727891156	284.81072998
4.4001814059	266.814453125
4.40308390023	264.207275391
4.40598639456	262.533874512
4.40888888889	261.927978516
4.41179138322	261.625579834
4.41469387755	261.323486328
4.41759637188	261.625579834
4.42049886621	262.230743408
4.42340136054	262.533874512
4.42630385488	262.685546875
4.42920634921	262.685546875
4.43210884354	262.989196777
4.43501133787	263.4453125
4.4379138322	263.90222168
4.44081632653	264.512664795
4.44371882086	264.054718018
4.44662131519	262.685546875
4.44952380952	262.382263184
4.45242630385	262.382263184
4.45532879819	262.230743408
4.45823129252	262.230743408
4.46113378685	263.141143799
4.46403628118	264.971435547
4.46693877551	265.737823486
4.46984126984	265.891357422
4.47274376417	265.584350586
4.4756462585	264.512664795
4.47854875283	263.4453125
4.48145124717	262.989196777
4.4843537415	262.989196777
4.48725623583	262.685546875
4.49015873016	263.293182373
4.49306122449	263.749847412
4.49596371882	264.512664795
4.49886621315	264.359924316
4.50176870748	264.054718018
4.50467120181	263.293182373
4.50757369615	262.382263184
4.51047619048	262.230743408
4.51337868481	261.776733398
4.51628117914	261.625579834
4.51918367347	261.474487305
4.5220861678	261.474487305
4.52498866213	261.323486328
4.52789115646	261.021789551
4.53079365079	261.172607422
4.53369614512	261.172607422
4.53659863946	261.172607422
4.53950113379	261.323486328
4.54240362812	261.474487305
4.54530612245	261.625579834
4.54820861678	261.474487305
4.55111111111	261.323486328
4.55401360544	260.871063232
4.55691609977	260.419372559
4.5598185941	259.5184021
4.56272108844	258.769958496
4.56562358277	257.279571533
4.5685260771	255.797744751
4.57142857143	255.650024414
4.57433106576	256.537567139
4.57723356009	256.389434814
4.58013605442	256.241394043
4.58303854875	256.537567139
4.58594104308	256.834106445
4.58884353741	257.428222656
4.59174603175	257.725769043
4.59464852608	257.874694824
4.59755102041	258.17276001
4.60045351474	258.471191406
4.60335600907	258.919494629
4.6062585034	259.5184021
4.60916099773	260.269012451
4.61206349206	260.569854736
4.61496598639	261.021789551
4.61786848073	261.776733398
4.62077097506	261.474487305
4.62367346939	262.382263184
4.62657596372	263.141143799
4.62947845805	263.749847412
4.63238095238	264.207275391
4.63528344671	264.665496826
4.63818594104	265.124542236
4.64108843537	266.04498291
4.64399092971	267.12286377
4.64689342404	267.740783691
4.64979591837	268.825531006
4.6526984127	269.914703369
4.65560090703	271.008270264
4.65850340136	272.106262207
4.66140589569	271.635162354
4.66430839002	271.008270264
4.66721088435	269.603057861
4.67011337868	268.050262451
4.67301587302	266.506408691
4.67591836735	265.430999756
4.67882086168	264.512664795
4.68172335601	264.207275391
4.68462585034	263.90222168
4.68752834467	263.749847412
4.690430839	263.59753418
4.69333333333	262.837341309
4.69623582766	262.685546875
4.699138322	262.685546875
4.70204081633	262.685546875
4.70494331066	261.927978516
4.70784580499	260.569854736
4.71074829932	259.818389893
4.71365079365	259.218780518
4.71655328798	258.919494629
4.71945578231	258.769958496
4.72235827664	259.368530273
4.72526077098	258.769958496
4.72816326531	258.620544434
4.73106575964	259.818389893
4.73396825397	258.471191406
4.7368707483	258.023681641
4.73977324263	258.17276001
4.74267573696	258.17276001
4.74557823129	257.428222656
4.74848072562	256.685821533
4.75138321995	251.839309692
4.75428571429	249.234451294
4.75718820862	247.512863159
4.76009070295	251.113021851
4.76299319728	252.421859741
4.76589569161	254.912750244
4.76879818594	256.537567139
4.77170068027	258.471191406
4.7746031746	258.919494629
4.77750566893	258.769958496
4.78040816327	258.471191406
4.7833106576	258.17276001
4.78621315193	257.874694824
4.78911564626	257.874694824
4.79201814059	257.725769043
4.79492063492	257.874694824
4.79782312925	257.428222656
4.80072562358	255.060028076
4.80362811791	252.421859741
4.80653061224	249.810974121
4.80943310658	251.548553467
4.81233560091	252.859649658
4.81523809524	256.834106445
4.81814058957	255.060028076
4.8210430839	255.060028076
4.82394557823	257.428222656
4.82684807256	259.069091797
4.82975056689	259.968505859
4.83265306122	260.720397949
4.83555555556	261.776733398
4.83845804989	262.837341309
4.84136054422	262.230743408
4.84426303855	262.079315186
4.84716553288	261.927978516
4.85006802721	261.323486328
4.85297052154	260.269012451
4.85587301587	258.620544434
4.8587755102	256.982513428
4.86167800454	257.725769043
4.86458049887	258.023681641
4.8674829932	257.576965332
4.87038548753	256.982513428
4.87328798186	256.685821533
4.87619047619	256.093414307
4.87909297052	256.537567139
4.88199546485	257.279571533
4.88489795918	258.620544434
4.88780045351	259.818389893
4.89070294785	261.172607422
4.89360544218	262.533874512
4.89650793651	264.054718018
4.89941043084	264.81842041
4.90231292517	265.430999756
4.9052154195	266.198699951
4.90811791383	266.660400391
4.91102040816	266.814453125
4.91392290249	266.660400391
4.91682539683	266.04498291
4.91972789116	265.891357422
4.92263038549	266.04498291
4.92553287982	267.586151123
4.92843537415	275.109039307
4.93133786848	279.271850586
4.93424036281	281.051971436
4.93714285714	281.376831055
4.94004535147	279.271850586
4.9429478458	274.315643311
4.94585034014	267.431640625
4.94875283447	263.749847412
4.9516553288	263.4453125
4.95455782313	263.59753418
4.95746031746	264.054718018
4.96036281179	264.207275391
4.96326530612	264.971435547
4.96616780045	266.04498291
4.96907029478	0.0
4.97197278912	0.0
4.97487528345	0.0
4.97777777778	0.0
4.98068027211	0.0
4.98358276644	0.0
4.98648526077	0.0
4.9893877551	0.0
4.99229024943	0.0
4.99519274376	0.0
4.9980952381	0.0
5.00099773243	0.0
5.00390022676	0.0
5.00680272109	0.0
5.00970521542	0.0
5.01260770975	0.0
5.01551020408	0.0
5.01841269841	0.0
5.02131519274	0.0
5.02421768707	0.0
5.02712018141	0.0
5.03002267574	0.0
5.03292517007	0.0
5.0358276644	0.0
5.03873015873	0.0
5.04163265306	0.0
5.04453514739	0.0
5.04743764172	0.0
5.05034013605	0.0
5.05324263039	0.0
5.05614512472	0.0
5.05904761905	0.0
5.06195011338	0.0
5.06485260771	0.0
5.06775510204	0.0
5.07065759637	0.0
5.0735600907	0.0
5.07646258503	0.0
5.07936507937	0.0
5.0822675737	0.0
5.08517006803	0.0
5.08807256236	0.0
5.09097505669	0.0
5.09387755102	0.0
5.09678004535	0.0
5.09968253968	0.0
5.10258503401	0.0
5.10548752834	0.0
5.10839002268	0.0
5.11129251701	0.0
5.11419501134	0.0
5.11709750567	0.0
5.12	0.0
5.12290249433	0.0
5.12580498866	0.0
5.12870748299	0.0
5.13160997732	0.0
5.13451247166	0.0
5.13741496599	0.0
5.14031746032	0.0
5.14321995465	0.0
5.14612244898	0.0
5.14902494331	0.0
5.15192743764	0.0
5.15482993197	0.0
5.1577324263	0.0
5.16063492063	0.0
5.16353741497	0.0
5.1664399093	0.0
5.16934240363	0.0
5.17224489796	0.0
5.17514739229	0.0
5.17804988662	0.0
5.18095238095	0.0
5.18385487528	0.0
5.18675736961	0.0
5.18965986395	0.0
5.19256235828	0.0
5.19546485261	0.0
5.19836734694	0.0
5.20126984127	0.0
5.2041723356	0.0
5.20707482993	0.0
5.20997732426	0.0
5.21287981859	0.0
5.21578231293	0.0
5.21868480726	0.0
5.22158730159	0.0
5.22448979592	0.0
5.22739229025	0.0
5.23029478458	0.0
5.23319727891	0.0
5.23609977324	0.0
5.23900226757	0.0
5.2419047619	0.0
5.24480725624	0.0
5.24770975057	0.0
5.2506122449	0.0
5.25351473923	0.0
5.25641723356	0.0
5.25931972789	0.0
5.26222222222	0.0
5.26512471655	0.0
5.26802721088	0.0
5.27092970522	0.0
5.27383219955	0.0
5.27673469388	0.0
5.27963718821	0.0
5.28253968254	0.0
5.28544217687	0.0
5.2883446712	0.0
5.29124716553	0.0
5.29414965986	0.0
5.2970521542	0.0
5.29995464853	0.0
5.30285714286	0.0
5.30575963719	0.0
5.30866213152	0.0
5.31156462585	0.0
5.31446712018	0.0
5.31736961451	0.0
5.32027210884	0.0
5.32317460317	0.0
5.32607709751	0.0
5.32897959184	0.0
5.33188208617	0.0
5.3347845805	0.0
5.33768707483	0.0
5.34058956916	0.0
5.34349206349	0.0
5.34639455782	0.0
5.34929705215	0.0
5.35219954649	0.0
5.35510204082	0.0
5.35800453515	0.0
5.36090702948	0.0
5.36380952381	0.0
5.36671201814	0.0
5.36961451247	0.0
5.3725170068	0.0
5.37541950113	0.0
